   0.0000000000000000        0.0000000000000000        0.0000000000000000     
   0.0000000000000000        3.3333333333333333E-002   0.0000000000000000     
   0.0000000000000000        6.6666666666666666E-002   0.0000000000000000     
   0.0000000000000000       0.10000000000000001        0.0000000000000000     
   0.0000000000000000       0.13333333333333333        0.0000000000000000     
   0.0000000000000000       0.16666666666666666        0.0000000000000000     
   0.0000000000000000       0.20000000000000001        0.0000000000000000     
   0.0000000000000000       0.23333333333333334        0.0000000000000000     
   0.0000000000000000       0.26666666666666666        0.0000000000000000     
   0.0000000000000000       0.29999999999999999        0.0000000000000000     
   0.0000000000000000       0.33333333333333331        0.0000000000000000     
   0.0000000000000000       0.36666666666666664        0.0000000000000000     
   0.0000000000000000       0.40000000000000002        0.0000000000000000     
   0.0000000000000000       0.43333333333333335        0.0000000000000000     
   0.0000000000000000       0.46666666666666667        0.0000000000000000     
   0.0000000000000000       0.50000000000000000        0.0000000000000000     
   0.0000000000000000       0.53333333333333333        0.0000000000000000     
   0.0000000000000000       0.56666666666666665        0.0000000000000000     
   0.0000000000000000       0.59999999999999998        0.0000000000000000     
   0.0000000000000000       0.63333333333333330        0.0000000000000000     
   0.0000000000000000       0.66666666666666663        0.0000000000000000     
   0.0000000000000000       0.69999999999999996        0.0000000000000000     
   0.0000000000000000       0.73333333333333328        0.0000000000000000     
   0.0000000000000000       0.76666666666666661        0.0000000000000000     
   0.0000000000000000       0.80000000000000004        0.0000000000000000     
   0.0000000000000000       0.83333333333333337        0.0000000000000000     
   0.0000000000000000       0.86666666666666670        0.0000000000000000     
   0.0000000000000000       0.90000000000000002        0.0000000000000000     
   0.0000000000000000       0.93333333333333335        0.0000000000000000     
   0.0000000000000000       0.96666666666666667        0.0000000000000000     
   0.0000000000000000        1.0000000000000000        0.0000000000000000     

   3.3333333333333333E-002   0.0000000000000000       0.10452846326765346     
   3.3333333333333333E-002   3.3333333333333333E-002   5.4830187902723815E-002
   3.3333333333333333E-002   6.6666666666666666E-002   2.1029673438406310E-002
   3.3333333333333333E-002  0.10000000000000001        5.4689238213769479E-003
   3.3333333333333333E-002  0.13333333333333333        8.5462259621861374E-004
   3.3333333333333333E-002  0.16666666666666666        6.0276393489596616E-005
   3.3333333333333333E-002  0.20000000000000001        0.0000000000000000     
   3.3333333333333333E-002  0.23333333333333334        0.0000000000000000     
   3.3333333333333333E-002  0.26666666666666666        0.0000000000000000     
   3.3333333333333333E-002  0.29999999999999999        0.0000000000000000     
   3.3333333333333333E-002  0.33333333333333331        0.0000000000000000     
   3.3333333333333333E-002  0.36666666666666664        0.0000000000000000     
   3.3333333333333333E-002  0.40000000000000002        0.0000000000000000     
   3.3333333333333333E-002  0.43333333333333335        0.0000000000000000     
   3.3333333333333333E-002  0.46666666666666667        0.0000000000000000     
   3.3333333333333333E-002  0.50000000000000000        0.0000000000000000     
   3.3333333333333333E-002  0.53333333333333333        0.0000000000000000     
   3.3333333333333333E-002  0.56666666666666665        0.0000000000000000     
   3.3333333333333333E-002  0.59999999999999998        0.0000000000000000     
   3.3333333333333333E-002  0.63333333333333330        0.0000000000000000     
   3.3333333333333333E-002  0.66666666666666663        0.0000000000000000     
   3.3333333333333333E-002  0.69999999999999996        0.0000000000000000     
   3.3333333333333333E-002  0.73333333333333328        0.0000000000000000     
   3.3333333333333333E-002  0.76666666666666661        0.0000000000000000     
   3.3333333333333333E-002  0.80000000000000004        0.0000000000000000     
   3.3333333333333333E-002  0.83333333333333337        0.0000000000000000     
   3.3333333333333333E-002  0.86666666666666670        0.0000000000000000     
   3.3333333333333333E-002  0.90000000000000002        0.0000000000000000     
   3.3333333333333333E-002  0.93333333333333335        0.0000000000000000     
   3.3333333333333333E-002  0.96666666666666667        0.0000000000000000     
   3.3333333333333333E-002   1.0000000000000000        0.0000000000000000     

   6.6666666666666666E-002   0.0000000000000000       0.20791169081775931     
   6.6666666666666666E-002   3.3333333333333333E-002  0.10905964479283092     
   6.6666666666666666E-002   6.6666666666666666E-002   4.1828941373879353E-002
   6.6666666666666666E-002  0.10000000000000001        1.0877928968921004E-002
   6.6666666666666666E-002  0.13333333333333333        1.6998817684317803E-003
   6.6666666666666666E-002  0.16666666666666666        1.1989238619847494E-004
   6.6666666666666666E-002  0.20000000000000001        0.0000000000000000     
   6.6666666666666666E-002  0.23333333333333334        0.0000000000000000     
   6.6666666666666666E-002  0.26666666666666666        0.0000000000000000     
   6.6666666666666666E-002  0.29999999999999999        0.0000000000000000     
   6.6666666666666666E-002  0.33333333333333331        0.0000000000000000     
   6.6666666666666666E-002  0.36666666666666664        0.0000000000000000     
   6.6666666666666666E-002  0.40000000000000002        0.0000000000000000     
   6.6666666666666666E-002  0.43333333333333335        0.0000000000000000     
   6.6666666666666666E-002  0.46666666666666667        0.0000000000000000     
   6.6666666666666666E-002  0.50000000000000000        0.0000000000000000     
   6.6666666666666666E-002  0.53333333333333333        0.0000000000000000     
   6.6666666666666666E-002  0.56666666666666665        0.0000000000000000     
   6.6666666666666666E-002  0.59999999999999998        0.0000000000000000     
   6.6666666666666666E-002  0.63333333333333330        0.0000000000000000     
   6.6666666666666666E-002  0.66666666666666663        0.0000000000000000     
   6.6666666666666666E-002  0.69999999999999996        0.0000000000000000     
   6.6666666666666666E-002  0.73333333333333328        0.0000000000000000     
   6.6666666666666666E-002  0.76666666666666661        0.0000000000000000     
   6.6666666666666666E-002  0.80000000000000004        0.0000000000000000     
   6.6666666666666666E-002  0.83333333333333337        0.0000000000000000     
   6.6666666666666666E-002  0.86666666666666670        0.0000000000000000     
   6.6666666666666666E-002  0.90000000000000002        0.0000000000000000     
   6.6666666666666666E-002  0.93333333333333335        0.0000000000000000     
   6.6666666666666666E-002  0.96666666666666667        0.0000000000000000     
   6.6666666666666666E-002   1.0000000000000000        0.0000000000000000     

  0.10000000000000001        0.0000000000000000       0.30901699437494740     
  0.10000000000000001        3.3333333333333333E-002  0.16209422139238988     
  0.10000000000000001        6.6666666666666666E-002   6.2169922674391462E-002
  0.10000000000000001       0.10000000000000001        1.6167753250328581E-002
  0.10000000000000001       0.13333333333333333        2.5265166802668801E-003
  0.10000000000000001       0.16666666666666666        1.7819481283506806E-004
  0.10000000000000001       0.20000000000000001        0.0000000000000000     
  0.10000000000000001       0.23333333333333334        0.0000000000000000     
  0.10000000000000001       0.26666666666666666        0.0000000000000000     
  0.10000000000000001       0.29999999999999999        0.0000000000000000     
  0.10000000000000001       0.33333333333333331        0.0000000000000000     
  0.10000000000000001       0.36666666666666664        0.0000000000000000     
  0.10000000000000001       0.40000000000000002        0.0000000000000000     
  0.10000000000000001       0.43333333333333335        0.0000000000000000     
  0.10000000000000001       0.46666666666666667        0.0000000000000000     
  0.10000000000000001       0.50000000000000000        0.0000000000000000     
  0.10000000000000001       0.53333333333333333        0.0000000000000000     
  0.10000000000000001       0.56666666666666665        0.0000000000000000     
  0.10000000000000001       0.59999999999999998        0.0000000000000000     
  0.10000000000000001       0.63333333333333330        0.0000000000000000     
  0.10000000000000001       0.66666666666666663        0.0000000000000000     
  0.10000000000000001       0.69999999999999996        0.0000000000000000     
  0.10000000000000001       0.73333333333333328        0.0000000000000000     
  0.10000000000000001       0.76666666666666661        0.0000000000000000     
  0.10000000000000001       0.80000000000000004        0.0000000000000000     
  0.10000000000000001       0.83333333333333337        0.0000000000000000     
  0.10000000000000001       0.86666666666666670        0.0000000000000000     
  0.10000000000000001       0.90000000000000002        0.0000000000000000     
  0.10000000000000001       0.93333333333333335        0.0000000000000000     
  0.10000000000000001       0.96666666666666667        0.0000000000000000     
  0.10000000000000001        1.0000000000000000        0.0000000000000000     

  0.13333333333333333        0.0000000000000000       0.40673664307580015     
  0.13333333333333333        3.3333333333333333E-002  0.21335285978197727     
  0.13333333333333333        6.6666666666666666E-002   8.1829757292190219E-002
  0.13333333333333333       0.10000000000000001        2.1280440243805682E-002
  0.13333333333333333       0.13333333333333333        3.3254705466453692E-003
  0.13333333333333333       0.16666666666666666        2.3454489981257820E-004
  0.13333333333333333       0.20000000000000001        0.0000000000000000     
  0.13333333333333333       0.23333333333333334        0.0000000000000000     
  0.13333333333333333       0.26666666666666666        0.0000000000000000     
  0.13333333333333333       0.29999999999999999        0.0000000000000000     
  0.13333333333333333       0.33333333333333331        0.0000000000000000     
  0.13333333333333333       0.36666666666666664        0.0000000000000000     
  0.13333333333333333       0.40000000000000002        0.0000000000000000     
  0.13333333333333333       0.43333333333333335        0.0000000000000000     
  0.13333333333333333       0.46666666666666667        0.0000000000000000     
  0.13333333333333333       0.50000000000000000        0.0000000000000000     
  0.13333333333333333       0.53333333333333333        0.0000000000000000     
  0.13333333333333333       0.56666666666666665        0.0000000000000000     
  0.13333333333333333       0.59999999999999998        0.0000000000000000     
  0.13333333333333333       0.63333333333333330        0.0000000000000000     
  0.13333333333333333       0.66666666666666663        0.0000000000000000     
  0.13333333333333333       0.69999999999999996        0.0000000000000000     
  0.13333333333333333       0.73333333333333328        0.0000000000000000     
  0.13333333333333333       0.76666666666666661        0.0000000000000000     
  0.13333333333333333       0.80000000000000004        0.0000000000000000     
  0.13333333333333333       0.83333333333333337        0.0000000000000000     
  0.13333333333333333       0.86666666666666670        0.0000000000000000     
  0.13333333333333333       0.90000000000000002        0.0000000000000000     
  0.13333333333333333       0.93333333333333335        0.0000000000000000     
  0.13333333333333333       0.96666666666666667        0.0000000000000000     
  0.13333333333333333        1.0000000000000000        0.0000000000000000     

  0.16666666666666666        0.0000000000000000       0.49999999999999994     
  0.16666666666666666        3.3333333333333333E-002  0.26227395959283717     
  0.16666666666666666        6.6666666666666666E-002  0.10059304796511814     
  0.16666666666666666       0.10000000000000001        2.6159974280753236E-002
  0.16666666666666666       0.13333333333333333        4.0879898618153623E-003
  0.16666666666666666       0.16666666666666666        2.8832526378606604E-004
  0.16666666666666666       0.20000000000000001        0.0000000000000000     
  0.16666666666666666       0.23333333333333334        0.0000000000000000     
  0.16666666666666666       0.26666666666666666        0.0000000000000000     
  0.16666666666666666       0.29999999999999999        0.0000000000000000     
  0.16666666666666666       0.33333333333333331        0.0000000000000000     
  0.16666666666666666       0.36666666666666664        0.0000000000000000     
  0.16666666666666666       0.40000000000000002        0.0000000000000000     
  0.16666666666666666       0.43333333333333335        0.0000000000000000     
  0.16666666666666666       0.46666666666666667        0.0000000000000000     
  0.16666666666666666       0.50000000000000000        0.0000000000000000     
  0.16666666666666666       0.53333333333333333        0.0000000000000000     
  0.16666666666666666       0.56666666666666665        0.0000000000000000     
  0.16666666666666666       0.59999999999999998        0.0000000000000000     
  0.16666666666666666       0.63333333333333330        0.0000000000000000     
  0.16666666666666666       0.66666666666666663        0.0000000000000000     
  0.16666666666666666       0.69999999999999996        0.0000000000000000     
  0.16666666666666666       0.73333333333333328        0.0000000000000000     
  0.16666666666666666       0.76666666666666661        0.0000000000000000     
  0.16666666666666666       0.80000000000000004        0.0000000000000000     
  0.16666666666666666       0.83333333333333337        0.0000000000000000     
  0.16666666666666666       0.86666666666666670        0.0000000000000000     
  0.16666666666666666       0.90000000000000002        0.0000000000000000     
  0.16666666666666666       0.93333333333333335        0.0000000000000000     
  0.16666666666666666       0.96666666666666667        0.0000000000000000     
  0.16666666666666666        1.0000000000000000        0.0000000000000000     

  0.20000000000000001        0.0000000000000000       0.58778525229247314     
  0.20000000000000001        3.3333333333333333E-002  0.30832153101804338     
  0.20000000000000001        6.6666666666666666E-002  0.11825422015409164     
  0.20000000000000001       0.10000000000000001        3.0752894165154296E-002
  0.20000000000000001       0.13333333333333333        4.8057203045924297E-003
  0.20000000000000001       0.16666666666666666        3.3894667583357348E-004
  0.20000000000000001       0.20000000000000001        0.0000000000000000     
  0.20000000000000001       0.23333333333333334        0.0000000000000000     
  0.20000000000000001       0.26666666666666666        0.0000000000000000     
  0.20000000000000001       0.29999999999999999        0.0000000000000000     
  0.20000000000000001       0.33333333333333331        0.0000000000000000     
  0.20000000000000001       0.36666666666666664        0.0000000000000000     
  0.20000000000000001       0.40000000000000002        0.0000000000000000     
  0.20000000000000001       0.43333333333333335        0.0000000000000000     
  0.20000000000000001       0.46666666666666667        0.0000000000000000     
  0.20000000000000001       0.50000000000000000        0.0000000000000000     
  0.20000000000000001       0.53333333333333333        0.0000000000000000     
  0.20000000000000001       0.56666666666666665        0.0000000000000000     
  0.20000000000000001       0.59999999999999998        0.0000000000000000     
  0.20000000000000001       0.63333333333333330        0.0000000000000000     
  0.20000000000000001       0.66666666666666663        0.0000000000000000     
  0.20000000000000001       0.69999999999999996        0.0000000000000000     
  0.20000000000000001       0.73333333333333328        0.0000000000000000     
  0.20000000000000001       0.76666666666666661        0.0000000000000000     
  0.20000000000000001       0.80000000000000004        0.0000000000000000     
  0.20000000000000001       0.83333333333333337        0.0000000000000000     
  0.20000000000000001       0.86666666666666670        0.0000000000000000     
  0.20000000000000001       0.90000000000000002        0.0000000000000000     
  0.20000000000000001       0.93333333333333335        0.0000000000000000     
  0.20000000000000001       0.96666666666666667        0.0000000000000000     
  0.20000000000000001        1.0000000000000000        0.0000000000000000     

  0.23333333333333334        0.0000000000000000       0.66913060635885824     
  0.23333333333333334        3.3333333333333333E-002  0.35099106722898765     
  0.23333333333333334        6.6666666666666666E-002  0.13461977436077041     
  0.23333333333333334       0.10000000000000001        3.5008878905625096E-002
  0.23333333333333334       0.13333333333333333        5.4707982700507559E-003
  0.23333333333333334       0.16666666666666666        3.8585451717149637E-004
  0.23333333333333334       0.20000000000000001        0.0000000000000000     
  0.23333333333333334       0.23333333333333334        0.0000000000000000     
  0.23333333333333334       0.26666666666666666        0.0000000000000000     
  0.23333333333333334       0.29999999999999999        0.0000000000000000     
  0.23333333333333334       0.33333333333333331        0.0000000000000000     
  0.23333333333333334       0.36666666666666664        0.0000000000000000     
  0.23333333333333334       0.40000000000000002        0.0000000000000000     
  0.23333333333333334       0.43333333333333335        0.0000000000000000     
  0.23333333333333334       0.46666666666666667        0.0000000000000000     
  0.23333333333333334       0.50000000000000000        0.0000000000000000     
  0.23333333333333334       0.53333333333333333        0.0000000000000000     
  0.23333333333333334       0.56666666666666665        0.0000000000000000     
  0.23333333333333334       0.59999999999999998        0.0000000000000000     
  0.23333333333333334       0.63333333333333330        0.0000000000000000     
  0.23333333333333334       0.66666666666666663        0.0000000000000000     
  0.23333333333333334       0.69999999999999996        0.0000000000000000     
  0.23333333333333334       0.73333333333333328        0.0000000000000000     
  0.23333333333333334       0.76666666666666661        0.0000000000000000     
  0.23333333333333334       0.80000000000000004        0.0000000000000000     
  0.23333333333333334       0.83333333333333337        0.0000000000000000     
  0.23333333333333334       0.86666666666666670        0.0000000000000000     
  0.23333333333333334       0.90000000000000002        0.0000000000000000     
  0.23333333333333334       0.93333333333333335        0.0000000000000000     
  0.23333333333333334       0.96666666666666667        0.0000000000000000     
  0.23333333333333334        1.0000000000000000        0.0000000000000000     

  0.26666666666666666        0.0000000000000000       0.74314482547739413     
  0.26666666666666666        3.3333333333333333E-002  0.38981507185776820     
  0.26666666666666666        6.6666666666666666E-002  0.14951040614855371     
  0.26666666666666666       0.10000000000000001        3.8881299042726969E-002
  0.26666666666666666       0.13333333333333333        6.0759370248242685E-003
  0.26666666666666666       0.16666666666666666        4.2853485567403944E-004
  0.26666666666666666       0.20000000000000001        0.0000000000000000     
  0.26666666666666666       0.23333333333333334        0.0000000000000000     
  0.26666666666666666       0.26666666666666666        0.0000000000000000     
  0.26666666666666666       0.29999999999999999        0.0000000000000000     
  0.26666666666666666       0.33333333333333331        0.0000000000000000     
  0.26666666666666666       0.36666666666666664        0.0000000000000000     
  0.26666666666666666       0.40000000000000002        0.0000000000000000     
  0.26666666666666666       0.43333333333333335        0.0000000000000000     
  0.26666666666666666       0.46666666666666667        0.0000000000000000     
  0.26666666666666666       0.50000000000000000        0.0000000000000000     
  0.26666666666666666       0.53333333333333333        0.0000000000000000     
  0.26666666666666666       0.56666666666666665        0.0000000000000000     
  0.26666666666666666       0.59999999999999998        0.0000000000000000     
  0.26666666666666666       0.63333333333333330        0.0000000000000000     
  0.26666666666666666       0.66666666666666663        0.0000000000000000     
  0.26666666666666666       0.69999999999999996        0.0000000000000000     
  0.26666666666666666       0.73333333333333328        0.0000000000000000     
  0.26666666666666666       0.76666666666666661        0.0000000000000000     
  0.26666666666666666       0.80000000000000004        0.0000000000000000     
  0.26666666666666666       0.83333333333333337        0.0000000000000000     
  0.26666666666666666       0.86666666666666670        0.0000000000000000     
  0.26666666666666666       0.90000000000000002        0.0000000000000000     
  0.26666666666666666       0.93333333333333335        0.0000000000000000     
  0.26666666666666666       0.96666666666666667        0.0000000000000000     
  0.26666666666666666        1.0000000000000000        0.0000000000000000     

  0.29999999999999999        0.0000000000000000       0.80901699437494745     
  0.29999999999999999        3.3333333333333333E-002  0.42436818098522705     
  0.29999999999999999        6.6666666666666666E-002  0.16276297063950959     
  0.29999999999999999       0.10000000000000001        4.2327727531081813E-002
  0.29999999999999999       0.13333333333333333        6.6145065420822411E-003
  0.29999999999999999       0.16666666666666666        4.6652007662113430E-004
  0.29999999999999999       0.20000000000000001        0.0000000000000000     
  0.29999999999999999       0.23333333333333334        0.0000000000000000     
  0.29999999999999999       0.26666666666666666        0.0000000000000000     
  0.29999999999999999       0.29999999999999999        0.0000000000000000     
  0.29999999999999999       0.33333333333333331        0.0000000000000000     
  0.29999999999999999       0.36666666666666664        0.0000000000000000     
  0.29999999999999999       0.40000000000000002        0.0000000000000000     
  0.29999999999999999       0.43333333333333335        0.0000000000000000     
  0.29999999999999999       0.46666666666666667        0.0000000000000000     
  0.29999999999999999       0.50000000000000000        0.0000000000000000     
  0.29999999999999999       0.53333333333333333        0.0000000000000000     
  0.29999999999999999       0.56666666666666665        0.0000000000000000     
  0.29999999999999999       0.59999999999999998        0.0000000000000000     
  0.29999999999999999       0.63333333333333330        0.0000000000000000     
  0.29999999999999999       0.66666666666666663        0.0000000000000000     
  0.29999999999999999       0.69999999999999996        0.0000000000000000     
  0.29999999999999999       0.73333333333333328        0.0000000000000000     
  0.29999999999999999       0.76666666666666661        0.0000000000000000     
  0.29999999999999999       0.80000000000000004        0.0000000000000000     
  0.29999999999999999       0.83333333333333337        0.0000000000000000     
  0.29999999999999999       0.86666666666666670        0.0000000000000000     
  0.29999999999999999       0.90000000000000002        0.0000000000000000     
  0.29999999999999999       0.93333333333333335        0.0000000000000000     
  0.29999999999999999       0.96666666666666667        0.0000000000000000     
  0.29999999999999999        1.0000000000000000        0.0000000000000000     

  0.33333333333333331        0.0000000000000000       0.86602540378443860     
  0.33333333333333331        3.3333333333333333E-002  0.45427182351706069     
  0.33333333333333331        6.6666666666666666E-002  0.17423226996379768     
  0.33333333333333331       0.10000000000000001        4.5310404578959698E-002
  0.33333333333333331       0.13333333333333333        7.0806061414906817E-003
  0.33333333333333331       0.16666666666666666        4.9939400598316547E-004
  0.33333333333333331       0.20000000000000001        0.0000000000000000     
  0.33333333333333331       0.23333333333333334        0.0000000000000000     
  0.33333333333333331       0.26666666666666666        0.0000000000000000     
  0.33333333333333331       0.29999999999999999        0.0000000000000000     
  0.33333333333333331       0.33333333333333331        0.0000000000000000     
  0.33333333333333331       0.36666666666666664        0.0000000000000000     
  0.33333333333333331       0.40000000000000002        0.0000000000000000     
  0.33333333333333331       0.43333333333333335        0.0000000000000000     
  0.33333333333333331       0.46666666666666667        0.0000000000000000     
  0.33333333333333331       0.50000000000000000        0.0000000000000000     
  0.33333333333333331       0.53333333333333333        0.0000000000000000     
  0.33333333333333331       0.56666666666666665        0.0000000000000000     
  0.33333333333333331       0.59999999999999998        0.0000000000000000     
  0.33333333333333331       0.63333333333333330        0.0000000000000000     
  0.33333333333333331       0.66666666666666663        0.0000000000000000     
  0.33333333333333331       0.69999999999999996        0.0000000000000000     
  0.33333333333333331       0.73333333333333328        0.0000000000000000     
  0.33333333333333331       0.76666666666666661        0.0000000000000000     
  0.33333333333333331       0.80000000000000004        0.0000000000000000     
  0.33333333333333331       0.83333333333333337        0.0000000000000000     
  0.33333333333333331       0.86666666666666670        0.0000000000000000     
  0.33333333333333331       0.90000000000000002        0.0000000000000000     
  0.33333333333333331       0.93333333333333335        0.0000000000000000     
  0.33333333333333331       0.96666666666666667        0.0000000000000000     
  0.33333333333333331        1.0000000000000000        0.0000000000000000     

  0.36666666666666664        0.0000000000000000       0.91354545764260087     
  0.36666666666666664        3.3333333333333333E-002  0.47919836888795087     
  0.36666666666666664        6.6666666666666666E-002  0.18379264407791590     
  0.36666666666666664       0.10000000000000001        4.7796651352458766E-002
  0.36666666666666664       0.13333333333333333        7.4691291383008566E-003
  0.36666666666666664       0.16666666666666666        5.2679647011073078E-004
  0.36666666666666664       0.20000000000000001        0.0000000000000000     
  0.36666666666666664       0.23333333333333334        0.0000000000000000     
  0.36666666666666664       0.26666666666666666        0.0000000000000000     
  0.36666666666666664       0.29999999999999999        0.0000000000000000     
  0.36666666666666664       0.33333333333333331        0.0000000000000000     
  0.36666666666666664       0.36666666666666664        0.0000000000000000     
  0.36666666666666664       0.40000000000000002        0.0000000000000000     
  0.36666666666666664       0.43333333333333335        0.0000000000000000     
  0.36666666666666664       0.46666666666666667        0.0000000000000000     
  0.36666666666666664       0.50000000000000000        0.0000000000000000     
  0.36666666666666664       0.53333333333333333        0.0000000000000000     
  0.36666666666666664       0.56666666666666665        0.0000000000000000     
  0.36666666666666664       0.59999999999999998        0.0000000000000000     
  0.36666666666666664       0.63333333333333330        0.0000000000000000     
  0.36666666666666664       0.66666666666666663        0.0000000000000000     
  0.36666666666666664       0.69999999999999996        0.0000000000000000     
  0.36666666666666664       0.73333333333333328        0.0000000000000000     
  0.36666666666666664       0.76666666666666661        0.0000000000000000     
  0.36666666666666664       0.80000000000000004        0.0000000000000000     
  0.36666666666666664       0.83333333333333337        0.0000000000000000     
  0.36666666666666664       0.86666666666666670        0.0000000000000000     
  0.36666666666666664       0.90000000000000002        0.0000000000000000     
  0.36666666666666664       0.93333333333333335        0.0000000000000000     
  0.36666666666666664       0.96666666666666667        0.0000000000000000     
  0.36666666666666664        1.0000000000000000        0.0000000000000000     

  0.40000000000000002        0.0000000000000000       0.95105651629515353     
  0.40000000000000002        3.3333333333333333E-002  0.49887471665059913     
  0.40000000000000002        6.6666666666666666E-002  0.19133934752243309     
  0.40000000000000002       0.10000000000000001        4.9759228011647977E-002
  0.40000000000000002       0.13333333333333333        7.7758187932560497E-003
  0.40000000000000002       0.16666666666666666        5.4842724187251452E-004
  0.40000000000000002       0.20000000000000001        0.0000000000000000     
  0.40000000000000002       0.23333333333333334        0.0000000000000000     
  0.40000000000000002       0.26666666666666666        0.0000000000000000     
  0.40000000000000002       0.29999999999999999        0.0000000000000000     
  0.40000000000000002       0.33333333333333331        0.0000000000000000     
  0.40000000000000002       0.36666666666666664        0.0000000000000000     
  0.40000000000000002       0.40000000000000002        0.0000000000000000     
  0.40000000000000002       0.43333333333333335        0.0000000000000000     
  0.40000000000000002       0.46666666666666667        0.0000000000000000     
  0.40000000000000002       0.50000000000000000        0.0000000000000000     
  0.40000000000000002       0.53333333333333333        0.0000000000000000     
  0.40000000000000002       0.56666666666666665        0.0000000000000000     
  0.40000000000000002       0.59999999999999998        0.0000000000000000     
  0.40000000000000002       0.63333333333333330        0.0000000000000000     
  0.40000000000000002       0.66666666666666663        0.0000000000000000     
  0.40000000000000002       0.69999999999999996        0.0000000000000000     
  0.40000000000000002       0.73333333333333328        0.0000000000000000     
  0.40000000000000002       0.76666666666666661        0.0000000000000000     
  0.40000000000000002       0.80000000000000004        0.0000000000000000     
  0.40000000000000002       0.83333333333333337        0.0000000000000000     
  0.40000000000000002       0.86666666666666670        0.0000000000000000     
  0.40000000000000002       0.90000000000000002        0.0000000000000000     
  0.40000000000000002       0.93333333333333335        0.0000000000000000     
  0.40000000000000002       0.96666666666666667        0.0000000000000000     
  0.40000000000000002        1.0000000000000000        0.0000000000000000     

  0.43333333333333335        0.0000000000000000       0.97814760073380569     
  0.43333333333333335        3.3333333333333333E-002  0.51308528862137748     
  0.43333333333333335        6.6666666666666666E-002  0.19678969703516189     
  0.43333333333333335       0.10000000000000001        5.1176632155953680E-002
  0.43333333333333335       0.13333333333333333        7.9973149503176355E-003
  0.43333333333333335       0.16666666666666666        5.6404933000656435E-004
  0.43333333333333335       0.20000000000000001        0.0000000000000000     
  0.43333333333333335       0.23333333333333334        0.0000000000000000     
  0.43333333333333335       0.26666666666666666        0.0000000000000000     
  0.43333333333333335       0.29999999999999999        0.0000000000000000     
  0.43333333333333335       0.33333333333333331        0.0000000000000000     
  0.43333333333333335       0.36666666666666664        0.0000000000000000     
  0.43333333333333335       0.40000000000000002        0.0000000000000000     
  0.43333333333333335       0.43333333333333335        0.0000000000000000     
  0.43333333333333335       0.46666666666666667        0.0000000000000000     
  0.43333333333333335       0.50000000000000000        0.0000000000000000     
  0.43333333333333335       0.53333333333333333        0.0000000000000000     
  0.43333333333333335       0.56666666666666665        0.0000000000000000     
  0.43333333333333335       0.59999999999999998        0.0000000000000000     
  0.43333333333333335       0.63333333333333330        0.0000000000000000     
  0.43333333333333335       0.66666666666666663        0.0000000000000000     
  0.43333333333333335       0.69999999999999996        0.0000000000000000     
  0.43333333333333335       0.73333333333333328        0.0000000000000000     
  0.43333333333333335       0.76666666666666661        0.0000000000000000     
  0.43333333333333335       0.80000000000000004        0.0000000000000000     
  0.43333333333333335       0.83333333333333337        0.0000000000000000     
  0.43333333333333335       0.86666666666666670        0.0000000000000000     
  0.43333333333333335       0.90000000000000002        0.0000000000000000     
  0.43333333333333335       0.93333333333333335        0.0000000000000000     
  0.43333333333333335       0.96666666666666667        0.0000000000000000     
  0.43333333333333335        1.0000000000000000        0.0000000000000000     

  0.46666666666666667        0.0000000000000000       0.99452189536827329     
  0.46666666666666667        3.3333333333333333E-002  0.52167439080002065     
  0.46666666666666667        6.6666666666666666E-002  0.20008397744628187     
  0.46666666666666667       0.10000000000000001        5.2033334408959984E-002
  0.46666666666666667       0.13333333333333333        8.1311908512377989E-003
  0.46666666666666667       0.16666666666666666        5.7349157564615171E-004
  0.46666666666666667       0.20000000000000001        0.0000000000000000     
  0.46666666666666667       0.23333333333333334        0.0000000000000000     
  0.46666666666666667       0.26666666666666666        0.0000000000000000     
  0.46666666666666667       0.29999999999999999        0.0000000000000000     
  0.46666666666666667       0.33333333333333331        0.0000000000000000     
  0.46666666666666667       0.36666666666666664        0.0000000000000000     
  0.46666666666666667       0.40000000000000002        0.0000000000000000     
  0.46666666666666667       0.43333333333333335        0.0000000000000000     
  0.46666666666666667       0.46666666666666667        0.0000000000000000     
  0.46666666666666667       0.50000000000000000        0.0000000000000000     
  0.46666666666666667       0.53333333333333333        0.0000000000000000     
  0.46666666666666667       0.56666666666666665        0.0000000000000000     
  0.46666666666666667       0.59999999999999998        0.0000000000000000     
  0.46666666666666667       0.63333333333333330        0.0000000000000000     
  0.46666666666666667       0.66666666666666663        0.0000000000000000     
  0.46666666666666667       0.69999999999999996        0.0000000000000000     
  0.46666666666666667       0.73333333333333328        0.0000000000000000     
  0.46666666666666667       0.76666666666666661        0.0000000000000000     
  0.46666666666666667       0.80000000000000004        0.0000000000000000     
  0.46666666666666667       0.83333333333333337        0.0000000000000000     
  0.46666666666666667       0.86666666666666670        0.0000000000000000     
  0.46666666666666667       0.90000000000000002        0.0000000000000000     
  0.46666666666666667       0.93333333333333335        0.0000000000000000     
  0.46666666666666667       0.96666666666666667        0.0000000000000000     
  0.46666666666666667        1.0000000000000000        0.0000000000000000     

  0.50000000000000000        0.0000000000000000        1.0000000000000000     
  0.50000000000000000        3.3333333333333333E-002  0.52454791918567434     
  0.50000000000000000        6.6666666666666666E-002  0.20118609593023629     
  0.50000000000000000       0.10000000000000001        5.2319948561506471E-002
  0.50000000000000000       0.13333333333333333        8.1759797236307264E-003
  0.50000000000000000       0.16666666666666666        5.7665052757213220E-004
  0.50000000000000000       0.20000000000000001        0.0000000000000000     
  0.50000000000000000       0.23333333333333334        0.0000000000000000     
  0.50000000000000000       0.26666666666666666        0.0000000000000000     
  0.50000000000000000       0.29999999999999999        0.0000000000000000     
  0.50000000000000000       0.33333333333333331        0.0000000000000000     
  0.50000000000000000       0.36666666666666664        0.0000000000000000     
  0.50000000000000000       0.40000000000000002        0.0000000000000000     
  0.50000000000000000       0.43333333333333335        0.0000000000000000     
  0.50000000000000000       0.46666666666666667        0.0000000000000000     
  0.50000000000000000       0.50000000000000000        0.0000000000000000     
  0.50000000000000000       0.53333333333333333        0.0000000000000000     
  0.50000000000000000       0.56666666666666665        0.0000000000000000     
  0.50000000000000000       0.59999999999999998        0.0000000000000000     
  0.50000000000000000       0.63333333333333330        0.0000000000000000     
  0.50000000000000000       0.66666666666666663        0.0000000000000000     
  0.50000000000000000       0.69999999999999996        0.0000000000000000     
  0.50000000000000000       0.73333333333333328        0.0000000000000000     
  0.50000000000000000       0.76666666666666661        0.0000000000000000     
  0.50000000000000000       0.80000000000000004        0.0000000000000000     
  0.50000000000000000       0.83333333333333337        0.0000000000000000     
  0.50000000000000000       0.86666666666666670        0.0000000000000000     
  0.50000000000000000       0.90000000000000002        0.0000000000000000     
  0.50000000000000000       0.93333333333333335        0.0000000000000000     
  0.50000000000000000       0.96666666666666667        0.0000000000000000     
  0.50000000000000000        1.0000000000000000        0.0000000000000000     

  0.53333333333333333        0.0000000000000000       0.99452189536827340     
  0.53333333333333333        3.3333333333333333E-002  0.52167439080002065     
  0.53333333333333333        6.6666666666666666E-002  0.20008397744628187     
  0.53333333333333333       0.10000000000000001        5.2033334408959984E-002
  0.53333333333333333       0.13333333333333333        8.1311908512377989E-003
  0.53333333333333333       0.16666666666666666        5.7349157564615171E-004
  0.53333333333333333       0.20000000000000001        0.0000000000000000     
  0.53333333333333333       0.23333333333333334        0.0000000000000000     
  0.53333333333333333       0.26666666666666666        0.0000000000000000     
  0.53333333333333333       0.29999999999999999        0.0000000000000000     
  0.53333333333333333       0.33333333333333331        0.0000000000000000     
  0.53333333333333333       0.36666666666666664        0.0000000000000000     
  0.53333333333333333       0.40000000000000002        0.0000000000000000     
  0.53333333333333333       0.43333333333333335        0.0000000000000000     
  0.53333333333333333       0.46666666666666667        0.0000000000000000     
  0.53333333333333333       0.50000000000000000        0.0000000000000000     
  0.53333333333333333       0.53333333333333333        0.0000000000000000     
  0.53333333333333333       0.56666666666666665        0.0000000000000000     
  0.53333333333333333       0.59999999999999998        0.0000000000000000     
  0.53333333333333333       0.63333333333333330        0.0000000000000000     
  0.53333333333333333       0.66666666666666663        0.0000000000000000     
  0.53333333333333333       0.69999999999999996        0.0000000000000000     
  0.53333333333333333       0.73333333333333328        0.0000000000000000     
  0.53333333333333333       0.76666666666666661        0.0000000000000000     
  0.53333333333333333       0.80000000000000004        0.0000000000000000     
  0.53333333333333333       0.83333333333333337        0.0000000000000000     
  0.53333333333333333       0.86666666666666670        0.0000000000000000     
  0.53333333333333333       0.90000000000000002        0.0000000000000000     
  0.53333333333333333       0.93333333333333335        0.0000000000000000     
  0.53333333333333333       0.96666666666666667        0.0000000000000000     
  0.53333333333333333        1.0000000000000000        0.0000000000000000     

  0.56666666666666665        0.0000000000000000       0.97814760073380569     
  0.56666666666666665        3.3333333333333333E-002  0.51308528862137748     
  0.56666666666666665        6.6666666666666666E-002  0.19678969703516191     
  0.56666666666666665       0.10000000000000001        5.1176632155953680E-002
  0.56666666666666665       0.13333333333333333        7.9973149503176355E-003
  0.56666666666666665       0.16666666666666666        5.6404933000656435E-004
  0.56666666666666665       0.20000000000000001        0.0000000000000000     
  0.56666666666666665       0.23333333333333334        0.0000000000000000     
  0.56666666666666665       0.26666666666666666        0.0000000000000000     
  0.56666666666666665       0.29999999999999999        0.0000000000000000     
  0.56666666666666665       0.33333333333333331        0.0000000000000000     
  0.56666666666666665       0.36666666666666664        0.0000000000000000     
  0.56666666666666665       0.40000000000000002        0.0000000000000000     
  0.56666666666666665       0.43333333333333335        0.0000000000000000     
  0.56666666666666665       0.46666666666666667        0.0000000000000000     
  0.56666666666666665       0.50000000000000000        0.0000000000000000     
  0.56666666666666665       0.53333333333333333        0.0000000000000000     
  0.56666666666666665       0.56666666666666665        0.0000000000000000     
  0.56666666666666665       0.59999999999999998        0.0000000000000000     
  0.56666666666666665       0.63333333333333330        0.0000000000000000     
  0.56666666666666665       0.66666666666666663        0.0000000000000000     
  0.56666666666666665       0.69999999999999996        0.0000000000000000     
  0.56666666666666665       0.73333333333333328        0.0000000000000000     
  0.56666666666666665       0.76666666666666661        0.0000000000000000     
  0.56666666666666665       0.80000000000000004        0.0000000000000000     
  0.56666666666666665       0.83333333333333337        0.0000000000000000     
  0.56666666666666665       0.86666666666666670        0.0000000000000000     
  0.56666666666666665       0.90000000000000002        0.0000000000000000     
  0.56666666666666665       0.93333333333333335        0.0000000000000000     
  0.56666666666666665       0.96666666666666667        0.0000000000000000     
  0.56666666666666665        1.0000000000000000        0.0000000000000000     

  0.59999999999999998        0.0000000000000000       0.95105651629515364     
  0.59999999999999998        3.3333333333333333E-002  0.49887471665059918     
  0.59999999999999998        6.6666666666666666E-002  0.19133934752243312     
  0.59999999999999998       0.10000000000000001        4.9759228011647977E-002
  0.59999999999999998       0.13333333333333333        7.7758187932560488E-003
  0.59999999999999998       0.16666666666666666        5.4842724187251452E-004
  0.59999999999999998       0.20000000000000001        0.0000000000000000     
  0.59999999999999998       0.23333333333333334        0.0000000000000000     
  0.59999999999999998       0.26666666666666666        0.0000000000000000     
  0.59999999999999998       0.29999999999999999        0.0000000000000000     
  0.59999999999999998       0.33333333333333331        0.0000000000000000     
  0.59999999999999998       0.36666666666666664        0.0000000000000000     
  0.59999999999999998       0.40000000000000002        0.0000000000000000     
  0.59999999999999998       0.43333333333333335        0.0000000000000000     
  0.59999999999999998       0.46666666666666667        0.0000000000000000     
  0.59999999999999998       0.50000000000000000        0.0000000000000000     
  0.59999999999999998       0.53333333333333333        0.0000000000000000     
  0.59999999999999998       0.56666666666666665        0.0000000000000000     
  0.59999999999999998       0.59999999999999998        0.0000000000000000     
  0.59999999999999998       0.63333333333333330        0.0000000000000000     
  0.59999999999999998       0.66666666666666663        0.0000000000000000     
  0.59999999999999998       0.69999999999999996        0.0000000000000000     
  0.59999999999999998       0.73333333333333328        0.0000000000000000     
  0.59999999999999998       0.76666666666666661        0.0000000000000000     
  0.59999999999999998       0.80000000000000004        0.0000000000000000     
  0.59999999999999998       0.83333333333333337        0.0000000000000000     
  0.59999999999999998       0.86666666666666670        0.0000000000000000     
  0.59999999999999998       0.90000000000000002        0.0000000000000000     
  0.59999999999999998       0.93333333333333335        0.0000000000000000     
  0.59999999999999998       0.96666666666666667        0.0000000000000000     
  0.59999999999999998        1.0000000000000000        0.0000000000000000     

  0.63333333333333330        0.0000000000000000       0.91354545764260098     
  0.63333333333333330        3.3333333333333333E-002  0.47919836888795092     
  0.63333333333333330        6.6666666666666666E-002  0.18379264407791590     
  0.63333333333333330       0.10000000000000001        4.7796651352458780E-002
  0.63333333333333330       0.13333333333333333        7.4691291383008566E-003
  0.63333333333333330       0.16666666666666666        5.2679647011073078E-004
  0.63333333333333330       0.20000000000000001        0.0000000000000000     
  0.63333333333333330       0.23333333333333334        0.0000000000000000     
  0.63333333333333330       0.26666666666666666        0.0000000000000000     
  0.63333333333333330       0.29999999999999999        0.0000000000000000     
  0.63333333333333330       0.33333333333333331        0.0000000000000000     
  0.63333333333333330       0.36666666666666664        0.0000000000000000     
  0.63333333333333330       0.40000000000000002        0.0000000000000000     
  0.63333333333333330       0.43333333333333335        0.0000000000000000     
  0.63333333333333330       0.46666666666666667        0.0000000000000000     
  0.63333333333333330       0.50000000000000000        0.0000000000000000     
  0.63333333333333330       0.53333333333333333        0.0000000000000000     
  0.63333333333333330       0.56666666666666665        0.0000000000000000     
  0.63333333333333330       0.59999999999999998        0.0000000000000000     
  0.63333333333333330       0.63333333333333330        0.0000000000000000     
  0.63333333333333330       0.66666666666666663        0.0000000000000000     
  0.63333333333333330       0.69999999999999996        0.0000000000000000     
  0.63333333333333330       0.73333333333333328        0.0000000000000000     
  0.63333333333333330       0.76666666666666661        0.0000000000000000     
  0.63333333333333330       0.80000000000000004        0.0000000000000000     
  0.63333333333333330       0.83333333333333337        0.0000000000000000     
  0.63333333333333330       0.86666666666666670        0.0000000000000000     
  0.63333333333333330       0.90000000000000002        0.0000000000000000     
  0.63333333333333330       0.93333333333333335        0.0000000000000000     
  0.63333333333333330       0.96666666666666667        0.0000000000000000     
  0.63333333333333330        1.0000000000000000        0.0000000000000000     

  0.66666666666666663        0.0000000000000000       0.86602540378443871     
  0.66666666666666663        3.3333333333333333E-002  0.45427182351706075     
  0.66666666666666663        6.6666666666666666E-002  0.17423226996379773     
  0.66666666666666663       0.10000000000000001        4.5310404578959698E-002
  0.66666666666666663       0.13333333333333333        7.0806061414906817E-003
  0.66666666666666663       0.16666666666666666        4.9939400598316547E-004
  0.66666666666666663       0.20000000000000001        0.0000000000000000     
  0.66666666666666663       0.23333333333333334        0.0000000000000000     
  0.66666666666666663       0.26666666666666666        0.0000000000000000     
  0.66666666666666663       0.29999999999999999        0.0000000000000000     
  0.66666666666666663       0.33333333333333331        0.0000000000000000     
  0.66666666666666663       0.36666666666666664        0.0000000000000000     
  0.66666666666666663       0.40000000000000002        0.0000000000000000     
  0.66666666666666663       0.43333333333333335        0.0000000000000000     
  0.66666666666666663       0.46666666666666667        0.0000000000000000     
  0.66666666666666663       0.50000000000000000        0.0000000000000000     
  0.66666666666666663       0.53333333333333333        0.0000000000000000     
  0.66666666666666663       0.56666666666666665        0.0000000000000000     
  0.66666666666666663       0.59999999999999998        0.0000000000000000     
  0.66666666666666663       0.63333333333333330        0.0000000000000000     
  0.66666666666666663       0.66666666666666663        0.0000000000000000     
  0.66666666666666663       0.69999999999999996        0.0000000000000000     
  0.66666666666666663       0.73333333333333328        0.0000000000000000     
  0.66666666666666663       0.76666666666666661        0.0000000000000000     
  0.66666666666666663       0.80000000000000004        0.0000000000000000     
  0.66666666666666663       0.83333333333333337        0.0000000000000000     
  0.66666666666666663       0.86666666666666670        0.0000000000000000     
  0.66666666666666663       0.90000000000000002        0.0000000000000000     
  0.66666666666666663       0.93333333333333335        0.0000000000000000     
  0.66666666666666663       0.96666666666666667        0.0000000000000000     
  0.66666666666666663        1.0000000000000000        0.0000000000000000     

  0.69999999999999996        0.0000000000000000       0.80901699437494745     
  0.69999999999999996        3.3333333333333333E-002  0.42436818098522711     
  0.69999999999999996        6.6666666666666666E-002  0.16276297063950962     
  0.69999999999999996       0.10000000000000001        4.2327727531081827E-002
  0.69999999999999996       0.13333333333333333        6.6145065420822437E-003
  0.69999999999999996       0.16666666666666666        4.6652007662113430E-004
  0.69999999999999996       0.20000000000000001        0.0000000000000000     
  0.69999999999999996       0.23333333333333334        0.0000000000000000     
  0.69999999999999996       0.26666666666666666        0.0000000000000000     
  0.69999999999999996       0.29999999999999999        0.0000000000000000     
  0.69999999999999996       0.33333333333333331        0.0000000000000000     
  0.69999999999999996       0.36666666666666664        0.0000000000000000     
  0.69999999999999996       0.40000000000000002        0.0000000000000000     
  0.69999999999999996       0.43333333333333335        0.0000000000000000     
  0.69999999999999996       0.46666666666666667        0.0000000000000000     
  0.69999999999999996       0.50000000000000000        0.0000000000000000     
  0.69999999999999996       0.53333333333333333        0.0000000000000000     
  0.69999999999999996       0.56666666666666665        0.0000000000000000     
  0.69999999999999996       0.59999999999999998        0.0000000000000000     
  0.69999999999999996       0.63333333333333330        0.0000000000000000     
  0.69999999999999996       0.66666666666666663        0.0000000000000000     
  0.69999999999999996       0.69999999999999996        0.0000000000000000     
  0.69999999999999996       0.73333333333333328        0.0000000000000000     
  0.69999999999999996       0.76666666666666661        0.0000000000000000     
  0.69999999999999996       0.80000000000000004        0.0000000000000000     
  0.69999999999999996       0.83333333333333337        0.0000000000000000     
  0.69999999999999996       0.86666666666666670        0.0000000000000000     
  0.69999999999999996       0.90000000000000002        0.0000000000000000     
  0.69999999999999996       0.93333333333333335        0.0000000000000000     
  0.69999999999999996       0.96666666666666667        0.0000000000000000     
  0.69999999999999996        1.0000000000000000        0.0000000000000000     

  0.73333333333333328        0.0000000000000000       0.74314482547739447     
  0.73333333333333328        3.3333333333333333E-002  0.38981507185776831     
  0.73333333333333328        6.6666666666666666E-002  0.14951040614855376     
  0.73333333333333328       0.10000000000000001        3.8881299042726976E-002
  0.73333333333333328       0.13333333333333333        6.0759370248242694E-003
  0.73333333333333328       0.16666666666666666        4.2853485567403971E-004
  0.73333333333333328       0.20000000000000001        0.0000000000000000     
  0.73333333333333328       0.23333333333333334        0.0000000000000000     
  0.73333333333333328       0.26666666666666666        0.0000000000000000     
  0.73333333333333328       0.29999999999999999        0.0000000000000000     
  0.73333333333333328       0.33333333333333331        0.0000000000000000     
  0.73333333333333328       0.36666666666666664        0.0000000000000000     
  0.73333333333333328       0.40000000000000002        0.0000000000000000     
  0.73333333333333328       0.43333333333333335        0.0000000000000000     
  0.73333333333333328       0.46666666666666667        0.0000000000000000     
  0.73333333333333328       0.50000000000000000        0.0000000000000000     
  0.73333333333333328       0.53333333333333333        0.0000000000000000     
  0.73333333333333328       0.56666666666666665        0.0000000000000000     
  0.73333333333333328       0.59999999999999998        0.0000000000000000     
  0.73333333333333328       0.63333333333333330        0.0000000000000000     
  0.73333333333333328       0.66666666666666663        0.0000000000000000     
  0.73333333333333328       0.69999999999999996        0.0000000000000000     
  0.73333333333333328       0.73333333333333328        0.0000000000000000     
  0.73333333333333328       0.76666666666666661        0.0000000000000000     
  0.73333333333333328       0.80000000000000004        0.0000000000000000     
  0.73333333333333328       0.83333333333333337        0.0000000000000000     
  0.73333333333333328       0.86666666666666670        0.0000000000000000     
  0.73333333333333328       0.90000000000000002        0.0000000000000000     
  0.73333333333333328       0.93333333333333335        0.0000000000000000     
  0.73333333333333328       0.96666666666666667        0.0000000000000000     
  0.73333333333333328        1.0000000000000000        0.0000000000000000     

  0.76666666666666661        0.0000000000000000       0.66913060635885835     
  0.76666666666666661        3.3333333333333333E-002  0.35099106722898771     
  0.76666666666666661        6.6666666666666666E-002  0.13461977436077044     
  0.76666666666666661       0.10000000000000001        3.5008878905625103E-002
  0.76666666666666661       0.13333333333333333        5.4707982700507576E-003
  0.76666666666666661       0.16666666666666666        3.8585451717149642E-004
  0.76666666666666661       0.20000000000000001        0.0000000000000000     
  0.76666666666666661       0.23333333333333334        0.0000000000000000     
  0.76666666666666661       0.26666666666666666        0.0000000000000000     
  0.76666666666666661       0.29999999999999999        0.0000000000000000     
  0.76666666666666661       0.33333333333333331        0.0000000000000000     
  0.76666666666666661       0.36666666666666664        0.0000000000000000     
  0.76666666666666661       0.40000000000000002        0.0000000000000000     
  0.76666666666666661       0.43333333333333335        0.0000000000000000     
  0.76666666666666661       0.46666666666666667        0.0000000000000000     
  0.76666666666666661       0.50000000000000000        0.0000000000000000     
  0.76666666666666661       0.53333333333333333        0.0000000000000000     
  0.76666666666666661       0.56666666666666665        0.0000000000000000     
  0.76666666666666661       0.59999999999999998        0.0000000000000000     
  0.76666666666666661       0.63333333333333330        0.0000000000000000     
  0.76666666666666661       0.66666666666666663        0.0000000000000000     
  0.76666666666666661       0.69999999999999996        0.0000000000000000     
  0.76666666666666661       0.73333333333333328        0.0000000000000000     
  0.76666666666666661       0.76666666666666661        0.0000000000000000     
  0.76666666666666661       0.80000000000000004        0.0000000000000000     
  0.76666666666666661       0.83333333333333337        0.0000000000000000     
  0.76666666666666661       0.86666666666666670        0.0000000000000000     
  0.76666666666666661       0.90000000000000002        0.0000000000000000     
  0.76666666666666661       0.93333333333333335        0.0000000000000000     
  0.76666666666666661       0.96666666666666667        0.0000000000000000     
  0.76666666666666661        1.0000000000000000        0.0000000000000000     

  0.80000000000000004        0.0000000000000000       0.58778525229247325     
  0.80000000000000004        3.3333333333333333E-002  0.30832153101804344     
  0.80000000000000004        6.6666666666666666E-002  0.11825422015409165     
  0.80000000000000004       0.10000000000000001        3.0752894165154299E-002
  0.80000000000000004       0.13333333333333333        4.8057203045924306E-003
  0.80000000000000004       0.16666666666666666        3.3894667583357358E-004
  0.80000000000000004       0.20000000000000001        0.0000000000000000     
  0.80000000000000004       0.23333333333333334        0.0000000000000000     
  0.80000000000000004       0.26666666666666666        0.0000000000000000     
  0.80000000000000004       0.29999999999999999        0.0000000000000000     
  0.80000000000000004       0.33333333333333331        0.0000000000000000     
  0.80000000000000004       0.36666666666666664        0.0000000000000000     
  0.80000000000000004       0.40000000000000002        0.0000000000000000     
  0.80000000000000004       0.43333333333333335        0.0000000000000000     
  0.80000000000000004       0.46666666666666667        0.0000000000000000     
  0.80000000000000004       0.50000000000000000        0.0000000000000000     
  0.80000000000000004       0.53333333333333333        0.0000000000000000     
  0.80000000000000004       0.56666666666666665        0.0000000000000000     
  0.80000000000000004       0.59999999999999998        0.0000000000000000     
  0.80000000000000004       0.63333333333333330        0.0000000000000000     
  0.80000000000000004       0.66666666666666663        0.0000000000000000     
  0.80000000000000004       0.69999999999999996        0.0000000000000000     
  0.80000000000000004       0.73333333333333328        0.0000000000000000     
  0.80000000000000004       0.76666666666666661        0.0000000000000000     
  0.80000000000000004       0.80000000000000004        0.0000000000000000     
  0.80000000000000004       0.83333333333333337        0.0000000000000000     
  0.80000000000000004       0.86666666666666670        0.0000000000000000     
  0.80000000000000004       0.90000000000000002        0.0000000000000000     
  0.80000000000000004       0.93333333333333335        0.0000000000000000     
  0.80000000000000004       0.96666666666666667        0.0000000000000000     
  0.80000000000000004        1.0000000000000000        0.0000000000000000     

  0.83333333333333337        0.0000000000000000       0.49999999999999994     
  0.83333333333333337        3.3333333333333333E-002  0.26227395959283717     
  0.83333333333333337        6.6666666666666666E-002  0.10059304796511814     
  0.83333333333333337       0.10000000000000001        2.6159974280753236E-002
  0.83333333333333337       0.13333333333333333        4.0879898618153623E-003
  0.83333333333333337       0.16666666666666666        2.8832526378606604E-004
  0.83333333333333337       0.20000000000000001        0.0000000000000000     
  0.83333333333333337       0.23333333333333334        0.0000000000000000     
  0.83333333333333337       0.26666666666666666        0.0000000000000000     
  0.83333333333333337       0.29999999999999999        0.0000000000000000     
  0.83333333333333337       0.33333333333333331        0.0000000000000000     
  0.83333333333333337       0.36666666666666664        0.0000000000000000     
  0.83333333333333337       0.40000000000000002        0.0000000000000000     
  0.83333333333333337       0.43333333333333335        0.0000000000000000     
  0.83333333333333337       0.46666666666666667        0.0000000000000000     
  0.83333333333333337       0.50000000000000000        0.0000000000000000     
  0.83333333333333337       0.53333333333333333        0.0000000000000000     
  0.83333333333333337       0.56666666666666665        0.0000000000000000     
  0.83333333333333337       0.59999999999999998        0.0000000000000000     
  0.83333333333333337       0.63333333333333330        0.0000000000000000     
  0.83333333333333337       0.66666666666666663        0.0000000000000000     
  0.83333333333333337       0.69999999999999996        0.0000000000000000     
  0.83333333333333337       0.73333333333333328        0.0000000000000000     
  0.83333333333333337       0.76666666666666661        0.0000000000000000     
  0.83333333333333337       0.80000000000000004        0.0000000000000000     
  0.83333333333333337       0.83333333333333337        0.0000000000000000     
  0.83333333333333337       0.86666666666666670        0.0000000000000000     
  0.83333333333333337       0.90000000000000002        0.0000000000000000     
  0.83333333333333337       0.93333333333333335        0.0000000000000000     
  0.83333333333333337       0.96666666666666667        0.0000000000000000     
  0.83333333333333337        1.0000000000000000        0.0000000000000000     

  0.86666666666666670        0.0000000000000000       0.40673664307580004     
  0.86666666666666670        3.3333333333333333E-002  0.21335285978197727     
  0.86666666666666670        6.6666666666666666E-002   8.1829757292190206E-002
  0.86666666666666670       0.10000000000000001        2.1280440243805678E-002
  0.86666666666666670       0.13333333333333333        3.3254705466453692E-003
  0.86666666666666670       0.16666666666666666        2.3454489981257812E-004
  0.86666666666666670       0.20000000000000001        0.0000000000000000     
  0.86666666666666670       0.23333333333333334        0.0000000000000000     
  0.86666666666666670       0.26666666666666666        0.0000000000000000     
  0.86666666666666670       0.29999999999999999        0.0000000000000000     
  0.86666666666666670       0.33333333333333331        0.0000000000000000     
  0.86666666666666670       0.36666666666666664        0.0000000000000000     
  0.86666666666666670       0.40000000000000002        0.0000000000000000     
  0.86666666666666670       0.43333333333333335        0.0000000000000000     
  0.86666666666666670       0.46666666666666667        0.0000000000000000     
  0.86666666666666670       0.50000000000000000        0.0000000000000000     
  0.86666666666666670       0.53333333333333333        0.0000000000000000     
  0.86666666666666670       0.56666666666666665        0.0000000000000000     
  0.86666666666666670       0.59999999999999998        0.0000000000000000     
  0.86666666666666670       0.63333333333333330        0.0000000000000000     
  0.86666666666666670       0.66666666666666663        0.0000000000000000     
  0.86666666666666670       0.69999999999999996        0.0000000000000000     
  0.86666666666666670       0.73333333333333328        0.0000000000000000     
  0.86666666666666670       0.76666666666666661        0.0000000000000000     
  0.86666666666666670       0.80000000000000004        0.0000000000000000     
  0.86666666666666670       0.83333333333333337        0.0000000000000000     
  0.86666666666666670       0.86666666666666670        0.0000000000000000     
  0.86666666666666670       0.90000000000000002        0.0000000000000000     
  0.86666666666666670       0.93333333333333335        0.0000000000000000     
  0.86666666666666670       0.96666666666666667        0.0000000000000000     
  0.86666666666666670        1.0000000000000000        0.0000000000000000     

  0.90000000000000002        0.0000000000000000       0.30901699437494751     
  0.90000000000000002        3.3333333333333333E-002  0.16209422139238991     
  0.90000000000000002        6.6666666666666666E-002   6.2169922674391462E-002
  0.90000000000000002       0.10000000000000001        1.6167753250328584E-002
  0.90000000000000002       0.13333333333333333        2.5265166802668796E-003
  0.90000000000000002       0.16666666666666666        1.7819481283506806E-004
  0.90000000000000002       0.20000000000000001        0.0000000000000000     
  0.90000000000000002       0.23333333333333334        0.0000000000000000     
  0.90000000000000002       0.26666666666666666        0.0000000000000000     
  0.90000000000000002       0.29999999999999999        0.0000000000000000     
  0.90000000000000002       0.33333333333333331        0.0000000000000000     
  0.90000000000000002       0.36666666666666664        0.0000000000000000     
  0.90000000000000002       0.40000000000000002        0.0000000000000000     
  0.90000000000000002       0.43333333333333335        0.0000000000000000     
  0.90000000000000002       0.46666666666666667        0.0000000000000000     
  0.90000000000000002       0.50000000000000000        0.0000000000000000     
  0.90000000000000002       0.53333333333333333        0.0000000000000000     
  0.90000000000000002       0.56666666666666665        0.0000000000000000     
  0.90000000000000002       0.59999999999999998        0.0000000000000000     
  0.90000000000000002       0.63333333333333330        0.0000000000000000     
  0.90000000000000002       0.66666666666666663        0.0000000000000000     
  0.90000000000000002       0.69999999999999996        0.0000000000000000     
  0.90000000000000002       0.73333333333333328        0.0000000000000000     
  0.90000000000000002       0.76666666666666661        0.0000000000000000     
  0.90000000000000002       0.80000000000000004        0.0000000000000000     
  0.90000000000000002       0.83333333333333337        0.0000000000000000     
  0.90000000000000002       0.86666666666666670        0.0000000000000000     
  0.90000000000000002       0.90000000000000002        0.0000000000000000     
  0.90000000000000002       0.93333333333333335        0.0000000000000000     
  0.90000000000000002       0.96666666666666667        0.0000000000000000     
  0.90000000000000002        1.0000000000000000        0.0000000000000000     

  0.93333333333333335        0.0000000000000000       0.20791169081775931     
  0.93333333333333335        3.3333333333333333E-002  0.10905964479283095     
  0.93333333333333335        6.6666666666666666E-002   4.1828941373879366E-002
  0.93333333333333335       0.10000000000000001        1.0877928968921010E-002
  0.93333333333333335       0.13333333333333333        1.6998817684317812E-003
  0.93333333333333335       0.16666666666666666        1.1989238619847494E-004
  0.93333333333333335       0.20000000000000001        0.0000000000000000     
  0.93333333333333335       0.23333333333333334        0.0000000000000000     
  0.93333333333333335       0.26666666666666666        0.0000000000000000     
  0.93333333333333335       0.29999999999999999        0.0000000000000000     
  0.93333333333333335       0.33333333333333331        0.0000000000000000     
  0.93333333333333335       0.36666666666666664        0.0000000000000000     
  0.93333333333333335       0.40000000000000002        0.0000000000000000     
  0.93333333333333335       0.43333333333333335        0.0000000000000000     
  0.93333333333333335       0.46666666666666667        0.0000000000000000     
  0.93333333333333335       0.50000000000000000        0.0000000000000000     
  0.93333333333333335       0.53333333333333333        0.0000000000000000     
  0.93333333333333335       0.56666666666666665        0.0000000000000000     
  0.93333333333333335       0.59999999999999998        0.0000000000000000     
  0.93333333333333335       0.63333333333333330        0.0000000000000000     
  0.93333333333333335       0.66666666666666663        0.0000000000000000     
  0.93333333333333335       0.69999999999999996        0.0000000000000000     
  0.93333333333333335       0.73333333333333328        0.0000000000000000     
  0.93333333333333335       0.76666666666666661        0.0000000000000000     
  0.93333333333333335       0.80000000000000004        0.0000000000000000     
  0.93333333333333335       0.83333333333333337        0.0000000000000000     
  0.93333333333333335       0.86666666666666670        0.0000000000000000     
  0.93333333333333335       0.90000000000000002        0.0000000000000000     
  0.93333333333333335       0.93333333333333335        0.0000000000000000     
  0.93333333333333335       0.96666666666666667        0.0000000000000000     
  0.93333333333333335        1.0000000000000000        0.0000000000000000     

  0.96666666666666667        0.0000000000000000       0.10452846326765373     
  0.96666666666666667        3.3333333333333333E-002   5.4830187902723891E-002
  0.96666666666666667        6.6666666666666666E-002   2.1029673438406331E-002
  0.96666666666666667       0.10000000000000001        5.4689238213769531E-003
  0.96666666666666667       0.13333333333333333        8.5462259621861460E-004
  0.96666666666666667       0.16666666666666666        6.0276393489596758E-005
  0.96666666666666667       0.20000000000000001        0.0000000000000000     
  0.96666666666666667       0.23333333333333334        0.0000000000000000     
  0.96666666666666667       0.26666666666666666        0.0000000000000000     
  0.96666666666666667       0.29999999999999999        0.0000000000000000     
  0.96666666666666667       0.33333333333333331        0.0000000000000000     
  0.96666666666666667       0.36666666666666664        0.0000000000000000     
  0.96666666666666667       0.40000000000000002        0.0000000000000000     
  0.96666666666666667       0.43333333333333335        0.0000000000000000     
  0.96666666666666667       0.46666666666666667        0.0000000000000000     
  0.96666666666666667       0.50000000000000000        0.0000000000000000     
  0.96666666666666667       0.53333333333333333        0.0000000000000000     
  0.96666666666666667       0.56666666666666665        0.0000000000000000     
  0.96666666666666667       0.59999999999999998        0.0000000000000000     
  0.96666666666666667       0.63333333333333330        0.0000000000000000     
  0.96666666666666667       0.66666666666666663        0.0000000000000000     
  0.96666666666666667       0.69999999999999996        0.0000000000000000     
  0.96666666666666667       0.73333333333333328        0.0000000000000000     
  0.96666666666666667       0.76666666666666661        0.0000000000000000     
  0.96666666666666667       0.80000000000000004        0.0000000000000000     
  0.96666666666666667       0.83333333333333337        0.0000000000000000     
  0.96666666666666667       0.86666666666666670        0.0000000000000000     
  0.96666666666666667       0.90000000000000002        0.0000000000000000     
  0.96666666666666667       0.93333333333333335        0.0000000000000000     
  0.96666666666666667       0.96666666666666667        0.0000000000000000     
  0.96666666666666667        1.0000000000000000        0.0000000000000000     

   1.0000000000000000        0.0000000000000000        1.2246467991473532E-016
   1.0000000000000000        3.3333333333333333E-002   0.0000000000000000     
   1.0000000000000000        6.6666666666666666E-002   0.0000000000000000     
   1.0000000000000000       0.10000000000000001        0.0000000000000000     
   1.0000000000000000       0.13333333333333333        0.0000000000000000     
   1.0000000000000000       0.16666666666666666        0.0000000000000000     
   1.0000000000000000       0.20000000000000001        0.0000000000000000     
   1.0000000000000000       0.23333333333333334        0.0000000000000000     
   1.0000000000000000       0.26666666666666666        0.0000000000000000     
   1.0000000000000000       0.29999999999999999        0.0000000000000000     
   1.0000000000000000       0.33333333333333331        0.0000000000000000     
   1.0000000000000000       0.36666666666666664        0.0000000000000000     
   1.0000000000000000       0.40000000000000002        0.0000000000000000     
   1.0000000000000000       0.43333333333333335        0.0000000000000000     
   1.0000000000000000       0.46666666666666667        0.0000000000000000     
   1.0000000000000000       0.50000000000000000        0.0000000000000000     
   1.0000000000000000       0.53333333333333333        0.0000000000000000     
   1.0000000000000000       0.56666666666666665        0.0000000000000000     
   1.0000000000000000       0.59999999999999998        0.0000000000000000     
   1.0000000000000000       0.63333333333333330        0.0000000000000000     
   1.0000000000000000       0.66666666666666663        0.0000000000000000     
   1.0000000000000000       0.69999999999999996        0.0000000000000000     
   1.0000000000000000       0.73333333333333328        0.0000000000000000     
   1.0000000000000000       0.76666666666666661        0.0000000000000000     
   1.0000000000000000       0.80000000000000004        0.0000000000000000     
   1.0000000000000000       0.83333333333333337        0.0000000000000000     
   1.0000000000000000       0.86666666666666670        0.0000000000000000     
   1.0000000000000000       0.90000000000000002        0.0000000000000000     
   1.0000000000000000       0.93333333333333335        0.0000000000000000     
   1.0000000000000000       0.96666666666666667        0.0000000000000000     
   1.0000000000000000        1.0000000000000000        0.0000000000000000     

