   0.0000000000000000        0.0000000000000000        0.0000000000000000     
   0.0000000000000000        3.3333333333333333E-002   0.0000000000000000     
   0.0000000000000000        6.6666666666666666E-002   0.0000000000000000     
   0.0000000000000000       0.10000000000000001        0.0000000000000000     
   0.0000000000000000       0.13333333333333333        0.0000000000000000     
   0.0000000000000000       0.16666666666666666        0.0000000000000000     
   0.0000000000000000       0.20000000000000001        0.0000000000000000     
   0.0000000000000000       0.23333333333333334        0.0000000000000000     
   0.0000000000000000       0.26666666666666666        0.0000000000000000     
   0.0000000000000000       0.29999999999999999        0.0000000000000000     
   0.0000000000000000       0.33333333333333331        0.0000000000000000     
   0.0000000000000000       0.36666666666666664        0.0000000000000000     
   0.0000000000000000       0.40000000000000002        0.0000000000000000     
   0.0000000000000000       0.43333333333333335        0.0000000000000000     
   0.0000000000000000       0.46666666666666667        0.0000000000000000     
   0.0000000000000000       0.50000000000000000        0.0000000000000000     
   0.0000000000000000       0.53333333333333333        0.0000000000000000     
   0.0000000000000000       0.56666666666666665        0.0000000000000000     
   0.0000000000000000       0.59999999999999998        0.0000000000000000     
   0.0000000000000000       0.63333333333333330        0.0000000000000000     
   0.0000000000000000       0.66666666666666663        0.0000000000000000     
   0.0000000000000000       0.69999999999999996        0.0000000000000000     
   0.0000000000000000       0.73333333333333328        0.0000000000000000     
   0.0000000000000000       0.76666666666666661        0.0000000000000000     
   0.0000000000000000       0.80000000000000004        0.0000000000000000     
   0.0000000000000000       0.83333333333333337        0.0000000000000000     
   0.0000000000000000       0.86666666666666670        0.0000000000000000     
   0.0000000000000000       0.90000000000000002        0.0000000000000000     
   0.0000000000000000       0.93333333333333335        0.0000000000000000     
   0.0000000000000000       0.96666666666666667        0.0000000000000000     
   0.0000000000000000        1.0000000000000000        0.0000000000000000     

   3.3333333333333333E-002   0.0000000000000000       0.10452846326765346     
   3.3333333333333333E-002   3.3333333333333333E-002   6.1068266537158404E-002
   3.3333333333333333E-002   6.6666666666666666E-002   2.8625991514560162E-002
   3.3333333333333333E-002  0.10000000000000001        1.0364198007536636E-002
   3.3333333333333333E-002  0.13333333333333333        2.7697123594517220E-003
   3.3333333333333333E-002  0.16666666666666666        5.1160885251409424E-004
   3.3333333333333333E-002  0.20000000000000001        5.8116814975656836E-005
   3.3333333333333333E-002  0.23333333333333334        3.0514927102870611E-006
   3.3333333333333333E-002  0.26666666666666666        0.0000000000000000     
   3.3333333333333333E-002  0.29999999999999999        0.0000000000000000     
   3.3333333333333333E-002  0.33333333333333331        0.0000000000000000     
   3.3333333333333333E-002  0.36666666666666664        0.0000000000000000     
   3.3333333333333333E-002  0.40000000000000002        0.0000000000000000     
   3.3333333333333333E-002  0.43333333333333335        0.0000000000000000     
   3.3333333333333333E-002  0.46666666666666667        0.0000000000000000     
   3.3333333333333333E-002  0.50000000000000000        0.0000000000000000     
   3.3333333333333333E-002  0.53333333333333333        0.0000000000000000     
   3.3333333333333333E-002  0.56666666666666665        0.0000000000000000     
   3.3333333333333333E-002  0.59999999999999998        0.0000000000000000     
   3.3333333333333333E-002  0.63333333333333330        0.0000000000000000     
   3.3333333333333333E-002  0.66666666666666663        0.0000000000000000     
   3.3333333333333333E-002  0.69999999999999996        0.0000000000000000     
   3.3333333333333333E-002  0.73333333333333328        0.0000000000000000     
   3.3333333333333333E-002  0.76666666666666661        0.0000000000000000     
   3.3333333333333333E-002  0.80000000000000004        0.0000000000000000     
   3.3333333333333333E-002  0.83333333333333337        0.0000000000000000     
   3.3333333333333333E-002  0.86666666666666670        0.0000000000000000     
   3.3333333333333333E-002  0.90000000000000002        0.0000000000000000     
   3.3333333333333333E-002  0.93333333333333335        0.0000000000000000     
   3.3333333333333333E-002  0.96666666666666667        0.0000000000000000     
   3.3333333333333333E-002   1.0000000000000000        0.0000000000000000     

   6.6666666666666666E-002   0.0000000000000000       0.20791169081775931     
   6.6666666666666666E-002   3.3333333333333333E-002  0.12146745636677936     
   6.6666666666666666E-002   6.6666666666666666E-002   5.6938350675712970E-002
   6.6666666666666666E-002  0.10000000000000001        2.0614843692854837E-002
   6.6666666666666666E-002  0.13333333333333333        5.5090791706937162E-003
   6.6666666666666666E-002  0.16666666666666666        1.0176124113790090E-003
   6.6666666666666666E-002  0.20000000000000001        1.1559688996471496E-004
   6.6666666666666666E-002  0.23333333333333334        6.0695526278743138E-006
   6.6666666666666666E-002  0.26666666666666666        0.0000000000000000     
   6.6666666666666666E-002  0.29999999999999999        0.0000000000000000     
   6.6666666666666666E-002  0.33333333333333331        0.0000000000000000     
   6.6666666666666666E-002  0.36666666666666664        0.0000000000000000     
   6.6666666666666666E-002  0.40000000000000002        0.0000000000000000     
   6.6666666666666666E-002  0.43333333333333335        0.0000000000000000     
   6.6666666666666666E-002  0.46666666666666667        0.0000000000000000     
   6.6666666666666666E-002  0.50000000000000000        0.0000000000000000     
   6.6666666666666666E-002  0.53333333333333333        0.0000000000000000     
   6.6666666666666666E-002  0.56666666666666665        0.0000000000000000     
   6.6666666666666666E-002  0.59999999999999998        0.0000000000000000     
   6.6666666666666666E-002  0.63333333333333330        0.0000000000000000     
   6.6666666666666666E-002  0.66666666666666663        0.0000000000000000     
   6.6666666666666666E-002  0.69999999999999996        0.0000000000000000     
   6.6666666666666666E-002  0.73333333333333328        0.0000000000000000     
   6.6666666666666666E-002  0.76666666666666661        0.0000000000000000     
   6.6666666666666666E-002  0.80000000000000004        0.0000000000000000     
   6.6666666666666666E-002  0.83333333333333337        0.0000000000000000     
   6.6666666666666666E-002  0.86666666666666670        0.0000000000000000     
   6.6666666666666666E-002  0.90000000000000002        0.0000000000000000     
   6.6666666666666666E-002  0.93333333333333335        0.0000000000000000     
   6.6666666666666666E-002  0.96666666666666667        0.0000000000000000     
   6.6666666666666666E-002   1.0000000000000000        0.0000000000000000     

  0.10000000000000001        0.0000000000000000       0.30901699437494740     
  0.10000000000000001        3.3333333333333333E-002  0.18053582332574650     
  0.10000000000000001        6.6666666666666666E-002   8.4626881351746772E-002
  0.10000000000000001       0.10000000000000001        3.0639628836740738E-002
  0.10000000000000001       0.13333333333333333        8.1880873576926604E-003
  0.10000000000000001       0.16666666666666666        1.5124667957157674E-003
  0.10000000000000001       0.20000000000000001        1.7181046123711531E-004
  0.10000000000000001       0.23333333333333334        9.0211132567350337E-006
  0.10000000000000001       0.26666666666666666        0.0000000000000000     
  0.10000000000000001       0.29999999999999999        0.0000000000000000     
  0.10000000000000001       0.33333333333333331        0.0000000000000000     
  0.10000000000000001       0.36666666666666664        0.0000000000000000     
  0.10000000000000001       0.40000000000000002        0.0000000000000000     
  0.10000000000000001       0.43333333333333335        0.0000000000000000     
  0.10000000000000001       0.46666666666666667        0.0000000000000000     
  0.10000000000000001       0.50000000000000000        0.0000000000000000     
  0.10000000000000001       0.53333333333333333        0.0000000000000000     
  0.10000000000000001       0.56666666666666665        0.0000000000000000     
  0.10000000000000001       0.59999999999999998        0.0000000000000000     
  0.10000000000000001       0.63333333333333330        0.0000000000000000     
  0.10000000000000001       0.66666666666666663        0.0000000000000000     
  0.10000000000000001       0.69999999999999996        0.0000000000000000     
  0.10000000000000001       0.73333333333333328        0.0000000000000000     
  0.10000000000000001       0.76666666666666661        0.0000000000000000     
  0.10000000000000001       0.80000000000000004        0.0000000000000000     
  0.10000000000000001       0.83333333333333337        0.0000000000000000     
  0.10000000000000001       0.86666666666666670        0.0000000000000000     
  0.10000000000000001       0.90000000000000002        0.0000000000000000     
  0.10000000000000001       0.93333333333333335        0.0000000000000000     
  0.10000000000000001       0.96666666666666667        0.0000000000000000     
  0.10000000000000001        1.0000000000000000        0.0000000000000000     

  0.13333333333333333        0.0000000000000000       0.40673664307580015     
  0.13333333333333333        3.3333333333333333E-002  0.23762620202480689     
  0.13333333333333333        6.6666666666666666E-002  0.11138822220637740     
  0.13333333333333333       0.10000000000000001        4.0328719795336768E-002
  0.13333333333333333       0.13333333333333333        1.0777385146133286E-002
  0.13333333333333333       0.16666666666666666        1.9907502773346400E-003
  0.13333333333333333       0.20000000000000001        2.2614164114255134E-004
  0.13333333333333333       0.23333333333333334        1.1873836680965650E-005
  0.13333333333333333       0.26666666666666666        0.0000000000000000     
  0.13333333333333333       0.29999999999999999        0.0000000000000000     
  0.13333333333333333       0.33333333333333331        0.0000000000000000     
  0.13333333333333333       0.36666666666666664        0.0000000000000000     
  0.13333333333333333       0.40000000000000002        0.0000000000000000     
  0.13333333333333333       0.43333333333333335        0.0000000000000000     
  0.13333333333333333       0.46666666666666667        0.0000000000000000     
  0.13333333333333333       0.50000000000000000        0.0000000000000000     
  0.13333333333333333       0.53333333333333333        0.0000000000000000     
  0.13333333333333333       0.56666666666666665        0.0000000000000000     
  0.13333333333333333       0.59999999999999998        0.0000000000000000     
  0.13333333333333333       0.63333333333333330        0.0000000000000000     
  0.13333333333333333       0.66666666666666663        0.0000000000000000     
  0.13333333333333333       0.69999999999999996        0.0000000000000000     
  0.13333333333333333       0.73333333333333328        0.0000000000000000     
  0.13333333333333333       0.76666666666666661        0.0000000000000000     
  0.13333333333333333       0.80000000000000004        0.0000000000000000     
  0.13333333333333333       0.83333333333333337        0.0000000000000000     
  0.13333333333333333       0.86666666666666670        0.0000000000000000     
  0.13333333333333333       0.90000000000000002        0.0000000000000000     
  0.13333333333333333       0.93333333333333335        0.0000000000000000     
  0.13333333333333333       0.96666666666666667        0.0000000000000000     
  0.13333333333333333        1.0000000000000000        0.0000000000000000     

  0.16666666666666666        0.0000000000000000       0.49999999999999994     
  0.16666666666666666        3.3333333333333333E-002  0.29211309832800392     
  0.16666666666666666        6.6666666666666666E-002  0.13692917038903091     
  0.16666666666666666       0.10000000000000001        4.9575960860527922E-002
  0.16666666666666666       0.13333333333333333        1.3248603647600042E-002
  0.16666666666666666       0.16666666666666666        2.4472226823237563E-003
  0.16666666666666666       0.20000000000000001        2.7799516590444888E-004
  0.16666666666666666       0.23333333333333334        1.4596467865759539E-005
  0.16666666666666666       0.26666666666666666        0.0000000000000000     
  0.16666666666666666       0.29999999999999999        0.0000000000000000     
  0.16666666666666666       0.33333333333333331        0.0000000000000000     
  0.16666666666666666       0.36666666666666664        0.0000000000000000     
  0.16666666666666666       0.40000000000000002        0.0000000000000000     
  0.16666666666666666       0.43333333333333335        0.0000000000000000     
  0.16666666666666666       0.46666666666666667        0.0000000000000000     
  0.16666666666666666       0.50000000000000000        0.0000000000000000     
  0.16666666666666666       0.53333333333333333        0.0000000000000000     
  0.16666666666666666       0.56666666666666665        0.0000000000000000     
  0.16666666666666666       0.59999999999999998        0.0000000000000000     
  0.16666666666666666       0.63333333333333330        0.0000000000000000     
  0.16666666666666666       0.66666666666666663        0.0000000000000000     
  0.16666666666666666       0.69999999999999996        0.0000000000000000     
  0.16666666666666666       0.73333333333333328        0.0000000000000000     
  0.16666666666666666       0.76666666666666661        0.0000000000000000     
  0.16666666666666666       0.80000000000000004        0.0000000000000000     
  0.16666666666666666       0.83333333333333337        0.0000000000000000     
  0.16666666666666666       0.86666666666666670        0.0000000000000000     
  0.16666666666666666       0.90000000000000002        0.0000000000000000     
  0.16666666666666666       0.93333333333333335        0.0000000000000000     
  0.16666666666666666       0.96666666666666667        0.0000000000000000     
  0.16666666666666666        1.0000000000000000        0.0000000000000000     

  0.20000000000000001        0.0000000000000000       0.58778525229247314     
  0.20000000000000001        3.3333333333333333E-002  0.34339954239732357     
  0.20000000000000001        6.6666666666666666E-002  0.16096989392663116     
  0.20000000000000001       0.10000000000000001        5.8280037324094348E-002
  0.20000000000000001       0.13333333333333333        1.5574667675055144E-002
  0.20000000000000001       0.16666666666666666        2.8768828034910631E-003
  0.20000000000000001       0.20000000000000001        3.2680291745446879E-004
  0.20000000000000001       0.23333333333333334        1.7159177094108898E-005
  0.20000000000000001       0.26666666666666666        0.0000000000000000     
  0.20000000000000001       0.29999999999999999        0.0000000000000000     
  0.20000000000000001       0.33333333333333331        0.0000000000000000     
  0.20000000000000001       0.36666666666666664        0.0000000000000000     
  0.20000000000000001       0.40000000000000002        0.0000000000000000     
  0.20000000000000001       0.43333333333333335        0.0000000000000000     
  0.20000000000000001       0.46666666666666667        0.0000000000000000     
  0.20000000000000001       0.50000000000000000        0.0000000000000000     
  0.20000000000000001       0.53333333333333333        0.0000000000000000     
  0.20000000000000001       0.56666666666666665        0.0000000000000000     
  0.20000000000000001       0.59999999999999998        0.0000000000000000     
  0.20000000000000001       0.63333333333333330        0.0000000000000000     
  0.20000000000000001       0.66666666666666663        0.0000000000000000     
  0.20000000000000001       0.69999999999999996        0.0000000000000000     
  0.20000000000000001       0.73333333333333328        0.0000000000000000     
  0.20000000000000001       0.76666666666666661        0.0000000000000000     
  0.20000000000000001       0.80000000000000004        0.0000000000000000     
  0.20000000000000001       0.83333333333333337        0.0000000000000000     
  0.20000000000000001       0.86666666666666670        0.0000000000000000     
  0.20000000000000001       0.90000000000000002        0.0000000000000000     
  0.20000000000000001       0.93333333333333335        0.0000000000000000     
  0.20000000000000001       0.96666666666666667        0.0000000000000000     
  0.20000000000000001        1.0000000000000000        0.0000000000000000     

  0.23333333333333334        0.0000000000000000       0.66913060635885824     
  0.23333333333333334        3.3333333333333333E-002  0.39092362921916407     
  0.23333333333333334        6.6666666666666666E-002  0.18324699762125532     
  0.23333333333333334       0.10000000000000001        6.6345585502856144E-002
  0.23333333333333334       0.13333333333333333        1.7730092384253594E-002
  0.23333333333333334       0.16666666666666666        3.2750231946368931E-003
  0.23333333333333334       0.20000000000000001        3.7203014785295045E-004
  0.23333333333333334       0.23333333333333334        1.9533886787426545E-005
  0.23333333333333334       0.26666666666666666        0.0000000000000000     
  0.23333333333333334       0.29999999999999999        0.0000000000000000     
  0.23333333333333334       0.33333333333333331        0.0000000000000000     
  0.23333333333333334       0.36666666666666664        0.0000000000000000     
  0.23333333333333334       0.40000000000000002        0.0000000000000000     
  0.23333333333333334       0.43333333333333335        0.0000000000000000     
  0.23333333333333334       0.46666666666666667        0.0000000000000000     
  0.23333333333333334       0.50000000000000000        0.0000000000000000     
  0.23333333333333334       0.53333333333333333        0.0000000000000000     
  0.23333333333333334       0.56666666666666665        0.0000000000000000     
  0.23333333333333334       0.59999999999999998        0.0000000000000000     
  0.23333333333333334       0.63333333333333330        0.0000000000000000     
  0.23333333333333334       0.66666666666666663        0.0000000000000000     
  0.23333333333333334       0.69999999999999996        0.0000000000000000     
  0.23333333333333334       0.73333333333333328        0.0000000000000000     
  0.23333333333333334       0.76666666666666661        0.0000000000000000     
  0.23333333333333334       0.80000000000000004        0.0000000000000000     
  0.23333333333333334       0.83333333333333337        0.0000000000000000     
  0.23333333333333334       0.86666666666666670        0.0000000000000000     
  0.23333333333333334       0.90000000000000002        0.0000000000000000     
  0.23333333333333334       0.93333333333333335        0.0000000000000000     
  0.23333333333333334       0.96666666666666667        0.0000000000000000     
  0.23333333333333334        1.0000000000000000        0.0000000000000000     

  0.26666666666666666        0.0000000000000000       0.74314482547739413     
  0.26666666666666666        3.3333333333333333E-002  0.43416467495325073     
  0.26666666666666666        6.6666666666666666E-002  0.20351640886304151     
  0.26666666666666666       0.10000000000000001        7.3684237563142282E-002
  0.26666666666666666       0.13333333333333333        1.9691262491029805E-002
  0.26666666666666666       0.16666666666666666        3.6372817463196172E-003
  0.26666666666666666       0.20000000000000001        4.1318133809924179E-004
  0.26666666666666666       0.23333333333333334        2.1694579129372529E-005
  0.26666666666666666       0.26666666666666666        0.0000000000000000     
  0.26666666666666666       0.29999999999999999        0.0000000000000000     
  0.26666666666666666       0.33333333333333331        0.0000000000000000     
  0.26666666666666666       0.36666666666666664        0.0000000000000000     
  0.26666666666666666       0.40000000000000002        0.0000000000000000     
  0.26666666666666666       0.43333333333333335        0.0000000000000000     
  0.26666666666666666       0.46666666666666667        0.0000000000000000     
  0.26666666666666666       0.50000000000000000        0.0000000000000000     
  0.26666666666666666       0.53333333333333333        0.0000000000000000     
  0.26666666666666666       0.56666666666666665        0.0000000000000000     
  0.26666666666666666       0.59999999999999998        0.0000000000000000     
  0.26666666666666666       0.63333333333333330        0.0000000000000000     
  0.26666666666666666       0.66666666666666663        0.0000000000000000     
  0.26666666666666666       0.69999999999999996        0.0000000000000000     
  0.26666666666666666       0.73333333333333328        0.0000000000000000     
  0.26666666666666666       0.76666666666666661        0.0000000000000000     
  0.26666666666666666       0.80000000000000004        0.0000000000000000     
  0.26666666666666666       0.83333333333333337        0.0000000000000000     
  0.26666666666666666       0.86666666666666670        0.0000000000000000     
  0.26666666666666666       0.90000000000000002        0.0000000000000000     
  0.26666666666666666       0.93333333333333335        0.0000000000000000     
  0.26666666666666666       0.96666666666666667        0.0000000000000000     
  0.26666666666666666        1.0000000000000000        0.0000000000000000     

  0.29999999999999999        0.0000000000000000       0.80901699437494745     
  0.29999999999999999        3.3333333333333333E-002  0.47264892165375039     
  0.29999999999999999        6.6666666666666666E-002  0.22155605174077769     
  0.29999999999999999       0.10000000000000001        8.0215589697268649E-002
  0.29999999999999999       0.13333333333333333        2.1436691005292705E-002
  0.29999999999999999       0.16666666666666666        3.9596894780395235E-003
  0.29999999999999999       0.20000000000000001        4.4980562714156411E-004
  0.29999999999999999       0.23333333333333334        2.3617581122494581E-005
  0.29999999999999999       0.26666666666666666        0.0000000000000000     
  0.29999999999999999       0.29999999999999999        0.0000000000000000     
  0.29999999999999999       0.33333333333333331        0.0000000000000000     
  0.29999999999999999       0.36666666666666664        0.0000000000000000     
  0.29999999999999999       0.40000000000000002        0.0000000000000000     
  0.29999999999999999       0.43333333333333335        0.0000000000000000     
  0.29999999999999999       0.46666666666666667        0.0000000000000000     
  0.29999999999999999       0.50000000000000000        0.0000000000000000     
  0.29999999999999999       0.53333333333333333        0.0000000000000000     
  0.29999999999999999       0.56666666666666665        0.0000000000000000     
  0.29999999999999999       0.59999999999999998        0.0000000000000000     
  0.29999999999999999       0.63333333333333330        0.0000000000000000     
  0.29999999999999999       0.66666666666666663        0.0000000000000000     
  0.29999999999999999       0.69999999999999996        0.0000000000000000     
  0.29999999999999999       0.73333333333333328        0.0000000000000000     
  0.29999999999999999       0.76666666666666661        0.0000000000000000     
  0.29999999999999999       0.80000000000000004        0.0000000000000000     
  0.29999999999999999       0.83333333333333337        0.0000000000000000     
  0.29999999999999999       0.86666666666666670        0.0000000000000000     
  0.29999999999999999       0.90000000000000002        0.0000000000000000     
  0.29999999999999999       0.93333333333333335        0.0000000000000000     
  0.29999999999999999       0.96666666666666667        0.0000000000000000     
  0.29999999999999999        1.0000000000000000        0.0000000000000000     

  0.33333333333333331        0.0000000000000000       0.86602540378443860     
  0.33333333333333331        3.3333333333333333E-002  0.50595472786046602     
  0.33333333333333331        6.6666666666666666E-002  0.23716828015205740     
  0.33333333333333331       0.10000000000000001        8.5868083044480431E-002
  0.33333333333333331       0.13333333333333333        2.2947254646985625E-002
  0.33333333333333331       0.16666666666666666        4.2387140232197354E-003
  0.33333333333333331       0.20000000000000001        4.8150175160504471E-004
  0.33333333333333331       0.23333333333333334        2.5281823954541986E-005
  0.33333333333333331       0.26666666666666666        0.0000000000000000     
  0.33333333333333331       0.29999999999999999        0.0000000000000000     
  0.33333333333333331       0.33333333333333331        0.0000000000000000     
  0.33333333333333331       0.36666666666666664        0.0000000000000000     
  0.33333333333333331       0.40000000000000002        0.0000000000000000     
  0.33333333333333331       0.43333333333333335        0.0000000000000000     
  0.33333333333333331       0.46666666666666667        0.0000000000000000     
  0.33333333333333331       0.50000000000000000        0.0000000000000000     
  0.33333333333333331       0.53333333333333333        0.0000000000000000     
  0.33333333333333331       0.56666666666666665        0.0000000000000000     
  0.33333333333333331       0.59999999999999998        0.0000000000000000     
  0.33333333333333331       0.63333333333333330        0.0000000000000000     
  0.33333333333333331       0.66666666666666663        0.0000000000000000     
  0.33333333333333331       0.69999999999999996        0.0000000000000000     
  0.33333333333333331       0.73333333333333328        0.0000000000000000     
  0.33333333333333331       0.76666666666666661        0.0000000000000000     
  0.33333333333333331       0.80000000000000004        0.0000000000000000     
  0.33333333333333331       0.83333333333333337        0.0000000000000000     
  0.33333333333333331       0.86666666666666670        0.0000000000000000     
  0.33333333333333331       0.90000000000000002        0.0000000000000000     
  0.33333333333333331       0.93333333333333335        0.0000000000000000     
  0.33333333333333331       0.96666666666666667        0.0000000000000000     
  0.33333333333333331        1.0000000000000000        0.0000000000000000     

  0.36666666666666664        0.0000000000000000       0.91354545764260087     
  0.36666666666666664        3.3333333333333333E-002  0.53371718819090874     
  0.36666666666666664        6.6666666666666666E-002  0.25018204325533788     
  0.36666666666666664       0.10000000000000001        9.0579787704805292E-002
  0.36666666666666664       0.13333333333333333        2.4206403364744424E-002
  0.36666666666666664       0.16666666666666666        4.4712983305536178E-003
  0.36666666666666664       0.20000000000000001        5.0792244211722104E-004
  0.36666666666666664       0.23333333333333334        2.6669073832781640E-005
  0.36666666666666664       0.26666666666666666        0.0000000000000000     
  0.36666666666666664       0.29999999999999999        0.0000000000000000     
  0.36666666666666664       0.33333333333333331        0.0000000000000000     
  0.36666666666666664       0.36666666666666664        0.0000000000000000     
  0.36666666666666664       0.40000000000000002        0.0000000000000000     
  0.36666666666666664       0.43333333333333335        0.0000000000000000     
  0.36666666666666664       0.46666666666666667        0.0000000000000000     
  0.36666666666666664       0.50000000000000000        0.0000000000000000     
  0.36666666666666664       0.53333333333333333        0.0000000000000000     
  0.36666666666666664       0.56666666666666665        0.0000000000000000     
  0.36666666666666664       0.59999999999999998        0.0000000000000000     
  0.36666666666666664       0.63333333333333330        0.0000000000000000     
  0.36666666666666664       0.66666666666666663        0.0000000000000000     
  0.36666666666666664       0.69999999999999996        0.0000000000000000     
  0.36666666666666664       0.73333333333333328        0.0000000000000000     
  0.36666666666666664       0.76666666666666661        0.0000000000000000     
  0.36666666666666664       0.80000000000000004        0.0000000000000000     
  0.36666666666666664       0.83333333333333337        0.0000000000000000     
  0.36666666666666664       0.86666666666666670        0.0000000000000000     
  0.36666666666666664       0.90000000000000002        0.0000000000000000     
  0.36666666666666664       0.93333333333333335        0.0000000000000000     
  0.36666666666666664       0.96666666666666667        0.0000000000000000     
  0.36666666666666664        1.0000000000000000        0.0000000000000000     

  0.40000000000000002        0.0000000000000000       0.95105651629515353     
  0.40000000000000002        3.3333333333333333E-002  0.55563213132003009     
  0.40000000000000002        6.6666666666666666E-002  0.26045475953875447     
  0.40000000000000002       0.10000000000000001        9.4299081255997119E-002
  0.40000000000000002       0.13333333333333333        2.5200341661723524E-002
  0.40000000000000002       0.16666666666666666        4.6548941576986264E-003
  0.40000000000000002       0.20000000000000001        5.2877822806395676E-004
  0.40000000000000002       0.23333333333333334        2.7764131757246854E-005
  0.40000000000000002       0.26666666666666666        0.0000000000000000     
  0.40000000000000002       0.29999999999999999        0.0000000000000000     
  0.40000000000000002       0.33333333333333331        0.0000000000000000     
  0.40000000000000002       0.36666666666666664        0.0000000000000000     
  0.40000000000000002       0.40000000000000002        0.0000000000000000     
  0.40000000000000002       0.43333333333333335        0.0000000000000000     
  0.40000000000000002       0.46666666666666667        0.0000000000000000     
  0.40000000000000002       0.50000000000000000        0.0000000000000000     
  0.40000000000000002       0.53333333333333333        0.0000000000000000     
  0.40000000000000002       0.56666666666666665        0.0000000000000000     
  0.40000000000000002       0.59999999999999998        0.0000000000000000     
  0.40000000000000002       0.63333333333333330        0.0000000000000000     
  0.40000000000000002       0.66666666666666663        0.0000000000000000     
  0.40000000000000002       0.69999999999999996        0.0000000000000000     
  0.40000000000000002       0.73333333333333328        0.0000000000000000     
  0.40000000000000002       0.76666666666666661        0.0000000000000000     
  0.40000000000000002       0.80000000000000004        0.0000000000000000     
  0.40000000000000002       0.83333333333333337        0.0000000000000000     
  0.40000000000000002       0.86666666666666670        0.0000000000000000     
  0.40000000000000002       0.90000000000000002        0.0000000000000000     
  0.40000000000000002       0.93333333333333335        0.0000000000000000     
  0.40000000000000002       0.96666666666666667        0.0000000000000000     
  0.40000000000000002        1.0000000000000000        0.0000000000000000     

  0.43333333333333335        0.0000000000000000       0.97814760073380569     
  0.43333333333333335        3.3333333333333333E-002  0.57145945254491060     
  0.43333333333333335        6.6666666666666666E-002  0.26787387897300213     
  0.43333333333333335       0.10000000000000001        9.6985214339596879E-002
  0.43333333333333335       0.13333333333333333        2.5918179741946257E-002
  0.43333333333333335       0.16666666666666666        4.7874899903526608E-003
  0.43333333333333335       0.20000000000000001        5.4384060909006568E-004
  0.43333333333333335       0.23333333333333334        2.8555000044161577E-005
  0.43333333333333335       0.26666666666666666        0.0000000000000000     
  0.43333333333333335       0.29999999999999999        0.0000000000000000     
  0.43333333333333335       0.33333333333333331        0.0000000000000000     
  0.43333333333333335       0.36666666666666664        0.0000000000000000     
  0.43333333333333335       0.40000000000000002        0.0000000000000000     
  0.43333333333333335       0.43333333333333335        0.0000000000000000     
  0.43333333333333335       0.46666666666666667        0.0000000000000000     
  0.43333333333333335       0.50000000000000000        0.0000000000000000     
  0.43333333333333335       0.53333333333333333        0.0000000000000000     
  0.43333333333333335       0.56666666666666665        0.0000000000000000     
  0.43333333333333335       0.59999999999999998        0.0000000000000000     
  0.43333333333333335       0.63333333333333330        0.0000000000000000     
  0.43333333333333335       0.66666666666666663        0.0000000000000000     
  0.43333333333333335       0.69999999999999996        0.0000000000000000     
  0.43333333333333335       0.73333333333333328        0.0000000000000000     
  0.43333333333333335       0.76666666666666661        0.0000000000000000     
  0.43333333333333335       0.80000000000000004        0.0000000000000000     
  0.43333333333333335       0.83333333333333337        0.0000000000000000     
  0.43333333333333335       0.86666666666666670        0.0000000000000000     
  0.43333333333333335       0.90000000000000002        0.0000000000000000     
  0.43333333333333335       0.93333333333333335        0.0000000000000000     
  0.43333333333333335       0.96666666666666667        0.0000000000000000     
  0.43333333333333335        1.0000000000000000        0.0000000000000000     

  0.46666666666666667        0.0000000000000000       0.99452189536827329     
  0.46666666666666667        3.3333333333333333E-002  0.58102574442213051     
  0.46666666666666667        6.6666666666666666E-002  0.27235811613300859     
  0.46666666666666667       0.10000000000000001        9.8608757119431123E-002
  0.46666666666666667       0.13333333333333333        2.6352052821188431E-002
  0.46666666666666667       0.16666666666666666        4.8676330808257035E-003
  0.46666666666666667       0.20000000000000001        5.5294455859702008E-004
  0.46666666666666667       0.23333333333333334        2.9033013775074548E-005
  0.46666666666666667       0.26666666666666666        0.0000000000000000     
  0.46666666666666667       0.29999999999999999        0.0000000000000000     
  0.46666666666666667       0.33333333333333331        0.0000000000000000     
  0.46666666666666667       0.36666666666666664        0.0000000000000000     
  0.46666666666666667       0.40000000000000002        0.0000000000000000     
  0.46666666666666667       0.43333333333333335        0.0000000000000000     
  0.46666666666666667       0.46666666666666667        0.0000000000000000     
  0.46666666666666667       0.50000000000000000        0.0000000000000000     
  0.46666666666666667       0.53333333333333333        0.0000000000000000     
  0.46666666666666667       0.56666666666666665        0.0000000000000000     
  0.46666666666666667       0.59999999999999998        0.0000000000000000     
  0.46666666666666667       0.63333333333333330        0.0000000000000000     
  0.46666666666666667       0.66666666666666663        0.0000000000000000     
  0.46666666666666667       0.69999999999999996        0.0000000000000000     
  0.46666666666666667       0.73333333333333328        0.0000000000000000     
  0.46666666666666667       0.76666666666666661        0.0000000000000000     
  0.46666666666666667       0.80000000000000004        0.0000000000000000     
  0.46666666666666667       0.83333333333333337        0.0000000000000000     
  0.46666666666666667       0.86666666666666670        0.0000000000000000     
  0.46666666666666667       0.90000000000000002        0.0000000000000000     
  0.46666666666666667       0.93333333333333335        0.0000000000000000     
  0.46666666666666667       0.96666666666666667        0.0000000000000000     
  0.46666666666666667        1.0000000000000000        0.0000000000000000     

  0.50000000000000000        0.0000000000000000        1.0000000000000000     
  0.50000000000000000        3.3333333333333333E-002  0.58422619665600783     
  0.50000000000000000        6.6666666666666666E-002  0.27385834077806187     
  0.50000000000000000       0.10000000000000001        9.9151921721055858E-002
  0.50000000000000000       0.13333333333333333        2.6497207295200088E-002
  0.50000000000000000       0.16666666666666666        4.8944453646475126E-003
  0.50000000000000000       0.20000000000000001        5.5599033180889776E-004
  0.50000000000000000       0.23333333333333334        2.9192935731519085E-005
  0.50000000000000000       0.26666666666666666        0.0000000000000000     
  0.50000000000000000       0.29999999999999999        0.0000000000000000     
  0.50000000000000000       0.33333333333333331        0.0000000000000000     
  0.50000000000000000       0.36666666666666664        0.0000000000000000     
  0.50000000000000000       0.40000000000000002        0.0000000000000000     
  0.50000000000000000       0.43333333333333335        0.0000000000000000     
  0.50000000000000000       0.46666666666666667        0.0000000000000000     
  0.50000000000000000       0.50000000000000000        0.0000000000000000     
  0.50000000000000000       0.53333333333333333        0.0000000000000000     
  0.50000000000000000       0.56666666666666665        0.0000000000000000     
  0.50000000000000000       0.59999999999999998        0.0000000000000000     
  0.50000000000000000       0.63333333333333330        0.0000000000000000     
  0.50000000000000000       0.66666666666666663        0.0000000000000000     
  0.50000000000000000       0.69999999999999996        0.0000000000000000     
  0.50000000000000000       0.73333333333333328        0.0000000000000000     
  0.50000000000000000       0.76666666666666661        0.0000000000000000     
  0.50000000000000000       0.80000000000000004        0.0000000000000000     
  0.50000000000000000       0.83333333333333337        0.0000000000000000     
  0.50000000000000000       0.86666666666666670        0.0000000000000000     
  0.50000000000000000       0.90000000000000002        0.0000000000000000     
  0.50000000000000000       0.93333333333333335        0.0000000000000000     
  0.50000000000000000       0.96666666666666667        0.0000000000000000     
  0.50000000000000000        1.0000000000000000        0.0000000000000000     

  0.53333333333333333        0.0000000000000000       0.99452189536827340     
  0.53333333333333333        3.3333333333333333E-002  0.58102574442213062     
  0.53333333333333333        6.6666666666666666E-002  0.27235811613300859     
  0.53333333333333333       0.10000000000000001        9.8608757119431123E-002
  0.53333333333333333       0.13333333333333333        2.6352052821188431E-002
  0.53333333333333333       0.16666666666666666        4.8676330808257035E-003
  0.53333333333333333       0.20000000000000001        5.5294455859702008E-004
  0.53333333333333333       0.23333333333333334        2.9033013775074548E-005
  0.53333333333333333       0.26666666666666666        0.0000000000000000     
  0.53333333333333333       0.29999999999999999        0.0000000000000000     
  0.53333333333333333       0.33333333333333331        0.0000000000000000     
  0.53333333333333333       0.36666666666666664        0.0000000000000000     
  0.53333333333333333       0.40000000000000002        0.0000000000000000     
  0.53333333333333333       0.43333333333333335        0.0000000000000000     
  0.53333333333333333       0.46666666666666667        0.0000000000000000     
  0.53333333333333333       0.50000000000000000        0.0000000000000000     
  0.53333333333333333       0.53333333333333333        0.0000000000000000     
  0.53333333333333333       0.56666666666666665        0.0000000000000000     
  0.53333333333333333       0.59999999999999998        0.0000000000000000     
  0.53333333333333333       0.63333333333333330        0.0000000000000000     
  0.53333333333333333       0.66666666666666663        0.0000000000000000     
  0.53333333333333333       0.69999999999999996        0.0000000000000000     
  0.53333333333333333       0.73333333333333328        0.0000000000000000     
  0.53333333333333333       0.76666666666666661        0.0000000000000000     
  0.53333333333333333       0.80000000000000004        0.0000000000000000     
  0.53333333333333333       0.83333333333333337        0.0000000000000000     
  0.53333333333333333       0.86666666666666670        0.0000000000000000     
  0.53333333333333333       0.90000000000000002        0.0000000000000000     
  0.53333333333333333       0.93333333333333335        0.0000000000000000     
  0.53333333333333333       0.96666666666666667        0.0000000000000000     
  0.53333333333333333        1.0000000000000000        0.0000000000000000     

  0.56666666666666665        0.0000000000000000       0.97814760073380569     
  0.56666666666666665        3.3333333333333333E-002  0.57145945254491060     
  0.56666666666666665        6.6666666666666666E-002  0.26787387897300213     
  0.56666666666666665       0.10000000000000001        9.6985214339596892E-002
  0.56666666666666665       0.13333333333333333        2.5918179741946261E-002
  0.56666666666666665       0.16666666666666666        4.7874899903526608E-003
  0.56666666666666665       0.20000000000000001        5.4384060909006568E-004
  0.56666666666666665       0.23333333333333334        2.8555000044161577E-005
  0.56666666666666665       0.26666666666666666        0.0000000000000000     
  0.56666666666666665       0.29999999999999999        0.0000000000000000     
  0.56666666666666665       0.33333333333333331        0.0000000000000000     
  0.56666666666666665       0.36666666666666664        0.0000000000000000     
  0.56666666666666665       0.40000000000000002        0.0000000000000000     
  0.56666666666666665       0.43333333333333335        0.0000000000000000     
  0.56666666666666665       0.46666666666666667        0.0000000000000000     
  0.56666666666666665       0.50000000000000000        0.0000000000000000     
  0.56666666666666665       0.53333333333333333        0.0000000000000000     
  0.56666666666666665       0.56666666666666665        0.0000000000000000     
  0.56666666666666665       0.59999999999999998        0.0000000000000000     
  0.56666666666666665       0.63333333333333330        0.0000000000000000     
  0.56666666666666665       0.66666666666666663        0.0000000000000000     
  0.56666666666666665       0.69999999999999996        0.0000000000000000     
  0.56666666666666665       0.73333333333333328        0.0000000000000000     
  0.56666666666666665       0.76666666666666661        0.0000000000000000     
  0.56666666666666665       0.80000000000000004        0.0000000000000000     
  0.56666666666666665       0.83333333333333337        0.0000000000000000     
  0.56666666666666665       0.86666666666666670        0.0000000000000000     
  0.56666666666666665       0.90000000000000002        0.0000000000000000     
  0.56666666666666665       0.93333333333333335        0.0000000000000000     
  0.56666666666666665       0.96666666666666667        0.0000000000000000     
  0.56666666666666665        1.0000000000000000        0.0000000000000000     

  0.59999999999999998        0.0000000000000000       0.95105651629515364     
  0.59999999999999998        3.3333333333333333E-002  0.55563213132003020     
  0.59999999999999998        6.6666666666666666E-002  0.26045475953875452     
  0.59999999999999998       0.10000000000000001        9.4299081255997147E-002
  0.59999999999999998       0.13333333333333333        2.5200341661723528E-002
  0.59999999999999998       0.16666666666666666        4.6548941576986256E-003
  0.59999999999999998       0.20000000000000001        5.2877822806395665E-004
  0.59999999999999998       0.23333333333333334        2.7764131757246854E-005
  0.59999999999999998       0.26666666666666666        0.0000000000000000     
  0.59999999999999998       0.29999999999999999        0.0000000000000000     
  0.59999999999999998       0.33333333333333331        0.0000000000000000     
  0.59999999999999998       0.36666666666666664        0.0000000000000000     
  0.59999999999999998       0.40000000000000002        0.0000000000000000     
  0.59999999999999998       0.43333333333333335        0.0000000000000000     
  0.59999999999999998       0.46666666666666667        0.0000000000000000     
  0.59999999999999998       0.50000000000000000        0.0000000000000000     
  0.59999999999999998       0.53333333333333333        0.0000000000000000     
  0.59999999999999998       0.56666666666666665        0.0000000000000000     
  0.59999999999999998       0.59999999999999998        0.0000000000000000     
  0.59999999999999998       0.63333333333333330        0.0000000000000000     
  0.59999999999999998       0.66666666666666663        0.0000000000000000     
  0.59999999999999998       0.69999999999999996        0.0000000000000000     
  0.59999999999999998       0.73333333333333328        0.0000000000000000     
  0.59999999999999998       0.76666666666666661        0.0000000000000000     
  0.59999999999999998       0.80000000000000004        0.0000000000000000     
  0.59999999999999998       0.83333333333333337        0.0000000000000000     
  0.59999999999999998       0.86666666666666670        0.0000000000000000     
  0.59999999999999998       0.90000000000000002        0.0000000000000000     
  0.59999999999999998       0.93333333333333335        0.0000000000000000     
  0.59999999999999998       0.96666666666666667        0.0000000000000000     
  0.59999999999999998        1.0000000000000000        0.0000000000000000     

  0.63333333333333330        0.0000000000000000       0.91354545764260098     
  0.63333333333333330        3.3333333333333333E-002  0.53371718819090896     
  0.63333333333333330        6.6666666666666666E-002  0.25018204325533788     
  0.63333333333333330       0.10000000000000001        9.0579787704805306E-002
  0.63333333333333330       0.13333333333333333        2.4206403364744427E-002
  0.63333333333333330       0.16666666666666666        4.4712983305536195E-003
  0.63333333333333330       0.20000000000000001        5.0792244211722104E-004
  0.63333333333333330       0.23333333333333334        2.6669073832781640E-005
  0.63333333333333330       0.26666666666666666        0.0000000000000000     
  0.63333333333333330       0.29999999999999999        0.0000000000000000     
  0.63333333333333330       0.33333333333333331        0.0000000000000000     
  0.63333333333333330       0.36666666666666664        0.0000000000000000     
  0.63333333333333330       0.40000000000000002        0.0000000000000000     
  0.63333333333333330       0.43333333333333335        0.0000000000000000     
  0.63333333333333330       0.46666666666666667        0.0000000000000000     
  0.63333333333333330       0.50000000000000000        0.0000000000000000     
  0.63333333333333330       0.53333333333333333        0.0000000000000000     
  0.63333333333333330       0.56666666666666665        0.0000000000000000     
  0.63333333333333330       0.59999999999999998        0.0000000000000000     
  0.63333333333333330       0.63333333333333330        0.0000000000000000     
  0.63333333333333330       0.66666666666666663        0.0000000000000000     
  0.63333333333333330       0.69999999999999996        0.0000000000000000     
  0.63333333333333330       0.73333333333333328        0.0000000000000000     
  0.63333333333333330       0.76666666666666661        0.0000000000000000     
  0.63333333333333330       0.80000000000000004        0.0000000000000000     
  0.63333333333333330       0.83333333333333337        0.0000000000000000     
  0.63333333333333330       0.86666666666666670        0.0000000000000000     
  0.63333333333333330       0.90000000000000002        0.0000000000000000     
  0.63333333333333330       0.93333333333333335        0.0000000000000000     
  0.63333333333333330       0.96666666666666667        0.0000000000000000     
  0.63333333333333330        1.0000000000000000        0.0000000000000000     

  0.66666666666666663        0.0000000000000000       0.86602540378443871     
  0.66666666666666663        3.3333333333333333E-002  0.50595472786046614     
  0.66666666666666663        6.6666666666666666E-002  0.23716828015205743     
  0.66666666666666663       0.10000000000000001        8.5868083044480445E-002
  0.66666666666666663       0.13333333333333333        2.2947254646985639E-002
  0.66666666666666663       0.16666666666666666        4.2387140232197362E-003
  0.66666666666666663       0.20000000000000001        4.8150175160504465E-004
  0.66666666666666663       0.23333333333333334        2.5281823954541986E-005
  0.66666666666666663       0.26666666666666666        0.0000000000000000     
  0.66666666666666663       0.29999999999999999        0.0000000000000000     
  0.66666666666666663       0.33333333333333331        0.0000000000000000     
  0.66666666666666663       0.36666666666666664        0.0000000000000000     
  0.66666666666666663       0.40000000000000002        0.0000000000000000     
  0.66666666666666663       0.43333333333333335        0.0000000000000000     
  0.66666666666666663       0.46666666666666667        0.0000000000000000     
  0.66666666666666663       0.50000000000000000        0.0000000000000000     
  0.66666666666666663       0.53333333333333333        0.0000000000000000     
  0.66666666666666663       0.56666666666666665        0.0000000000000000     
  0.66666666666666663       0.59999999999999998        0.0000000000000000     
  0.66666666666666663       0.63333333333333330        0.0000000000000000     
  0.66666666666666663       0.66666666666666663        0.0000000000000000     
  0.66666666666666663       0.69999999999999996        0.0000000000000000     
  0.66666666666666663       0.73333333333333328        0.0000000000000000     
  0.66666666666666663       0.76666666666666661        0.0000000000000000     
  0.66666666666666663       0.80000000000000004        0.0000000000000000     
  0.66666666666666663       0.83333333333333337        0.0000000000000000     
  0.66666666666666663       0.86666666666666670        0.0000000000000000     
  0.66666666666666663       0.90000000000000002        0.0000000000000000     
  0.66666666666666663       0.93333333333333335        0.0000000000000000     
  0.66666666666666663       0.96666666666666667        0.0000000000000000     
  0.66666666666666663        1.0000000000000000        0.0000000000000000     

  0.69999999999999996        0.0000000000000000       0.80901699437494745     
  0.69999999999999996        3.3333333333333333E-002  0.47264892165375044     
  0.69999999999999996        6.6666666666666666E-002  0.22155605174077772     
  0.69999999999999996       0.10000000000000001        8.0215589697268663E-002
  0.69999999999999996       0.13333333333333333        2.1436691005292705E-002
  0.69999999999999996       0.16666666666666666        3.9596894780395244E-003
  0.69999999999999996       0.20000000000000001        4.4980562714156427E-004
  0.69999999999999996       0.23333333333333334        2.3617581122494581E-005
  0.69999999999999996       0.26666666666666666        0.0000000000000000     
  0.69999999999999996       0.29999999999999999        0.0000000000000000     
  0.69999999999999996       0.33333333333333331        0.0000000000000000     
  0.69999999999999996       0.36666666666666664        0.0000000000000000     
  0.69999999999999996       0.40000000000000002        0.0000000000000000     
  0.69999999999999996       0.43333333333333335        0.0000000000000000     
  0.69999999999999996       0.46666666666666667        0.0000000000000000     
  0.69999999999999996       0.50000000000000000        0.0000000000000000     
  0.69999999999999996       0.53333333333333333        0.0000000000000000     
  0.69999999999999996       0.56666666666666665        0.0000000000000000     
  0.69999999999999996       0.59999999999999998        0.0000000000000000     
  0.69999999999999996       0.63333333333333330        0.0000000000000000     
  0.69999999999999996       0.66666666666666663        0.0000000000000000     
  0.69999999999999996       0.69999999999999996        0.0000000000000000     
  0.69999999999999996       0.73333333333333328        0.0000000000000000     
  0.69999999999999996       0.76666666666666661        0.0000000000000000     
  0.69999999999999996       0.80000000000000004        0.0000000000000000     
  0.69999999999999996       0.83333333333333337        0.0000000000000000     
  0.69999999999999996       0.86666666666666670        0.0000000000000000     
  0.69999999999999996       0.90000000000000002        0.0000000000000000     
  0.69999999999999996       0.93333333333333335        0.0000000000000000     
  0.69999999999999996       0.96666666666666667        0.0000000000000000     
  0.69999999999999996        1.0000000000000000        0.0000000000000000     

  0.73333333333333328        0.0000000000000000       0.74314482547739447     
  0.73333333333333328        3.3333333333333333E-002  0.43416467495325084     
  0.73333333333333328        6.6666666666666666E-002  0.20351640886304156     
  0.73333333333333328       0.10000000000000001        7.3684237563142296E-002
  0.73333333333333328       0.13333333333333333        1.9691262491029808E-002
  0.73333333333333328       0.16666666666666666        3.6372817463196172E-003
  0.73333333333333328       0.20000000000000001        4.1318133809924179E-004
  0.73333333333333328       0.23333333333333334        2.1694579129372546E-005
  0.73333333333333328       0.26666666666666666        0.0000000000000000     
  0.73333333333333328       0.29999999999999999        0.0000000000000000     
  0.73333333333333328       0.33333333333333331        0.0000000000000000     
  0.73333333333333328       0.36666666666666664        0.0000000000000000     
  0.73333333333333328       0.40000000000000002        0.0000000000000000     
  0.73333333333333328       0.43333333333333335        0.0000000000000000     
  0.73333333333333328       0.46666666666666667        0.0000000000000000     
  0.73333333333333328       0.50000000000000000        0.0000000000000000     
  0.73333333333333328       0.53333333333333333        0.0000000000000000     
  0.73333333333333328       0.56666666666666665        0.0000000000000000     
  0.73333333333333328       0.59999999999999998        0.0000000000000000     
  0.73333333333333328       0.63333333333333330        0.0000000000000000     
  0.73333333333333328       0.66666666666666663        0.0000000000000000     
  0.73333333333333328       0.69999999999999996        0.0000000000000000     
  0.73333333333333328       0.73333333333333328        0.0000000000000000     
  0.73333333333333328       0.76666666666666661        0.0000000000000000     
  0.73333333333333328       0.80000000000000004        0.0000000000000000     
  0.73333333333333328       0.83333333333333337        0.0000000000000000     
  0.73333333333333328       0.86666666666666670        0.0000000000000000     
  0.73333333333333328       0.90000000000000002        0.0000000000000000     
  0.73333333333333328       0.93333333333333335        0.0000000000000000     
  0.73333333333333328       0.96666666666666667        0.0000000000000000     
  0.73333333333333328        1.0000000000000000        0.0000000000000000     

  0.76666666666666661        0.0000000000000000       0.66913060635885835     
  0.76666666666666661        3.3333333333333333E-002  0.39092362921916418     
  0.76666666666666661        6.6666666666666666E-002  0.18324699762125538     
  0.76666666666666661       0.10000000000000001        6.6345585502856158E-002
  0.76666666666666661       0.13333333333333333        1.7730092384253597E-002
  0.76666666666666661       0.16666666666666666        3.2750231946368931E-003
  0.76666666666666661       0.20000000000000001        3.7203014785295056E-004
  0.76666666666666661       0.23333333333333334        1.9533886787426549E-005
  0.76666666666666661       0.26666666666666666        0.0000000000000000     
  0.76666666666666661       0.29999999999999999        0.0000000000000000     
  0.76666666666666661       0.33333333333333331        0.0000000000000000     
  0.76666666666666661       0.36666666666666664        0.0000000000000000     
  0.76666666666666661       0.40000000000000002        0.0000000000000000     
  0.76666666666666661       0.43333333333333335        0.0000000000000000     
  0.76666666666666661       0.46666666666666667        0.0000000000000000     
  0.76666666666666661       0.50000000000000000        0.0000000000000000     
  0.76666666666666661       0.53333333333333333        0.0000000000000000     
  0.76666666666666661       0.56666666666666665        0.0000000000000000     
  0.76666666666666661       0.59999999999999998        0.0000000000000000     
  0.76666666666666661       0.63333333333333330        0.0000000000000000     
  0.76666666666666661       0.66666666666666663        0.0000000000000000     
  0.76666666666666661       0.69999999999999996        0.0000000000000000     
  0.76666666666666661       0.73333333333333328        0.0000000000000000     
  0.76666666666666661       0.76666666666666661        0.0000000000000000     
  0.76666666666666661       0.80000000000000004        0.0000000000000000     
  0.76666666666666661       0.83333333333333337        0.0000000000000000     
  0.76666666666666661       0.86666666666666670        0.0000000000000000     
  0.76666666666666661       0.90000000000000002        0.0000000000000000     
  0.76666666666666661       0.93333333333333335        0.0000000000000000     
  0.76666666666666661       0.96666666666666667        0.0000000000000000     
  0.76666666666666661        1.0000000000000000        0.0000000000000000     

  0.80000000000000004        0.0000000000000000       0.58778525229247325     
  0.80000000000000004        3.3333333333333333E-002  0.34339954239732362     
  0.80000000000000004        6.6666666666666666E-002  0.16096989392663119     
  0.80000000000000004       0.10000000000000001        5.8280037324094362E-002
  0.80000000000000004       0.13333333333333333        1.5574667675055144E-002
  0.80000000000000004       0.16666666666666666        2.8768828034910644E-003
  0.80000000000000004       0.20000000000000001        3.2680291745446885E-004
  0.80000000000000004       0.23333333333333334        1.7159177094108905E-005
  0.80000000000000004       0.26666666666666666        0.0000000000000000     
  0.80000000000000004       0.29999999999999999        0.0000000000000000     
  0.80000000000000004       0.33333333333333331        0.0000000000000000     
  0.80000000000000004       0.36666666666666664        0.0000000000000000     
  0.80000000000000004       0.40000000000000002        0.0000000000000000     
  0.80000000000000004       0.43333333333333335        0.0000000000000000     
  0.80000000000000004       0.46666666666666667        0.0000000000000000     
  0.80000000000000004       0.50000000000000000        0.0000000000000000     
  0.80000000000000004       0.53333333333333333        0.0000000000000000     
  0.80000000000000004       0.56666666666666665        0.0000000000000000     
  0.80000000000000004       0.59999999999999998        0.0000000000000000     
  0.80000000000000004       0.63333333333333330        0.0000000000000000     
  0.80000000000000004       0.66666666666666663        0.0000000000000000     
  0.80000000000000004       0.69999999999999996        0.0000000000000000     
  0.80000000000000004       0.73333333333333328        0.0000000000000000     
  0.80000000000000004       0.76666666666666661        0.0000000000000000     
  0.80000000000000004       0.80000000000000004        0.0000000000000000     
  0.80000000000000004       0.83333333333333337        0.0000000000000000     
  0.80000000000000004       0.86666666666666670        0.0000000000000000     
  0.80000000000000004       0.90000000000000002        0.0000000000000000     
  0.80000000000000004       0.93333333333333335        0.0000000000000000     
  0.80000000000000004       0.96666666666666667        0.0000000000000000     
  0.80000000000000004        1.0000000000000000        0.0000000000000000     

  0.83333333333333337        0.0000000000000000       0.49999999999999994     
  0.83333333333333337        3.3333333333333333E-002  0.29211309832800392     
  0.83333333333333337        6.6666666666666666E-002  0.13692917038903094     
  0.83333333333333337       0.10000000000000001        4.9575960860527922E-002
  0.83333333333333337       0.13333333333333333        1.3248603647600044E-002
  0.83333333333333337       0.16666666666666666        2.4472226823237563E-003
  0.83333333333333337       0.20000000000000001        2.7799516590444888E-004
  0.83333333333333337       0.23333333333333334        1.4596467865759539E-005
  0.83333333333333337       0.26666666666666666        0.0000000000000000     
  0.83333333333333337       0.29999999999999999        0.0000000000000000     
  0.83333333333333337       0.33333333333333331        0.0000000000000000     
  0.83333333333333337       0.36666666666666664        0.0000000000000000     
  0.83333333333333337       0.40000000000000002        0.0000000000000000     
  0.83333333333333337       0.43333333333333335        0.0000000000000000     
  0.83333333333333337       0.46666666666666667        0.0000000000000000     
  0.83333333333333337       0.50000000000000000        0.0000000000000000     
  0.83333333333333337       0.53333333333333333        0.0000000000000000     
  0.83333333333333337       0.56666666666666665        0.0000000000000000     
  0.83333333333333337       0.59999999999999998        0.0000000000000000     
  0.83333333333333337       0.63333333333333330        0.0000000000000000     
  0.83333333333333337       0.66666666666666663        0.0000000000000000     
  0.83333333333333337       0.69999999999999996        0.0000000000000000     
  0.83333333333333337       0.73333333333333328        0.0000000000000000     
  0.83333333333333337       0.76666666666666661        0.0000000000000000     
  0.83333333333333337       0.80000000000000004        0.0000000000000000     
  0.83333333333333337       0.83333333333333337        0.0000000000000000     
  0.83333333333333337       0.86666666666666670        0.0000000000000000     
  0.83333333333333337       0.90000000000000002        0.0000000000000000     
  0.83333333333333337       0.93333333333333335        0.0000000000000000     
  0.83333333333333337       0.96666666666666667        0.0000000000000000     
  0.83333333333333337        1.0000000000000000        0.0000000000000000     

  0.86666666666666670        0.0000000000000000       0.40673664307580004     
  0.86666666666666670        3.3333333333333333E-002  0.23762620202480689     
  0.86666666666666670        6.6666666666666666E-002  0.11138822220637740     
  0.86666666666666670       0.10000000000000001        4.0328719795336761E-002
  0.86666666666666670       0.13333333333333333        1.0777385146133286E-002
  0.86666666666666670       0.16666666666666666        1.9907502773346400E-003
  0.86666666666666670       0.20000000000000001        2.2614164114255134E-004
  0.86666666666666670       0.23333333333333334        1.1873836680965646E-005
  0.86666666666666670       0.26666666666666666        0.0000000000000000     
  0.86666666666666670       0.29999999999999999        0.0000000000000000     
  0.86666666666666670       0.33333333333333331        0.0000000000000000     
  0.86666666666666670       0.36666666666666664        0.0000000000000000     
  0.86666666666666670       0.40000000000000002        0.0000000000000000     
  0.86666666666666670       0.43333333333333335        0.0000000000000000     
  0.86666666666666670       0.46666666666666667        0.0000000000000000     
  0.86666666666666670       0.50000000000000000        0.0000000000000000     
  0.86666666666666670       0.53333333333333333        0.0000000000000000     
  0.86666666666666670       0.56666666666666665        0.0000000000000000     
  0.86666666666666670       0.59999999999999998        0.0000000000000000     
  0.86666666666666670       0.63333333333333330        0.0000000000000000     
  0.86666666666666670       0.66666666666666663        0.0000000000000000     
  0.86666666666666670       0.69999999999999996        0.0000000000000000     
  0.86666666666666670       0.73333333333333328        0.0000000000000000     
  0.86666666666666670       0.76666666666666661        0.0000000000000000     
  0.86666666666666670       0.80000000000000004        0.0000000000000000     
  0.86666666666666670       0.83333333333333337        0.0000000000000000     
  0.86666666666666670       0.86666666666666670        0.0000000000000000     
  0.86666666666666670       0.90000000000000002        0.0000000000000000     
  0.86666666666666670       0.93333333333333335        0.0000000000000000     
  0.86666666666666670       0.96666666666666667        0.0000000000000000     
  0.86666666666666670        1.0000000000000000        0.0000000000000000     

  0.90000000000000002        0.0000000000000000       0.30901699437494751     
  0.90000000000000002        3.3333333333333333E-002  0.18053582332574653     
  0.90000000000000002        6.6666666666666666E-002   8.4626881351746772E-002
  0.90000000000000002       0.10000000000000001        3.0639628836740738E-002
  0.90000000000000002       0.13333333333333333        8.1880873576926621E-003
  0.90000000000000002       0.16666666666666666        1.5124667957157681E-003
  0.90000000000000002       0.20000000000000001        1.7181046123711528E-004
  0.90000000000000002       0.23333333333333334        9.0211132567350337E-006
  0.90000000000000002       0.26666666666666666        0.0000000000000000     
  0.90000000000000002       0.29999999999999999        0.0000000000000000     
  0.90000000000000002       0.33333333333333331        0.0000000000000000     
  0.90000000000000002       0.36666666666666664        0.0000000000000000     
  0.90000000000000002       0.40000000000000002        0.0000000000000000     
  0.90000000000000002       0.43333333333333335        0.0000000000000000     
  0.90000000000000002       0.46666666666666667        0.0000000000000000     
  0.90000000000000002       0.50000000000000000        0.0000000000000000     
  0.90000000000000002       0.53333333333333333        0.0000000000000000     
  0.90000000000000002       0.56666666666666665        0.0000000000000000     
  0.90000000000000002       0.59999999999999998        0.0000000000000000     
  0.90000000000000002       0.63333333333333330        0.0000000000000000     
  0.90000000000000002       0.66666666666666663        0.0000000000000000     
  0.90000000000000002       0.69999999999999996        0.0000000000000000     
  0.90000000000000002       0.73333333333333328        0.0000000000000000     
  0.90000000000000002       0.76666666666666661        0.0000000000000000     
  0.90000000000000002       0.80000000000000004        0.0000000000000000     
  0.90000000000000002       0.83333333333333337        0.0000000000000000     
  0.90000000000000002       0.86666666666666670        0.0000000000000000     
  0.90000000000000002       0.90000000000000002        0.0000000000000000     
  0.90000000000000002       0.93333333333333335        0.0000000000000000     
  0.90000000000000002       0.96666666666666667        0.0000000000000000     
  0.90000000000000002        1.0000000000000000        0.0000000000000000     

  0.93333333333333335        0.0000000000000000       0.20791169081775931     
  0.93333333333333335        3.3333333333333333E-002  0.12146745636677939     
  0.93333333333333335        6.6666666666666666E-002   5.6938350675712977E-002
  0.93333333333333335       0.10000000000000001        2.0614843692854840E-002
  0.93333333333333335       0.13333333333333333        5.5090791706937188E-003
  0.93333333333333335       0.16666666666666666        1.0176124113790092E-003
  0.93333333333333335       0.20000000000000001        1.1559688996471500E-004
  0.93333333333333335       0.23333333333333334        6.0695526278743138E-006
  0.93333333333333335       0.26666666666666666        0.0000000000000000     
  0.93333333333333335       0.29999999999999999        0.0000000000000000     
  0.93333333333333335       0.33333333333333331        0.0000000000000000     
  0.93333333333333335       0.36666666666666664        0.0000000000000000     
  0.93333333333333335       0.40000000000000002        0.0000000000000000     
  0.93333333333333335       0.43333333333333335        0.0000000000000000     
  0.93333333333333335       0.46666666666666667        0.0000000000000000     
  0.93333333333333335       0.50000000000000000        0.0000000000000000     
  0.93333333333333335       0.53333333333333333        0.0000000000000000     
  0.93333333333333335       0.56666666666666665        0.0000000000000000     
  0.93333333333333335       0.59999999999999998        0.0000000000000000     
  0.93333333333333335       0.63333333333333330        0.0000000000000000     
  0.93333333333333335       0.66666666666666663        0.0000000000000000     
  0.93333333333333335       0.69999999999999996        0.0000000000000000     
  0.93333333333333335       0.73333333333333328        0.0000000000000000     
  0.93333333333333335       0.76666666666666661        0.0000000000000000     
  0.93333333333333335       0.80000000000000004        0.0000000000000000     
  0.93333333333333335       0.83333333333333337        0.0000000000000000     
  0.93333333333333335       0.86666666666666670        0.0000000000000000     
  0.93333333333333335       0.90000000000000002        0.0000000000000000     
  0.93333333333333335       0.93333333333333335        0.0000000000000000     
  0.93333333333333335       0.96666666666666667        0.0000000000000000     
  0.93333333333333335        1.0000000000000000        0.0000000000000000     

  0.96666666666666667        0.0000000000000000       0.10452846326765373     
  0.96666666666666667        3.3333333333333333E-002   6.1068266537158480E-002
  0.96666666666666667        6.6666666666666666E-002   2.8625991514560186E-002
  0.96666666666666667       0.10000000000000001        1.0364198007536645E-002
  0.96666666666666667       0.13333333333333333        2.7697123594517242E-003
  0.96666666666666667       0.16666666666666666        5.1160885251409468E-004
  0.96666666666666667       0.20000000000000001        5.8116814975656869E-005
  0.96666666666666667       0.23333333333333334        3.0514927102870683E-006
  0.96666666666666667       0.26666666666666666        0.0000000000000000     
  0.96666666666666667       0.29999999999999999        0.0000000000000000     
  0.96666666666666667       0.33333333333333331        0.0000000000000000     
  0.96666666666666667       0.36666666666666664        0.0000000000000000     
  0.96666666666666667       0.40000000000000002        0.0000000000000000     
  0.96666666666666667       0.43333333333333335        0.0000000000000000     
  0.96666666666666667       0.46666666666666667        0.0000000000000000     
  0.96666666666666667       0.50000000000000000        0.0000000000000000     
  0.96666666666666667       0.53333333333333333        0.0000000000000000     
  0.96666666666666667       0.56666666666666665        0.0000000000000000     
  0.96666666666666667       0.59999999999999998        0.0000000000000000     
  0.96666666666666667       0.63333333333333330        0.0000000000000000     
  0.96666666666666667       0.66666666666666663        0.0000000000000000     
  0.96666666666666667       0.69999999999999996        0.0000000000000000     
  0.96666666666666667       0.73333333333333328        0.0000000000000000     
  0.96666666666666667       0.76666666666666661        0.0000000000000000     
  0.96666666666666667       0.80000000000000004        0.0000000000000000     
  0.96666666666666667       0.83333333333333337        0.0000000000000000     
  0.96666666666666667       0.86666666666666670        0.0000000000000000     
  0.96666666666666667       0.90000000000000002        0.0000000000000000     
  0.96666666666666667       0.93333333333333335        0.0000000000000000     
  0.96666666666666667       0.96666666666666667        0.0000000000000000     
  0.96666666666666667        1.0000000000000000        0.0000000000000000     

   1.0000000000000000        0.0000000000000000        1.2246467991473532E-016
   1.0000000000000000        3.3333333333333333E-002   0.0000000000000000     
   1.0000000000000000        6.6666666666666666E-002   0.0000000000000000     
   1.0000000000000000       0.10000000000000001        0.0000000000000000     
   1.0000000000000000       0.13333333333333333        0.0000000000000000     
   1.0000000000000000       0.16666666666666666        0.0000000000000000     
   1.0000000000000000       0.20000000000000001        0.0000000000000000     
   1.0000000000000000       0.23333333333333334        0.0000000000000000     
   1.0000000000000000       0.26666666666666666        0.0000000000000000     
   1.0000000000000000       0.29999999999999999        0.0000000000000000     
   1.0000000000000000       0.33333333333333331        0.0000000000000000     
   1.0000000000000000       0.36666666666666664        0.0000000000000000     
   1.0000000000000000       0.40000000000000002        0.0000000000000000     
   1.0000000000000000       0.43333333333333335        0.0000000000000000     
   1.0000000000000000       0.46666666666666667        0.0000000000000000     
   1.0000000000000000       0.50000000000000000        0.0000000000000000     
   1.0000000000000000       0.53333333333333333        0.0000000000000000     
   1.0000000000000000       0.56666666666666665        0.0000000000000000     
   1.0000000000000000       0.59999999999999998        0.0000000000000000     
   1.0000000000000000       0.63333333333333330        0.0000000000000000     
   1.0000000000000000       0.66666666666666663        0.0000000000000000     
   1.0000000000000000       0.69999999999999996        0.0000000000000000     
   1.0000000000000000       0.73333333333333328        0.0000000000000000     
   1.0000000000000000       0.76666666666666661        0.0000000000000000     
   1.0000000000000000       0.80000000000000004        0.0000000000000000     
   1.0000000000000000       0.83333333333333337        0.0000000000000000     
   1.0000000000000000       0.86666666666666670        0.0000000000000000     
   1.0000000000000000       0.90000000000000002        0.0000000000000000     
   1.0000000000000000       0.93333333333333335        0.0000000000000000     
   1.0000000000000000       0.96666666666666667        0.0000000000000000     
   1.0000000000000000        1.0000000000000000        0.0000000000000000     

