   0.0000000000000000        0.0000000000000000        0.0000000000000000     
   0.0000000000000000        3.3333333333333333E-002   0.0000000000000000     
   0.0000000000000000        6.6666666666666666E-002   0.0000000000000000     
   0.0000000000000000       0.10000000000000001        0.0000000000000000     
   0.0000000000000000       0.13333333333333333        0.0000000000000000     
   0.0000000000000000       0.16666666666666666        0.0000000000000000     
   0.0000000000000000       0.20000000000000001        0.0000000000000000     
   0.0000000000000000       0.23333333333333334        0.0000000000000000     
   0.0000000000000000       0.26666666666666666        0.0000000000000000     
   0.0000000000000000       0.29999999999999999        0.0000000000000000     
   0.0000000000000000       0.33333333333333331        0.0000000000000000     
   0.0000000000000000       0.36666666666666664        0.0000000000000000     
   0.0000000000000000       0.40000000000000002        0.0000000000000000     
   0.0000000000000000       0.43333333333333335        0.0000000000000000     
   0.0000000000000000       0.46666666666666667        0.0000000000000000     
   0.0000000000000000       0.50000000000000000        0.0000000000000000     
   0.0000000000000000       0.53333333333333333        0.0000000000000000     
   0.0000000000000000       0.56666666666666665        0.0000000000000000     
   0.0000000000000000       0.59999999999999998        0.0000000000000000     
   0.0000000000000000       0.63333333333333330        0.0000000000000000     
   0.0000000000000000       0.66666666666666663        0.0000000000000000     
   0.0000000000000000       0.69999999999999996        0.0000000000000000     
   0.0000000000000000       0.73333333333333328        0.0000000000000000     
   0.0000000000000000       0.76666666666666661        0.0000000000000000     
   0.0000000000000000       0.80000000000000004        0.0000000000000000     
   0.0000000000000000       0.83333333333333337        0.0000000000000000     
   0.0000000000000000       0.86666666666666670        0.0000000000000000     
   0.0000000000000000       0.90000000000000002        0.0000000000000000     
   0.0000000000000000       0.93333333333333335        0.0000000000000000     
   0.0000000000000000       0.96666666666666667        0.0000000000000000     
   0.0000000000000000        1.0000000000000000        0.0000000000000000     

   3.3333333333333333E-002   0.0000000000000000       0.10452846326765346     
   3.3333333333333333E-002   3.3333333333333333E-002   7.8839407666046399E-002
   3.3333333333333333E-002   6.6666666666666666E-002   5.5993196804242147E-002
   3.3333333333333333E-002  0.10000000000000001        3.7232221442872138E-002
   3.3333333333333333E-002  0.13333333333333333        2.3062995437054631E-002
   3.3333333333333333E-002  0.16666666666666666        1.3249070062109944E-002
   3.3333333333333333E-002  0.20000000000000001        7.0299234395605290E-003
   3.3333333333333333E-002  0.23333333333333334        3.4318243756810097E-003
   3.3333333333333333E-002  0.26666666666666666        1.5354918130263758E-003
   3.3333333333333333E-002  0.29999999999999999        6.2721959380036081E-004
   3.3333333333333333E-002  0.33333333333333331        2.3294068467072881E-004
   3.3333333333333333E-002  0.36666666666666664        7.8301132613579075E-005
   3.3333333333333333E-002  0.40000000000000002        2.3702858450154669E-005
   3.3333333333333333E-002  0.43333333333333335        6.4245630817647103E-006
   3.3333333333333333E-002  0.46666666666666667        1.5487475097706026E-006
   3.3333333333333333E-002  0.50000000000000000        3.2941458121652992E-007
   3.3333333333333333E-002  0.53333333333333333        6.1223627172275903E-008
   3.3333333333333333E-002  0.56666666666666665        9.8238483097346507E-009
   3.3333333333333333E-002  0.59999999999999998        1.3401963084620734E-009
   3.3333333333333333E-002  0.63333333333333330        1.5233815871411632E-010
   3.3333333333333333E-002  0.66666666666666663        1.4033203725635209E-011
   3.3333333333333333E-002  0.69999999999999996        1.0061797777699624E-012
   3.3333333333333333E-002  0.73333333333333328        5.2665850848320059E-014
   3.3333333333333333E-002  0.76666666666666661        1.7896079248370544E-015
   3.3333333333333333E-002  0.80000000000000004        2.9622076240130651E-017
   3.3333333333333333E-002  0.83333333333333337        0.0000000000000000     
   3.3333333333333333E-002  0.86666666666666670        0.0000000000000000     
   3.3333333333333333E-002  0.90000000000000002        0.0000000000000000     
   3.3333333333333333E-002  0.93333333333333335        0.0000000000000000     
   3.3333333333333333E-002  0.96666666666666667        0.0000000000000000     
   3.3333333333333333E-002   1.0000000000000000        0.0000000000000000     

   6.6666666666666666E-002   0.0000000000000000       0.20791169081775931     
   6.6666666666666666E-002   3.3333333333333333E-002  0.15681503428349688     
   6.6666666666666666E-002   6.6666666666666666E-002  0.11137292042696730     
   6.6666666666666666E-002  0.10000000000000001        7.4056518876272931E-002
   6.6666666666666666E-002  0.13333333333333333        4.5873307869858819E-002
   6.6666666666666666E-002  0.16666666666666666        2.6352980540073262E-002
   6.6666666666666666E-002  0.20000000000000001        1.3982825566811179E-002
   6.6666666666666666E-002  0.23333333333333334        6.8260489653466398E-003
   6.6666666666666666E-002  0.26666666666666666        3.0541604564269151E-003
   6.6666666666666666E-002  0.29999999999999999        1.2475672384769066E-003
   6.6666666666666666E-002  0.33333333333333331        4.6332922245423305E-004
   6.6666666666666666E-002  0.36666666666666664        1.5574438163267834E-004
   6.6666666666666666E-002  0.40000000000000002        4.7146023422987432E-005
   6.6666666666666666E-002  0.43333333333333335        1.2778737305979347E-005
   6.6666666666666666E-002  0.46666666666666667        3.0805266177279061E-006
   6.6666666666666666E-002  0.50000000000000000        6.5522002734681870E-007
   6.6666666666666666E-002  0.53333333333333333        1.2177647547338469E-007
   6.6666666666666666E-002  0.56666666666666665        1.9540064481615425E-008
   6.6666666666666666E-002  0.59999999999999998        2.6657091457145291E-009
   6.6666666666666666E-002  0.63333333333333330        3.0300726868255162E-010
   6.6666666666666666E-002  0.66666666666666663        2.7912656734615689E-011
   6.6666666666666666E-002  0.69999999999999996        2.0013356393380227E-012
   6.6666666666666666E-002  0.73333333333333328        1.0475468361370807E-013
   6.6666666666666666E-002  0.76666666666666661        3.5596085307500613E-015
   6.6666666666666666E-002  0.80000000000000004        5.8919606814156453E-017
   6.6666666666666666E-002  0.83333333333333337        0.0000000000000000     
   6.6666666666666666E-002  0.86666666666666670        0.0000000000000000     
   6.6666666666666666E-002  0.90000000000000002        0.0000000000000000     
   6.6666666666666666E-002  0.93333333333333335        0.0000000000000000     
   6.6666666666666666E-002  0.96666666666666667        0.0000000000000000     
   6.6666666666666666E-002   1.0000000000000000        0.0000000000000000     

  0.10000000000000001        0.0000000000000000       0.30901699437494740     
  0.10000000000000001        3.3333333333333333E-002  0.23307256256968176     
  0.10000000000000001        6.6666666666666666E-002  0.16553241902721264     
  0.10000000000000001       0.10000000000000001       0.11006943759154238     
  0.10000000000000001       0.13333333333333333        6.8181022742034025E-002
  0.10000000000000001       0.16666666666666666        3.9168162248523819E-002
  0.10000000000000001       0.20000000000000001        2.0782528931057479E-002
  0.10000000000000001       0.23333333333333334        1.0145485934105351E-002
  0.10000000000000001       0.26666666666666666        4.5393670787426772E-003
  0.10000000000000001       0.29999999999999999        1.8542462754184709E-003
  0.10000000000000001       0.33333333333333331        6.8864142831865554E-004
  0.10000000000000001       0.36666666666666664        2.3148126261500287E-004
  0.10000000000000001       0.40000000000000002        7.0072646697258274E-005
  0.10000000000000001       0.43333333333333335        1.8992905010146980E-005
  0.10000000000000001       0.46666666666666667        4.5785548314197453E-006
  0.10000000000000001       0.50000000000000000        9.7384674574389012E-007
  0.10000000000000001       0.53333333333333333        1.8099511522584128E-007
  0.10000000000000001       0.56666666666666665        2.9042195618014259E-008
  0.10000000000000001       0.59999999999999998        3.9620159157310341E-009
  0.10000000000000001       0.63333333333333330        4.5035656760695336E-010
  0.10000000000000001       0.66666666666666663        4.1486292835312769E-011
  0.10000000000000001       0.69999999999999996        2.9745644488350873E-012
  0.10000000000000001       0.73333333333333328        1.5569580214409747E-013
  0.10000000000000001       0.76666666666666661        5.2906093207041959E-015
  0.10000000000000001       0.80000000000000004        8.7571601846205967E-017
  0.10000000000000001       0.83333333333333337        0.0000000000000000     
  0.10000000000000001       0.86666666666666670        0.0000000000000000     
  0.10000000000000001       0.90000000000000002        0.0000000000000000     
  0.10000000000000001       0.93333333333333335        0.0000000000000000     
  0.10000000000000001       0.96666666666666667        0.0000000000000000     
  0.10000000000000001        1.0000000000000000        0.0000000000000000     

  0.13333333333333333        0.0000000000000000       0.40673664307580015     
  0.13333333333333333        3.3333333333333333E-002  0.30677649908678389     
  0.13333333333333333        6.6666666666666666E-002  0.21787830980471018     
  0.13333333333333333       0.10000000000000001       0.14487641251504832     
  0.13333333333333333       0.13333333333333333        8.9741732061251217E-002
  0.13333333333333333       0.16666666666666666        5.1554209374914658E-002
  0.13333333333333333       0.20000000000000001        2.7354534559311340E-002
  0.13333333333333333       0.23333333333333334        1.3353766835890582E-002
  0.13333333333333333       0.26666666666666666        5.9748394454201045E-003
  0.13333333333333333       0.29999999999999999        2.4406098021405712E-003
  0.13333333333333333       0.33333333333333331        9.0640873458693548E-004
  0.13333333333333333       0.36666666666666664        3.0468198644354903E-004
  0.13333333333333333       0.40000000000000002        9.2231539390669925E-005
  0.13333333333333333       0.43333333333333335        2.4998982472502550E-005
  0.13333333333333333       0.46666666666666667        6.0264194402543536E-006
  0.13333333333333333       0.50000000000000000        1.2818037954040585E-006
  0.13333333333333333       0.53333333333333333        2.3823073462022071E-007
  0.13333333333333333       0.56666666666666665        3.8226134381751963E-008
  0.13333333333333333       0.59999999999999998        5.2149140102696588E-009
  0.13333333333333333       0.63333333333333330        5.9277166573348295E-010
  0.13333333333333333       0.66666666666666663        5.4605396430141257E-011
  0.13333333333333333       0.69999999999999996        3.9152033077630872E-012
  0.13333333333333333       0.73333333333333328        2.0493108488475483E-013
  0.13333333333333333       0.76666666666666661        6.9636450878095174E-015
  0.13333333333333333       0.80000000000000004        1.1526414408289266E-016
  0.13333333333333333       0.83333333333333337        0.0000000000000000     
  0.13333333333333333       0.86666666666666670        0.0000000000000000     
  0.13333333333333333       0.90000000000000002        0.0000000000000000     
  0.13333333333333333       0.93333333333333335        0.0000000000000000     
  0.13333333333333333       0.96666666666666667        0.0000000000000000     
  0.13333333333333333        1.0000000000000000        0.0000000000000000     

  0.16666666666666666        0.0000000000000000       0.49999999999999994     
  0.16666666666666666        3.3333333333333333E-002  0.37711932808278165     
  0.16666666666666666        6.6666666666666666E-002  0.26783708022601987     
  0.16666666666666666       0.10000000000000001       0.17809609114570094     
  0.16666666666666666       0.13333333333333333       0.11031921218434060     
  0.16666666666666666       0.16666666666666666        6.3375417794982042E-002
  0.16666666666666666       0.20000000000000001        3.3626838182629022E-002
  0.16666666666666666       0.23333333333333334        1.6415741073766435E-002
  0.16666666666666666       0.26666666666666666        7.3448502208179724E-003
  0.16666666666666666       0.29999999999999999        3.0002334971399843E-003
  0.16666666666666666       0.33333333333333331        1.1142452370808591E-003
  0.16666666666666666       0.36666666666666664        3.7454455066981496E-004
  0.16666666666666666       0.40000000000000002        1.1337992403782695E-004
  0.16666666666666666       0.43333333333333335        3.0731165851515987E-005
  0.16666666666666666       0.46666666666666667        7.4082573365921930E-006
  0.16666666666666666       0.50000000000000000        1.5757171344470912E-006
  0.16666666666666666       0.53333333333333333        2.9285624823311483E-007
  0.16666666666666666       0.56666666666666665        4.6991259617870314E-008
  0.16666666666666666       0.59999999999999998        6.4106764156208523E-009
  0.16666666666666666       0.63333333333333330        7.2869223344479025E-010
  0.16666666666666666       0.66666666666666663        6.7126231874767312E-011
  0.16666666666666666       0.69999999999999996        4.8129463799422696E-012
  0.16666666666666666       0.73333333333333328        2.5192109977482848E-013
  0.16666666666666666       0.76666666666666661        8.5603857020963823E-015
  0.16666666666666666       0.80000000000000004        1.4169382823643429E-016
  0.16666666666666666       0.83333333333333337        0.0000000000000000     
  0.16666666666666666       0.86666666666666670        0.0000000000000000     
  0.16666666666666666       0.90000000000000002        0.0000000000000000     
  0.16666666666666666       0.93333333333333335        0.0000000000000000     
  0.16666666666666666       0.96666666666666667        0.0000000000000000     
  0.16666666666666666        1.0000000000000000        0.0000000000000000     

  0.20000000000000001        0.0000000000000000       0.58778525229247314     
  0.20000000000000001        3.3333333333333333E-002  0.44333035880301158     
  0.20000000000000001        6.6666666666666666E-002  0.31486137154786087     
  0.20000000000000001       0.10000000000000001       0.20936451173275827     
  0.20000000000000001       0.13333333333333333       0.12968801193295904     
  0.20000000000000001       0.16666666666666666        7.4502271875528839E-002
  0.20000000000000001       0.20000000000000001        3.9530719129949536E-002
  0.20000000000000001       0.23333333333333334        1.9297861017223434E-002
  0.20000000000000001       0.26666666666666666        8.6343892801878375E-003
  0.20000000000000001       0.29999999999999999        3.5269860061055091E-003
  0.20000000000000001       0.33333333333333331        1.3098738355865184E-003
  0.20000000000000001       0.36666666666666664        4.4030352642045634E-004
  0.20000000000000001       0.40000000000000002        1.3328609451095111E-004
  0.20000000000000001       0.43333333333333335        3.6126652146550310E-005
  0.20000000000000001       0.46666666666666667        8.7089288152728138E-006
  0.20000000000000001       0.50000000000000000        1.8523665868251130E-006
  0.20000000000000001       0.53333333333333333        3.4427316750625709E-007
  0.20000000000000001       0.56666666666666665        5.5241538780062014E-008
  0.20000000000000001       0.59999999999999998        7.5362021086422196E-009
  0.20000000000000001       0.63333333333333330        8.5662909655782384E-010
  0.20000000000000001       0.66666666666666663        7.8911618275906293E-011
  0.20000000000000001       0.69999999999999996        5.6579578044090247E-012
  0.20000000000000001       0.73333333333333328        2.9615101437788960E-013
  0.20000000000000001       0.76666666666666661        1.0063336939255207E-014
  0.20000000000000001       0.80000000000000004        1.6657108515647772E-016
  0.20000000000000001       0.83333333333333337        0.0000000000000000     
  0.20000000000000001       0.86666666666666670        0.0000000000000000     
  0.20000000000000001       0.90000000000000002        0.0000000000000000     
  0.20000000000000001       0.93333333333333335        0.0000000000000000     
  0.20000000000000001       0.96666666666666667        0.0000000000000000     
  0.20000000000000001        1.0000000000000000        0.0000000000000000     

  0.23333333333333334        0.0000000000000000       0.66913060635885824     
  0.23333333333333334        3.3333333333333333E-002  0.50468416933935367     
  0.23333333333333334        6.6666666666666666E-002  0.35843597579404562     
  0.23333333333333334       0.10000000000000001       0.23833909091693073     
  0.23333333333333334       0.13333333333333333       0.14763592268387871     
  0.23333333333333334       0.16666666666666666        8.4812863474804615E-002
  0.23333333333333334       0.20000000000000001        4.5001493246147523E-002
  0.23333333333333334       0.23333333333333334        2.1968549557038697E-002
  0.23333333333333334       0.26666666666666666        9.8293281637418465E-003
  0.23333333333333334       0.29999999999999999        4.0150961183188704E-003
  0.23333333333333334       0.33333333333333331        1.4911511822407698E-003
  0.23333333333333334       0.36666666666666664        5.0123844459619882E-004
  0.23333333333333334       0.40000000000000002        1.5173195464070487E-004
  0.23333333333333334       0.43333333333333335        4.1126327280679051E-005
  0.23333333333333334       0.46666666666666667        9.9141834473927866E-006
  0.23333333333333334       0.50000000000000000        2.1087211232452494E-006
  0.23333333333333334       0.53333333333333333        3.9191815791240882E-007
  0.23333333333333334       0.56666666666666665        6.2886580083344202E-008
  0.23333333333333334       0.59999999999999998        8.5791595943096275E-009
  0.23333333333333334       0.63333333333333330        9.7518055202780671E-010
  0.23333333333333334       0.66666666666666663        8.9832432473896733E-011
  0.23333333333333334       0.69999999999999996        6.4409794591668858E-012
  0.23333333333333334       0.73333333333333328        3.3713623649384279E-013
  0.23333333333333334       0.76666666666666661        1.1456032151018898E-014
  0.23333333333333334       0.80000000000000004        1.8962335441030643E-016
  0.23333333333333334       0.83333333333333337        0.0000000000000000     
  0.23333333333333334       0.86666666666666670        0.0000000000000000     
  0.23333333333333334       0.90000000000000002        0.0000000000000000     
  0.23333333333333334       0.93333333333333335        0.0000000000000000     
  0.23333333333333334       0.96666666666666667        0.0000000000000000     
  0.23333333333333334        1.0000000000000000        0.0000000000000000     

  0.26666666666666666        0.0000000000000000       0.74314482547739413     
  0.26666666666666666        3.3333333333333333E-002  0.56050855450446191     
  0.26666666666666666        6.6666666666666666E-002  0.39808348048188075     
  0.26666666666666666       0.10000000000000001       0.26470237714535610     
  0.26666666666666666       0.13333333333333333       0.16396630337107082     
  0.26666666666666666       0.16666666666666666        9.4194227593617758E-002
  0.26666666666666666       0.20000000000000001        4.9979221585172831E-002
  0.26666666666666666       0.23333333333333334        2.4398546070692497E-002
  0.26666666666666666       0.26666666666666666        1.0916574871014745E-002
  0.26666666666666666       0.29999999999999999        4.4592159972470513E-003
  0.26666666666666666       0.33333333333333331        1.6560911644989452E-003
  0.26666666666666666       0.36666666666666664        5.5668168948205744E-004
  0.26666666666666666       0.40000000000000002        1.6851540772346225E-004
  0.26666666666666666       0.43333333333333335        4.5675413766883399E-005
  0.26666666666666666       0.46666666666666667        1.1010816210986861E-005
  0.26666666666666666       0.50000000000000000        2.3419720697608465E-006
  0.26666666666666666       0.53333333333333333        4.3526921096632504E-007
  0.26666666666666666       0.56666666666666665        6.9842622855370323E-008
  0.26666666666666666       0.59999999999999998        9.5281220121572126E-009
  0.26666666666666666       0.63333333333333330        1.0830477253001230E-009
  0.26666666666666666       0.66666666666666663        9.9769023743058121E-011
  0.26666666666666666       0.69999999999999996        7.1534323951085094E-012
  0.26666666666666666       0.73333333333333328        3.7442772345247624E-013
  0.26666666666666666       0.76666666666666661        1.2723212677207193E-014
  0.26666666666666666       0.80000000000000004        2.1059807051197762E-016
  0.26666666666666666       0.83333333333333337        0.0000000000000000     
  0.26666666666666666       0.86666666666666670        0.0000000000000000     
  0.26666666666666666       0.90000000000000002        0.0000000000000000     
  0.26666666666666666       0.93333333333333335        0.0000000000000000     
  0.26666666666666666       0.96666666666666667        0.0000000000000000     
  0.26666666666666666        1.0000000000000000        0.0000000000000000     

  0.29999999999999999        0.0000000000000000       0.80901699437494745     
  0.29999999999999999        3.3333333333333333E-002  0.61019189065246338     
  0.29999999999999999        6.6666666666666666E-002  0.43336949925323248     
  0.29999999999999999       0.10000000000000001       0.28816552873724333     
  0.29999999999999999       0.13333333333333333       0.17850023492637460     
  0.29999999999999999       0.16666666666666666       0.10254358004350586     
  0.29999999999999999       0.20000000000000001        5.4409367113686498E-002
  0.29999999999999999       0.23333333333333334        2.6561227007871786E-002
  0.29999999999999999       0.26666666666666666        1.1884217299560650E-002
  0.29999999999999999       0.29999999999999999        4.8544797725584548E-003
  0.29999999999999999       0.33333333333333331        1.8028866653995144E-003
  0.29999999999999999       0.36666666666666664        6.0602581328481780E-004
  0.29999999999999999       0.40000000000000002        1.8345257073508519E-004
  0.29999999999999999       0.43333333333333335        4.9724070861662960E-005
  0.29999999999999999       0.46666666666666667        1.1986812168011936E-005
  0.29999999999999999       0.50000000000000000        2.5495638801909809E-006
  0.29999999999999999       0.53333333333333333        4.7385136345895606E-007
  0.29999999999999999       0.56666666666666665        7.6033455235884580E-008
  0.29999999999999999       0.59999999999999998        1.0372692331351888E-008
  0.29999999999999999       0.63333333333333330        1.1790488010517442E-009
  0.29999999999999999       0.66666666666666663        1.0861252471008011E-010
  0.29999999999999999       0.69999999999999996        7.7875108287773605E-012
  0.29999999999999999       0.73333333333333328        4.0761690191892600E-013
  0.29999999999999999       0.76666666666666661        1.3850995022800576E-014
  0.29999999999999999       0.80000000000000004        2.2926543008264039E-016
  0.29999999999999999       0.83333333333333337        0.0000000000000000     
  0.29999999999999999       0.86666666666666670        0.0000000000000000     
  0.29999999999999999       0.90000000000000002        0.0000000000000000     
  0.29999999999999999       0.93333333333333335        0.0000000000000000     
  0.29999999999999999       0.96666666666666667        0.0000000000000000     
  0.29999999999999999        1.0000000000000000        0.0000000000000000     

  0.33333333333333331        0.0000000000000000       0.86602540378443860     
  0.33333333333333331        3.3333333333333333E-002  0.65318983675561437     
  0.33333333333333331        6.6666666666666666E-002  0.46390743110236787     
  0.33333333333333331       0.10000000000000001       0.30847147849377166     
  0.33333333333333331       0.13333333333333333       0.19107848055424945     
  0.33333333333333331       0.16666666666666666       0.10976944357181365     
  0.33333333333333331       0.20000000000000001        5.8243392230210550E-002
  0.33333333333333331       0.23333333333333334        2.8432897583658745E-002
  0.33333333333333331       0.26666666666666666        1.2721653756440215E-002
  0.33333333333333331       0.29999999999999999        5.1965568516165071E-003
  0.33333333333333331       0.33333333333333331        1.9299293627156769E-003
  0.33333333333333331       0.36666666666666664        6.4873019145817530E-004
  0.33333333333333331       0.40000000000000002        1.9637978899181613E-004
  0.33333333333333331       0.43333333333333335        5.3227940630651356E-005
  0.33333333333333331       0.46666666666666667        1.2831478102522566E-005
  0.33333333333333331       0.50000000000000000        2.7292221352192011E-006
  0.33333333333333331       0.53333333333333333        5.0724190125375799E-007
  0.33333333333333331       0.56666666666666665        8.1391249169811068E-008
  0.33333333333333331       0.59999999999999998        1.1103617262738852E-008
  0.33333333333333331       0.63333333333333330        1.2621319714072184E-009
  0.33333333333333331       0.66666666666666663        1.1626604412774646E-010
  0.33333333333333331       0.69999999999999996        8.3362676641647129E-012
  0.33333333333333331       0.73333333333333328        4.3634014430863153E-013
  0.33333333333333331       0.76666666666666661        1.4827022968417112E-014
  0.33333333333333331       0.80000000000000004        2.4542090962444190E-016
  0.33333333333333331       0.83333333333333337        0.0000000000000000     
  0.33333333333333331       0.86666666666666670        0.0000000000000000     
  0.33333333333333331       0.90000000000000002        0.0000000000000000     
  0.33333333333333331       0.93333333333333335        0.0000000000000000     
  0.33333333333333331       0.96666666666666667        0.0000000000000000     
  0.33333333333333331        1.0000000000000000        0.0000000000000000     

  0.36666666666666664        0.0000000000000000       0.91354545764260087     
  0.36666666666666664        3.3333333333333333E-002  0.68903129831850973     
  0.36666666666666664        6.6666666666666666E-002  0.48936269605747462     
  0.36666666666666664       0.10000000000000001       0.32539775018011546     
  0.36666666666666664       0.13333333333333333       0.20156323036342924     
  0.36666666666666664       0.16666666666666666       0.11579265010561580     
  0.36666666666666664       0.20000000000000001        6.1439290553247025E-002
  0.36666666666666664       0.23333333333333334        2.9993051383552797E-002
  0.36666666666666664       0.26666666666666666        1.3419709112587025E-002
  0.36666666666666664       0.29999999999999999        5.4816993663588161E-003
  0.36666666666666664       0.33333333333333331        2.0358273500702432E-003
  0.36666666666666664       0.36666666666666664        6.8432694589839701E-004
  0.36666666666666664       0.40000000000000002        2.0715542918523988E-004
  0.36666666666666664       0.43333333333333335        5.6148633943427665E-005
  0.36666666666666664       0.46666666666666667        1.3535559677782541E-005
  0.36666666666666664       0.50000000000000000        2.8789784614075114E-006
  0.36666666666666664       0.53333333333333333        5.3507499063123191E-007
  0.36666666666666664       0.56666666666666665        8.5857303545619224E-008
  0.36666666666666664       0.59999999999999998        1.1712888639813958E-008
  0.36666666666666664       0.63333333333333330        1.3313869597658601E-009
  0.36666666666666664       0.66666666666666663        1.2264572843571529E-010
  0.36666666666666664       0.69999999999999996        8.7936906065473242E-012
  0.36666666666666664       0.73333333333333328        4.6028275276724581E-013
  0.36666666666666664       0.76666666666666661        1.5640602947637633E-014
  0.36666666666666664       0.80000000000000004        2.5888750632277090E-016
  0.36666666666666664       0.83333333333333337        0.0000000000000000     
  0.36666666666666664       0.86666666666666670        0.0000000000000000     
  0.36666666666666664       0.90000000000000002        0.0000000000000000     
  0.36666666666666664       0.93333333333333335        0.0000000000000000     
  0.36666666666666664       0.96666666666666667        0.0000000000000000     
  0.36666666666666664        1.0000000000000000        0.0000000000000000     

  0.40000000000000002        0.0000000000000000       0.95105651629515353     
  0.40000000000000002        3.3333333333333333E-002  0.71732358878795865     
  0.40000000000000002        6.6666666666666666E-002  0.50945640090884803     
  0.40000000000000002       0.10000000000000001       0.33875889602162895     
  0.40000000000000002       0.13333333333333333       0.20983961124092965     
  0.40000000000000002       0.16666666666666666       0.12054720813369101     
  0.40000000000000002       0.20000000000000001        6.3962047151984017E-002
  0.40000000000000002       0.23333333333333334        3.1224595036039141E-002
  0.40000000000000002       0.26666666666666666        1.3970735327441662E-002
  0.40000000000000002       0.29999999999999999        5.7067832357239586E-003
  0.40000000000000002       0.33333333333333331        2.1194203869531786E-003
  0.40000000000000002       0.36666666666666664        7.1242607111473579E-004
  0.40000000000000002       0.40000000000000002        2.1566143114644967E-004
  0.40000000000000002       0.43333333333333335        5.8454151072862749E-005
  0.40000000000000002       0.46666666666666667        1.4091342828714765E-005
  0.40000000000000002       0.50000000000000000        2.9971920971076658E-006
  0.40000000000000002       0.53333333333333333        5.5704568643970968E-007
  0.40000000000000002       0.56666666666666665        8.9382687336985761E-008
  0.40000000000000002       0.59999999999999998        1.2193831157871738E-008
  0.40000000000000002       0.63333333333333330        1.3860549939826748E-009
  0.40000000000000002       0.66666666666666663        1.2768168047767375E-010
  0.40000000000000002       0.69999999999999996        9.1547680344465341E-012
  0.40000000000000002       0.73333333333333328        4.7918240706618438E-013
  0.40000000000000002       0.76666666666666661        1.6282821207957257E-014
  0.40000000000000002       0.80000000000000004        2.6951767732613423E-016
  0.40000000000000002       0.83333333333333337        0.0000000000000000     
  0.40000000000000002       0.86666666666666670        0.0000000000000000     
  0.40000000000000002       0.90000000000000002        0.0000000000000000     
  0.40000000000000002       0.93333333333333335        0.0000000000000000     
  0.40000000000000002       0.96666666666666667        0.0000000000000000     
  0.40000000000000002        1.0000000000000000        0.0000000000000000     

  0.43333333333333335        0.0000000000000000       0.97814760073380569     
  0.43333333333333335        3.3333333333333333E-002  0.73775673190903546     
  0.43333333333333335        6.6666666666666666E-002  0.52396839482125823     
  0.43333333333333335       0.10000000000000001       0.34840852850847309     
  0.43333333333333335       0.13333333333333333       0.21581694542591273     
  0.43333333333333335       0.16666666666666666       0.12398102572332843     
  0.43333333333333335       0.20000000000000001        6.5784022177204998E-002
  0.43333333333333335       0.23333333333333334        3.2114035491144048E-002
  0.43333333333333335       0.26666666666666666        1.4368695242484525E-002
  0.43333333333333335       0.29999999999999999        5.8693423937373427E-003
  0.43333333333333335       0.33333333333333331        2.1797926105594253E-003
  0.43333333333333335       0.36666666666666664        7.3271970721120166E-004
  0.43333333333333335       0.40000000000000002        2.2180460133796313E-004
  0.43333333333333335       0.43333333333333335        6.0119232290826024E-005
  0.43333333333333335       0.46666666666666667        1.4492738278812531E-005
  0.43333333333333335       0.50000000000000000        3.0825678689891395E-006
  0.43333333333333335       0.53333333333333333        5.7291327313825020E-007
  0.43333333333333335       0.56666666666666665        9.1928775701358441E-008
  0.43333333333333335       0.59999999999999998        1.2541175510040660E-008
  0.43333333333333335       0.63333333333333330        1.4255371196347601E-009
  0.43333333333333335       0.66666666666666663        1.3131872530920950E-010
  0.43333333333333335       0.69999999999999996        9.4155439080019719E-012
  0.43333333333333335       0.73333333333333328        4.9283203863794021E-013
  0.43333333333333335       0.76666666666666661        1.6746641471723098E-014
  0.43333333333333335       0.80000000000000004        2.7719495625651241E-016
  0.43333333333333335       0.83333333333333337        0.0000000000000000     
  0.43333333333333335       0.86666666666666670        0.0000000000000000     
  0.43333333333333335       0.90000000000000002        0.0000000000000000     
  0.43333333333333335       0.93333333333333335        0.0000000000000000     
  0.43333333333333335       0.96666666666666667        0.0000000000000000     
  0.43333333333333335        1.0000000000000000        0.0000000000000000     

  0.46666666666666667        0.0000000000000000       0.99452189536827329     
  0.46666666666666667        3.3333333333333333E-002  0.75010685788979548     
  0.46666666666666667        6.6666666666666666E-002  0.53273968135257110     
  0.46666666666666667       0.10000000000000001       0.35424092424780651     
  0.46666666666666667       0.13333333333333333       0.21942974399421025     
  0.46666666666666667       0.16666666666666666       0.12605648125044347     
  0.46666666666666667       0.20000000000000001        6.6885253689260876E-002
  0.46666666666666667       0.23333333333333334        3.2651627853114019E-002
  0.46666666666666667       0.26666666666666666        1.4609228725607940E-002
  0.46666666666666667       0.29999999999999999        5.9675958082460803E-003
  0.46666666666666667       0.33333333333333331        2.2162825701734540E-003
  0.46666666666666667       0.36666666666666664        7.4498551286400548E-004
  0.46666666666666667       0.40000000000000002        2.2551763390162100E-004
  0.46666666666666667       0.43333333333333335        6.1125634619052860E-005
  0.46666666666666667       0.46666666666666667        1.4735348255527166E-005
  0.46666666666666667       0.50000000000000000        3.1341703822291715E-006
  0.46666666666666667       0.53333333333333333        5.8250390212647780E-007
  0.46666666666666667       0.56666666666666665        9.3467673161814003E-008
  0.46666666666666667       0.59999999999999998        1.2751116118911880E-008
  0.46666666666666667       0.63333333333333330        1.4494007622913069E-009
  0.46666666666666667       0.66666666666666663        1.3351701470604760E-010
  0.46666666666666667       0.69999999999999996        9.5731611121721111E-012
  0.46666666666666667       0.73333333333333328        5.0108209926264464E-013
  0.46666666666666667       0.76666666666666661        1.7026982027064721E-014
  0.46666666666666667       0.80000000000000004        2.8183522923937044E-016
  0.46666666666666667       0.83333333333333337        0.0000000000000000     
  0.46666666666666667       0.86666666666666670        0.0000000000000000     
  0.46666666666666667       0.90000000000000002        0.0000000000000000     
  0.46666666666666667       0.93333333333333335        0.0000000000000000     
  0.46666666666666667       0.96666666666666667        0.0000000000000000     
  0.46666666666666667        1.0000000000000000        0.0000000000000000     

  0.50000000000000000        0.0000000000000000        1.0000000000000000     
  0.50000000000000000        3.3333333333333333E-002  0.75423865616556329     
  0.50000000000000000        6.6666666666666666E-002  0.53567416045203975     
  0.50000000000000000       0.10000000000000001       0.35619218229140193     
  0.50000000000000000       0.13333333333333333       0.22063842436868120     
  0.50000000000000000       0.16666666666666666       0.12675083558996408     
  0.50000000000000000       0.20000000000000001        6.7253676365258031E-002
  0.50000000000000000       0.23333333333333334        3.2831482147532870E-002
  0.50000000000000000       0.26666666666666666        1.4689700441635943E-002
  0.50000000000000000       0.29999999999999999        6.0004669942799686E-003
  0.50000000000000000       0.33333333333333331        2.2284904741617182E-003
  0.50000000000000000       0.36666666666666664        7.4908910133962992E-004
  0.50000000000000000       0.40000000000000002        2.2675984807565385E-004
  0.50000000000000000       0.43333333333333335        6.1462331703031960E-005
  0.50000000000000000       0.46666666666666667        1.4816514673184386E-005
  0.50000000000000000       0.50000000000000000        3.1514342688941824E-006
  0.50000000000000000       0.53333333333333333        5.8571249646622967E-007
  0.50000000000000000       0.56666666666666665        9.3982519235740629E-008
  0.50000000000000000       0.59999999999999998        1.2821352831241705E-008
  0.50000000000000000       0.63333333333333330        1.4573844668895811E-009
  0.50000000000000000       0.66666666666666663        1.3425246374953462E-010
  0.50000000000000000       0.69999999999999996        9.6258927598845392E-012
  0.50000000000000000       0.73333333333333328        5.0384219954965696E-013
  0.50000000000000000       0.76666666666666661        1.7120771404192771E-014
  0.50000000000000000       0.80000000000000004        2.8338765647286857E-016
  0.50000000000000000       0.83333333333333337        0.0000000000000000     
  0.50000000000000000       0.86666666666666670        0.0000000000000000     
  0.50000000000000000       0.90000000000000002        0.0000000000000000     
  0.50000000000000000       0.93333333333333335        0.0000000000000000     
  0.50000000000000000       0.96666666666666667        0.0000000000000000     
  0.50000000000000000        1.0000000000000000        0.0000000000000000     

  0.53333333333333333        0.0000000000000000       0.99452189536827340     
  0.53333333333333333        3.3333333333333333E-002  0.75010685788979548     
  0.53333333333333333        6.6666666666666666E-002  0.53273968135257121     
  0.53333333333333333       0.10000000000000001       0.35424092424780657     
  0.53333333333333333       0.13333333333333333       0.21942974399421028     
  0.53333333333333333       0.16666666666666666       0.12605648125044347     
  0.53333333333333333       0.20000000000000001        6.6885253689260876E-002
  0.53333333333333333       0.23333333333333334        3.2651627853114019E-002
  0.53333333333333333       0.26666666666666666        1.4609228725607940E-002
  0.53333333333333333       0.29999999999999999        5.9675958082460803E-003
  0.53333333333333333       0.33333333333333331        2.2162825701734540E-003
  0.53333333333333333       0.36666666666666664        7.4498551286400548E-004
  0.53333333333333333       0.40000000000000002        2.2551763390162100E-004
  0.53333333333333333       0.43333333333333335        6.1125634619052860E-005
  0.53333333333333333       0.46666666666666667        1.4735348255527166E-005
  0.53333333333333333       0.50000000000000000        3.1341703822291715E-006
  0.53333333333333333       0.53333333333333333        5.8250390212647780E-007
  0.53333333333333333       0.56666666666666665        9.3467673161814003E-008
  0.53333333333333333       0.59999999999999998        1.2751116118911880E-008
  0.53333333333333333       0.63333333333333330        1.4494007622913069E-009
  0.53333333333333333       0.66666666666666663        1.3351701470604760E-010
  0.53333333333333333       0.69999999999999996        9.5731611121721111E-012
  0.53333333333333333       0.73333333333333328        5.0108209926264464E-013
  0.53333333333333333       0.76666666666666661        1.7026982027064721E-014
  0.53333333333333333       0.80000000000000004        2.8183522923937044E-016
  0.53333333333333333       0.83333333333333337        0.0000000000000000     
  0.53333333333333333       0.86666666666666670        0.0000000000000000     
  0.53333333333333333       0.90000000000000002        0.0000000000000000     
  0.53333333333333333       0.93333333333333335        0.0000000000000000     
  0.53333333333333333       0.96666666666666667        0.0000000000000000     
  0.53333333333333333        1.0000000000000000        0.0000000000000000     

  0.56666666666666665        0.0000000000000000       0.97814760073380569     
  0.56666666666666665        3.3333333333333333E-002  0.73775673190903557     
  0.56666666666666665        6.6666666666666666E-002  0.52396839482125834     
  0.56666666666666665       0.10000000000000001       0.34840852850847320     
  0.56666666666666665       0.13333333333333333       0.21581694542591276     
  0.56666666666666665       0.16666666666666666       0.12398102572332843     
  0.56666666666666665       0.20000000000000001        6.5784022177204998E-002
  0.56666666666666665       0.23333333333333334        3.2114035491144048E-002
  0.56666666666666665       0.26666666666666666        1.4368695242484525E-002
  0.56666666666666665       0.29999999999999999        5.8693423937373427E-003
  0.56666666666666665       0.33333333333333331        2.1797926105594253E-003
  0.56666666666666665       0.36666666666666664        7.3271970721120166E-004
  0.56666666666666665       0.40000000000000002        2.2180460133796313E-004
  0.56666666666666665       0.43333333333333335        6.0119232290826031E-005
  0.56666666666666665       0.46666666666666667        1.4492738278812531E-005
  0.56666666666666665       0.50000000000000000        3.0825678689891395E-006
  0.56666666666666665       0.53333333333333333        5.7291327313825020E-007
  0.56666666666666665       0.56666666666666665        9.1928775701358454E-008
  0.56666666666666665       0.59999999999999998        1.2541175510040660E-008
  0.56666666666666665       0.63333333333333330        1.4255371196347601E-009
  0.56666666666666665       0.66666666666666663        1.3131872530920950E-010
  0.56666666666666665       0.69999999999999996        9.4155439080019719E-012
  0.56666666666666665       0.73333333333333328        4.9283203863794021E-013
  0.56666666666666665       0.76666666666666661        1.6746641471723098E-014
  0.56666666666666665       0.80000000000000004        2.7719495625651241E-016
  0.56666666666666665       0.83333333333333337        0.0000000000000000     
  0.56666666666666665       0.86666666666666670        0.0000000000000000     
  0.56666666666666665       0.90000000000000002        0.0000000000000000     
  0.56666666666666665       0.93333333333333335        0.0000000000000000     
  0.56666666666666665       0.96666666666666667        0.0000000000000000     
  0.56666666666666665        1.0000000000000000        0.0000000000000000     

  0.59999999999999998        0.0000000000000000       0.95105651629515364     
  0.59999999999999998        3.3333333333333333E-002  0.71732358878795877     
  0.59999999999999998        6.6666666666666666E-002  0.50945640090884814     
  0.59999999999999998       0.10000000000000001       0.33875889602162901     
  0.59999999999999998       0.13333333333333333       0.20983961124092967     
  0.59999999999999998       0.16666666666666666       0.12054720813369102     
  0.59999999999999998       0.20000000000000001        6.3962047151984017E-002
  0.59999999999999998       0.23333333333333334        3.1224595036039141E-002
  0.59999999999999998       0.26666666666666666        1.3970735327441662E-002
  0.59999999999999998       0.29999999999999999        5.7067832357239586E-003
  0.59999999999999998       0.33333333333333331        2.1194203869531786E-003
  0.59999999999999998       0.36666666666666664        7.1242607111473579E-004
  0.59999999999999998       0.40000000000000002        2.1566143114644967E-004
  0.59999999999999998       0.43333333333333335        5.8454151072862749E-005
  0.59999999999999998       0.46666666666666667        1.4091342828714769E-005
  0.59999999999999998       0.50000000000000000        2.9971920971076658E-006
  0.59999999999999998       0.53333333333333333        5.5704568643970968E-007
  0.59999999999999998       0.56666666666666665        8.9382687336985761E-008
  0.59999999999999998       0.59999999999999998        1.2193831157871740E-008
  0.59999999999999998       0.63333333333333330        1.3860549939826748E-009
  0.59999999999999998       0.66666666666666663        1.2768168047767375E-010
  0.59999999999999998       0.69999999999999996        9.1547680344465309E-012
  0.59999999999999998       0.73333333333333328        4.7918240706618438E-013
  0.59999999999999998       0.76666666666666661        1.6282821207957257E-014
  0.59999999999999998       0.80000000000000004        2.6951767732613423E-016
  0.59999999999999998       0.83333333333333337        0.0000000000000000     
  0.59999999999999998       0.86666666666666670        0.0000000000000000     
  0.59999999999999998       0.90000000000000002        0.0000000000000000     
  0.59999999999999998       0.93333333333333335        0.0000000000000000     
  0.59999999999999998       0.96666666666666667        0.0000000000000000     
  0.59999999999999998        1.0000000000000000        0.0000000000000000     

  0.63333333333333330        0.0000000000000000       0.91354545764260098     
  0.63333333333333330        3.3333333333333333E-002  0.68903129831850984     
  0.63333333333333330        6.6666666666666666E-002  0.48936269605747473     
  0.63333333333333330       0.10000000000000001       0.32539775018011552     
  0.63333333333333330       0.13333333333333333       0.20156323036342927     
  0.63333333333333330       0.16666666666666666       0.11579265010561582     
  0.63333333333333330       0.20000000000000001        6.1439290553247032E-002
  0.63333333333333330       0.23333333333333334        2.9993051383552797E-002
  0.63333333333333330       0.26666666666666666        1.3419709112587025E-002
  0.63333333333333330       0.29999999999999999        5.4816993663588161E-003
  0.63333333333333330       0.33333333333333331        2.0358273500702432E-003
  0.63333333333333330       0.36666666666666664        6.8432694589839701E-004
  0.63333333333333330       0.40000000000000002        2.0715542918523994E-004
  0.63333333333333330       0.43333333333333335        5.6148633943427672E-005
  0.63333333333333330       0.46666666666666667        1.3535559677782541E-005
  0.63333333333333330       0.50000000000000000        2.8789784614075114E-006
  0.63333333333333330       0.53333333333333333        5.3507499063123191E-007
  0.63333333333333330       0.56666666666666665        8.5857303545619224E-008
  0.63333333333333330       0.59999999999999998        1.1712888639813961E-008
  0.63333333333333330       0.63333333333333330        1.3313869597658601E-009
  0.63333333333333330       0.66666666666666663        1.2264572843571532E-010
  0.63333333333333330       0.69999999999999996        8.7936906065473226E-012
  0.63333333333333330       0.73333333333333328        4.6028275276724581E-013
  0.63333333333333330       0.76666666666666661        1.5640602947637633E-014
  0.63333333333333330       0.80000000000000004        2.5888750632277090E-016
  0.63333333333333330       0.83333333333333337        0.0000000000000000     
  0.63333333333333330       0.86666666666666670        0.0000000000000000     
  0.63333333333333330       0.90000000000000002        0.0000000000000000     
  0.63333333333333330       0.93333333333333335        0.0000000000000000     
  0.63333333333333330       0.96666666666666667        0.0000000000000000     
  0.63333333333333330        1.0000000000000000        0.0000000000000000     

  0.66666666666666663        0.0000000000000000       0.86602540378443871     
  0.66666666666666663        3.3333333333333333E-002  0.65318983675561448     
  0.66666666666666663        6.6666666666666666E-002  0.46390743110236793     
  0.66666666666666663       0.10000000000000001       0.30847147849377177     
  0.66666666666666663       0.13333333333333333       0.19107848055424950     
  0.66666666666666663       0.16666666666666666       0.10976944357181367     
  0.66666666666666663       0.20000000000000001        5.8243392230210557E-002
  0.66666666666666663       0.23333333333333334        2.8432897583658745E-002
  0.66666666666666663       0.26666666666666666        1.2721653756440215E-002
  0.66666666666666663       0.29999999999999999        5.1965568516165080E-003
  0.66666666666666663       0.33333333333333331        1.9299293627156771E-003
  0.66666666666666663       0.36666666666666664        6.4873019145817552E-004
  0.66666666666666663       0.40000000000000002        1.9637978899181616E-004
  0.66666666666666663       0.43333333333333335        5.3227940630651369E-005
  0.66666666666666663       0.46666666666666667        1.2831478102522568E-005
  0.66666666666666663       0.50000000000000000        2.7292221352192015E-006
  0.66666666666666663       0.53333333333333333        5.0724190125375820E-007
  0.66666666666666663       0.56666666666666665        8.1391249169811068E-008
  0.66666666666666663       0.59999999999999998        1.1103617262738852E-008
  0.66666666666666663       0.63333333333333330        1.2621319714072186E-009
  0.66666666666666663       0.66666666666666663        1.1626604412774646E-010
  0.66666666666666663       0.69999999999999996        8.3362676641647146E-012
  0.66666666666666663       0.73333333333333328        4.3634014430863153E-013
  0.66666666666666663       0.76666666666666661        1.4827022968417112E-014
  0.66666666666666663       0.80000000000000004        2.4542090962444190E-016
  0.66666666666666663       0.83333333333333337        0.0000000000000000     
  0.66666666666666663       0.86666666666666670        0.0000000000000000     
  0.66666666666666663       0.90000000000000002        0.0000000000000000     
  0.66666666666666663       0.93333333333333335        0.0000000000000000     
  0.66666666666666663       0.96666666666666667        0.0000000000000000     
  0.66666666666666663        1.0000000000000000        0.0000000000000000     

  0.69999999999999996        0.0000000000000000       0.80901699437494745     
  0.69999999999999996        3.3333333333333333E-002  0.61019189065246349     
  0.69999999999999996        6.6666666666666666E-002  0.43336949925323254     
  0.69999999999999996       0.10000000000000001       0.28816552873724344     
  0.69999999999999996       0.13333333333333333       0.17850023492637465     
  0.69999999999999996       0.16666666666666666       0.10254358004350589     
  0.69999999999999996       0.20000000000000001        5.4409367113686505E-002
  0.69999999999999996       0.23333333333333334        2.6561227007871786E-002
  0.69999999999999996       0.26666666666666666        1.1884217299560651E-002
  0.69999999999999996       0.29999999999999999        4.8544797725584557E-003
  0.69999999999999996       0.33333333333333331        1.8028866653995151E-003
  0.69999999999999996       0.36666666666666664        6.0602581328481791E-004
  0.69999999999999996       0.40000000000000002        1.8345257073508524E-004
  0.69999999999999996       0.43333333333333335        4.9724070861662966E-005
  0.69999999999999996       0.46666666666666667        1.1986812168011939E-005
  0.69999999999999996       0.50000000000000000        2.5495638801909817E-006
  0.69999999999999996       0.53333333333333333        4.7385136345895611E-007
  0.69999999999999996       0.56666666666666665        7.6033455235884593E-008
  0.69999999999999996       0.59999999999999998        1.0372692331351890E-008
  0.69999999999999996       0.63333333333333330        1.1790488010517442E-009
  0.69999999999999996       0.66666666666666663        1.0861252471008013E-010
  0.69999999999999996       0.69999999999999996        7.7875108287773605E-012
  0.69999999999999996       0.73333333333333328        4.0761690191892610E-013
  0.69999999999999996       0.76666666666666661        1.3850995022800581E-014
  0.69999999999999996       0.80000000000000004        2.2926543008264039E-016
  0.69999999999999996       0.83333333333333337        0.0000000000000000     
  0.69999999999999996       0.86666666666666670        0.0000000000000000     
  0.69999999999999996       0.90000000000000002        0.0000000000000000     
  0.69999999999999996       0.93333333333333335        0.0000000000000000     
  0.69999999999999996       0.96666666666666667        0.0000000000000000     
  0.69999999999999996        1.0000000000000000        0.0000000000000000     

  0.73333333333333328        0.0000000000000000       0.74314482547739447     
  0.73333333333333328        3.3333333333333333E-002  0.56050855450446202     
  0.73333333333333328        6.6666666666666666E-002  0.39808348048188080     
  0.73333333333333328       0.10000000000000001       0.26470237714535610     
  0.73333333333333328       0.13333333333333333       0.16396630337107088     
  0.73333333333333328       0.16666666666666666        9.4194227593617785E-002
  0.73333333333333328       0.20000000000000001        4.9979221585172845E-002
  0.73333333333333328       0.23333333333333334        2.4398546070692504E-002
  0.73333333333333328       0.26666666666666666        1.0916574871014747E-002
  0.73333333333333328       0.29999999999999999        4.4592159972470522E-003
  0.73333333333333328       0.33333333333333331        1.6560911644989454E-003
  0.73333333333333328       0.36666666666666664        5.5668168948205755E-004
  0.73333333333333328       0.40000000000000002        1.6851540772346225E-004
  0.73333333333333328       0.43333333333333335        4.5675413766883405E-005
  0.73333333333333328       0.46666666666666667        1.1010816210986861E-005
  0.73333333333333328       0.50000000000000000        2.3419720697608469E-006
  0.73333333333333328       0.53333333333333333        4.3526921096632515E-007
  0.73333333333333328       0.56666666666666665        6.9842622855370336E-008
  0.73333333333333328       0.59999999999999998        9.5281220121572126E-009
  0.73333333333333328       0.63333333333333330        1.0830477253001232E-009
  0.73333333333333328       0.66666666666666663        9.9769023743058121E-011
  0.73333333333333328       0.69999999999999996        7.1534323951085118E-012
  0.73333333333333328       0.73333333333333328        3.7442772345247629E-013
  0.73333333333333328       0.76666666666666661        1.2723212677207196E-014
  0.73333333333333328       0.80000000000000004        2.1059807051197784E-016
  0.73333333333333328       0.83333333333333337        0.0000000000000000     
  0.73333333333333328       0.86666666666666670        0.0000000000000000     
  0.73333333333333328       0.90000000000000002        0.0000000000000000     
  0.73333333333333328       0.93333333333333335        0.0000000000000000     
  0.73333333333333328       0.96666666666666667        0.0000000000000000     
  0.73333333333333328        1.0000000000000000        0.0000000000000000     

  0.76666666666666661        0.0000000000000000       0.66913060635885835     
  0.76666666666666661        3.3333333333333333E-002  0.50468416933935378     
  0.76666666666666661        6.6666666666666666E-002  0.35843597579404568     
  0.76666666666666661       0.10000000000000001       0.23833909091693076     
  0.76666666666666661       0.13333333333333333       0.14763592268387876     
  0.76666666666666661       0.16666666666666666        8.4812863474804642E-002
  0.76666666666666661       0.20000000000000001        4.5001493246147529E-002
  0.76666666666666661       0.23333333333333334        2.1968549557038700E-002
  0.76666666666666661       0.26666666666666666        9.8293281637418482E-003
  0.76666666666666661       0.29999999999999999        4.0150961183188713E-003
  0.76666666666666661       0.33333333333333331        1.4911511822407700E-003
  0.76666666666666661       0.36666666666666664        5.0123844459619882E-004
  0.76666666666666661       0.40000000000000002        1.5173195464070487E-004
  0.76666666666666661       0.43333333333333335        4.1126327280679051E-005
  0.76666666666666661       0.46666666666666667        9.9141834473927883E-006
  0.76666666666666661       0.50000000000000000        2.1087211232452494E-006
  0.76666666666666661       0.53333333333333333        3.9191815791240882E-007
  0.76666666666666661       0.56666666666666665        6.2886580083344215E-008
  0.76666666666666661       0.59999999999999998        8.5791595943096275E-009
  0.76666666666666661       0.63333333333333330        9.7518055202780691E-010
  0.76666666666666661       0.66666666666666663        8.9832432473896771E-011
  0.76666666666666661       0.69999999999999996        6.4409794591668858E-012
  0.76666666666666661       0.73333333333333328        3.3713623649384279E-013
  0.76666666666666661       0.76666666666666661        1.1456032151018907E-014
  0.76666666666666661       0.80000000000000004        1.8962335441030643E-016
  0.76666666666666661       0.83333333333333337        0.0000000000000000     
  0.76666666666666661       0.86666666666666670        0.0000000000000000     
  0.76666666666666661       0.90000000000000002        0.0000000000000000     
  0.76666666666666661       0.93333333333333335        0.0000000000000000     
  0.76666666666666661       0.96666666666666667        0.0000000000000000     
  0.76666666666666661        1.0000000000000000        0.0000000000000000     

  0.80000000000000004        0.0000000000000000       0.58778525229247325     
  0.80000000000000004        3.3333333333333333E-002  0.44333035880301158     
  0.80000000000000004        6.6666666666666666E-002  0.31486137154786092     
  0.80000000000000004       0.10000000000000001       0.20936451173275827     
  0.80000000000000004       0.13333333333333333       0.12968801193295904     
  0.80000000000000004       0.16666666666666666        7.4502271875528839E-002
  0.80000000000000004       0.20000000000000001        3.9530719129949536E-002
  0.80000000000000004       0.23333333333333334        1.9297861017223434E-002
  0.80000000000000004       0.26666666666666666        8.6343892801878375E-003
  0.80000000000000004       0.29999999999999999        3.5269860061055095E-003
  0.80000000000000004       0.33333333333333331        1.3098738355865184E-003
  0.80000000000000004       0.36666666666666664        4.4030352642045640E-004
  0.80000000000000004       0.40000000000000002        1.3328609451095111E-004
  0.80000000000000004       0.43333333333333335        3.6126652146550310E-005
  0.80000000000000004       0.46666666666666667        8.7089288152728138E-006
  0.80000000000000004       0.50000000000000000        1.8523665868251130E-006
  0.80000000000000004       0.53333333333333333        3.4427316750625709E-007
  0.80000000000000004       0.56666666666666665        5.5241538780062020E-008
  0.80000000000000004       0.59999999999999998        7.5362021086422213E-009
  0.80000000000000004       0.63333333333333330        8.5662909655782425E-010
  0.80000000000000004       0.66666666666666663        7.8911618275906318E-011
  0.80000000000000004       0.69999999999999996        5.6579578044090263E-012
  0.80000000000000004       0.73333333333333328        2.9615101437788970E-013
  0.80000000000000004       0.76666666666666661        1.0063336939255205E-014
  0.80000000000000004       0.80000000000000004        1.6657108515647785E-016
  0.80000000000000004       0.83333333333333337        0.0000000000000000     
  0.80000000000000004       0.86666666666666670        0.0000000000000000     
  0.80000000000000004       0.90000000000000002        0.0000000000000000     
  0.80000000000000004       0.93333333333333335        0.0000000000000000     
  0.80000000000000004       0.96666666666666667        0.0000000000000000     
  0.80000000000000004        1.0000000000000000        0.0000000000000000     

  0.83333333333333337        0.0000000000000000       0.49999999999999994     
  0.83333333333333337        3.3333333333333333E-002  0.37711932808278165     
  0.83333333333333337        6.6666666666666666E-002  0.26783708022601987     
  0.83333333333333337       0.10000000000000001       0.17809609114570096     
  0.83333333333333337       0.13333333333333333       0.11031921218434061     
  0.83333333333333337       0.16666666666666666        6.3375417794982056E-002
  0.83333333333333337       0.20000000000000001        3.3626838182629022E-002
  0.83333333333333337       0.23333333333333334        1.6415741073766435E-002
  0.83333333333333337       0.26666666666666666        7.3448502208179733E-003
  0.83333333333333337       0.29999999999999999        3.0002334971399843E-003
  0.83333333333333337       0.33333333333333331        1.1142452370808591E-003
  0.83333333333333337       0.36666666666666664        3.7454455066981496E-004
  0.83333333333333337       0.40000000000000002        1.1337992403782695E-004
  0.83333333333333337       0.43333333333333335        3.0731165851515980E-005
  0.83333333333333337       0.46666666666666667        7.4082573365921930E-006
  0.83333333333333337       0.50000000000000000        1.5757171344470912E-006
  0.83333333333333337       0.53333333333333333        2.9285624823311483E-007
  0.83333333333333337       0.56666666666666665        4.6991259617870321E-008
  0.83333333333333337       0.59999999999999998        6.4106764156208523E-009
  0.83333333333333337       0.63333333333333330        7.2869223344479066E-010
  0.83333333333333337       0.66666666666666663        6.7126231874767338E-011
  0.83333333333333337       0.69999999999999996        4.8129463799422696E-012
  0.83333333333333337       0.73333333333333328        2.5192109977482848E-013
  0.83333333333333337       0.76666666666666661        8.5603857020963823E-015
  0.83333333333333337       0.80000000000000004        1.4169382823643429E-016
  0.83333333333333337       0.83333333333333337        0.0000000000000000     
  0.83333333333333337       0.86666666666666670        0.0000000000000000     
  0.83333333333333337       0.90000000000000002        0.0000000000000000     
  0.83333333333333337       0.93333333333333335        0.0000000000000000     
  0.83333333333333337       0.96666666666666667        0.0000000000000000     
  0.83333333333333337        1.0000000000000000        0.0000000000000000     

  0.86666666666666670        0.0000000000000000       0.40673664307580004     
  0.86666666666666670        3.3333333333333333E-002  0.30677649908678389     
  0.86666666666666670        6.6666666666666666E-002  0.21787830980471024     
  0.86666666666666670       0.10000000000000001       0.14487641251504832     
  0.86666666666666670       0.13333333333333333        8.9741732061251217E-002
  0.86666666666666670       0.16666666666666666        5.1554209374914658E-002
  0.86666666666666670       0.20000000000000001        2.7354534559311340E-002
  0.86666666666666670       0.23333333333333334        1.3353766835890585E-002
  0.86666666666666670       0.26666666666666666        5.9748394454201045E-003
  0.86666666666666670       0.29999999999999999        2.4406098021405712E-003
  0.86666666666666670       0.33333333333333331        9.0640873458693559E-004
  0.86666666666666670       0.36666666666666664        3.0468198644354903E-004
  0.86666666666666670       0.40000000000000002        9.2231539390669925E-005
  0.86666666666666670       0.43333333333333335        2.4998982472502550E-005
  0.86666666666666670       0.46666666666666667        6.0264194402543536E-006
  0.86666666666666670       0.50000000000000000        1.2818037954040585E-006
  0.86666666666666670       0.53333333333333333        2.3823073462022071E-007
  0.86666666666666670       0.56666666666666665        3.8226134381751970E-008
  0.86666666666666670       0.59999999999999998        5.2149140102696588E-009
  0.86666666666666670       0.63333333333333330        5.9277166573348295E-010
  0.86666666666666670       0.66666666666666663        5.4605396430141270E-011
  0.86666666666666670       0.69999999999999996        3.9152033077630880E-012
  0.86666666666666670       0.73333333333333328        2.0493108488475486E-013
  0.86666666666666670       0.76666666666666661        6.9636450878095174E-015
  0.86666666666666670       0.80000000000000004        1.1526414408289259E-016
  0.86666666666666670       0.83333333333333337        0.0000000000000000     
  0.86666666666666670       0.86666666666666670        0.0000000000000000     
  0.86666666666666670       0.90000000000000002        0.0000000000000000     
  0.86666666666666670       0.93333333333333335        0.0000000000000000     
  0.86666666666666670       0.96666666666666667        0.0000000000000000     
  0.86666666666666670        1.0000000000000000        0.0000000000000000     

  0.90000000000000002        0.0000000000000000       0.30901699437494751     
  0.90000000000000002        3.3333333333333333E-002  0.23307256256968178     
  0.90000000000000002        6.6666666666666666E-002  0.16553241902721266     
  0.90000000000000002       0.10000000000000001       0.11006943759154240     
  0.90000000000000002       0.13333333333333333        6.8181022742034025E-002
  0.90000000000000002       0.16666666666666666        3.9168162248523819E-002
  0.90000000000000002       0.20000000000000001        2.0782528931057479E-002
  0.90000000000000002       0.23333333333333334        1.0145485934105351E-002
  0.90000000000000002       0.26666666666666666        4.5393670787426772E-003
  0.90000000000000002       0.29999999999999999        1.8542462754184709E-003
  0.90000000000000002       0.33333333333333331        6.8864142831865554E-004
  0.90000000000000002       0.36666666666666664        2.3148126261500289E-004
  0.90000000000000002       0.40000000000000002        7.0072646697258288E-005
  0.90000000000000002       0.43333333333333335        1.8992905010146980E-005
  0.90000000000000002       0.46666666666666667        4.5785548314197453E-006
  0.90000000000000002       0.50000000000000000        9.7384674574389012E-007
  0.90000000000000002       0.53333333333333333        1.8099511522584128E-007
  0.90000000000000002       0.56666666666666665        2.9042195618014259E-008
  0.90000000000000002       0.59999999999999998        3.9620159157310341E-009
  0.90000000000000002       0.63333333333333330        4.5035656760695357E-010
  0.90000000000000002       0.66666666666666663        4.1486292835312782E-011
  0.90000000000000002       0.69999999999999996        2.9745644488350873E-012
  0.90000000000000002       0.73333333333333328        1.5569580214409747E-013
  0.90000000000000002       0.76666666666666661        5.2906093207041944E-015
  0.90000000000000002       0.80000000000000004        8.7571601846205967E-017
  0.90000000000000002       0.83333333333333337        0.0000000000000000     
  0.90000000000000002       0.86666666666666670        0.0000000000000000     
  0.90000000000000002       0.90000000000000002        0.0000000000000000     
  0.90000000000000002       0.93333333333333335        0.0000000000000000     
  0.90000000000000002       0.96666666666666667        0.0000000000000000     
  0.90000000000000002        1.0000000000000000        0.0000000000000000     

  0.93333333333333335        0.0000000000000000       0.20791169081775931     
  0.93333333333333335        3.3333333333333333E-002  0.15681503428349691     
  0.93333333333333335        6.6666666666666666E-002  0.11137292042696731     
  0.93333333333333335       0.10000000000000001        7.4056518876272931E-002
  0.93333333333333335       0.13333333333333333        4.5873307869858826E-002
  0.93333333333333335       0.16666666666666666        2.6352980540073262E-002
  0.93333333333333335       0.20000000000000001        1.3982825566811179E-002
  0.93333333333333335       0.23333333333333334        6.8260489653466407E-003
  0.93333333333333335       0.26666666666666666        3.0541604564269151E-003
  0.93333333333333335       0.29999999999999999        1.2475672384769066E-003
  0.93333333333333335       0.33333333333333331        4.6332922245423305E-004
  0.93333333333333335       0.36666666666666664        1.5574438163267837E-004
  0.93333333333333335       0.40000000000000002        4.7146023422987439E-005
  0.93333333333333335       0.43333333333333335        1.2778737305979351E-005
  0.93333333333333335       0.46666666666666667        3.0805266177279069E-006
  0.93333333333333335       0.50000000000000000        6.5522002734681881E-007
  0.93333333333333335       0.53333333333333333        1.2177647547338471E-007
  0.93333333333333335       0.56666666666666665        1.9540064481615425E-008
  0.93333333333333335       0.59999999999999998        2.6657091457145295E-009
  0.93333333333333335       0.63333333333333330        3.0300726868255162E-010
  0.93333333333333335       0.66666666666666663        2.7912656734615689E-011
  0.93333333333333335       0.69999999999999996        2.0013356393380227E-012
  0.93333333333333335       0.73333333333333328        1.0475468361370809E-013
  0.93333333333333335       0.76666666666666661        3.5596085307500629E-015
  0.93333333333333335       0.80000000000000004        5.8919606814156453E-017
  0.93333333333333335       0.83333333333333337        0.0000000000000000     
  0.93333333333333335       0.86666666666666670        0.0000000000000000     
  0.93333333333333335       0.90000000000000002        0.0000000000000000     
  0.93333333333333335       0.93333333333333335        0.0000000000000000     
  0.93333333333333335       0.96666666666666667        0.0000000000000000     
  0.93333333333333335        1.0000000000000000        0.0000000000000000     

  0.96666666666666667        0.0000000000000000       0.10452846326765373     
  0.96666666666666667        3.3333333333333333E-002   7.8839407666046482E-002
  0.96666666666666667        6.6666666666666666E-002   5.5993196804242175E-002
  0.96666666666666667       0.10000000000000001        3.7232221442872152E-002
  0.96666666666666667       0.13333333333333333        2.3062995437054631E-002
  0.96666666666666667       0.16666666666666666        1.3249070062109947E-002
  0.96666666666666667       0.20000000000000001        7.0299234395605299E-003
  0.96666666666666667       0.23333333333333334        3.4318243756810106E-003
  0.96666666666666667       0.26666666666666666        1.5354918130263758E-003
  0.96666666666666667       0.29999999999999999        6.2721959380036092E-004
  0.96666666666666667       0.33333333333333331        2.3294068467072886E-004
  0.96666666666666667       0.36666666666666664        7.8301132613579075E-005
  0.96666666666666667       0.40000000000000002        2.3702858450154672E-005
  0.96666666666666667       0.43333333333333335        6.4245630817647103E-006
  0.96666666666666667       0.46666666666666667        1.5487475097706028E-006
  0.96666666666666667       0.50000000000000000        3.2941458121652992E-007
  0.96666666666666667       0.53333333333333333        6.1223627172275903E-008
  0.96666666666666667       0.56666666666666665        9.8238483097346507E-009
  0.96666666666666667       0.59999999999999998        1.3401963084620734E-009
  0.96666666666666667       0.63333333333333330        1.5233815871411634E-010
  0.96666666666666667       0.66666666666666663        1.4033203725635209E-011
  0.96666666666666667       0.69999999999999996        1.0061797777699628E-012
  0.96666666666666667       0.73333333333333328        5.2665850848320066E-014
  0.96666666666666667       0.76666666666666661        1.7896079248370555E-015
  0.96666666666666667       0.80000000000000004        2.9622076240130712E-017
  0.96666666666666667       0.83333333333333337        0.0000000000000000     
  0.96666666666666667       0.86666666666666670        0.0000000000000000     
  0.96666666666666667       0.90000000000000002        0.0000000000000000     
  0.96666666666666667       0.93333333333333335        0.0000000000000000     
  0.96666666666666667       0.96666666666666667        0.0000000000000000     
  0.96666666666666667        1.0000000000000000        0.0000000000000000     

   1.0000000000000000        0.0000000000000000        1.2246467991473532E-016
   1.0000000000000000        3.3333333333333333E-002   0.0000000000000000     
   1.0000000000000000        6.6666666666666666E-002   0.0000000000000000     
   1.0000000000000000       0.10000000000000001        0.0000000000000000     
   1.0000000000000000       0.13333333333333333        0.0000000000000000     
   1.0000000000000000       0.16666666666666666        0.0000000000000000     
   1.0000000000000000       0.20000000000000001        0.0000000000000000     
   1.0000000000000000       0.23333333333333334        0.0000000000000000     
   1.0000000000000000       0.26666666666666666        0.0000000000000000     
   1.0000000000000000       0.29999999999999999        0.0000000000000000     
   1.0000000000000000       0.33333333333333331        0.0000000000000000     
   1.0000000000000000       0.36666666666666664        0.0000000000000000     
   1.0000000000000000       0.40000000000000002        0.0000000000000000     
   1.0000000000000000       0.43333333333333335        0.0000000000000000     
   1.0000000000000000       0.46666666666666667        0.0000000000000000     
   1.0000000000000000       0.50000000000000000        0.0000000000000000     
   1.0000000000000000       0.53333333333333333        0.0000000000000000     
   1.0000000000000000       0.56666666666666665        0.0000000000000000     
   1.0000000000000000       0.59999999999999998        0.0000000000000000     
   1.0000000000000000       0.63333333333333330        0.0000000000000000     
   1.0000000000000000       0.66666666666666663        0.0000000000000000     
   1.0000000000000000       0.69999999999999996        0.0000000000000000     
   1.0000000000000000       0.73333333333333328        0.0000000000000000     
   1.0000000000000000       0.76666666666666661        0.0000000000000000     
   1.0000000000000000       0.80000000000000004        0.0000000000000000     
   1.0000000000000000       0.83333333333333337        0.0000000000000000     
   1.0000000000000000       0.86666666666666670        0.0000000000000000     
   1.0000000000000000       0.90000000000000002        0.0000000000000000     
   1.0000000000000000       0.93333333333333335        0.0000000000000000     
   1.0000000000000000       0.96666666666666667        0.0000000000000000     
   1.0000000000000000        1.0000000000000000        0.0000000000000000     

