   0.0000000000000000        0.0000000000000000        0.0000000000000000     
   0.0000000000000000        3.3333333333333333E-002   0.0000000000000000     
   0.0000000000000000        6.6666666666666666E-002   0.0000000000000000     
   0.0000000000000000       0.10000000000000001        0.0000000000000000     
   0.0000000000000000       0.13333333333333333        0.0000000000000000     
   0.0000000000000000       0.16666666666666666        0.0000000000000000     
   0.0000000000000000       0.20000000000000001        0.0000000000000000     
   0.0000000000000000       0.23333333333333334        0.0000000000000000     
   0.0000000000000000       0.26666666666666666        0.0000000000000000     
   0.0000000000000000       0.29999999999999999        0.0000000000000000     
   0.0000000000000000       0.33333333333333331        0.0000000000000000     
   0.0000000000000000       0.36666666666666664        0.0000000000000000     
   0.0000000000000000       0.40000000000000002        0.0000000000000000     
   0.0000000000000000       0.43333333333333335        0.0000000000000000     
   0.0000000000000000       0.46666666666666667        0.0000000000000000     
   0.0000000000000000       0.50000000000000000        0.0000000000000000     
   0.0000000000000000       0.53333333333333333        0.0000000000000000     
   0.0000000000000000       0.56666666666666665        0.0000000000000000     
   0.0000000000000000       0.59999999999999998        0.0000000000000000     
   0.0000000000000000       0.63333333333333330        0.0000000000000000     
   0.0000000000000000       0.66666666666666663        0.0000000000000000     
   0.0000000000000000       0.69999999999999996        0.0000000000000000     
   0.0000000000000000       0.73333333333333328        0.0000000000000000     
   0.0000000000000000       0.76666666666666661        0.0000000000000000     
   0.0000000000000000       0.80000000000000004        0.0000000000000000     
   0.0000000000000000       0.83333333333333337        0.0000000000000000     
   0.0000000000000000       0.86666666666666670        0.0000000000000000     
   0.0000000000000000       0.90000000000000002        0.0000000000000000     
   0.0000000000000000       0.93333333333333335        0.0000000000000000     
   0.0000000000000000       0.96666666666666667        0.0000000000000000     
   0.0000000000000000        1.0000000000000000        0.0000000000000000     

   3.3333333333333333E-002   0.0000000000000000       0.10452846326765346     
   3.3333333333333333E-002   3.3333333333333333E-002   8.2628654321602546E-002
   3.3333333333333333E-002   6.6666666666666666E-002   6.2764907178473384E-002
   3.3333333333333333E-002  0.10000000000000001        4.5652768614809602E-002
   3.3333333333333333E-002  0.13333333333333333        3.1698826203374393E-002
   3.3333333333333333E-002  0.16666666666666666        2.0954061338275331E-002
   3.3333333333333333E-002  0.20000000000000001        1.3155192613902208E-002
   3.3333333333333333E-002  0.23333333333333334        7.8268690302508610E-003
   3.3333333333333333E-002  0.26666666666666666        4.4042782912628361E-003
   3.3333333333333333E-002  0.29999999999999999        2.3396091798694465E-003
   3.3333333333333333E-002  0.33333333333333331        1.1711447666795985E-003
   3.3333333333333333E-002  0.36666666666666664        5.5144879469545046E-004
   3.3333333333333333E-002  0.40000000000000002        2.4380940456933072E-004
   3.3333333333333333E-002  0.43333333333333335        1.0102954466942120E-004
   3.3333333333333333E-002  0.46666666666666667        3.9161960090964914E-005
   3.3333333333333333E-002  0.50000000000000000        1.4171373568406806E-005
   3.3333333333333333E-002  0.53333333333333333        4.7767925999140880E-006
   3.3333333333333333E-002  0.56666666666666665        1.4962279270211427E-006
   3.3333333333333333E-002  0.59999999999999998        4.3436130311559908E-007
   3.3333333333333333E-002  0.63333333333333330        1.1652628249223590E-007
   3.3333333333333333E-002  0.66666666666666663        2.8793113296020216E-008
   3.3333333333333333E-002  0.69999999999999996        6.5287471497075112E-009
   3.3333333333333333E-002  0.73333333333333328        1.3527027158258682E-009
   3.3333333333333333E-002  0.76666666666666661        2.5484603331692834E-010
   3.3333333333333333E-002  0.80000000000000004        4.3408531806222331E-011
   3.3333333333333333E-002  0.83333333333333337        6.6399662496913702E-012
   3.3333333333333333E-002  0.86666666666666670        9.0478614546068829E-013
   3.3333333333333333E-002  0.90000000000000002        1.0875553421243834E-013
   3.3333333333333333E-002  0.93333333333333335        1.1391472750738640E-014
   3.3333333333333333E-002  0.96666666666666667        1.0190336340128868E-015
   3.3333333333333333E-002   1.0000000000000000        0.0000000000000000     

   6.6666666666666666E-002   0.0000000000000000       0.20791169081775931     
   6.6666666666666666E-002   3.3333333333333333E-002  0.16435201181530007     
   6.6666666666666666E-002   6.6666666666666666E-002  0.12484214889949821     
   6.6666666666666666E-002  0.10000000000000001        9.0805355943219326E-002
   6.6666666666666666E-002  0.13333333333333333        6.3050353433458786E-002
   6.6666666666666666E-002  0.16666666666666666        4.1678545595609282E-002
   6.6666666666666666E-002  0.20000000000000001        2.6166254184625471E-002
   6.6666666666666666E-002  0.23333333333333334        1.5567985245528651E-002
   6.6666666666666666E-002  0.26666666666666666        8.7603023879121132E-003
   6.6666666666666666E-002  0.29999999999999999        4.6535851119695465E-003
   6.6666666666666666E-002  0.33333333333333331        2.3294582262176574E-003
   6.6666666666666666E-002  0.36666666666666664        1.0968558009981384E-003
   6.6666666666666666E-002  0.40000000000000002        4.8494758228180199E-004
   6.6666666666666666E-002  0.43333333333333335        2.0095218850565280E-004
   6.6666666666666666E-002  0.46666666666666667        7.7894853552006212E-005
   6.6666666666666666E-002  0.50000000000000000        2.8187482602447574E-005
   6.6666666666666666E-002  0.53333333333333333        9.5012496604954015E-006
   6.6666666666666666E-002  0.56666666666666665        2.9760628677680182E-006
   6.6666666666666666E-002  0.59999999999999998        8.6396365289831717E-007
   6.6666666666666666E-002  0.63333333333333330        2.3177587864879458E-007
   6.6666666666666666E-002  0.66666666666666663        5.7270763217422906E-008
   6.6666666666666666E-002  0.69999999999999996        1.2985963979414651E-008
   6.6666666666666666E-002  0.73333333333333328        2.6905849376259061E-009
   6.6666666666666666E-002  0.76666666666666661        5.0689992016287552E-010
   6.6666666666666666E-002  0.80000000000000004        8.6341470654156418E-011
   6.6666666666666666E-002  0.83333333333333337        1.3207183639648854E-011
   6.6666666666666666E-002  0.86666666666666670        1.7996592645730362E-012
   6.6666666666666666E-002  0.90000000000000002        2.1631952003348659E-013
   6.6666666666666666E-002  0.93333333333333335        2.2658138142201262E-014
   6.6666666666666666E-002  0.96666666666666667        2.0269025222850305E-015
   6.6666666666666666E-002   1.0000000000000000        0.0000000000000000     

  0.10000000000000001        0.0000000000000000       0.30901699437494740     
  0.10000000000000001        3.3333333333333333E-002  0.24427469427467960     
  0.10000000000000001        6.6666666666666666E-002  0.18555159391228093     
  0.10000000000000001       0.10000000000000001       0.13496306078967280     
  0.10000000000000001       0.13333333333333333        9.3711087797191506E-002
  0.10000000000000001       0.16666666666666666        6.1946390985601348E-002
  0.10000000000000001       0.20000000000000001        3.8890632798861256E-002
  0.10000000000000001       0.23333333333333334        2.3138535356646076E-002
  0.10000000000000001       0.26666666666666666        1.3020346778388290E-002
  0.10000000000000001       0.29999999999999999        6.9165753917576171E-003
  0.10000000000000001       0.33333333333333331        3.4622496539588022E-003
  0.10000000000000001       0.36666666666666664        1.6302454256132582E-003
  0.10000000000000001       0.40000000000000002        7.2077257280098791E-004
  0.10000000000000001       0.43333333333333335        2.9867315811266760E-004
  0.10000000000000001       0.46666666666666667        1.1577431469698567E-004
  0.10000000000000001       0.50000000000000000        4.1894763678485984E-005
  0.10000000000000001       0.53333333333333333        1.4121609041532013E-005
  0.10000000000000001       0.56666666666666665        4.4232914409544350E-006
  0.10000000000000001       0.59999999999999998        1.2841002361038639E-006
  0.10000000000000001       0.63333333333333330        3.4448608977665630E-007
  0.10000000000000001       0.66666666666666663        8.5120942672337841E-008
  0.10000000000000001       0.69999999999999996        1.9300903870275658E-008
  0.10000000000000001       0.73333333333333328        3.9989885478082191E-009
  0.10000000000000001       0.76666666666666661        7.5340010540789037E-010
  0.10000000000000001       0.80000000000000004        1.2832843428148925E-010
  0.10000000000000001       0.83333333333333337        1.9629700361869490E-011
  0.10000000000000001       0.86666666666666670        2.6748149401798091E-012
  0.10000000000000001       0.90000000000000002        3.2151346392527813E-013
  0.10000000000000001       0.93333333333333335        3.3676556230657687E-014
  0.10000000000000001       0.96666666666666667        3.0125642423663987E-015
  0.10000000000000001        1.0000000000000000        0.0000000000000000     

  0.13333333333333333        0.0000000000000000       0.40673664307580015     
  0.13333333333333333        3.3333333333333333E-002  0.32152105206581966     
  0.13333333333333333        6.6666666666666666E-002  0.24422809683299337     
  0.13333333333333333       0.10000000000000001       0.17764208209927845     
  0.13333333333333333       0.13333333333333333       0.12334510387271236     
  0.13333333333333333       0.16666666666666666        8.1535538752839476E-002
  0.13333333333333333       0.20000000000000001        5.1188917501764616E-002
  0.13333333333333333       0.23333333333333334        3.0455574832346271E-002
  0.13333333333333333       0.26666666666666666        1.7137737524877721E-002
  0.13333333333333333       0.29999999999999999        9.1037862241671388E-003
  0.13333333333333333       0.33333333333333331        4.5571079499688557E-003
  0.13333333333333333       0.36666666666666664        2.1457737401945711E-003
  0.13333333333333333       0.40000000000000002        9.4870062818120868E-004
  0.13333333333333333       0.43333333333333335        3.9312180209802349E-004
  0.13333333333333333       0.46666666666666667        1.5238532822281207E-004
  0.13333333333333333       0.50000000000000000        5.5143036956619972E-005
  0.13333333333333333       0.53333333333333333        1.8587249118772923E-005
  0.13333333333333333       0.56666666666666665        5.8220575074805123E-006
  0.13333333333333333       0.59999999999999998        1.6901679484074067E-006
  0.13333333333333333       0.63333333333333330        4.5342203921657624E-007
  0.13333333333333333       0.66666666666666663        1.1203851926663220E-007
  0.13333333333333333       0.69999999999999996        2.5404379019360125E-008
  0.13333333333333333       0.73333333333333328        5.2635784026185921E-009
  0.13333333333333333       0.76666666666666661        9.9164588143894854E-010
  0.13333333333333333       0.80000000000000004        1.6890940472838276E-010
  0.13333333333333333       0.83333333333333337        2.5837149979146590E-011
  0.13333333333333333       0.86666666666666670        3.5206647835609611E-012
  0.13333333333333333       0.90000000000000002        4.2318483902528650E-013
  0.13333333333333333       0.93333333333333335        4.4326006921778577E-014
  0.13333333333333333       0.96666666666666667        3.9652196781888040E-015
  0.13333333333333333        1.0000000000000000        0.0000000000000000     

  0.16666666666666666        0.0000000000000000       0.49999999999999994     
  0.16666666666666666        3.3333333333333333E-002  0.39524475792792102     
  0.16666666666666666        6.6666666666666666E-002  0.30022878561678862     
  0.16666666666666666       0.10000000000000001       0.21837481958340882     
  0.16666666666666666       0.13333333333333333       0.15162772517858139     
  0.16666666666666666       0.16666666666666666       0.10023136609509310     
  0.16666666666666666       0.20000000000000001        6.2926365712548976E-002
  0.16666666666666666       0.23333333333333334        3.7438936656944526E-002
  0.16666666666666666       0.26666666666666666        2.1067363632742451E-002
  0.16666666666666666       0.29999999999999999        1.1191254069614945E-002
  0.16666666666666666       0.33333333333333331        5.6020376176429045E-003
  0.16666666666666666       0.36666666666666664        2.6377925086462895E-003
  0.16666666666666666       0.40000000000000002        1.1662345209507066E-003
  0.16666666666666666       0.43333333333333335        4.8326332135356756E-004
  0.16666666666666666       0.46666666666666667        1.8732677620394929E-004
  0.16666666666666666       0.50000000000000000        6.7787151582434884E-005
  0.16666666666666666       0.53333333333333333        2.2849243405036623E-005
  0.16666666666666666       0.56666666666666665        7.1570358936107742E-006
  0.16666666666666666       0.59999999999999998        2.0777178269778166E-006
  0.16666666666666666       0.63333333333333330        5.5739020191017754E-007
  0.16666666666666666       0.66666666666666663        1.3772857839827392E-007
  0.16666666666666666       0.69999999999999996        3.1229518475700401E-008
  0.16666666666666666       0.73333333333333328        6.4704993909752822E-009
  0.16666666666666666       0.76666666666666661        1.2190269776777197E-009
  0.16666666666666666       0.80000000000000004        2.0763976839050681E-010
  0.16666666666666666       0.83333333333333337        3.1761522374480937E-011
  0.16666666666666666       0.86666666666666670        4.3279414868269479E-012
  0.16666666666666666       0.90000000000000002        5.2021971247181317E-013
  0.16666666666666666       0.93333333333333335        5.4489812605251181E-014
  0.16666666666666666       0.96666666666666667        4.8744313374414097E-015
  0.16666666666666666        1.0000000000000000        0.0000000000000000     

  0.20000000000000001        0.0000000000000000       0.58778525229247314     
  0.20000000000000001        3.3333333333333333E-002  0.46463807951188102     
  0.20000000000000001        6.6666666666666666E-002  0.35294010499845391     
  0.20000000000000001       0.10000000000000001       0.25671499684631449     
  0.20000000000000001       0.13333333333333333       0.17824908139725248     
  0.20000000000000001       0.16666666666666666       0.11782903761564707     
  0.20000000000000001       0.20000000000000001        7.3974379492398060E-002
  0.20000000000000001       0.23333333333333334        4.4012109656928110E-002
  0.20000000000000001       0.26666666666666666        2.4766171296017592E-002
  0.20000000000000001       0.29999999999999999        1.3156108193555574E-002
  0.20000000000000001       0.33333333333333331        6.5855901888763196E-003
  0.20000000000000001       0.36666666666666664        3.1009110703797099E-003
  0.20000000000000001       0.40000000000000002        1.3709909042584054E-003
  0.20000000000000001       0.43333333333333335        5.6811010653101039E-004
  0.20000000000000001       0.46666666666666667        2.2021583282434798E-004
  0.20000000000000001       0.50000000000000000        7.9688575990139224E-005
  0.20000000000000001       0.53333333333333333        2.6860896599043162E-005
  0.20000000000000001       0.56666666666666665        8.4136002967845884E-006
  0.20000000000000001       0.59999999999999998        2.4425037942454501E-006
  0.20000000000000001       0.63333333333333330        6.5525148091025249E-007
  0.20000000000000001       0.66666666666666663        1.6190965440342619E-007
  0.20000000000000001       0.69999999999999996        3.6712500792424024E-008
  0.20000000000000001       0.73333333333333328        7.6065282339653992E-009
  0.20000000000000001       0.76666666666666661        1.4330521592512595E-009
  0.20000000000000001       0.80000000000000004        2.4409518729872951E-010
  0.20000000000000001       0.83333333333333337        3.7337908884154620E-011
  0.20000000000000001       0.86666666666666670        5.0878003574832772E-012
  0.20000000000000001       0.90000000000000002        6.1155494988552513E-013
  0.20000000000000001       0.93333333333333335        6.4056616499094306E-014
  0.20000000000000001       0.96666666666666667        5.7302377069206730E-015
  0.20000000000000001        1.0000000000000000        0.0000000000000000     

  0.23333333333333334        0.0000000000000000       0.66913060635885824     
  0.23333333333333334        3.3333333333333333E-002  0.52894072906493983     
  0.23333333333333334        6.6666666666666666E-002  0.40178453873229086     
  0.23333333333333334       0.10000000000000001       0.29224255088270529     
  0.23333333333333334       0.13333333333333333       0.20291750337911696     
  0.23333333333333334       0.16666666666666666       0.13413574954277269     
  0.23333333333333334       0.20000000000000001        8.4211914490394335E-002
  0.23333333333333334       0.23333333333333334        5.0103076773384353E-002
  0.23333333333333334       0.26666666666666666        2.8193635603919028E-002
  0.23333333333333334       0.29999999999999999        1.4976821243034975E-002
  0.23333333333333334       0.33333333333333331        7.4969896558770609E-003
  0.23333333333333334       0.36666666666666664        3.5300554015186918E-003
  0.23333333333333334       0.40000000000000002        1.5607264243207575E-003
  0.23333333333333334       0.43333333333333335        6.4673255849661681E-004
  0.23333333333333334       0.46666666666666667        2.5069215869719742E-004
  0.23333333333333334       0.50000000000000000        9.0716915683388994E-005
  0.23333333333333334       0.53333333333333333        3.0578256188906600E-005
  0.23333333333333334       0.56666666666666665        9.5779835344477800E-006
  0.23333333333333334       0.59999999999999998        2.7805291788165513E-006
  0.23333333333333334       0.63333333333333330        7.4593368756528696E-007
  0.23333333333333334       0.66666666666666663        1.8431681435316113E-007
  0.23333333333333334       0.69999999999999996        4.1793253267881145E-008
  0.23333333333333334       0.73333333333333328        8.6592183618558268E-009
  0.23333333333333334       0.76666666666666661        1.6313765214825980E-009
  0.23333333333333334       0.80000000000000004        2.7787624825470538E-010
  0.23333333333333334       0.83333333333333337        4.2505213450633741E-011
  0.23333333333333334       0.86666666666666670        5.7919162227323478E-012
  0.23333333333333334       0.90000000000000002        6.9618986329219033E-013
  0.23333333333333334       0.93333333333333335        7.2921602697864558E-014
  0.23333333333333334       0.96666666666666667        6.5232623929535802E-015
  0.23333333333333334        1.0000000000000000        0.0000000000000000     

  0.26666666666666666        0.0000000000000000       0.74314482547739413     
  0.26666666666666666        3.3333333333333333E-002  0.58744819330239950     
  0.26666666666666666        6.6666666666666666E-002  0.44622693698095683     
  0.26666666666666666       0.10000000000000001       0.32456823437593962     
  0.26666666666666666       0.13333333333333333       0.22536271873074232     
  0.26666666666666666       0.16666666666666666       0.14897284212819753     
  0.26666666666666666       0.20000000000000001        9.3526806130757797E-002
  0.26666666666666666       0.23333333333333334        5.5645104095968512E-002
  0.26666666666666666       0.26666666666666666        3.1312204540246386E-002
  0.26666666666666666       0.29999999999999999        1.6633445104874352E-002
  0.26666666666666666       0.33333333333333331        8.3262505353620675E-003
  0.26666666666666666       0.36666666666666664        3.9205237069670495E-003
  0.26666666666666666       0.40000000000000002        1.7333622990752507E-003
  0.26666666666666666       0.43333333333333335        7.1826927321384554E-004
  0.26666666666666666       0.46666666666666667        2.7842184881865360E-004
  0.26666666666666666       0.50000000000000000        1.0075134186467649E-004
  0.26666666666666666       0.53333333333333333        3.3960594005052882E-005
  0.26666666666666666       0.56666666666666665        1.0637428380185650E-005
  0.26666666666666666       0.59999999999999998        3.0880905038414007E-006
  0.26666666666666666       0.63333333333333330        8.2844328864269672E-007
  0.26666666666666666       0.66666666666666663        2.0470456071406974E-007
  0.26666666666666666       0.69999999999999996        4.6416110114734867E-008
  0.26666666666666666       0.73333333333333328        9.6170362813158223E-009
  0.26666666666666666       0.76666666666666661        1.8118271811570890E-009
  0.26666666666666666       0.80000000000000004        3.0861283888545950E-010
  0.26666666666666666       0.83333333333333337        4.7206822003759987E-011
  0.26666666666666666       0.86666666666666670        6.4325746418087719E-012
  0.26666666666666666       0.90000000000000002        7.7319717486953161E-013
  0.26666666666666666       0.93333333333333335        8.0987644557650619E-014
  0.26666666666666666       0.96666666666666667        7.2448168511288740E-015
  0.26666666666666666        1.0000000000000000        0.0000000000000000     

  0.29999999999999999        0.0000000000000000       0.80901699437494745     
  0.29999999999999999        3.3333333333333333E-002  0.63951945220260054     
  0.29999999999999999        6.6666666666666666E-002  0.48578037952906955     
  0.29999999999999999       0.10000000000000001       0.35333788037308167     
  0.29999999999999999       0.13333333333333333       0.24533881297577290     
  0.29999999999999999       0.16666666666666666       0.16217775708069446     
  0.29999999999999999       0.20000000000000001       0.10181699851141025     
  0.29999999999999999       0.23333333333333334        6.0577472013590601E-002
  0.29999999999999999       0.26666666666666666        3.4087710411130741E-002
  0.29999999999999999       0.29999999999999999        1.8107829461372561E-002
  0.29999999999999999       0.33333333333333331        9.0642872716017071E-003
  0.29999999999999999       0.36666666666666664        4.2680379342595479E-003
  0.29999999999999999       0.40000000000000002        1.8870070937516943E-003
  0.29999999999999999       0.43333333333333335        7.8193647946623516E-004
  0.29999999999999999       0.46666666666666667        3.0310109090093496E-004
  0.29999999999999999       0.50000000000000000        1.0968191526092088E-004
  0.29999999999999999       0.53333333333333333        3.6970852446568635E-005
  0.29999999999999999       0.56666666666666665        1.1580327334565209E-005
  0.29999999999999999       0.59999999999999998        3.3618180630816808E-006
  0.29999999999999999       0.63333333333333330        9.0187629168683368E-007
  0.29999999999999999       0.66666666666666663        2.2284952107061176E-007
  0.29999999999999999       0.69999999999999996        5.0530422345976046E-008
  0.29999999999999999       0.73333333333333328        1.0469487938783502E-008
  0.29999999999999999       0.76666666666666661        1.9724270830856101E-009
  0.29999999999999999       0.80000000000000004        3.3596820267199611E-010
  0.29999999999999999       0.83333333333333337        5.1391222736350427E-011
  0.29999999999999999       0.86666666666666670        7.0027564270067578E-012
  0.29999999999999999       0.90000000000000002        8.4173317639709140E-013
  0.29999999999999999       0.93333333333333335        8.8166368835908887E-014
  0.29999999999999999       0.96666666666666667        7.8869955798078096E-015
  0.29999999999999999        1.0000000000000000        0.0000000000000000     

  0.33333333333333331        0.0000000000000000       0.86602540378443860     
  0.33333333333333331        3.3333333333333333E-002  0.68458400215642090     
  0.33333333333333331        6.6666666666666666E-002  0.52001151058298212     
  0.33333333333333331       0.10000000000000001       0.37823628261215114     
  0.33333333333333331       0.13333333333333333       0.26262692384539371     
  0.33333333333333331       0.16666666666666666       0.17360581858873780     
  0.33333333333333331       0.20000000000000001       0.10899166254979498     
  0.33333333333333331       0.23333333333333334        6.4846140471180799E-002
  0.33333333333333331       0.26666666666666666        3.6489744193438763E-002
  0.33333333333333331       0.29999999999999999        1.9383820648985049E-002
  0.33333333333333331       0.33333333333333331        9.7030137796696222E-003
  0.33333333333333331       0.36666666666666664        4.5687906447999414E-003
  0.33333333333333331       0.40000000000000002        2.0199774438273742E-003
  0.33333333333333331       0.43333333333333335        8.3703662601886445E-004
  0.33333333333333331       0.46666666666666667        3.2445949400332472E-004
  0.33333333333333331       0.50000000000000000        1.1741079064115025E-004
  0.33333333333333331       0.53333333333333333        3.9576050492031524E-005
  0.33333333333333331       0.56666666666666665        1.2396349799327983E-005
  0.33333333333333331       0.59999999999999998        3.5987128401171802E-006
  0.33333333333333331       0.63333333333333330        9.6542814934950236E-007
  0.33333333333333331       0.66666666666666663        2.3855289544004372E-007
  0.33333333333333331       0.69999999999999996        5.4091112695824054E-008
  0.33333333333333331       0.73333333333333328        1.1207233695512667E-008
  0.33333333333333331       0.76666666666666661        2.1114166611349424E-009
  0.33333333333333331       0.80000000000000004        3.5964262852419196E-010
  0.33333333333333331       0.83333333333333337        5.5012570478336689E-011
  0.33333333333333331       0.86666666666666670        7.4962145473694629E-012
  0.33333333333333331       0.90000000000000002        9.0104697310005333E-013
  0.33333333333333331       0.93333333333333335        9.4379123927202102E-014
  0.33333333333333331       0.96666666666666667        8.4427627344544351E-015
  0.33333333333333331        1.0000000000000000        0.0000000000000000     

  0.36666666666666664        0.0000000000000000       0.91354545764260087     
  0.36666666666666664        3.3333333333333333E-002  0.72214810652420314     
  0.36666666666666664        6.6666666666666666E-002  0.54854528670754288     
  0.36666666666666664       0.10000000000000001       0.39899064898789127     
  0.36666666666666664       0.13333333333333333       0.27703763917914731     
  0.36666666666666664       0.16666666666666666       0.18313181841896978     
  0.36666666666666664       0.20000000000000001       0.11497219112531246     
  0.36666666666666664       0.23333333333333334        6.8404341043841466E-002
  0.36666666666666664       0.26666666666666666        3.8491988702393579E-002
  0.36666666666666664       0.29999999999999999        2.0447438641242009E-002
  0.36666666666666664       0.33333333333333331        1.0235432038281304E-002
  0.36666666666666664       0.36666666666666664        4.8194867289549984E-003
  0.36666666666666664       0.40000000000000002        2.1308164983210253E-003
  0.36666666666666664       0.43333333333333335        8.8296602413565637E-004
  0.36666666666666664       0.46666666666666667        3.4226305099189987E-004
  0.36666666666666664       0.50000000000000000        1.2385328882932766E-004
  0.36666666666666664       0.53333333333333333        4.1747645046482732E-005
  0.36666666666666664       0.56666666666666665        1.3076555261586352E-005
  0.36666666666666664       0.59999999999999998        3.7961793661972791E-006
  0.36666666666666664       0.63333333333333330        1.0184025741790696E-006
  0.36666666666666664       0.66666666666666663        2.5164263436663193E-007
  0.36666666666666664       0.69999999999999996        5.7059169495683561E-008
  0.36666666666666664       0.73333333333333328        1.1822190654609368E-008
  0.36666666666666664       0.76666666666666661        2.2272731164025383E-009
  0.36666666666666664       0.80000000000000004        3.7937673447821837E-010
  0.36666666666666664       0.83333333333333337        5.8031188986041793E-011
  0.36666666666666664       0.86666666666666670        7.9075425724674451E-012
  0.36666666666666664       0.90000000000000002        9.5048871060952938E-013
  0.36666666666666664       0.93333333333333335        9.9557841586647505E-014
  0.36666666666666664       0.96666666666666667        8.9060292138206934E-015
  0.36666666666666664        1.0000000000000000        0.0000000000000000     

  0.40000000000000002        0.0000000000000000       0.95105651629515353     
  0.40000000000000002        3.3333333333333333E-002  0.75180020511769963     
  0.40000000000000002        6.6666666666666666E-002  0.57106908588045502     
  0.40000000000000002       0.10000000000000001       0.41537359031915894     
  0.40000000000000002       0.13333333333333333       0.28841307216420109     
  0.40000000000000002       0.16666666666666666       0.19065138772380680     
  0.40000000000000002       0.20000000000000001       0.11969306031538327     
  0.40000000000000002       0.23333333333333334        7.1213089341497157E-002
  0.40000000000000002       0.26666666666666666        4.0072506928158495E-002
  0.40000000000000002       0.29999999999999999        2.1287030216843902E-002
  0.40000000000000002       0.33333333333333331        1.0655708761579726E-002
  0.40000000000000002       0.36666666666666664        5.0173795079651879E-003
  0.40000000000000002       0.40000000000000002        2.2183098813570524E-003
  0.40000000000000002       0.43333333333333335        9.1922146171949848E-004
  0.40000000000000002       0.46666666666666667        3.5631670237065981E-004
  0.40000000000000002       0.50000000000000000        1.2893882446712407E-004
  0.40000000000000002       0.53333333333333333        4.3461843665548287E-005
  0.40000000000000002       0.56666666666666665        1.3613491247953667E-005
  0.40000000000000002       0.59999999999999998        3.9520541567397181E-006
  0.40000000000000002       0.63333333333333330        1.0602191672914911E-006
  0.40000000000000002       0.66666666666666663        2.6197532393149266E-007
  0.40000000000000002       0.69999999999999996        5.9402074094149507E-008
  0.40000000000000002       0.73333333333333328        1.2307621218941728E-008
  0.40000000000000002       0.76666666666666661        2.3187271013199642E-009
  0.40000000000000002       0.80000000000000004        3.9495430953961592E-010
  0.40000000000000002       0.83333333333333337        6.0414005643408823E-011
  0.40000000000000002       0.86666666666666670        8.2322339063818073E-012
  0.40000000000000002       0.90000000000000002        9.8951669490301800E-013
  0.40000000000000002       0.93333333333333335        1.0364578269985187E-013
  0.40000000000000002       0.96666666666666667        9.2717193734139052E-015
  0.40000000000000002        1.0000000000000000        0.0000000000000000     

  0.43333333333333335        0.0000000000000000       0.97814760073380569     
  0.43333333333333335        3.3333333333333333E-002  0.77321542333961946     
  0.43333333333333335        6.6666666666666666E-002  0.58733613264457174     
  0.43333333333333335       0.10000000000000001       0.42720561167237803     
  0.43333333333333335       0.13333333333333333       0.29662859117630841     
  0.43333333333333335       0.16666666666666666       0.19608214052837403     
  0.43333333333333335       0.20000000000000001       0.12310254728925558     
  0.43333333333333335       0.23333333333333334        7.3241612130030428E-002
  0.43333333333333335       0.26666666666666666        4.1213982382307321E-002
  0.43333333333333335       0.29999999999999999        2.1893396634792592E-002
  0.43333333333333335       0.33333333333333331        1.0959239309835864E-002
  0.43333333333333335       0.36666666666666664        5.1603008271319502E-003
  0.43333333333333335       0.40000000000000002        2.2814989971217457E-003
  0.43333333333333335       0.43333333333333335        9.4540571660928436E-004
  0.43333333333333335       0.46666666666666667        3.6646647339418314E-004
  0.43333333333333335       0.50000000000000000        1.3261167936187495E-004
  0.43333333333333335       0.53333333333333333        4.4699865230438606E-005
  0.43333333333333335       0.56666666666666665        1.4001274975402213E-005
  0.43333333333333335       0.59999999999999998        4.0646294149204150E-006
  0.43333333333333335       0.63333333333333330        1.0904197773419432E-006
  0.43333333333333335       0.66666666666666663        2.6943775702549895E-007
  0.43333333333333335       0.69999999999999996        6.1094157138156809E-008
  0.43333333333333335       0.73333333333333328        1.2658206909664045E-008
  0.43333333333333335       0.76666666666666661        2.3847766268904885E-009
  0.43333333333333335       0.80000000000000004        4.0620468253619456E-010
  0.43333333333333335       0.83333333333333337        6.2134913812503232E-011
  0.43333333333333335       0.86666666666666670        8.4667311629121545E-012
  0.43333333333333335       0.90000000000000002        1.0177033272174684E-012
  0.43333333333333335       0.93333333333333335        1.0659815892852224E-013
  0.43333333333333335       0.96666666666666667        9.5358266353199801E-015
  0.43333333333333335        1.0000000000000000        0.0000000000000000     

  0.46666666666666667        0.0000000000000000       0.99452189536827329     
  0.46666666666666667        3.3333333333333333E-002  0.78615913157770068     
  0.46666666666666667        6.6666666666666666E-002  0.59716820183144725     
  0.46666666666666667       0.10000000000000001       0.43435707894559294     
  0.46666666666666667       0.13333333333333333       0.30159418526996484     
  0.46666666666666667       0.16666666666666666       0.19936457636848653     
  0.46666666666666667       0.20000000000000001       0.12516329699416268     
  0.46666666666666667       0.23333333333333334        7.4467684489274377E-002
  0.46666666666666667       0.26666666666666666        4.1903908820895314E-002
  0.46666666666666667       0.29999999999999999        2.2259894417722716E-002
  0.46666666666666667       0.33333333333333331        1.1142698138845178E-002
  0.46666666666666667       0.36666666666666664        5.2466848105742828E-003
  0.46666666666666667       0.40000000000000002        2.3196915324396137E-003
  0.46666666666666667       0.43333333333333335        9.6123190862903388E-004
  0.46666666666666667       0.46666666666666667        3.7260116104716006E-004
  0.46666666666666667       0.50000000000000000        1.3483161294675918E-004
  0.46666666666666667       0.53333333333333333        4.5448145717816085E-005
  0.46666666666666667       0.56666666666666665        1.4235657804265101E-005
  0.46666666666666667       0.59999999999999998        4.1326717426528570E-006
  0.46666666666666667       0.63333333333333330        1.1086735201268287E-006
  0.46666666666666667       0.66666666666666663        2.7394817367005841E-007
  0.46666666666666667       0.69999999999999996        6.2116879811784145E-008
  0.46666666666666667       0.73333333333333328        1.2870106636583991E-008
  0.46666666666666667       0.76666666666666661        2.4246980406902074E-009
  0.46666666666666667       0.80000000000000004        4.1300459202711217E-010
  0.46666666666666667       0.83333333333333337        6.3175058863301224E-011
  0.46666666666666667       0.86666666666666670        8.6084651410442391E-012
  0.46666666666666667       0.90000000000000002        1.0347397889108116E-012
  0.46666666666666667       0.93333333333333335        1.0838262342087287E-013
  0.46666666666666667       0.96666666666666667        9.6954573851094754E-015
  0.46666666666666667        1.0000000000000000        0.0000000000000000     

  0.50000000000000000        0.0000000000000000        1.0000000000000000     
  0.50000000000000000        3.3333333333333333E-002  0.79048951585584204     
  0.50000000000000000        6.6666666666666666E-002  0.60045757123357724     
  0.50000000000000000       0.10000000000000001       0.43674963916681769     
  0.50000000000000000       0.13333333333333333       0.30325545035716278     
  0.50000000000000000       0.16666666666666666       0.20046273219018620     
  0.50000000000000000       0.20000000000000001       0.12585273142509798     
  0.50000000000000000       0.23333333333333334        7.4877873313889037E-002
  0.50000000000000000       0.26666666666666666        4.2134727265484909E-002
  0.50000000000000000       0.29999999999999999        2.2382508139229890E-002
  0.50000000000000000       0.33333333333333331        1.1204075235285811E-002
  0.50000000000000000       0.36666666666666664        5.2755850172925799E-003
  0.50000000000000000       0.40000000000000002        2.3324690419014131E-003
  0.50000000000000000       0.43333333333333335        9.6652664270713512E-004
  0.50000000000000000       0.46666666666666667        3.7465355240789863E-004
  0.50000000000000000       0.50000000000000000        1.3557430316486977E-004
  0.50000000000000000       0.53333333333333333        4.5698486810073245E-005
  0.50000000000000000       0.56666666666666665        1.4314071787221548E-005
  0.50000000000000000       0.59999999999999998        4.1554356539556333E-006
  0.50000000000000000       0.63333333333333330        1.1147804038203551E-006
  0.50000000000000000       0.66666666666666663        2.7545715679654784E-007
  0.50000000000000000       0.69999999999999996        6.2459036951400815E-008
  0.50000000000000000       0.73333333333333328        1.2940998781950564E-008
  0.50000000000000000       0.76666666666666661        2.4380539553554393E-009
  0.50000000000000000       0.80000000000000004        4.1527953678101362E-010
  0.50000000000000000       0.83333333333333337        6.3523044748961874E-011
  0.50000000000000000       0.86666666666666670        8.6558829736538942E-012
  0.50000000000000000       0.90000000000000002        1.0404394249436263E-012
  0.50000000000000000       0.93333333333333335        1.0897962521050237E-013
  0.50000000000000000       0.96666666666666667        9.7488626748828162E-015
  0.50000000000000000        1.0000000000000000        0.0000000000000000     

  0.53333333333333333        0.0000000000000000       0.99452189536827340     
  0.53333333333333333        3.3333333333333333E-002  0.78615913157770068     
  0.53333333333333333        6.6666666666666666E-002  0.59716820183144725     
  0.53333333333333333       0.10000000000000001       0.43435707894559300     
  0.53333333333333333       0.13333333333333333       0.30159418526996484     
  0.53333333333333333       0.16666666666666666       0.19936457636848656     
  0.53333333333333333       0.20000000000000001       0.12516329699416268     
  0.53333333333333333       0.23333333333333334        7.4467684489274391E-002
  0.53333333333333333       0.26666666666666666        4.1903908820895314E-002
  0.53333333333333333       0.29999999999999999        2.2259894417722720E-002
  0.53333333333333333       0.33333333333333331        1.1142698138845178E-002
  0.53333333333333333       0.36666666666666664        5.2466848105742819E-003
  0.53333333333333333       0.40000000000000002        2.3196915324396141E-003
  0.53333333333333333       0.43333333333333335        9.6123190862903388E-004
  0.53333333333333333       0.46666666666666667        3.7260116104716006E-004
  0.53333333333333333       0.50000000000000000        1.3483161294675921E-004
  0.53333333333333333       0.53333333333333333        4.5448145717816085E-005
  0.53333333333333333       0.56666666666666665        1.4235657804265101E-005
  0.53333333333333333       0.59999999999999998        4.1326717426528570E-006
  0.53333333333333333       0.63333333333333330        1.1086735201268287E-006
  0.53333333333333333       0.66666666666666663        2.7394817367005841E-007
  0.53333333333333333       0.69999999999999996        6.2116879811784145E-008
  0.53333333333333333       0.73333333333333328        1.2870106636583991E-008
  0.53333333333333333       0.76666666666666661        2.4246980406902074E-009
  0.53333333333333333       0.80000000000000004        4.1300459202711217E-010
  0.53333333333333333       0.83333333333333337        6.3175058863301224E-011
  0.53333333333333333       0.86666666666666670        8.6084651410442391E-012
  0.53333333333333333       0.90000000000000002        1.0347397889108116E-012
  0.53333333333333333       0.93333333333333335        1.0838262342087287E-013
  0.53333333333333333       0.96666666666666667        9.6954573851094770E-015
  0.53333333333333333        1.0000000000000000        0.0000000000000000     

  0.56666666666666665        0.0000000000000000       0.97814760073380569     
  0.56666666666666665        3.3333333333333333E-002  0.77321542333961946     
  0.56666666666666665        6.6666666666666666E-002  0.58733613264457174     
  0.56666666666666665       0.10000000000000001       0.42720561167237808     
  0.56666666666666665       0.13333333333333333       0.29662859117630846     
  0.56666666666666665       0.16666666666666666       0.19608214052837408     
  0.56666666666666665       0.20000000000000001       0.12310254728925560     
  0.56666666666666665       0.23333333333333334        7.3241612130030428E-002
  0.56666666666666665       0.26666666666666666        4.1213982382307321E-002
  0.56666666666666665       0.29999999999999999        2.1893396634792592E-002
  0.56666666666666665       0.33333333333333331        1.0959239309835864E-002
  0.56666666666666665       0.36666666666666664        5.1603008271319502E-003
  0.56666666666666665       0.40000000000000002        2.2814989971217457E-003
  0.56666666666666665       0.43333333333333335        9.4540571660928436E-004
  0.56666666666666665       0.46666666666666667        3.6646647339418320E-004
  0.56666666666666665       0.50000000000000000        1.3261167936187498E-004
  0.56666666666666665       0.53333333333333333        4.4699865230438613E-005
  0.56666666666666665       0.56666666666666665        1.4001274975402215E-005
  0.56666666666666665       0.59999999999999998        4.0646294149204158E-006
  0.56666666666666665       0.63333333333333330        1.0904197773419432E-006
  0.56666666666666665       0.66666666666666663        2.6943775702549895E-007
  0.56666666666666665       0.69999999999999996        6.1094157138156809E-008
  0.56666666666666665       0.73333333333333328        1.2658206909664043E-008
  0.56666666666666665       0.76666666666666661        2.3847766268904881E-009
  0.56666666666666665       0.80000000000000004        4.0620468253619466E-010
  0.56666666666666665       0.83333333333333337        6.2134913812503245E-011
  0.56666666666666665       0.86666666666666670        8.4667311629121561E-012
  0.56666666666666665       0.90000000000000002        1.0177033272174686E-012
  0.56666666666666665       0.93333333333333335        1.0659815892852226E-013
  0.56666666666666665       0.96666666666666667        9.5358266353199785E-015
  0.56666666666666665        1.0000000000000000        0.0000000000000000     

  0.59999999999999998        0.0000000000000000       0.95105651629515364     
  0.59999999999999998        3.3333333333333333E-002  0.75180020511769974     
  0.59999999999999998        6.6666666666666666E-002  0.57106908588045502     
  0.59999999999999998       0.10000000000000001       0.41537359031915899     
  0.59999999999999998       0.13333333333333333       0.28841307216420115     
  0.59999999999999998       0.16666666666666666       0.19065138772380685     
  0.59999999999999998       0.20000000000000001       0.11969306031538328     
  0.59999999999999998       0.23333333333333334        7.1213089341497171E-002
  0.59999999999999998       0.26666666666666666        4.0072506928158495E-002
  0.59999999999999998       0.29999999999999999        2.1287030216843902E-002
  0.59999999999999998       0.33333333333333331        1.0655708761579728E-002
  0.59999999999999998       0.36666666666666664        5.0173795079651888E-003
  0.59999999999999998       0.40000000000000002        2.2183098813570528E-003
  0.59999999999999998       0.43333333333333335        9.1922146171949859E-004
  0.59999999999999998       0.46666666666666667        3.5631670237065981E-004
  0.59999999999999998       0.50000000000000000        1.2893882446712407E-004
  0.59999999999999998       0.53333333333333333        4.3461843665548294E-005
  0.59999999999999998       0.56666666666666665        1.3613491247953669E-005
  0.59999999999999998       0.59999999999999998        3.9520541567397181E-006
  0.59999999999999998       0.63333333333333330        1.0602191672914914E-006
  0.59999999999999998       0.66666666666666663        2.6197532393149266E-007
  0.59999999999999998       0.69999999999999996        5.9402074094149507E-008
  0.59999999999999998       0.73333333333333328        1.2307621218941726E-008
  0.59999999999999998       0.76666666666666661        2.3187271013199642E-009
  0.59999999999999998       0.80000000000000004        3.9495430953961597E-010
  0.59999999999999998       0.83333333333333337        6.0414005643408849E-011
  0.59999999999999998       0.86666666666666670        8.2322339063818089E-012
  0.59999999999999998       0.90000000000000002        9.8951669490301820E-013
  0.59999999999999998       0.93333333333333335        1.0364578269985188E-013
  0.59999999999999998       0.96666666666666667        9.2717193734139052E-015
  0.59999999999999998        1.0000000000000000        0.0000000000000000     

  0.63333333333333330        0.0000000000000000       0.91354545764260098     
  0.63333333333333330        3.3333333333333333E-002  0.72214810652420325     
  0.63333333333333330        6.6666666666666666E-002  0.54854528670754299     
  0.63333333333333330       0.10000000000000001       0.39899064898789133     
  0.63333333333333330       0.13333333333333333       0.27703763917914731     
  0.63333333333333330       0.16666666666666666       0.18313181841896981     
  0.63333333333333330       0.20000000000000001       0.11497219112531247     
  0.63333333333333330       0.23333333333333334        6.8404341043841466E-002
  0.63333333333333330       0.26666666666666666        3.8491988702393586E-002
  0.63333333333333330       0.29999999999999999        2.0447438641242013E-002
  0.63333333333333330       0.33333333333333331        1.0235432038281308E-002
  0.63333333333333330       0.36666666666666664        4.8194867289549992E-003
  0.63333333333333330       0.40000000000000002        2.1308164983210253E-003
  0.63333333333333330       0.43333333333333335        8.8296602413565637E-004
  0.63333333333333330       0.46666666666666667        3.4226305099189987E-004
  0.63333333333333330       0.50000000000000000        1.2385328882932766E-004
  0.63333333333333330       0.53333333333333333        4.1747645046482732E-005
  0.63333333333333330       0.56666666666666665        1.3076555261586352E-005
  0.63333333333333330       0.59999999999999998        3.7961793661972800E-006
  0.63333333333333330       0.63333333333333330        1.0184025741790698E-006
  0.63333333333333330       0.66666666666666663        2.5164263436663199E-007
  0.63333333333333330       0.69999999999999996        5.7059169495683567E-008
  0.63333333333333330       0.73333333333333328        1.1822190654609368E-008
  0.63333333333333330       0.76666666666666661        2.2272731164025383E-009
  0.63333333333333330       0.80000000000000004        3.7937673447821837E-010
  0.63333333333333330       0.83333333333333337        5.8031188986041806E-011
  0.63333333333333330       0.86666666666666670        7.9075425724674467E-012
  0.63333333333333330       0.90000000000000002        9.5048871060952959E-013
  0.63333333333333330       0.93333333333333335        9.9557841586647543E-014
  0.63333333333333330       0.96666666666666667        8.9060292138206950E-015
  0.63333333333333330        1.0000000000000000        0.0000000000000000     

  0.66666666666666663        0.0000000000000000       0.86602540378443871     
  0.66666666666666663        3.3333333333333333E-002  0.68458400215642101     
  0.66666666666666663        6.6666666666666666E-002  0.52001151058298212     
  0.66666666666666663       0.10000000000000001       0.37823628261215114     
  0.66666666666666663       0.13333333333333333       0.26262692384539371     
  0.66666666666666663       0.16666666666666666       0.17360581858873780     
  0.66666666666666663       0.20000000000000001       0.10899166254979499     
  0.66666666666666663       0.23333333333333334        6.4846140471180813E-002
  0.66666666666666663       0.26666666666666666        3.6489744193438763E-002
  0.66666666666666663       0.29999999999999999        1.9383820648985053E-002
  0.66666666666666663       0.33333333333333331        9.7030137796696239E-003
  0.66666666666666663       0.36666666666666664        4.5687906447999414E-003
  0.66666666666666663       0.40000000000000002        2.0199774438273742E-003
  0.66666666666666663       0.43333333333333335        8.3703662601886455E-004
  0.66666666666666663       0.46666666666666667        3.2445949400332477E-004
  0.66666666666666663       0.50000000000000000        1.1741079064115026E-004
  0.66666666666666663       0.53333333333333333        3.9576050492031531E-005
  0.66666666666666663       0.56666666666666665        1.2396349799327985E-005
  0.66666666666666663       0.59999999999999998        3.5987128401171806E-006
  0.66666666666666663       0.63333333333333330        9.6542814934950257E-007
  0.66666666666666663       0.66666666666666663        2.3855289544004378E-007
  0.66666666666666663       0.69999999999999996        5.4091112695824054E-008
  0.66666666666666663       0.73333333333333328        1.1207233695512667E-008
  0.66666666666666663       0.76666666666666661        2.1114166611349424E-009
  0.66666666666666663       0.80000000000000004        3.5964262852419196E-010
  0.66666666666666663       0.83333333333333337        5.5012570478336689E-011
  0.66666666666666663       0.86666666666666670        7.4962145473694629E-012
  0.66666666666666663       0.90000000000000002        9.0104697310005333E-013
  0.66666666666666663       0.93333333333333335        9.4379123927202127E-014
  0.66666666666666663       0.96666666666666667        8.4427627344544351E-015
  0.66666666666666663        1.0000000000000000        0.0000000000000000     

  0.69999999999999996        0.0000000000000000       0.80901699437494745     
  0.69999999999999996        3.3333333333333333E-002  0.63951945220260065     
  0.69999999999999996        6.6666666666666666E-002  0.48578037952906955     
  0.69999999999999996       0.10000000000000001       0.35333788037308167     
  0.69999999999999996       0.13333333333333333       0.24533881297577292     
  0.69999999999999996       0.16666666666666666       0.16217775708069446     
  0.69999999999999996       0.20000000000000001       0.10181699851141025     
  0.69999999999999996       0.23333333333333334        6.0577472013590608E-002
  0.69999999999999996       0.26666666666666666        3.4087710411130748E-002
  0.69999999999999996       0.29999999999999999        1.8107829461372564E-002
  0.69999999999999996       0.33333333333333331        9.0642872716017071E-003
  0.69999999999999996       0.36666666666666664        4.2680379342595479E-003
  0.69999999999999996       0.40000000000000002        1.8870070937516948E-003
  0.69999999999999996       0.43333333333333335        7.8193647946623516E-004
  0.69999999999999996       0.46666666666666667        3.0310109090093496E-004
  0.69999999999999996       0.50000000000000000        1.0968191526092088E-004
  0.69999999999999996       0.53333333333333333        3.6970852446568642E-005
  0.69999999999999996       0.56666666666666665        1.1580327334565209E-005
  0.69999999999999996       0.59999999999999998        3.3618180630816808E-006
  0.69999999999999996       0.63333333333333330        9.0187629168683389E-007
  0.69999999999999996       0.66666666666666663        2.2284952107061176E-007
  0.69999999999999996       0.69999999999999996        5.0530422345976059E-008
  0.69999999999999996       0.73333333333333328        1.0469487938783502E-008
  0.69999999999999996       0.76666666666666661        1.9724270830856101E-009
  0.69999999999999996       0.80000000000000004        3.3596820267199611E-010
  0.69999999999999996       0.83333333333333337        5.1391222736350427E-011
  0.69999999999999996       0.86666666666666670        7.0027564270067586E-012
  0.69999999999999996       0.90000000000000002        8.4173317639709140E-013
  0.69999999999999996       0.93333333333333335        8.8166368835908887E-014
  0.69999999999999996       0.96666666666666667        7.8869955798078096E-015
  0.69999999999999996        1.0000000000000000        0.0000000000000000     

  0.73333333333333328        0.0000000000000000       0.74314482547739447     
  0.73333333333333328        3.3333333333333333E-002  0.58744819330239972     
  0.73333333333333328        6.6666666666666666E-002  0.44622693698095683     
  0.73333333333333328       0.10000000000000001       0.32456823437593962     
  0.73333333333333328       0.13333333333333333       0.22536271873074235     
  0.73333333333333328       0.16666666666666666       0.14897284212819756     
  0.73333333333333328       0.20000000000000001        9.3526806130757797E-002
  0.73333333333333328       0.23333333333333334        5.5645104095968519E-002
  0.73333333333333328       0.26666666666666666        3.1312204540246386E-002
  0.73333333333333328       0.29999999999999999        1.6633445104874352E-002
  0.73333333333333328       0.33333333333333331        8.3262505353620675E-003
  0.73333333333333328       0.36666666666666664        3.9205237069670504E-003
  0.73333333333333328       0.40000000000000002        1.7333622990752507E-003
  0.73333333333333328       0.43333333333333335        7.1826927321384576E-004
  0.73333333333333328       0.46666666666666667        2.7842184881865360E-004
  0.73333333333333328       0.50000000000000000        1.0075134186467650E-004
  0.73333333333333328       0.53333333333333333        3.3960594005052889E-005
  0.73333333333333328       0.56666666666666665        1.0637428380185650E-005
  0.73333333333333328       0.59999999999999998        3.0880905038414011E-006
  0.73333333333333328       0.63333333333333330        8.2844328864269693E-007
  0.73333333333333328       0.66666666666666663        2.0470456071406976E-007
  0.73333333333333328       0.69999999999999996        4.6416110114734867E-008
  0.73333333333333328       0.73333333333333328        9.6170362813158240E-009
  0.73333333333333328       0.76666666666666661        1.8118271811570890E-009
  0.73333333333333328       0.80000000000000004        3.0861283888545950E-010
  0.73333333333333328       0.83333333333333337        4.7206822003759987E-011
  0.73333333333333328       0.86666666666666670        6.4325746418087719E-012
  0.73333333333333328       0.90000000000000002        7.7319717486953181E-013
  0.73333333333333328       0.93333333333333335        8.0987644557650645E-014
  0.73333333333333328       0.96666666666666667        7.2448168511288756E-015
  0.73333333333333328        1.0000000000000000        0.0000000000000000     

  0.76666666666666661        0.0000000000000000       0.66913060635885835     
  0.76666666666666661        3.3333333333333333E-002  0.52894072906493994     
  0.76666666666666661        6.6666666666666666E-002  0.40178453873229092     
  0.76666666666666661       0.10000000000000001       0.29224255088270529     
  0.76666666666666661       0.13333333333333333       0.20291750337911696     
  0.76666666666666661       0.16666666666666666       0.13413574954277271     
  0.76666666666666661       0.20000000000000001        8.4211914490394335E-002
  0.76666666666666661       0.23333333333333334        5.0103076773384353E-002
  0.76666666666666661       0.26666666666666666        2.8193635603919034E-002
  0.76666666666666661       0.29999999999999999        1.4976821243034975E-002
  0.76666666666666661       0.33333333333333331        7.4969896558770609E-003
  0.76666666666666661       0.36666666666666664        3.5300554015186914E-003
  0.76666666666666661       0.40000000000000002        1.5607264243207577E-003
  0.76666666666666661       0.43333333333333335        6.4673255849661692E-004
  0.76666666666666661       0.46666666666666667        2.5069215869719748E-004
  0.76666666666666661       0.50000000000000000        9.0716915683388994E-005
  0.76666666666666661       0.53333333333333333        3.0578256188906600E-005
  0.76666666666666661       0.56666666666666665        9.5779835344477800E-006
  0.76666666666666661       0.59999999999999998        2.7805291788165513E-006
  0.76666666666666661       0.63333333333333330        7.4593368756528696E-007
  0.76666666666666661       0.66666666666666663        1.8431681435316113E-007
  0.76666666666666661       0.69999999999999996        4.1793253267881145E-008
  0.76666666666666661       0.73333333333333328        8.6592183618558268E-009
  0.76666666666666661       0.76666666666666661        1.6313765214825980E-009
  0.76666666666666661       0.80000000000000004        2.7787624825470538E-010
  0.76666666666666661       0.83333333333333337        4.2505213450633741E-011
  0.76666666666666661       0.86666666666666670        5.7919162227323486E-012
  0.76666666666666661       0.90000000000000002        6.9618986329219043E-013
  0.76666666666666661       0.93333333333333335        7.2921602697864584E-014
  0.76666666666666661       0.96666666666666667        6.5232623929535826E-015
  0.76666666666666661        1.0000000000000000        0.0000000000000000     

  0.80000000000000004        0.0000000000000000       0.58778525229247325     
  0.80000000000000004        3.3333333333333333E-002  0.46463807951188113     
  0.80000000000000004        6.6666666666666666E-002  0.35294010499845391     
  0.80000000000000004       0.10000000000000001       0.25671499684631455     
  0.80000000000000004       0.13333333333333333       0.17824908139725248     
  0.80000000000000004       0.16666666666666666       0.11782903761564707     
  0.80000000000000004       0.20000000000000001        7.3974379492398074E-002
  0.80000000000000004       0.23333333333333334        4.4012109656928124E-002
  0.80000000000000004       0.26666666666666666        2.4766171296017592E-002
  0.80000000000000004       0.29999999999999999        1.3156108193555574E-002
  0.80000000000000004       0.33333333333333331        6.5855901888763205E-003
  0.80000000000000004       0.36666666666666664        3.1009110703797103E-003
  0.80000000000000004       0.40000000000000002        1.3709909042584052E-003
  0.80000000000000004       0.43333333333333335        5.6811010653101050E-004
  0.80000000000000004       0.46666666666666667        2.2021583282434801E-004
  0.80000000000000004       0.50000000000000000        7.9688575990139224E-005
  0.80000000000000004       0.53333333333333333        2.6860896599043159E-005
  0.80000000000000004       0.56666666666666665        8.4136002967845884E-006
  0.80000000000000004       0.59999999999999998        2.4425037942454501E-006
  0.80000000000000004       0.63333333333333330        6.5525148091025249E-007
  0.80000000000000004       0.66666666666666663        1.6190965440342619E-007
  0.80000000000000004       0.69999999999999996        3.6712500792424024E-008
  0.80000000000000004       0.73333333333333328        7.6065282339653992E-009
  0.80000000000000004       0.76666666666666661        1.4330521592512595E-009
  0.80000000000000004       0.80000000000000004        2.4409518729872951E-010
  0.80000000000000004       0.83333333333333337        3.7337908884154620E-011
  0.80000000000000004       0.86666666666666670        5.0878003574832772E-012
  0.80000000000000004       0.90000000000000002        6.1155494988552513E-013
  0.80000000000000004       0.93333333333333335        6.4056616499094306E-014
  0.80000000000000004       0.96666666666666667        5.7302377069206730E-015
  0.80000000000000004        1.0000000000000000        0.0000000000000000     

  0.83333333333333337        0.0000000000000000       0.49999999999999994     
  0.83333333333333337        3.3333333333333333E-002  0.39524475792792102     
  0.83333333333333337        6.6666666666666666E-002  0.30022878561678862     
  0.83333333333333337       0.10000000000000001       0.21837481958340885     
  0.83333333333333337       0.13333333333333333       0.15162772517858139     
  0.83333333333333337       0.16666666666666666       0.10023136609509309     
  0.83333333333333337       0.20000000000000001        6.2926365712548990E-002
  0.83333333333333337       0.23333333333333334        3.7438936656944526E-002
  0.83333333333333337       0.26666666666666666        2.1067363632742454E-002
  0.83333333333333337       0.29999999999999999        1.1191254069614945E-002
  0.83333333333333337       0.33333333333333331        5.6020376176429045E-003
  0.83333333333333337       0.36666666666666664        2.6377925086462899E-003
  0.83333333333333337       0.40000000000000002        1.1662345209507066E-003
  0.83333333333333337       0.43333333333333335        4.8326332135356756E-004
  0.83333333333333337       0.46666666666666667        1.8732677620394934E-004
  0.83333333333333337       0.50000000000000000        6.7787151582434884E-005
  0.83333333333333337       0.53333333333333333        2.2849243405036623E-005
  0.83333333333333337       0.56666666666666665        7.1570358936107742E-006
  0.83333333333333337       0.59999999999999998        2.0777178269778166E-006
  0.83333333333333337       0.63333333333333330        5.5739020191017754E-007
  0.83333333333333337       0.66666666666666663        1.3772857839827392E-007
  0.83333333333333337       0.69999999999999996        3.1229518475700401E-008
  0.83333333333333337       0.73333333333333328        6.4704993909752822E-009
  0.83333333333333337       0.76666666666666661        1.2190269776777197E-009
  0.83333333333333337       0.80000000000000004        2.0763976839050684E-010
  0.83333333333333337       0.83333333333333337        3.1761522374480937E-011
  0.83333333333333337       0.86666666666666670        4.3279414868269487E-012
  0.83333333333333337       0.90000000000000002        5.2021971247181327E-013
  0.83333333333333337       0.93333333333333335        5.4489812605251206E-014
  0.83333333333333337       0.96666666666666667        4.8744313374414113E-015
  0.83333333333333337        1.0000000000000000        0.0000000000000000     

  0.86666666666666670        0.0000000000000000       0.40673664307580004     
  0.86666666666666670        3.3333333333333333E-002  0.32152105206581966     
  0.86666666666666670        6.6666666666666666E-002  0.24422809683299337     
  0.86666666666666670       0.10000000000000001       0.17764208209927845     
  0.86666666666666670       0.13333333333333333       0.12334510387271236     
  0.86666666666666670       0.16666666666666666        8.1535538752839490E-002
  0.86666666666666670       0.20000000000000001        5.1188917501764616E-002
  0.86666666666666670       0.23333333333333334        3.0455574832346281E-002
  0.86666666666666670       0.26666666666666666        1.7137737524877721E-002
  0.86666666666666670       0.29999999999999999        9.1037862241671388E-003
  0.86666666666666670       0.33333333333333331        4.5571079499688574E-003
  0.86666666666666670       0.36666666666666664        2.1457737401945711E-003
  0.86666666666666670       0.40000000000000002        9.4870062818120879E-004
  0.86666666666666670       0.43333333333333335        3.9312180209802349E-004
  0.86666666666666670       0.46666666666666667        1.5238532822281207E-004
  0.86666666666666670       0.50000000000000000        5.5143036956619972E-005
  0.86666666666666670       0.53333333333333333        1.8587249118772926E-005
  0.86666666666666670       0.56666666666666665        5.8220575074805123E-006
  0.86666666666666670       0.59999999999999998        1.6901679484074067E-006
  0.86666666666666670       0.63333333333333330        4.5342203921657624E-007
  0.86666666666666670       0.66666666666666663        1.1203851926663220E-007
  0.86666666666666670       0.69999999999999996        2.5404379019360125E-008
  0.86666666666666670       0.73333333333333328        5.2635784026185921E-009
  0.86666666666666670       0.76666666666666661        9.9164588143894854E-010
  0.86666666666666670       0.80000000000000004        1.6890940472838276E-010
  0.86666666666666670       0.83333333333333337        2.5837149979146593E-011
  0.86666666666666670       0.86666666666666670        3.5206647835609611E-012
  0.86666666666666670       0.90000000000000002        4.2318483902528670E-013
  0.86666666666666670       0.93333333333333335        4.4326006921778596E-014
  0.86666666666666670       0.96666666666666667        3.9652196781888048E-015
  0.86666666666666670        1.0000000000000000        0.0000000000000000     

  0.90000000000000002        0.0000000000000000       0.30901699437494751     
  0.90000000000000002        3.3333333333333333E-002  0.24427469427467965     
  0.90000000000000002        6.6666666666666666E-002  0.18555159391228093     
  0.90000000000000002       0.10000000000000001       0.13496306078967282     
  0.90000000000000002       0.13333333333333333        9.3711087797191520E-002
  0.90000000000000002       0.16666666666666666        6.1946390985601354E-002
  0.90000000000000002       0.20000000000000001        3.8890632798861270E-002
  0.90000000000000002       0.23333333333333334        2.3138535356646079E-002
  0.90000000000000002       0.26666666666666666        1.3020346778388292E-002
  0.90000000000000002       0.29999999999999999        6.9165753917576171E-003
  0.90000000000000002       0.33333333333333331        3.4622496539588026E-003
  0.90000000000000002       0.36666666666666664        1.6302454256132584E-003
  0.90000000000000002       0.40000000000000002        7.2077257280098791E-004
  0.90000000000000002       0.43333333333333335        2.9867315811266760E-004
  0.90000000000000002       0.46666666666666667        1.1577431469698568E-004
  0.90000000000000002       0.50000000000000000        4.1894763678485984E-005
  0.90000000000000002       0.53333333333333333        1.4121609041532014E-005
  0.90000000000000002       0.56666666666666665        4.4232914409544350E-006
  0.90000000000000002       0.59999999999999998        1.2841002361038639E-006
  0.90000000000000002       0.63333333333333330        3.4448608977665630E-007
  0.90000000000000002       0.66666666666666663        8.5120942672337841E-008
  0.90000000000000002       0.69999999999999996        1.9300903870275658E-008
  0.90000000000000002       0.73333333333333328        3.9989885478082191E-009
  0.90000000000000002       0.76666666666666661        7.5340010540789037E-010
  0.90000000000000002       0.80000000000000004        1.2832843428148925E-010
  0.90000000000000002       0.83333333333333337        1.9629700361869490E-011
  0.90000000000000002       0.86666666666666670        2.6748149401798091E-012
  0.90000000000000002       0.90000000000000002        3.2151346392527813E-013
  0.90000000000000002       0.93333333333333335        3.3676556230657700E-014
  0.90000000000000002       0.96666666666666667        3.0125642423663991E-015
  0.90000000000000002        1.0000000000000000        0.0000000000000000     

  0.93333333333333335        0.0000000000000000       0.20791169081775931     
  0.93333333333333335        3.3333333333333333E-002  0.16435201181530010     
  0.93333333333333335        6.6666666666666666E-002  0.12484214889949823     
  0.93333333333333335       0.10000000000000001        9.0805355943219354E-002
  0.93333333333333335       0.13333333333333333        6.3050353433458800E-002
  0.93333333333333335       0.16666666666666666        4.1678545595609282E-002
  0.93333333333333335       0.20000000000000001        2.6166254184625471E-002
  0.93333333333333335       0.23333333333333334        1.5567985245528652E-002
  0.93333333333333335       0.26666666666666666        8.7603023879121097E-003
  0.93333333333333335       0.29999999999999999        4.6535851119695465E-003
  0.93333333333333335       0.33333333333333331        2.3294582262176578E-003
  0.93333333333333335       0.36666666666666664        1.0968558009981384E-003
  0.93333333333333335       0.40000000000000002        4.8494758228180199E-004
  0.93333333333333335       0.43333333333333335        2.0095218850565283E-004
  0.93333333333333335       0.46666666666666667        7.7894853552006225E-005
  0.93333333333333335       0.50000000000000000        2.8187482602447581E-005
  0.93333333333333335       0.53333333333333333        9.5012496604954015E-006
  0.93333333333333335       0.56666666666666665        2.9760628677680182E-006
  0.93333333333333335       0.59999999999999998        8.6396365289831717E-007
  0.93333333333333335       0.63333333333333330        2.3177587864879458E-007
  0.93333333333333335       0.66666666666666663        5.7270763217422906E-008
  0.93333333333333335       0.69999999999999996        1.2985963979414649E-008
  0.93333333333333335       0.73333333333333328        2.6905849376259057E-009
  0.93333333333333335       0.76666666666666661        5.0689992016287552E-010
  0.93333333333333335       0.80000000000000004        8.6341470654156444E-011
  0.93333333333333335       0.83333333333333337        1.3207183639648856E-011
  0.93333333333333335       0.86666666666666670        1.7996592645730362E-012
  0.93333333333333335       0.90000000000000002        2.1631952003348664E-013
  0.93333333333333335       0.93333333333333335        2.2658138142201265E-014
  0.93333333333333335       0.96666666666666667        2.0269025222850309E-015
  0.93333333333333335        1.0000000000000000        0.0000000000000000     

  0.96666666666666667        0.0000000000000000       0.10452846326765373     
  0.96666666666666667        3.3333333333333333E-002   8.2628654321602643E-002
  0.96666666666666667        6.6666666666666666E-002   6.2764907178473411E-002
  0.96666666666666667       0.10000000000000001        4.5652768614809609E-002
  0.96666666666666667       0.13333333333333333        3.1698826203374400E-002
  0.96666666666666667       0.16666666666666666        2.0954061338275334E-002
  0.96666666666666667       0.20000000000000001        1.3155192613902210E-002
  0.96666666666666667       0.23333333333333334        7.8268690302508628E-003
  0.96666666666666667       0.26666666666666666        4.4042782912628361E-003
  0.96666666666666667       0.29999999999999999        2.3396091798694460E-003
  0.96666666666666667       0.33333333333333331        1.1711447666795988E-003
  0.96666666666666667       0.36666666666666664        5.5144879469545046E-004
  0.96666666666666667       0.40000000000000002        2.4380940456933075E-004
  0.96666666666666667       0.43333333333333335        1.0102954466942120E-004
  0.96666666666666667       0.46666666666666667        3.9161960090964914E-005
  0.96666666666666667       0.50000000000000000        1.4171373568406805E-005
  0.96666666666666667       0.53333333333333333        4.7767925999140880E-006
  0.96666666666666667       0.56666666666666665        1.4962279270211425E-006
  0.96666666666666667       0.59999999999999998        4.3436130311559898E-007
  0.96666666666666667       0.63333333333333330        1.1652628249223590E-007
  0.96666666666666667       0.66666666666666663        2.8793113296020212E-008
  0.96666666666666667       0.69999999999999996        6.5287471497075103E-009
  0.96666666666666667       0.73333333333333328        1.3527027158258678E-009
  0.96666666666666667       0.76666666666666661        2.5484603331692834E-010
  0.96666666666666667       0.80000000000000004        4.3408531806222331E-011
  0.96666666666666667       0.83333333333333337        6.6399662496913702E-012
  0.96666666666666667       0.86666666666666670        9.0478614546068849E-013
  0.96666666666666667       0.90000000000000002        1.0875553421243835E-013
  0.96666666666666667       0.93333333333333335        1.1391472750738643E-014
  0.96666666666666667       0.96666666666666667        1.0190336340128868E-015
  0.96666666666666667        1.0000000000000000        0.0000000000000000     

   1.0000000000000000        0.0000000000000000        1.2246467991473532E-016
   1.0000000000000000        3.3333333333333333E-002   0.0000000000000000     
   1.0000000000000000        6.6666666666666666E-002   0.0000000000000000     
   1.0000000000000000       0.10000000000000001        0.0000000000000000     
   1.0000000000000000       0.13333333333333333        0.0000000000000000     
   1.0000000000000000       0.16666666666666666        0.0000000000000000     
   1.0000000000000000       0.20000000000000001        0.0000000000000000     
   1.0000000000000000       0.23333333333333334        0.0000000000000000     
   1.0000000000000000       0.26666666666666666        0.0000000000000000     
   1.0000000000000000       0.29999999999999999        0.0000000000000000     
   1.0000000000000000       0.33333333333333331        0.0000000000000000     
   1.0000000000000000       0.36666666666666664        0.0000000000000000     
   1.0000000000000000       0.40000000000000002        0.0000000000000000     
   1.0000000000000000       0.43333333333333335        0.0000000000000000     
   1.0000000000000000       0.46666666666666667        0.0000000000000000     
   1.0000000000000000       0.50000000000000000        0.0000000000000000     
   1.0000000000000000       0.53333333333333333        0.0000000000000000     
   1.0000000000000000       0.56666666666666665        0.0000000000000000     
   1.0000000000000000       0.59999999999999998        0.0000000000000000     
   1.0000000000000000       0.63333333333333330        0.0000000000000000     
   1.0000000000000000       0.66666666666666663        0.0000000000000000     
   1.0000000000000000       0.69999999999999996        0.0000000000000000     
   1.0000000000000000       0.73333333333333328        0.0000000000000000     
   1.0000000000000000       0.76666666666666661        0.0000000000000000     
   1.0000000000000000       0.80000000000000004        0.0000000000000000     
   1.0000000000000000       0.83333333333333337        0.0000000000000000     
   1.0000000000000000       0.86666666666666670        0.0000000000000000     
   1.0000000000000000       0.90000000000000002        0.0000000000000000     
   1.0000000000000000       0.93333333333333335        0.0000000000000000     
   1.0000000000000000       0.96666666666666667        0.0000000000000000     
   1.0000000000000000        1.0000000000000000        0.0000000000000000     

