   0.0000000000000000        0.0000000000000000        0.0000000000000000     
   0.0000000000000000        3.3333333333333333E-002   0.0000000000000000     
   0.0000000000000000        6.6666666666666666E-002   0.0000000000000000     
   0.0000000000000000       0.10000000000000001        0.0000000000000000     
   0.0000000000000000       0.13333333333333333        0.0000000000000000     
   0.0000000000000000       0.16666666666666666        0.0000000000000000     
   0.0000000000000000       0.20000000000000001        0.0000000000000000     
   0.0000000000000000       0.23333333333333334        0.0000000000000000     
   0.0000000000000000       0.26666666666666666        0.0000000000000000     
   0.0000000000000000       0.29999999999999999        0.0000000000000000     
   0.0000000000000000       0.33333333333333331        0.0000000000000000     
   0.0000000000000000       0.36666666666666664        0.0000000000000000     
   0.0000000000000000       0.40000000000000002        0.0000000000000000     
   0.0000000000000000       0.43333333333333335        0.0000000000000000     
   0.0000000000000000       0.46666666666666667        0.0000000000000000     
   0.0000000000000000       0.50000000000000000        0.0000000000000000     
   0.0000000000000000       0.53333333333333333        0.0000000000000000     
   0.0000000000000000       0.56666666666666665        0.0000000000000000     
   0.0000000000000000       0.59999999999999998        0.0000000000000000     
   0.0000000000000000       0.63333333333333330        0.0000000000000000     
   0.0000000000000000       0.66666666666666663        0.0000000000000000     
   0.0000000000000000       0.69999999999999996        0.0000000000000000     
   0.0000000000000000       0.73333333333333328        0.0000000000000000     
   0.0000000000000000       0.76666666666666661        0.0000000000000000     
   0.0000000000000000       0.80000000000000004        0.0000000000000000     
   0.0000000000000000       0.83333333333333337        0.0000000000000000     
   0.0000000000000000       0.86666666666666670        0.0000000000000000     
   0.0000000000000000       0.90000000000000002        0.0000000000000000     
   0.0000000000000000       0.93333333333333335        0.0000000000000000     
   0.0000000000000000       0.96666666666666667        0.0000000000000000     
   0.0000000000000000        1.0000000000000000        0.0000000000000000     

   3.3333333333333333E-002   0.0000000000000000       0.10452846326765346     
   3.3333333333333333E-002   3.3333333333333333E-002   8.3126868562404976E-002
   3.3333333333333333E-002   6.6666666666666666E-002   6.3675369581336308E-002
   3.3333333333333333E-002  0.10000000000000001        4.6827646787916129E-002
   3.3333333333333333E-002  0.13333333333333333        3.2967394705932088E-002
   3.3333333333333333E-002  0.16666666666666666        2.2162528355211465E-002
   3.3333333333333333E-002  0.20000000000000001        1.4194889356457274E-002
   3.3333333333333333E-002  0.23333333333333334        8.6446542652192319E-003
   3.3333333333333333E-002  0.26666666666666666        4.9965075878203062E-003
   3.3333333333333333E-002  0.29999999999999999        2.7361718539776459E-003
   3.3333333333333333E-002  0.33333333333333331        1.4173202708429962E-003
   3.3333333333333333E-002  0.36666666666666664        6.9334432754310216E-004
   3.3333333333333333E-002  0.40000000000000002        3.1981476607036196E-004
   3.3333333333333333E-002  0.43333333333333335        1.3887336560103645E-004
   3.3333333333333333E-002  0.46666666666666667        5.6674795517787854E-005
   3.3333333333333333E-002  0.50000000000000000        2.1699817168905185E-005
   3.3333333333333333E-002  0.53333333333333333        7.7806209670767531E-006
   3.3333333333333333E-002  0.56666666666666665        2.6073586159836417E-006
   3.3333333333333333E-002  0.59999999999999998        8.1484858435233147E-007
   3.3333333333333333E-002  0.63333333333333330        2.3692621135921401E-007
   3.3333333333333333E-002  0.66666666666666663        6.3924953672341600E-008
   3.3333333333333333E-002  0.69999999999999996        1.5958010967220698E-008
   3.3333333333333333E-002  0.73333333333333328        3.6737570837908146E-009
   3.3333333333333333E-002  0.76666666666666661        7.7704738683386516E-010
   3.3333333333333333E-002  0.80000000000000004        1.5036284971580325E-010
   3.3333333333333333E-002  0.83333333333333337        2.6488397502710321E-011
   3.3333333333333333E-002  0.86666666666666670        4.2238154316744281E-012
   3.3333333333333333E-002  0.90000000000000002        6.0555334171167055E-013
   3.3333333333333333E-002  0.93333333333333335        7.7420720393674493E-014
   3.3333333333333333E-002  0.96666666666666667        8.6695913773266296E-015
   3.3333333333333333E-002   1.0000000000000000        0.0000000000000000     

   6.6666666666666666E-002   0.0000000000000000       0.20791169081775931     
   6.6666666666666666E-002   3.3333333333333333E-002  0.16534298175742468     
   6.6666666666666666E-002   6.6666666666666666E-002  0.12665309848861178     
   6.6666666666666666E-002  0.10000000000000001        9.3142240078308791E-002
   6.6666666666666666E-002  0.13333333333333333        6.5573591736595119E-002
   6.6666666666666666E-002  0.16666666666666666        4.4082239411956013E-002
   6.6666666666666666E-002  0.20000000000000001        2.8234256534653637E-002
   6.6666666666666666E-002  0.23333333333333334        1.7194595889298517E-002
   6.6666666666666666E-002  0.26666666666666666        9.9382723929220228E-003
   6.6666666666666666E-002  0.29999999999999999        5.4423656365423408E-003
   6.6666666666666666E-002  0.33333333333333331        2.8191120842053024E-003
   6.6666666666666666E-002  0.36666666666666664        1.3790922295420138E-003
   6.6666666666666666E-002  0.40000000000000002        6.3612557463811473E-004
   6.6666666666666666E-002  0.43333333333333335        2.7622520554742788E-004
   6.6666666666666666E-002  0.46666666666666667        1.1272865011591939E-004
   6.6666666666666666E-002  0.50000000000000000        4.3161886599929163E-005
   6.6666666666666666E-002  0.53333333333333333        1.5475995822638600E-005
   6.6666666666666666E-002  0.56666666666666665        5.1861504653456993E-006
   6.6666666666666666E-002  0.59999999999999998        1.6207695170964699E-006
   6.6666666666666666E-002  0.63333333333333330        4.7125660956677927E-007
   6.6666666666666666E-002  0.66666666666666663        1.2714953217509248E-007
   6.6666666666666666E-002  0.69999999999999996        3.1741182626856048E-008
   6.6666666666666666E-002  0.73333333333333328        7.3072637161885220E-009
   6.6666666666666666E-002  0.76666666666666661        1.5455812798899588E-009
   6.6666666666666666E-002  0.80000000000000004        2.9907829258467089E-010
   6.6666666666666666E-002  0.83333333333333337        5.2686582579327412E-011
   6.6666666666666666E-002  0.86666666666666670        8.4013538575892280E-012
   6.6666666666666666E-002  0.90000000000000002        1.2044721142913645E-012
   6.6666666666666666E-002  0.93333333333333335        1.5399320317338859E-013
   6.6666666666666666E-002  0.96666666666666667        1.7244196897294642E-014
   6.6666666666666666E-002   1.0000000000000000        0.0000000000000000     

  0.10000000000000001        0.0000000000000000       0.30901699437494740     
  0.10000000000000001        3.3333333333333333E-002  0.24574756264406669     
  0.10000000000000001        6.6666666666666666E-002  0.18824318954498123     
  0.10000000000000001       0.10000000000000001       0.13843634749513667     
  0.10000000000000001       0.13333333333333333        9.7461350774035768E-002
  0.10000000000000001       0.16666666666666666        6.5518976228901529E-002
  0.10000000000000001       0.20000000000000001        4.1964283289858309E-002
  0.10000000000000001       0.23333333333333334        2.5556149922614131E-002
  0.10000000000000001       0.26666666666666666        1.4771151405969681E-002
  0.10000000000000001       0.29999999999999999        8.0889317223048519E-003
  0.10000000000000001       0.33333333333333331        4.1900171156359243E-003
  0.10000000000000001       0.36666666666666664        2.0497305084804605E-003
  0.10000000000000001       0.40000000000000002        9.4546685829229764E-004
  0.10000000000000001       0.43333333333333335        4.1055066433800125E-004
  0.10000000000000001       0.46666666666666667        1.6754742603339431E-004
  0.10000000000000001       0.50000000000000000        6.4151065369158887E-005
  0.10000000000000001       0.53333333333333333        2.3001812429407286E-005
  0.10000000000000001       0.56666666666666665        7.7081217649376728E-006
  0.10000000000000001       0.59999999999999998        2.4089329598434734E-006
  0.10000000000000001       0.63333333333333330        7.0042382174314532E-007
  0.10000000000000001       0.66666666666666663        1.8898103379558287E-007
  0.10000000000000001       0.69999999999999996        4.7176591247362061E-008
  0.10000000000000001       0.73333333333333328        1.0860710438168429E-008
  0.10000000000000001       0.76666666666666661        2.2971814610099019E-009
  0.10000000000000001       0.80000000000000004        4.4451697109382459E-010
  0.10000000000000001       0.83333333333333337        7.8307522431829177E-011
  0.10000000000000001       0.86666666666666670        1.2486845292543960E-011
  0.10000000000000001       0.90000000000000002        1.7901944383348886E-012
  0.10000000000000001       0.93333333333333335        2.2887850419398556E-013
  0.10000000000000001       0.96666666666666667        2.5629871387475702E-014
  0.10000000000000001        1.0000000000000000        0.0000000000000000     

  0.13333333333333333        0.0000000000000000       0.40673664307580015     
  0.13333333333333333        3.3333333333333333E-002  0.32345968180839668     
  0.13333333333333333        6.6666666666666666E-002  0.24777084882427600     
  0.13333333333333333       0.10000000000000001       0.18221371731913971     
  0.13333333333333333       0.13333333333333333       0.12828130285729727     
  0.13333333333333333       0.16666666666666666        8.6237873431555978E-002
  0.13333333333333333       0.20000000000000001        5.5234540575748454E-002
  0.13333333333333333       0.23333333333333334        3.3637705429409401E-002
  0.13333333333333333       0.26666666666666666        1.9442194593151389E-002
  0.13333333333333333       0.29999999999999999        1.0646873779400004E-002
  0.13333333333333333       0.33333333333333331        5.5150154427301892E-003
  0.13333333333333333       0.36666666666666664        2.6979115110343102E-003
  0.13333333333333333       0.40000000000000002        1.2444494091953704E-003
  0.13333333333333333       0.43333333333333335        5.4037804413683773E-004
  0.13333333333333333       0.46666666666666667        2.2053051728969440E-004
  0.13333333333333333       0.50000000000000000        8.4437391641730620E-005
  0.13333333333333333       0.53333333333333333        3.0275616365760688E-005
  0.13333333333333333       0.56666666666666665        1.0145641269444811E-005
  0.13333333333333333       0.59999999999999998        3.1707036289808015E-006
  0.13333333333333333       0.63333333333333330        9.2191704395538583E-007
  0.13333333333333333       0.66666666666666663        2.4874201966298503E-007
  0.13333333333333333       0.69999999999999996        6.2095123261825584E-008
  0.13333333333333333       0.73333333333333328        1.4295164943837990E-008
  0.13333333333333333       0.76666666666666661        3.0236132413268949E-009
  0.13333333333333333       0.80000000000000004        5.8508542864651787E-010
  0.13333333333333333       0.83333333333333337        1.0307050868166527E-010
  0.13333333333333333       0.86666666666666670        1.6435528237433213E-011
  0.13333333333333333       0.90000000000000002        2.3563030174897446E-012
  0.13333333333333333       0.93333333333333335        3.0125616442672708E-013
  0.13333333333333333       0.96666666666666667        3.3734739643340167E-014
  0.13333333333333333        1.0000000000000000        0.0000000000000000     

  0.16666666666666666        0.0000000000000000       0.49999999999999994     
  0.16666666666666666        3.3333333333333333E-002  0.39762790901054385     
  0.16666666666666666        6.6666666666666666E-002  0.30458387883446852     
  0.16666666666666666       0.10000000000000001       0.22399471552552255     
  0.16666666666666666       0.13333333333333333       0.15769577814186575     
  0.16666666666666666       0.16666666666666666       0.10601193044645910     
  0.16666666666666666       0.20000000000000001        6.7899636676520006E-002
  0.16666666666666666       0.23333333333333334        4.1350719196377665E-002
  0.16666666666666666       0.26666666666666666        2.3900225027829743E-002
  0.16666666666666666       0.29999999999999999        1.3088166459366475E-002
  0.16666666666666666       0.33333333333333331        6.7795901065427246E-003
  0.16666666666666666       0.36666666666666664        3.3165336304989898E-003
  0.16666666666666666       0.40000000000000002        1.5297975119535180E-003
  0.16666666666666666       0.43333333333333335        6.6428492900273543E-004
  0.16666666666666666       0.46666666666666667        2.7109743004959097E-004
  0.16666666666666666       0.50000000000000000        1.0379860418181539E-004
  0.16666666666666666       0.53333333333333333        3.7217714313630780E-005
  0.16666666666666666       0.56666666666666665        1.2472003005091983E-005
  0.16666666666666666       0.59999999999999998        3.8977354056466253E-006
  0.16666666666666666       0.63333333333333330        1.1333095501105068E-006
  0.16666666666666666       0.66666666666666663        3.0577773591034555E-007
  0.16666666666666666       0.69999999999999996        7.6333328111592618E-008
  0.16666666666666666       0.73333333333333328        1.7572998630927281E-008
  0.16666666666666666       0.76666666666666661        3.7169176822401623E-009
  0.16666666666666666       0.80000000000000004        7.1924356780596264E-010
  0.16666666666666666       0.83333333333333337        1.2670423286949442E-010
  0.16666666666666666       0.86666666666666670        2.0204140095597752E-011
  0.16666666666666666       0.90000000000000002        2.8965954476968765E-012
  0.16666666666666666       0.93333333333333335        3.7033319908010400E-013
  0.16666666666666666       0.96666666666666667        4.1470003032224102E-014
  0.16666666666666666        1.0000000000000000        0.0000000000000000     

  0.20000000000000001        0.0000000000000000       0.58778525229247314     
  0.20000000000000001        3.3333333333333333E-002  0.46743964163258217     
  0.20000000000000001        6.6666666666666666E-002  0.35805982412987630     
  0.20000000000000001       0.10000000000000001       0.26332158075470002     
  0.20000000000000001       0.13333333333333333       0.18538250548114890     
  0.20000000000000001       0.16666666666666666       0.12462449856696814     
  0.20000000000000001       0.20000000000000001        7.9820810148951149E-002
  0.20000000000000001       0.23333333333333334        4.8610685830636116E-002
  0.20000000000000001       0.26666666666666666        2.8096399595659571E-002
  0.20000000000000001       0.29999999999999999        1.5386062448729218E-002
  0.20000000000000001       0.33333333333333331        7.9698861624275408E-003
  0.20000000000000001       0.36666666666666664        3.8988191134786414E-003
  0.20000000000000001       0.40000000000000002        1.7983848330399925E-003
  0.20000000000000001       0.43333333333333335        7.8091376917592071E-004
  0.20000000000000001       0.46666666666666667        3.1869414263507981E-004
  0.20000000000000001       0.50000000000000000        1.2202257749322981E-004
  0.20000000000000001       0.53333333333333333        4.3752047195173317E-005
  0.20000000000000001       0.56666666666666665        1.4661718865880950E-005
  0.20000000000000001       0.59999999999999998        4.5820627775546140E-006
  0.20000000000000001       0.63333333333333330        1.3322852796743466E-006
  0.20000000000000001       0.66666666666666663        3.5946328729496734E-007
  0.20000000000000001       0.69999999999999996        8.9735209044793186E-008
  0.20000000000000001       0.73333333333333328        2.0658298867629752E-008
  0.20000000000000001       0.76666666666666661        4.3694987952117768E-009
  0.20000000000000001       0.80000000000000004        8.4552152392513252E-010
  0.20000000000000001       0.83333333333333337        1.4894975896744011E-010
  0.20000000000000001       0.86666666666666670        2.3751391166886794E-011
  0.20000000000000001       0.90000000000000002        3.4051521720274763E-012
  0.20000000000000001       0.93333333333333335        4.3535278570715514E-013
  0.20000000000000001       0.96666666666666667        4.8750912389730956E-014
  0.20000000000000001        1.0000000000000000        0.0000000000000000     

  0.23333333333333334        0.0000000000000000       0.66913060635885824     
  0.23333333333333334        3.3333333333333333E-002  0.53213000772286034     
  0.23333333333333334        6.6666666666666666E-002  0.40761279106328185     
  0.23333333333333334       0.10000000000000001       0.29976343964154567     
  0.23333333333333334       0.13333333333333333       0.21103814329659726     
  0.23333333333333334       0.16666666666666666       0.14187165460182455     
  0.23333333333333334       0.20000000000000001        9.0867450121812007E-002
  0.23333333333333334       0.23333333333333334        5.5338063618494131E-002
  0.23333333333333334       0.26666666666666666        3.1984744129969753E-002
  0.23333333333333334       0.29999999999999999        1.7515385518163121E-002
  0.23333333333333334       0.33333333333333331        9.0728624777108996E-003
  0.23333333333333334       0.36666666666666664        4.4383883183706689E-003
  0.23333333333333334       0.40000000000000002        2.0472686735594600E-003
  0.23333333333333334       0.43333333333333335        8.8898675467730278E-004
  0.23333333333333334       0.46666666666666667        3.6279917550282188E-004
  0.23333333333333334       0.50000000000000000        1.3890964591076251E-004
  0.23333333333333334       0.53333333333333333        4.9807023491941044E-005
  0.23333333333333334       0.56666666666666665        1.6690797866613399E-005
  0.23333333333333334       0.59999999999999998        5.2161881108134341E-006
  0.23333333333333334       0.63333333333333330        1.5166642129154565E-006
  0.23333333333333334       0.66666666666666663        4.0921048368145670E-007
  0.23333333333333334       0.69999999999999996        1.0215393224939929E-007
  0.23333333333333334       0.73333333333333328        2.3517262458911508E-008
  0.23333333333333334       0.76666666666666661        4.9742067650066430E-009
  0.23333333333333334       0.80000000000000004        9.6253576929142472E-010
  0.23333333333333334       0.83333333333333337        1.6956336033639759E-010
  0.23333333333333334       0.86666666666666670        2.7038417026253286E-011
  0.23333333333333334       0.90000000000000002        3.8764013365874383E-012
  0.23333333333333334       0.93333333333333335        4.9560255611057149E-013
  0.23333333333333334       0.96666666666666667        5.5497696549311599E-014
  0.23333333333333334        1.0000000000000000        0.0000000000000000     

  0.26666666666666666        0.0000000000000000       0.74314482547739413     
  0.26666666666666666        3.3333333333333333E-002  0.59099024609316364     
  0.26666666666666666        6.6666666666666666E-002  0.45269986695933778     
  0.26666666666666666       0.10000000000000001       0.33292102755414604     
  0.26666666666666666       0.13333333333333333       0.23438160305151745     
  0.26666666666666666       0.16666666666666666       0.15756443510031101     
  0.26666666666666666       0.20000000000000001       0.10091852729590188     
  0.26666666666666666       0.23333333333333334        6.1459146001113629E-002
  0.26666666666666666       0.26666666666666666        3.5522657114353970E-002
  0.26666666666666666       0.29999999999999999        1.9452806358529969E-002
  0.26666666666666666       0.33333333333333331        1.0076434613069923E-002
  0.26666666666666666       0.36666666666666664        4.9293296120541605E-003
  0.26666666666666666       0.40000000000000002        2.2737222100728985E-003
  0.26666666666666666       0.43333333333333335        9.8731981526200196E-004
  0.26666666666666666       0.46666666666666667        4.0292930468314677E-004
  0.26666666666666666       0.50000000000000000        1.5427479117898464E-004
  0.26666666666666666       0.53333333333333333        5.5316303616541329E-005
  0.26666666666666666       0.56666666666666665        1.8537008993145237E-005
  0.26666666666666666       0.59999999999999998        5.7931637955726442E-006
  0.26666666666666666       0.63333333333333330        1.6844262556574733E-006
  0.26666666666666666       0.66666666666666663        4.5447428437593296E-007
  0.26666666666666666       0.69999999999999996        1.1345343559519631E-007
  0.26666666666666666       0.73333333333333328        2.6118566001389880E-008
  0.26666666666666666       0.76666666666666661        5.5244162845644118E-009
  0.26666666666666666       0.80000000000000004        1.0690042713458011E-009
  0.26666666666666666       0.83333333333333337        1.8831919004609509E-010
  0.26666666666666666       0.86666666666666670        3.0029204330527625E-011
  0.26666666666666666       0.90000000000000002        4.3051798369146202E-012
  0.26666666666666666       0.93333333333333335        5.5042240119773790E-013
  0.26666666666666666       0.96666666666666667        6.1636436331858385E-014
  0.26666666666666666        1.0000000000000000        0.0000000000000000     

  0.29999999999999999        0.0000000000000000       0.80901699437494745     
  0.29999999999999999        3.3333333333333333E-002  0.64337547165461051     
  0.29999999999999999        6.6666666666666666E-002  0.49282706837944973     
  0.29999999999999999       0.10000000000000001       0.36243106302065925     
  0.29999999999999999       0.13333333333333333       0.25515712891590159     
  0.29999999999999999       0.16666666666666666       0.17153090667536064     
  0.29999999999999999       0.20000000000000001       0.10986391996637833     
  0.29999999999999999       0.23333333333333334        6.6906869118991782E-002
  0.29999999999999999       0.26666666666666666        3.8671376433799420E-002
  0.29999999999999999       0.29999999999999999        2.1177098181671329E-002
  0.29999999999999999       0.33333333333333331        1.0969607222178650E-002
  0.29999999999999999       0.36666666666666664        5.3662641389794503E-003
  0.29999999999999999       0.40000000000000002        2.4752643702458154E-003
  0.29999999999999999       0.43333333333333335        1.0748355933407367E-003
  0.29999999999999999       0.46666666666666667        4.3864485608298518E-004
  0.29999999999999999       0.50000000000000000        1.6794966955097426E-004
  0.29999999999999999       0.53333333333333333        6.0219526743038070E-005
  0.29999999999999999       0.56666666666666665        2.0180124770029655E-005
  0.29999999999999999       0.59999999999999998        6.3066683654900996E-006
  0.29999999999999999       0.63333333333333330        1.8337333718536520E-006
  0.29999999999999999       0.66666666666666663        4.9475876970592832E-007
  0.29999999999999999       0.69999999999999996        1.2350991935895464E-007
  0.29999999999999999       0.73333333333333328        2.8433709069095708E-008
  0.29999999999999999       0.76666666666666661        6.0140991432500634E-009
  0.29999999999999999       0.80000000000000004        1.1637605388997874E-009
  0.29999999999999999       0.83333333333333337        2.0501175530132361E-010
  0.29999999999999999       0.86666666666666670        3.2690985388141719E-011
  0.29999999999999999       0.90000000000000002        4.6867898860317649E-012
  0.29999999999999999       0.93333333333333335        5.9921170327408951E-013
  0.29999999999999999       0.96666666666666667        6.7099874419699810E-014
  0.29999999999999999        1.0000000000000000        0.0000000000000000     

  0.33333333333333331        0.0000000000000000       0.86602540378443860     
  0.33333333333333331        3.3333333333333333E-002  0.68871174091363652     
  0.33333333333333331        6.6666666666666666E-002  0.52755475330770230     
  0.33333333333333331       0.10000000000000001       0.38797022791714220     
  0.33333333333333331       0.13333333333333333       0.27313709988082113     
  0.33333333333333331       0.16666666666666666       0.18361804974172513     
  0.33333333333333331       0.20000000000000001       0.11760562053919983     
  0.33333333333333331       0.23333333333333334        7.1621546577639805E-002
  0.33333333333333331       0.26666666666666666        4.1396404060530398E-002
  0.33333333333333331       0.29999999999999999        2.2669369285541599E-002
  0.33333333333333331       0.33333333333333331        1.1742594519023297E-002
  0.33333333333333331       0.36666666666666664        5.7444047530351159E-003
  0.33333333333333331       0.40000000000000002        2.6496870159959506E-003
  0.33333333333333331       0.43333333333333335        1.1505752477350222E-003
  0.33333333333333331       0.46666666666666667        4.6955452264724125E-004
  0.33333333333333331       0.50000000000000000        1.7978445619763555E-004
  0.33333333333333331       0.53333333333333333        6.4462972132791957E-005
  0.33333333333333331       0.56666666666666665        2.1602142876971031E-005
  0.33333333333333331       0.59999999999999998        6.7510757570400440E-006
  0.33333333333333331       0.63333333333333330        1.9629497214944243E-006
  0.33333333333333331       0.66666666666666663        5.2962257442009692E-007
  0.33333333333333331       0.69999999999999996        1.3221320260010406E-007
  0.33333333333333331       0.73333333333333328        3.0437326470104366E-008
  0.33333333333333331       0.76666666666666661        6.4378902731911120E-009
  0.33333333333333331       0.80000000000000004        1.2457664024570383E-009
  0.33333333333333331       0.83333333333333337        2.1945816886400293E-010
  0.33333333333333331       0.86666666666666670        3.4994597168814817E-011
  0.33333333333333331       0.90000000000000002        5.0170504843837099E-012
  0.33333333333333331       0.93333333333333335        6.4143591653625971E-013
  0.33333333333333331       0.96666666666666667        7.1828152241847563E-014
  0.33333333333333331        1.0000000000000000        0.0000000000000000     

  0.36666666666666664        0.0000000000000000       0.91354545764260087     
  0.36666666666666664        3.3333333333333333E-002  0.72650234021701554     
  0.36666666666666664        6.6666666666666666E-002  0.55650243796078602     
  0.36666666666666664       0.10000000000000001       0.40925870980857532     
  0.36666666666666664       0.13333333333333333       0.28812452362183366     
  0.36666666666666664       0.16666666666666666       0.19369343503057210     
  0.36666666666666664       0.20000000000000001       0.12405880932283558     
  0.36666666666666664       0.23333333333333334        7.5551523384211020E-002
  0.36666666666666664       0.26666666666666666        4.3667884021619731E-002
  0.36666666666666664       0.29999999999999999        2.3913270035648974E-002
  0.36666666666666664       0.33333333333333331        1.2386927493021647E-002
  0.36666666666666664       0.36666666666666664        6.0596084665225534E-003
  0.36666666666666664       0.40000000000000002        2.7950791363161778E-003
  0.36666666666666664       0.43333333333333335        1.2137089589417732E-003
  0.36666666666666664       0.46666666666666667        4.9531965160077315E-004
  0.36666666666666664       0.50000000000000000        1.8964948671987945E-004
  0.36666666666666664       0.53333333333333333        6.8000147710114823E-005
  0.36666666666666664       0.56666666666666665        2.2787483386013295E-005
  0.36666666666666664       0.59999999999999998        7.1215169498424301E-006
  0.36666666666666664       0.63333333333333330        2.0706595832128661E-006
  0.36666666666666664       0.66666666666666663        5.5868372337826986E-007
  0.36666666666666664       0.69999999999999996        1.3946793032617537E-007
  0.36666666666666664       0.73333333333333328        3.2107466152886516E-008
  0.36666666666666664       0.76666666666666661        6.7911465300839283E-009
  0.36666666666666664       0.80000000000000004        1.3141233886155904E-009
  0.36666666666666664       0.83333333333333337        2.3150015280403394E-010
  0.36666666666666664       0.86666666666666670        3.6914800819816130E-011
  0.36666666666666664       0.90000000000000002        5.2923432277434349E-012
  0.36666666666666664       0.93333333333333335        6.7663242366776413E-013
  0.36666666666666664       0.96666666666666667        7.5769465797026427E-014
  0.36666666666666664        1.0000000000000000        0.0000000000000000     

  0.40000000000000002        0.0000000000000000       0.95105651629515353     
  0.40000000000000002        3.3333333333333333E-002  0.75633322785058832     
  0.40000000000000002        6.6666666666666666E-002  0.57935296544794956     
  0.40000000000000002       0.10000000000000001       0.42606326763245478     
  0.40000000000000002       0.13333333333333333       0.29995519478811256     
  0.40000000000000002       0.16666666666666666       0.20164667451226700     
  0.40000000000000002       0.20000000000000001       0.12915278383055551     
  0.40000000000000002       0.23333333333333334        7.8653741890412132E-002
  0.40000000000000002       0.26666666666666666        4.5460929507275982E-002
  0.40000000000000002       0.29999999999999999        2.4895171995072313E-002
  0.40000000000000002       0.33333333333333331        1.2895546697275226E-002
  0.40000000000000002       0.36666666666666664        6.3084218415961745E-003
  0.40000000000000002       0.40000000000000002        2.9098477847110133E-003
  0.40000000000000002       0.43333333333333335        1.2635450208094299E-003
  0.40000000000000002       0.46666666666666667        5.1565795479906608E-004
  0.40000000000000002       0.50000000000000000        1.9743667777891380E-004
  0.40000000000000002       0.53333333333333333        7.0792299439179923E-005
  0.40000000000000002       0.56666666666666665        2.3723159458490933E-005
  0.40000000000000002       0.59999999999999998        7.4139333126691128E-006
  0.40000000000000002       0.63333333333333330        2.1556828652242524E-006
  0.40000000000000002       0.66666666666666663        5.8162381655102549E-007
  0.40000000000000002       0.69999999999999996        1.4519461822205235E-007
  0.40000000000000002       0.73333333333333328        3.3425829717578400E-008
  0.40000000000000002       0.76666666666666661        7.0699975644543706E-009
  0.40000000000000002       0.80000000000000004        1.3680825639304719E-009
  0.40000000000000002       0.83333333333333337        2.4100577262542252E-010
  0.40000000000000002       0.86666666666666670        3.8430558188116861E-011
  0.40000000000000002       0.90000000000000002        5.5096519512059841E-012
  0.40000000000000002       0.93333333333333335        7.0441560437112652E-013
  0.40000000000000002       0.96666666666666667        7.8880633229153005E-014
  0.40000000000000002        1.0000000000000000        0.0000000000000000     

  0.43333333333333335        0.0000000000000000       0.97814760073380569     
  0.43333333333333335        3.3333333333333333E-002  0.77787757036692695     
  0.43333333333333335        6.6666666666666666E-002  0.59585598060826306     
  0.43333333333333335       0.10000000000000001       0.43819978713668234     
  0.43333333333333335       0.13333333333333333       0.30849949407063304     
  0.43333333333333335       0.16666666666666666       0.20739063083072606     
  0.43333333333333335       0.20000000000000001       0.13283173341167029     
  0.43333333333333335       0.23333333333333334        8.0894213541108262E-002
  0.43333333333333335       0.26666666666666666        4.6755895535939423E-002
  0.43333333333333335       0.29999999999999999        2.5604317240467977E-002
  0.43333333333333335       0.33333333333333331        1.3262879593346827E-002
  0.43333333333333335       0.36666666666666664        6.4881188268511303E-003
  0.43333333333333335       0.40000000000000002        2.9927355318517587E-003
  0.43333333333333335       0.43333333333333335        1.2995374190153041E-003
  0.43333333333333335       0.46666666666666667        5.3034660153621624E-004
  0.43333333333333335       0.50000000000000000        2.0306071127992138E-004
  0.43333333333333335       0.53333333333333333        7.2808835921348334E-005
  0.43333333333333335       0.56666666666666665        2.4398919631551072E-005
  0.43333333333333335       0.59999999999999998        7.6251210706569059E-006
  0.43333333333333335       0.63333333333333330        2.2170880346586015E-006
  0.43333333333333335       0.66666666666666663        5.9819151747703941E-007
  0.43333333333333335       0.69999999999999996        1.4933052349676134E-007
  0.43333333333333335       0.73333333333333328        3.4377972897079938E-008
  0.43333333333333335       0.76666666666666661        7.2713882260165449E-009
  0.43333333333333335       0.80000000000000004        1.4070527403852493E-009
  0.43333333333333335       0.83333333333333337        2.4787088276822670E-010
  0.43333333333333335       0.86666666666666670        3.9525262318797240E-011
  0.43333333333333335       0.90000000000000002        5.6665957749223275E-012
  0.43333333333333335       0.93333333333333335        7.2448106030455680E-013
  0.43333333333333335       0.96666666666666667        8.1127567936787288E-014
  0.43333333333333335        1.0000000000000000        0.0000000000000000     

  0.46666666666666667        0.0000000000000000       0.99452189536827329     
  0.46666666666666667        3.3333333333333333E-002  0.79089932344097880     
  0.46666666666666667        6.6666666666666666E-002  0.60583067295415227     
  0.46666666666666667       0.10000000000000001       0.44553529807383974     
  0.46666666666666667       0.13333333333333333       0.31366380833844620     
  0.46666666666666667       0.16666666666666666       0.21086237199852412     
  0.46666666666666667       0.20000000000000001       0.13505535072469962     
  0.46666666666666667       0.23333333333333334        8.2248391260045503E-002
  0.46666666666666667       0.26666666666666666        4.7538594188810956E-002
  0.46666666666666667       0.29999999999999999        2.6032936228129227E-002
  0.46666666666666667       0.33333333333333331        1.3484901605157732E-002
  0.46666666666666667       0.36666666666666664        6.5967306245129529E-003
  0.46666666666666667       0.40000000000000002        3.0428342422353636E-003
  0.46666666666666667       0.43333333333333335        1.3212918133127588E-003
  0.46666666666666667       0.46666666666666667        5.3922465992477416E-004
  0.46666666666666667       0.50000000000000000        2.0645996913496042E-004
  0.46666666666666667       0.53333333333333333        7.4027663560933998E-005
  0.46666666666666667       0.56666666666666665        2.4807360135325758E-005
  0.46666666666666667       0.59999999999999998        7.7527664065354146E-006
  0.46666666666666667       0.63333333333333330        2.2542023236297326E-006
  0.46666666666666667       0.66666666666666663        6.0820530695795237E-007
  0.46666666666666667       0.69999999999999996        1.5183033230661877E-007
  0.46666666666666667       0.73333333333333328        3.4953463811467742E-008
  0.46666666666666667       0.76666666666666661        7.3931120365386717E-009
  0.46666666666666667       0.80000000000000004        1.4306069525716505E-009
  0.46666666666666667       0.83333333333333337        2.5202026764910533E-010
  0.46666666666666667       0.86666666666666670        4.0186919404320007E-011
  0.46666666666666667       0.90000000000000002        5.7614551895172213E-012
  0.46666666666666667       0.93333333333333335        7.3660895013388212E-013
  0.46666666666666667       0.96666666666666667        8.2485652033071129E-014
  0.46666666666666667        1.0000000000000000        0.0000000000000000     

  0.50000000000000000        0.0000000000000000        1.0000000000000000     
  0.50000000000000000        3.3333333333333333E-002  0.79525581802108780     
  0.50000000000000000        6.6666666666666666E-002  0.60916775766893705     
  0.50000000000000000       0.10000000000000001       0.44798943105104505     
  0.50000000000000000       0.13333333333333333       0.31539155628373156     
  0.50000000000000000       0.16666666666666666       0.21202386089291819     
  0.50000000000000000       0.20000000000000001       0.13579927335304001     
  0.50000000000000000       0.23333333333333334        8.2701438392755330E-002
  0.50000000000000000       0.26666666666666666        4.7800450055659485E-002
  0.50000000000000000       0.29999999999999999        2.6176332918732954E-002
  0.50000000000000000       0.33333333333333331        1.3559180213085453E-002
  0.50000000000000000       0.36666666666666664        6.6330672609979805E-003
  0.50000000000000000       0.40000000000000002        3.0595950239070365E-003
  0.50000000000000000       0.43333333333333335        1.3285698580054709E-003
  0.50000000000000000       0.46666666666666667        5.4219486009918195E-004
  0.50000000000000000       0.50000000000000000        2.0759720836363078E-004
  0.50000000000000000       0.53333333333333333        7.4435428627261561E-005
  0.50000000000000000       0.56666666666666665        2.4944006010183965E-005
  0.50000000000000000       0.59999999999999998        7.7954708112932507E-006
  0.50000000000000000       0.63333333333333330        2.2666191002210136E-006
  0.50000000000000000       0.66666666666666663        6.1155547182069111E-007
  0.50000000000000000       0.69999999999999996        1.5266665622318524E-007
  0.50000000000000000       0.73333333333333328        3.5145997261854563E-008
  0.50000000000000000       0.76666666666666661        7.4338353644803246E-009
  0.50000000000000000       0.80000000000000004        1.4384871356119253E-009
  0.50000000000000000       0.83333333333333337        2.5340846573898883E-010
  0.50000000000000000       0.86666666666666670        4.0408280191195504E-011
  0.50000000000000000       0.90000000000000002        5.7931908953937531E-012
  0.50000000000000000       0.93333333333333335        7.4066639816020790E-013
  0.50000000000000000       0.96666666666666667        8.2940006064448204E-014
  0.50000000000000000        1.0000000000000000        0.0000000000000000     

  0.53333333333333333        0.0000000000000000       0.99452189536827340     
  0.53333333333333333        3.3333333333333333E-002  0.79089932344097891     
  0.53333333333333333        6.6666666666666666E-002  0.60583067295415227     
  0.53333333333333333       0.10000000000000001       0.44553529807383974     
  0.53333333333333333       0.13333333333333333       0.31366380833844615     
  0.53333333333333333       0.16666666666666666       0.21086237199852412     
  0.53333333333333333       0.20000000000000001       0.13505535072469960     
  0.53333333333333333       0.23333333333333334        8.2248391260045517E-002
  0.53333333333333333       0.26666666666666666        4.7538594188810956E-002
  0.53333333333333333       0.29999999999999999        2.6032936228129227E-002
  0.53333333333333333       0.33333333333333331        1.3484901605157732E-002
  0.53333333333333333       0.36666666666666664        6.5967306245129529E-003
  0.53333333333333333       0.40000000000000002        3.0428342422353636E-003
  0.53333333333333333       0.43333333333333335        1.3212918133127588E-003
  0.53333333333333333       0.46666666666666667        5.3922465992477426E-004
  0.53333333333333333       0.50000000000000000        2.0645996913496044E-004
  0.53333333333333333       0.53333333333333333        7.4027663560934012E-005
  0.53333333333333333       0.56666666666666665        2.4807360135325758E-005
  0.53333333333333333       0.59999999999999998        7.7527664065354146E-006
  0.53333333333333333       0.63333333333333330        2.2542023236297326E-006
  0.53333333333333333       0.66666666666666663        6.0820530695795237E-007
  0.53333333333333333       0.69999999999999996        1.5183033230661877E-007
  0.53333333333333333       0.73333333333333328        3.4953463811467742E-008
  0.53333333333333333       0.76666666666666661        7.3931120365386717E-009
  0.53333333333333333       0.80000000000000004        1.4306069525716505E-009
  0.53333333333333333       0.83333333333333337        2.5202026764910533E-010
  0.53333333333333333       0.86666666666666670        4.0186919404320007E-011
  0.53333333333333333       0.90000000000000002        5.7614551895172213E-012
  0.53333333333333333       0.93333333333333335        7.3660895013388222E-013
  0.53333333333333333       0.96666666666666667        8.2485652033071129E-014
  0.53333333333333333        1.0000000000000000        0.0000000000000000     

  0.56666666666666665        0.0000000000000000       0.97814760073380569     
  0.56666666666666665        3.3333333333333333E-002  0.77787757036692695     
  0.56666666666666665        6.6666666666666666E-002  0.59585598060826317     
  0.56666666666666665       0.10000000000000001       0.43819978713668234     
  0.56666666666666665       0.13333333333333333       0.30849949407063310     
  0.56666666666666665       0.16666666666666666       0.20739063083072609     
  0.56666666666666665       0.20000000000000001       0.13283173341167032     
  0.56666666666666665       0.23333333333333334        8.0894213541108276E-002
  0.56666666666666665       0.26666666666666666        4.6755895535939437E-002
  0.56666666666666665       0.29999999999999999        2.5604317240467977E-002
  0.56666666666666665       0.33333333333333331        1.3262879593346827E-002
  0.56666666666666665       0.36666666666666664        6.4881188268511303E-003
  0.56666666666666665       0.40000000000000002        2.9927355318517587E-003
  0.56666666666666665       0.43333333333333335        1.2995374190153041E-003
  0.56666666666666665       0.46666666666666667        5.3034660153621624E-004
  0.56666666666666665       0.50000000000000000        2.0306071127992138E-004
  0.56666666666666665       0.53333333333333333        7.2808835921348334E-005
  0.56666666666666665       0.56666666666666665        2.4398919631551072E-005
  0.56666666666666665       0.59999999999999998        7.6251210706569067E-006
  0.56666666666666665       0.63333333333333330        2.2170880346586015E-006
  0.56666666666666665       0.66666666666666663        5.9819151747703951E-007
  0.56666666666666665       0.69999999999999996        1.4933052349676134E-007
  0.56666666666666665       0.73333333333333328        3.4377972897079938E-008
  0.56666666666666665       0.76666666666666661        7.2713882260165449E-009
  0.56666666666666665       0.80000000000000004        1.4070527403852491E-009
  0.56666666666666665       0.83333333333333337        2.4787088276822670E-010
  0.56666666666666665       0.86666666666666670        3.9525262318797247E-011
  0.56666666666666665       0.90000000000000002        5.6665957749223283E-012
  0.56666666666666665       0.93333333333333335        7.2448106030455700E-013
  0.56666666666666665       0.96666666666666667        8.1127567936787313E-014
  0.56666666666666665        1.0000000000000000        0.0000000000000000     

  0.59999999999999998        0.0000000000000000       0.95105651629515364     
  0.59999999999999998        3.3333333333333333E-002  0.75633322785058843     
  0.59999999999999998        6.6666666666666666E-002  0.57935296544794956     
  0.59999999999999998       0.10000000000000001       0.42606326763245489     
  0.59999999999999998       0.13333333333333333       0.29995519478811261     
  0.59999999999999998       0.16666666666666666       0.20164667451226706     
  0.59999999999999998       0.20000000000000001       0.12915278383055553     
  0.59999999999999998       0.23333333333333334        7.8653741890412146E-002
  0.59999999999999998       0.26666666666666666        4.5460929507275996E-002
  0.59999999999999998       0.29999999999999999        2.4895171995072317E-002
  0.59999999999999998       0.33333333333333331        1.2895546697275228E-002
  0.59999999999999998       0.36666666666666664        6.3084218415961745E-003
  0.59999999999999998       0.40000000000000002        2.9098477847110133E-003
  0.59999999999999998       0.43333333333333335        1.2635450208094302E-003
  0.59999999999999998       0.46666666666666667        5.1565795479906619E-004
  0.59999999999999998       0.50000000000000000        1.9743667777891380E-004
  0.59999999999999998       0.53333333333333333        7.0792299439179936E-005
  0.59999999999999998       0.56666666666666665        2.3723159458490936E-005
  0.59999999999999998       0.59999999999999998        7.4139333126691145E-006
  0.59999999999999998       0.63333333333333330        2.1556828652242528E-006
  0.59999999999999998       0.66666666666666663        5.8162381655102549E-007
  0.59999999999999998       0.69999999999999996        1.4519461822205238E-007
  0.59999999999999998       0.73333333333333328        3.3425829717578400E-008
  0.59999999999999998       0.76666666666666661        7.0699975644543697E-009
  0.59999999999999998       0.80000000000000004        1.3680825639304719E-009
  0.59999999999999998       0.83333333333333337        2.4100577262542252E-010
  0.59999999999999998       0.86666666666666670        3.8430558188116861E-011
  0.59999999999999998       0.90000000000000002        5.5096519512059865E-012
  0.59999999999999998       0.93333333333333335        7.0441560437112652E-013
  0.59999999999999998       0.96666666666666667        7.8880633229153030E-014
  0.59999999999999998        1.0000000000000000        0.0000000000000000     

  0.63333333333333330        0.0000000000000000       0.91354545764260098     
  0.63333333333333330        3.3333333333333333E-002  0.72650234021701554     
  0.63333333333333330        6.6666666666666666E-002  0.55650243796078613     
  0.63333333333333330       0.10000000000000001       0.40925870980857537     
  0.63333333333333330       0.13333333333333333       0.28812452362183372     
  0.63333333333333330       0.16666666666666666       0.19369343503057210     
  0.63333333333333330       0.20000000000000001       0.12405880932283560     
  0.63333333333333330       0.23333333333333334        7.5551523384211033E-002
  0.63333333333333330       0.26666666666666666        4.3667884021619738E-002
  0.63333333333333330       0.29999999999999999        2.3913270035648977E-002
  0.63333333333333330       0.33333333333333331        1.2386927493021649E-002
  0.63333333333333330       0.36666666666666664        6.0596084665225534E-003
  0.63333333333333330       0.40000000000000002        2.7950791363161778E-003
  0.63333333333333330       0.43333333333333335        1.2137089589417732E-003
  0.63333333333333330       0.46666666666666667        4.9531965160077315E-004
  0.63333333333333330       0.50000000000000000        1.8964948671987947E-004
  0.63333333333333330       0.53333333333333333        6.8000147710114823E-005
  0.63333333333333330       0.56666666666666665        2.2787483386013299E-005
  0.63333333333333330       0.59999999999999998        7.1215169498424309E-006
  0.63333333333333330       0.63333333333333330        2.0706595832128661E-006
  0.63333333333333330       0.66666666666666663        5.5868372337827007E-007
  0.63333333333333330       0.69999999999999996        1.3946793032617537E-007
  0.63333333333333330       0.73333333333333328        3.2107466152886523E-008
  0.63333333333333330       0.76666666666666661        6.7911465300839283E-009
  0.63333333333333330       0.80000000000000004        1.3141233886155904E-009
  0.63333333333333330       0.83333333333333337        2.3150015280403394E-010
  0.63333333333333330       0.86666666666666670        3.6914800819816143E-011
  0.63333333333333330       0.90000000000000002        5.2923432277434365E-012
  0.63333333333333330       0.93333333333333335        6.7663242366776413E-013
  0.63333333333333330       0.96666666666666667        7.5769465797026427E-014
  0.63333333333333330        1.0000000000000000        0.0000000000000000     

  0.66666666666666663        0.0000000000000000       0.86602540378443871     
  0.66666666666666663        3.3333333333333333E-002  0.68871174091363663     
  0.66666666666666663        6.6666666666666666E-002  0.52755475330770230     
  0.66666666666666663       0.10000000000000001       0.38797022791714225     
  0.66666666666666663       0.13333333333333333       0.27313709988082119     
  0.66666666666666663       0.16666666666666666       0.18361804974172513     
  0.66666666666666663       0.20000000000000001       0.11760562053919985     
  0.66666666666666663       0.23333333333333334        7.1621546577639819E-002
  0.66666666666666663       0.26666666666666666        4.1396404060530398E-002
  0.66666666666666663       0.29999999999999999        2.2669369285541602E-002
  0.66666666666666663       0.33333333333333331        1.1742594519023300E-002
  0.66666666666666663       0.36666666666666664        5.7444047530351167E-003
  0.66666666666666663       0.40000000000000002        2.6496870159959506E-003
  0.66666666666666663       0.43333333333333335        1.1505752477350222E-003
  0.66666666666666663       0.46666666666666667        4.6955452264724131E-004
  0.66666666666666663       0.50000000000000000        1.7978445619763560E-004
  0.66666666666666663       0.53333333333333333        6.4462972132791970E-005
  0.66666666666666663       0.56666666666666665        2.1602142876971035E-005
  0.66666666666666663       0.59999999999999998        6.7510757570400440E-006
  0.66666666666666663       0.63333333333333330        1.9629497214944247E-006
  0.66666666666666663       0.66666666666666663        5.2962257442009692E-007
  0.66666666666666663       0.69999999999999996        1.3221320260010406E-007
  0.66666666666666663       0.73333333333333328        3.0437326470104372E-008
  0.66666666666666663       0.76666666666666661        6.4378902731911120E-009
  0.66666666666666663       0.80000000000000004        1.2457664024570383E-009
  0.66666666666666663       0.83333333333333337        2.1945816886400293E-010
  0.66666666666666663       0.86666666666666670        3.4994597168814817E-011
  0.66666666666666663       0.90000000000000002        5.0170504843837099E-012
  0.66666666666666663       0.93333333333333335        6.4143591653625991E-013
  0.66666666666666663       0.96666666666666667        7.1828152241847575E-014
  0.66666666666666663        1.0000000000000000        0.0000000000000000     

  0.69999999999999996        0.0000000000000000       0.80901699437494745     
  0.69999999999999996        3.3333333333333333E-002  0.64337547165461062     
  0.69999999999999996        6.6666666666666666E-002  0.49282706837944978     
  0.69999999999999996       0.10000000000000001       0.36243106302065925     
  0.69999999999999996       0.13333333333333333       0.25515712891590159     
  0.69999999999999996       0.16666666666666666       0.17153090667536064     
  0.69999999999999996       0.20000000000000001       0.10986391996637833     
  0.69999999999999996       0.23333333333333334        6.6906869118991796E-002
  0.69999999999999996       0.26666666666666666        3.8671376433799434E-002
  0.69999999999999996       0.29999999999999999        2.1177098181671329E-002
  0.69999999999999996       0.33333333333333331        1.0969607222178651E-002
  0.69999999999999996       0.36666666666666664        5.3662641389794503E-003
  0.69999999999999996       0.40000000000000002        2.4752643702458158E-003
  0.69999999999999996       0.43333333333333335        1.0748355933407367E-003
  0.69999999999999996       0.46666666666666667        4.3864485608298534E-004
  0.69999999999999996       0.50000000000000000        1.6794966955097429E-004
  0.69999999999999996       0.53333333333333333        6.0219526743038077E-005
  0.69999999999999996       0.56666666666666665        2.0180124770029659E-005
  0.69999999999999996       0.59999999999999998        6.3066683654900996E-006
  0.69999999999999996       0.63333333333333330        1.8337333718536520E-006
  0.69999999999999996       0.66666666666666663        4.9475876970592843E-007
  0.69999999999999996       0.69999999999999996        1.2350991935895469E-007
  0.69999999999999996       0.73333333333333328        2.8433709069095712E-008
  0.69999999999999996       0.76666666666666661        6.0140991432500642E-009
  0.69999999999999996       0.80000000000000004        1.1637605388997874E-009
  0.69999999999999996       0.83333333333333337        2.0501175530132361E-010
  0.69999999999999996       0.86666666666666670        3.2690985388141719E-011
  0.69999999999999996       0.90000000000000002        4.6867898860317657E-012
  0.69999999999999996       0.93333333333333335        5.9921170327408971E-013
  0.69999999999999996       0.96666666666666667        6.7099874419699823E-014
  0.69999999999999996        1.0000000000000000        0.0000000000000000     

  0.73333333333333328        0.0000000000000000       0.74314482547739447     
  0.73333333333333328        3.3333333333333333E-002  0.59099024609316375     
  0.73333333333333328        6.6666666666666666E-002  0.45269986695933784     
  0.73333333333333328       0.10000000000000001       0.33292102755414604     
  0.73333333333333328       0.13333333333333333       0.23438160305151748     
  0.73333333333333328       0.16666666666666666       0.15756443510031101     
  0.73333333333333328       0.20000000000000001       0.10091852729590188     
  0.73333333333333328       0.23333333333333334        6.1459146001113629E-002
  0.73333333333333328       0.26666666666666666        3.5522657114353970E-002
  0.73333333333333328       0.29999999999999999        1.9452806358529973E-002
  0.73333333333333328       0.33333333333333331        1.0076434613069925E-002
  0.73333333333333328       0.36666666666666664        4.9293296120541605E-003
  0.73333333333333328       0.40000000000000002        2.2737222100728980E-003
  0.73333333333333328       0.43333333333333335        9.8731981526200218E-004
  0.73333333333333328       0.46666666666666667        4.0292930468314677E-004
  0.73333333333333328       0.50000000000000000        1.5427479117898464E-004
  0.73333333333333328       0.53333333333333333        5.5316303616541329E-005
  0.73333333333333328       0.56666666666666665        1.8537008993145237E-005
  0.73333333333333328       0.59999999999999998        5.7931637955726442E-006
  0.73333333333333328       0.63333333333333330        1.6844262556574733E-006
  0.73333333333333328       0.66666666666666663        4.5447428437593302E-007
  0.73333333333333328       0.69999999999999996        1.1345343559519633E-007
  0.73333333333333328       0.73333333333333328        2.6118566001389886E-008
  0.73333333333333328       0.76666666666666661        5.5244162845644118E-009
  0.73333333333333328       0.80000000000000004        1.0690042713458011E-009
  0.73333333333333328       0.83333333333333337        1.8831919004609509E-010
  0.73333333333333328       0.86666666666666670        3.0029204330527625E-011
  0.73333333333333328       0.90000000000000002        4.3051798369146210E-012
  0.73333333333333328       0.93333333333333335        5.5042240119773790E-013
  0.73333333333333328       0.96666666666666667        6.1636436331858398E-014
  0.73333333333333328        1.0000000000000000        0.0000000000000000     

  0.76666666666666661        0.0000000000000000       0.66913060635885835     
  0.76666666666666661        3.3333333333333333E-002  0.53213000772286034     
  0.76666666666666661        6.6666666666666666E-002  0.40761279106328191     
  0.76666666666666661       0.10000000000000001       0.29976343964154578     
  0.76666666666666661       0.13333333333333333       0.21103814329659729     
  0.76666666666666661       0.16666666666666666       0.14187165460182455     
  0.76666666666666661       0.20000000000000001        9.0867450121812021E-002
  0.76666666666666661       0.23333333333333334        5.5338063618494131E-002
  0.76666666666666661       0.26666666666666666        3.1984744129969753E-002
  0.76666666666666661       0.29999999999999999        1.7515385518163125E-002
  0.76666666666666661       0.33333333333333331        9.0728624777108996E-003
  0.76666666666666661       0.36666666666666664        4.4383883183706698E-003
  0.76666666666666661       0.40000000000000002        2.0472686735594605E-003
  0.76666666666666661       0.43333333333333335        8.8898675467730288E-004
  0.76666666666666661       0.46666666666666667        3.6279917550282199E-004
  0.76666666666666661       0.50000000000000000        1.3890964591076251E-004
  0.76666666666666661       0.53333333333333333        4.9807023491941044E-005
  0.76666666666666661       0.56666666666666665        1.6690797866613399E-005
  0.76666666666666661       0.59999999999999998        5.2161881108134341E-006
  0.76666666666666661       0.63333333333333330        1.5166642129154565E-006
  0.76666666666666661       0.66666666666666663        4.0921048368145670E-007
  0.76666666666666661       0.69999999999999996        1.0215393224939929E-007
  0.76666666666666661       0.73333333333333328        2.3517262458911508E-008
  0.76666666666666661       0.76666666666666661        4.9742067650066430E-009
  0.76666666666666661       0.80000000000000004        9.6253576929142472E-010
  0.76666666666666661       0.83333333333333337        1.6956336033639759E-010
  0.76666666666666661       0.86666666666666670        2.7038417026253286E-011
  0.76666666666666661       0.90000000000000002        3.8764013365874391E-012
  0.76666666666666661       0.93333333333333335        4.9560255611057149E-013
  0.76666666666666661       0.96666666666666667        5.5497696549311605E-014
  0.76666666666666661        1.0000000000000000        0.0000000000000000     

  0.80000000000000004        0.0000000000000000       0.58778525229247325     
  0.80000000000000004        3.3333333333333333E-002  0.46743964163258223     
  0.80000000000000004        6.6666666666666666E-002  0.35805982412987636     
  0.80000000000000004       0.10000000000000001       0.26332158075470008     
  0.80000000000000004       0.13333333333333333       0.18538250548114893     
  0.80000000000000004       0.16666666666666666       0.12462449856696815     
  0.80000000000000004       0.20000000000000001        7.9820810148951149E-002
  0.80000000000000004       0.23333333333333334        4.8610685830636123E-002
  0.80000000000000004       0.26666666666666666        2.8096399595659575E-002
  0.80000000000000004       0.29999999999999999        1.5386062448729219E-002
  0.80000000000000004       0.33333333333333331        7.9698861624275408E-003
  0.80000000000000004       0.36666666666666664        3.8988191134786414E-003
  0.80000000000000004       0.40000000000000002        1.7983848330399928E-003
  0.80000000000000004       0.43333333333333335        7.8091376917592092E-004
  0.80000000000000004       0.46666666666666667        3.1869414263507986E-004
  0.80000000000000004       0.50000000000000000        1.2202257749322985E-004
  0.80000000000000004       0.53333333333333333        4.3752047195173317E-005
  0.80000000000000004       0.56666666666666665        1.4661718865880948E-005
  0.80000000000000004       0.59999999999999998        4.5820627775546131E-006
  0.80000000000000004       0.63333333333333330        1.3322852796743466E-006
  0.80000000000000004       0.66666666666666663        3.5946328729496734E-007
  0.80000000000000004       0.69999999999999996        8.9735209044793186E-008
  0.80000000000000004       0.73333333333333328        2.0658298867629752E-008
  0.80000000000000004       0.76666666666666661        4.3694987952117768E-009
  0.80000000000000004       0.80000000000000004        8.4552152392513252E-010
  0.80000000000000004       0.83333333333333337        1.4894975896744011E-010
  0.80000000000000004       0.86666666666666670        2.3751391166886794E-011
  0.80000000000000004       0.90000000000000002        3.4051521720274763E-012
  0.80000000000000004       0.93333333333333335        4.3535278570715514E-013
  0.80000000000000004       0.96666666666666667        4.8750912389730956E-014
  0.80000000000000004        1.0000000000000000        0.0000000000000000     

  0.83333333333333337        0.0000000000000000       0.49999999999999994     
  0.83333333333333337        3.3333333333333333E-002  0.39762790901054385     
  0.83333333333333337        6.6666666666666666E-002  0.30458387883446852     
  0.83333333333333337       0.10000000000000001       0.22399471552552255     
  0.83333333333333337       0.13333333333333333       0.15769577814186581     
  0.83333333333333337       0.16666666666666666       0.10601193044645910     
  0.83333333333333337       0.20000000000000001        6.7899636676520020E-002
  0.83333333333333337       0.23333333333333334        4.1350719196377665E-002
  0.83333333333333337       0.26666666666666666        2.3900225027829746E-002
  0.83333333333333337       0.29999999999999999        1.3088166459366477E-002
  0.83333333333333337       0.33333333333333331        6.7795901065427254E-003
  0.83333333333333337       0.36666666666666664        3.3165336304989902E-003
  0.83333333333333337       0.40000000000000002        1.5297975119535180E-003
  0.83333333333333337       0.43333333333333335        6.6428492900273543E-004
  0.83333333333333337       0.46666666666666667        2.7109743004959097E-004
  0.83333333333333337       0.50000000000000000        1.0379860418181539E-004
  0.83333333333333337       0.53333333333333333        3.7217714313630780E-005
  0.83333333333333337       0.56666666666666665        1.2472003005091983E-005
  0.83333333333333337       0.59999999999999998        3.8977354056466253E-006
  0.83333333333333337       0.63333333333333330        1.1333095501105068E-006
  0.83333333333333337       0.66666666666666663        3.0577773591034555E-007
  0.83333333333333337       0.69999999999999996        7.6333328111592618E-008
  0.83333333333333337       0.73333333333333328        1.7572998630927281E-008
  0.83333333333333337       0.76666666666666661        3.7169176822401623E-009
  0.83333333333333337       0.80000000000000004        7.1924356780596264E-010
  0.83333333333333337       0.83333333333333337        1.2670423286949442E-010
  0.83333333333333337       0.86666666666666670        2.0204140095597752E-011
  0.83333333333333337       0.90000000000000002        2.8965954476968765E-012
  0.83333333333333337       0.93333333333333335        3.7033319908010400E-013
  0.83333333333333337       0.96666666666666667        4.1470003032224114E-014
  0.83333333333333337        1.0000000000000000        0.0000000000000000     

  0.86666666666666670        0.0000000000000000       0.40673664307580004     
  0.86666666666666670        3.3333333333333333E-002  0.32345968180839668     
  0.86666666666666670        6.6666666666666666E-002  0.24777084882427597     
  0.86666666666666670       0.10000000000000001       0.18221371731913974     
  0.86666666666666670       0.13333333333333333       0.12828130285729727     
  0.86666666666666670       0.16666666666666666        8.6237873431555978E-002
  0.86666666666666670       0.20000000000000001        5.5234540575748468E-002
  0.86666666666666670       0.23333333333333334        3.3637705429409401E-002
  0.86666666666666670       0.26666666666666666        1.9442194593151385E-002
  0.86666666666666670       0.29999999999999999        1.0646873779400006E-002
  0.86666666666666670       0.33333333333333331        5.5150154427301892E-003
  0.86666666666666670       0.36666666666666664        2.6979115110343107E-003
  0.86666666666666670       0.40000000000000002        1.2444494091953708E-003
  0.86666666666666670       0.43333333333333335        5.4037804413683773E-004
  0.86666666666666670       0.46666666666666667        2.2053051728969440E-004
  0.86666666666666670       0.50000000000000000        8.4437391641730620E-005
  0.86666666666666670       0.53333333333333333        3.0275616365760684E-005
  0.86666666666666670       0.56666666666666665        1.0145641269444811E-005
  0.86666666666666670       0.59999999999999998        3.1707036289808015E-006
  0.86666666666666670       0.63333333333333330        9.2191704395538583E-007
  0.86666666666666670       0.66666666666666663        2.4874201966298503E-007
  0.86666666666666670       0.69999999999999996        6.2095123261825584E-008
  0.86666666666666670       0.73333333333333328        1.4295164943837990E-008
  0.86666666666666670       0.76666666666666661        3.0236132413268949E-009
  0.86666666666666670       0.80000000000000004        5.8508542864651787E-010
  0.86666666666666670       0.83333333333333337        1.0307050868166527E-010
  0.86666666666666670       0.86666666666666670        1.6435528237433213E-011
  0.86666666666666670       0.90000000000000002        2.3563030174897450E-012
  0.86666666666666670       0.93333333333333335        3.0125616442672708E-013
  0.86666666666666670       0.96666666666666667        3.3734739643340186E-014
  0.86666666666666670        1.0000000000000000        0.0000000000000000     

  0.90000000000000002        0.0000000000000000       0.30901699437494751     
  0.90000000000000002        3.3333333333333333E-002  0.24574756264406672     
  0.90000000000000002        6.6666666666666666E-002  0.18824318954498126     
  0.90000000000000002       0.10000000000000001       0.13843634749513670     
  0.90000000000000002       0.13333333333333333        9.7461350774035796E-002
  0.90000000000000002       0.16666666666666666        6.5518976228901543E-002
  0.90000000000000002       0.20000000000000001        4.1964283289858309E-002
  0.90000000000000002       0.23333333333333334        2.5556149922614135E-002
  0.90000000000000002       0.26666666666666666        1.4771151405969683E-002
  0.90000000000000002       0.29999999999999999        8.0889317223048519E-003
  0.90000000000000002       0.33333333333333331        4.1900171156359252E-003
  0.90000000000000002       0.36666666666666664        2.0497305084804609E-003
  0.90000000000000002       0.40000000000000002        9.4546685829229764E-004
  0.90000000000000002       0.43333333333333335        4.1055066433800125E-004
  0.90000000000000002       0.46666666666666667        1.6754742603339431E-004
  0.90000000000000002       0.50000000000000000        6.4151065369158887E-005
  0.90000000000000002       0.53333333333333333        2.3001812429407286E-005
  0.90000000000000002       0.56666666666666665        7.7081217649376728E-006
  0.90000000000000002       0.59999999999999998        2.4089329598434734E-006
  0.90000000000000002       0.63333333333333330        7.0042382174314532E-007
  0.90000000000000002       0.66666666666666663        1.8898103379558287E-007
  0.90000000000000002       0.69999999999999996        4.7176591247362061E-008
  0.90000000000000002       0.73333333333333328        1.0860710438168429E-008
  0.90000000000000002       0.76666666666666661        2.2971814610099019E-009
  0.90000000000000002       0.80000000000000004        4.4451697109382459E-010
  0.90000000000000002       0.83333333333333337        7.8307522431829177E-011
  0.90000000000000002       0.86666666666666670        1.2486845292543960E-011
  0.90000000000000002       0.90000000000000002        1.7901944383348888E-012
  0.90000000000000002       0.93333333333333335        2.2887850419398556E-013
  0.90000000000000002       0.96666666666666667        2.5629871387475705E-014
  0.90000000000000002        1.0000000000000000        0.0000000000000000     

  0.93333333333333335        0.0000000000000000       0.20791169081775931     
  0.93333333333333335        3.3333333333333333E-002  0.16534298175742471     
  0.93333333333333335        6.6666666666666666E-002  0.12665309848861181     
  0.93333333333333335       0.10000000000000001        9.3142240078308791E-002
  0.93333333333333335       0.13333333333333333        6.5573591736595147E-002
  0.93333333333333335       0.16666666666666666        4.4082239411956020E-002
  0.93333333333333335       0.20000000000000001        2.8234256534653640E-002
  0.93333333333333335       0.23333333333333334        1.7194595889298517E-002
  0.93333333333333335       0.26666666666666666        9.9382723929220228E-003
  0.93333333333333335       0.29999999999999999        5.4423656365423416E-003
  0.93333333333333335       0.33333333333333331        2.8191120842053024E-003
  0.93333333333333335       0.36666666666666664        1.3790922295420138E-003
  0.93333333333333335       0.40000000000000002        6.3612557463811473E-004
  0.93333333333333335       0.43333333333333335        2.7622520554742788E-004
  0.93333333333333335       0.46666666666666667        1.1272865011591940E-004
  0.93333333333333335       0.50000000000000000        4.3161886599929163E-005
  0.93333333333333335       0.53333333333333333        1.5475995822638600E-005
  0.93333333333333335       0.56666666666666665        5.1861504653456993E-006
  0.93333333333333335       0.59999999999999998        1.6207695170964699E-006
  0.93333333333333335       0.63333333333333330        4.7125660956677927E-007
  0.93333333333333335       0.66666666666666663        1.2714953217509248E-007
  0.93333333333333335       0.69999999999999996        3.1741182626856041E-008
  0.93333333333333335       0.73333333333333328        7.3072637161885220E-009
  0.93333333333333335       0.76666666666666661        1.5455812798899584E-009
  0.93333333333333335       0.80000000000000004        2.9907829258467089E-010
  0.93333333333333335       0.83333333333333337        5.2686582579327418E-011
  0.93333333333333335       0.86666666666666670        8.4013538575892296E-012
  0.93333333333333335       0.90000000000000002        1.2044721142913647E-012
  0.93333333333333335       0.93333333333333335        1.5399320317338862E-013
  0.93333333333333335       0.96666666666666667        1.7244196897294648E-014
  0.93333333333333335        1.0000000000000000        0.0000000000000000     

  0.96666666666666667        0.0000000000000000       0.10452846326765373     
  0.96666666666666667        3.3333333333333333E-002   8.3126868562405073E-002
  0.96666666666666667        6.6666666666666666E-002   6.3675369581336336E-002
  0.96666666666666667       0.10000000000000001        4.6827646787916150E-002
  0.96666666666666667       0.13333333333333333        3.2967394705932095E-002
  0.96666666666666667       0.16666666666666666        2.2162528355211469E-002
  0.96666666666666667       0.20000000000000001        1.4194889356457276E-002
  0.96666666666666667       0.23333333333333334        8.6446542652192319E-003
  0.96666666666666667       0.26666666666666666        4.9965075878203070E-003
  0.96666666666666667       0.29999999999999999        2.7361718539776459E-003
  0.96666666666666667       0.33333333333333331        1.4173202708429964E-003
  0.96666666666666667       0.36666666666666664        6.9334432754310216E-004
  0.96666666666666667       0.40000000000000002        3.1981476607036201E-004
  0.96666666666666667       0.43333333333333335        1.3887336560103645E-004
  0.96666666666666667       0.46666666666666667        5.6674795517787854E-005
  0.96666666666666667       0.50000000000000000        2.1699817168905185E-005
  0.96666666666666667       0.53333333333333333        7.7806209670767531E-006
  0.96666666666666667       0.56666666666666665        2.6073586159836417E-006
  0.96666666666666667       0.59999999999999998        8.1484858435233137E-007
  0.96666666666666667       0.63333333333333330        2.3692621135921398E-007
  0.96666666666666667       0.66666666666666663        6.3924953672341600E-008
  0.96666666666666667       0.69999999999999996        1.5958010967220698E-008
  0.96666666666666667       0.73333333333333328        3.6737570837908142E-009
  0.96666666666666667       0.76666666666666661        7.7704738683386495E-010
  0.96666666666666667       0.80000000000000004        1.5036284971580319E-010
  0.96666666666666667       0.83333333333333337        2.6488397502710321E-011
  0.96666666666666667       0.86666666666666670        4.2238154316744289E-012
  0.96666666666666667       0.90000000000000002        6.0555334171167065E-013
  0.96666666666666667       0.93333333333333335        7.7420720393674518E-014
  0.96666666666666667       0.96666666666666667        8.6695913773266311E-015
  0.96666666666666667        1.0000000000000000        0.0000000000000000     

   1.0000000000000000        0.0000000000000000        1.2246467991473532E-016
   1.0000000000000000        3.3333333333333333E-002   0.0000000000000000     
   1.0000000000000000        6.6666666666666666E-002   0.0000000000000000     
   1.0000000000000000       0.10000000000000001        0.0000000000000000     
   1.0000000000000000       0.13333333333333333        0.0000000000000000     
   1.0000000000000000       0.16666666666666666        0.0000000000000000     
   1.0000000000000000       0.20000000000000001        0.0000000000000000     
   1.0000000000000000       0.23333333333333334        0.0000000000000000     
   1.0000000000000000       0.26666666666666666        0.0000000000000000     
   1.0000000000000000       0.29999999999999999        0.0000000000000000     
   1.0000000000000000       0.33333333333333331        0.0000000000000000     
   1.0000000000000000       0.36666666666666664        0.0000000000000000     
   1.0000000000000000       0.40000000000000002        0.0000000000000000     
   1.0000000000000000       0.43333333333333335        0.0000000000000000     
   1.0000000000000000       0.46666666666666667        0.0000000000000000     
   1.0000000000000000       0.50000000000000000        0.0000000000000000     
   1.0000000000000000       0.53333333333333333        0.0000000000000000     
   1.0000000000000000       0.56666666666666665        0.0000000000000000     
   1.0000000000000000       0.59999999999999998        0.0000000000000000     
   1.0000000000000000       0.63333333333333330        0.0000000000000000     
   1.0000000000000000       0.66666666666666663        0.0000000000000000     
   1.0000000000000000       0.69999999999999996        0.0000000000000000     
   1.0000000000000000       0.73333333333333328        0.0000000000000000     
   1.0000000000000000       0.76666666666666661        0.0000000000000000     
   1.0000000000000000       0.80000000000000004        0.0000000000000000     
   1.0000000000000000       0.83333333333333337        0.0000000000000000     
   1.0000000000000000       0.86666666666666670        0.0000000000000000     
   1.0000000000000000       0.90000000000000002        0.0000000000000000     
   1.0000000000000000       0.93333333333333335        0.0000000000000000     
   1.0000000000000000       0.96666666666666667        0.0000000000000000     
   1.0000000000000000        1.0000000000000000        0.0000000000000000     

