   0.0000000000000000        0.0000000000000000        0.0000000000000000     
   0.0000000000000000        3.3333333333333333E-002   0.0000000000000000     
   0.0000000000000000        6.6666666666666666E-002   0.0000000000000000     
   0.0000000000000000       0.10000000000000001        0.0000000000000000     
   0.0000000000000000       0.13333333333333333        0.0000000000000000     
   0.0000000000000000       0.16666666666666666        0.0000000000000000     
   0.0000000000000000       0.20000000000000001        0.0000000000000000     
   0.0000000000000000       0.23333333333333334        0.0000000000000000     
   0.0000000000000000       0.26666666666666666        0.0000000000000000     
   0.0000000000000000       0.29999999999999999        0.0000000000000000     
   0.0000000000000000       0.33333333333333331        0.0000000000000000     
   0.0000000000000000       0.36666666666666664        0.0000000000000000     
   0.0000000000000000       0.40000000000000002        0.0000000000000000     
   0.0000000000000000       0.43333333333333335        0.0000000000000000     
   0.0000000000000000       0.46666666666666667        0.0000000000000000     
   0.0000000000000000       0.50000000000000000        0.0000000000000000     
   0.0000000000000000       0.53333333333333333        0.0000000000000000     
   0.0000000000000000       0.56666666666666665        0.0000000000000000     
   0.0000000000000000       0.59999999999999998        0.0000000000000000     
   0.0000000000000000       0.63333333333333330        0.0000000000000000     
   0.0000000000000000       0.66666666666666663        0.0000000000000000     
   0.0000000000000000       0.69999999999999996        0.0000000000000000     
   0.0000000000000000       0.73333333333333328        0.0000000000000000     
   0.0000000000000000       0.76666666666666661        0.0000000000000000     
   0.0000000000000000       0.80000000000000004        0.0000000000000000     
   0.0000000000000000       0.83333333333333337        0.0000000000000000     
   0.0000000000000000       0.86666666666666670        0.0000000000000000     
   0.0000000000000000       0.90000000000000002        0.0000000000000000     
   0.0000000000000000       0.93333333333333335        0.0000000000000000     
   0.0000000000000000       0.96666666666666667        0.0000000000000000     
   0.0000000000000000        1.0000000000000000        0.0000000000000000     

   3.3333333333333333E-002   0.0000000000000000       0.10452846326765346     
   3.3333333333333333E-002   3.3333333333333333E-002   8.5268164640100383E-002
   3.3333333333333333E-002   6.6666666666666666E-002   6.7637731112967989E-002
   3.3333333333333333E-002  0.10000000000000001        5.2049040648400900E-002
   3.3333333333333333E-002  0.13333333333333333        3.8774415196285432E-002
   3.3333333333333333E-002  0.16666666666666666        2.7911228094309858E-002
   3.3333333333333333E-002  0.20000000000000001        1.9381983938670327E-002
   3.3333333333333333E-002  0.23333333333333334        1.2964800974538390E-002
   3.3333333333333333E-002  0.26666666666666666        8.3427543227636292E-003
   3.3333333333333333E-002  0.29999999999999999        5.1583297730909399E-003
   3.3333333333333333E-002  0.33333333333333331        3.0611605735228727E-003
   3.3333333333333333E-002  0.36666666666666664        1.7417793009694670E-003
   3.3333333333333333E-002  0.40000000000000002        9.4930428166658924E-004
   3.3333333333333333E-002  0.43333333333333335        4.9512331969245587E-004
   3.3333333333333333E-002  0.46666666666666667        2.4689687756251894E-004
   3.3333333333333333E-002  0.50000000000000000        1.1760155736692060E-004
   3.3333333333333333E-002  0.53333333333333333        5.3456893326060929E-005
   3.3333333333333333E-002  0.56666666666666665        2.3167403021136758E-005
   3.3333333333333333E-002  0.59999999999999998        9.5633709495553048E-006
   3.3333333333333333E-002  0.63333333333333330        3.7563346066840569E-006
   3.3333333333333333E-002  0.66666666666666663        1.4024093357157551E-006
   3.3333333333333333E-002  0.69999999999999996        4.9711119059584417E-007
   3.3333333333333333E-002  0.73333333333333328        1.6710132914811786E-007
   3.3333333333333333E-002  0.76666666666666661        5.3198138799633389E-008
   3.3333333333333333E-002  0.80000000000000004        1.6017807424058617E-008
   3.3333333333333333E-002  0.83333333333333337        4.5546039294258001E-009
   3.3333333333333333E-002  0.86666666666666670        1.2210476342001200E-009
   3.3333333333333333E-002  0.90000000000000002        3.0807336768544222E-010
   3.3333333333333333E-002  0.93333333333333335        7.2903787970700698E-011
   3.3333333333333333E-002  0.96666666666666667        1.5569222959560715E-011
   3.3333333333333333E-002   1.0000000000000000        0.0000000000000000     

   6.6666666666666666E-002   0.0000000000000000       0.20791169081775931     
   6.6666666666666666E-002   3.3333333333333333E-002  0.16960211342489323     
   6.6666666666666666E-002   6.6666666666666666E-002  0.13453440908975711     
   6.6666666666666666E-002  0.10000000000000001       0.10352782111549592     
   6.6666666666666666E-002  0.13333333333333333        7.7124009785612332E-002
   6.6666666666666666E-002  0.16666666666666666        5.5516654932818488E-002
   6.6666666666666666E-002  0.20000000000000001        3.8551614805367694E-002
   6.6666666666666666E-002  0.23333333333333334        2.5787556876540711E-002
   6.6666666666666666E-002  0.26666666666666666        1.6594103683333476E-002
   6.6666666666666666E-002  0.29999999999999999        1.0260143805737991E-002
   6.6666666666666666E-002  0.33333333333333331        6.0887824312131963E-003
   6.6666666666666666E-002  0.36666666666666664        3.4644753034267610E-003
   6.6666666666666666E-002  0.40000000000000002        1.8882077869685470E-003
   6.6666666666666666E-002  0.43333333333333335        9.8482196468314552E-004
   6.6666666666666666E-002  0.46666666666666667        4.9108870126796968E-004
   6.6666666666666666E-002  0.50000000000000000        2.3391464746162126E-004
   6.6666666666666666E-002  0.53333333333333333        1.0632810174226743E-004
   6.6666666666666666E-002  0.56666666666666665        4.6080979126683180E-005
   6.6666666666666666E-002  0.59999999999999998        1.9021963605723249E-005
   6.6666666666666666E-002  0.63333333333333330        7.4715140253537319E-006
   6.6666666666666666E-002  0.66666666666666663        2.7894535812763871E-006
   6.6666666666666666E-002  0.69999999999999996        9.8877592696031607E-007
   6.6666666666666666E-002  0.73333333333333328        3.3237186116588768E-007
   6.6666666666666666E-002  0.76666666666666661        1.0581342765815177E-007
   6.6666666666666666E-002  0.80000000000000004        3.1860120398037545E-008
   6.6666666666666666E-002  0.83333333333333337        9.0593066650886640E-009
   6.6666666666666666E-002  0.86666666666666670        2.4287172149992993E-009
   6.6666666666666666E-002  0.90000000000000002        6.1277141908602587E-010
   6.6666666666666666E-002  0.93333333333333335        1.4500882678429598E-010
   6.6666666666666666E-002  0.96666666666666667        3.0967866254307121E-011
   6.6666666666666666E-002   1.0000000000000000        0.0000000000000000     

  0.10000000000000001        0.0000000000000000       0.30901699437494740     
  0.10000000000000001        3.3333333333333333E-002  0.25207786596347903     
  0.10000000000000001        6.6666666666666666E-002  0.19995709992742383     
  0.10000000000000001       0.10000000000000001       0.15387232910986023     
  0.10000000000000001       0.13333333333333333       0.11462861758449146     
  0.10000000000000001       0.16666666666666666        8.2513829682276219E-002
  0.10000000000000001       0.20000000000000001        5.7298866112813401E-002
  0.10000000000000001       0.23333333333333334        3.8327778909010450E-002
  0.10000000000000001       0.26666666666666666        2.4663644571409283E-002
  0.10000000000000001       0.29999999999999999        1.5249545555776256E-002
  0.10000000000000001       0.33333333333333331        9.0496943144275106E-003
  0.10000000000000001       0.36666666666666664        5.1492137894716457E-003
  0.10000000000000001       0.40000000000000002        2.8064236926235954E-003
  0.10000000000000001       0.43333333333333335        1.4637306941415213E-003
  0.10000000000000001       0.46666666666666667        7.2990005439541104E-004
  0.10000000000000001       0.50000000000000000        3.4766491972894543E-004
  0.10000000000000001       0.53333333333333333        1.5803435722519990E-004
  0.10000000000000001       0.56666666666666665        6.8489682381852834E-005
  0.10000000000000001       0.59999999999999998        2.8272147648025099E-005
  0.10000000000000001       0.63333333333333330        1.1104833972846806E-005
  0.10000000000000001       0.66666666666666663        4.1459359896698662E-006
  0.10000000000000001       0.69999999999999996        1.4696074273543455E-006
  0.10000000000000001       0.73333333333333328        4.9400085751944072E-007
  0.10000000000000001       0.76666666666666661        1.5726940246036413E-007
  0.10000000000000001       0.80000000000000004        4.7353367225776760E-008
  0.10000000000000001       0.83333333333333337        1.3464753741147019E-008
  0.10000000000000001       0.86666666666666670        3.6097772617491943E-009
  0.10000000000000001       0.90000000000000002        9.1075581858843971E-010
  0.10000000000000001       0.93333333333333335        2.1552511854659463E-010
  0.10000000000000001       0.96666666666666667        4.6027219125928709E-011
  0.10000000000000001        1.0000000000000000        0.0000000000000000     

  0.13333333333333333        0.0000000000000000       0.40673664307580015     
  0.13333333333333333        3.3333333333333333E-002  0.33179180065188424     
  0.13333333333333333        6.6666666666666666E-002  0.26318901893457242     
  0.13333333333333333       0.10000000000000001       0.20253097966664194     
  0.13333333333333333       0.13333333333333333       0.15087733026153452     
  0.13333333333333333       0.16666666666666666       0.10860696564660599     
  0.13333333333333333       0.20000000000000001        7.5418339052568534E-002
  0.13333333333333333       0.23333333333333334        5.0448073775149697E-002
  0.13333333333333333       0.26666666666666666        3.2462965408361300E-002
  0.13333333333333333       0.29999999999999999        2.0071870093532871E-002
  0.13333333333333333       0.33333333333333331        1.1911455852962672E-002
  0.13333333333333333       0.36666666666666664        6.7775364116968197E-003
  0.13333333333333333       0.40000000000000002        3.6938918330203462E-003
  0.13333333333333333       0.43333333333333335        1.9266024838095431E-003
  0.13333333333333333       0.46666666666666667        9.6071446978549034E-004
  0.13333333333333333       0.50000000000000000        4.5760610238215760E-004
  0.13333333333333333       0.53333333333333333        2.0800915521955774E-004
  0.13333333333333333       0.56666666666666665        9.0147998344459473E-005
  0.13333333333333333       0.59999999999999998        3.7212576124367928E-005
  0.13333333333333333       0.63333333333333330        1.4616487035497463E-005
  0.13333333333333333       0.66666666666666663        5.4569946557676399E-006
  0.13333333333333333       0.69999999999999996        1.9343376012391557E-006
  0.13333333333333333       0.73333333333333328        6.5021747710168526E-007
  0.13333333333333333       0.76666666666666661        2.0700230077848251E-007
  0.13333333333333333       0.80000000000000004        6.2327800652861209E-008
  0.13333333333333333       0.83333333333333337        1.7722678157536501E-008
  0.13333333333333333       0.86666666666666670        4.7512878334249092E-009
  0.13333333333333333       0.90000000000000002        1.1987617867544909E-009
  0.13333333333333333       0.93333333333333335        2.8368007200856622E-010
  0.13333333333333333       0.96666666666666667        6.0582288152991773E-011
  0.13333333333333333        1.0000000000000000        0.0000000000000000     

  0.16666666666666666        0.0000000000000000       0.49999999999999994     
  0.16666666666666666        3.3333333333333333E-002  0.40787055494044938     
  0.16666666666666666        6.6666666666666666E-002  0.32353738397443094     
  0.16666666666666666       0.10000000000000001       0.24897065842786370     
  0.16666666666666666       0.13333333333333333       0.18547299933512104     
  0.16666666666666666       0.16666666666666666       0.13351018096784287     
  0.16666666666666666       0.20000000000000001        9.2711512887361666E-002
  0.16666666666666666       0.23333333333333334        6.2015648988070271E-002
  0.16666666666666666       0.26666666666666666        3.9906615202987057E-002
  0.16666666666666666       0.29999999999999999        2.4674283022235885E-002
  0.16666666666666666       0.33333333333333331        1.4642712988540391E-002
  0.16666666666666666       0.36666666666666664        8.3316029267047689E-003
  0.16666666666666666       0.40000000000000002        4.5408889214979655E-003
  0.16666666666666666       0.43333333333333335        2.3683660134974581E-003
  0.16666666666666666       0.46666666666666667        1.1810030964021722E-003
  0.16666666666666666       0.50000000000000000        5.6253365681743761E-004
  0.16666666666666666       0.53333333333333333        2.5570496138061600E-004
  0.16666666666666666       0.56666666666666665        1.1081863397252274E-004
  0.16666666666666666       0.59999999999999998        4.5745295829459999E-005
  0.16666666666666666       0.63333333333333330        1.7967998807490653E-005
  0.16666666666666666       0.66666666666666663        6.7082653464672760E-006
  0.16666666666666666       0.69999999999999996        2.3778747675786228E-006
  0.16666666666666666       0.73333333333333328        7.9931017793804905E-007
  0.16666666666666666       0.76666666666666661        2.5446723857125550E-007
  0.16666666666666666       0.80000000000000004        7.6619357653062115E-008
  0.16666666666666666       0.83333333333333337        2.1786429203323177E-008
  0.16666666666666666       0.86666666666666670        5.8407423013267205E-009
  0.16666666666666666       0.90000000000000002        1.4736338699278286E-009
  0.16666666666666666       0.93333333333333335        3.4872696723774040E-010
  0.16666666666666666       0.96666666666666667        7.4473604953391871E-011
  0.16666666666666666        1.0000000000000000        0.0000000000000000     

  0.20000000000000001        0.0000000000000000       0.58778525229247314     
  0.20000000000000001        3.3333333333333333E-002  0.47948059407668608     
  0.20000000000000001        6.6666666666666666E-002  0.38034100573091528     
  0.20000000000000001       0.10000000000000001       0.29268256255489000     
  0.20000000000000001       0.13333333333333333       0.21803658741527165     
  0.20000000000000001       0.16666666666666666       0.15695063080759453     
  0.20000000000000001       0.20000000000000001       0.10898891998582949     
  0.20000000000000001       0.23333333333333334        7.2903767773068687E-002
  0.20000000000000001       0.26666666666666666        4.6913039770452782E-002
  0.20000000000000001       0.29999999999999999        2.9006359342721617E-002
  0.20000000000000001       0.33333333333333331        1.7213541496430972E-002
  0.20000000000000001       0.36666666666666664        9.7943866565477402E-003
  0.20000000000000001       0.40000000000000002        5.3381350807095553E-003
  0.20000000000000001       0.43333333333333335        2.7841812295290448E-003
  0.20000000000000001       0.46666666666666667        1.3883524059538853E-003
  0.20000000000000001       0.50000000000000000        6.6129797479089008E-004
  0.20000000000000001       0.53333333333333333        3.0059921047508487E-004
  0.20000000000000001       0.56666666666666665        1.3027511745649303E-004
  0.20000000000000001       0.59999999999999998        5.3776820500625926E-005
  0.20000000000000001       0.63333333333333330        2.1122649424503502E-005
  0.20000000000000001       0.66666666666666663        7.8860388782362444E-006
  0.20000000000000001       0.69999999999999996        2.7953594403622135E-006
  0.20000000000000001       0.73333333333333328        9.3964546919851557E-007
  0.20000000000000001       0.76666666666666661        2.9914418004754876E-007
  0.20000000000000001       0.80000000000000004        9.0071456937184701E-008
  0.20000000000000001       0.83333333333333337        2.5611483571654835E-008
  0.20000000000000001       0.86666666666666670        6.8662043743212936E-009
  0.20000000000000001       0.90000000000000002        1.7323605120445245E-009
  0.20000000000000001       0.93333333333333335        4.0995313683804849E-010
  0.20000000000000001       0.96666666666666667        8.7548973353318818E-011
  0.20000000000000001        1.0000000000000000        0.0000000000000000     

  0.23333333333333334        0.0000000000000000       0.66913060635885824     
  0.23333333333333334        3.3333333333333333E-002  0.54583734348645374     
  0.23333333333333334        6.6666666666666666E-002  0.43297753183713938     
  0.23333333333333334       0.10000000000000001       0.33318777527880122     
  0.23333333333333334       0.13333333333333333       0.24821132101661131     
  0.23333333333333334       0.16666666666666666       0.17867149669218718     
  0.23333333333333334       0.20000000000000001       0.12407222166953481     
  0.23333333333333334       0.23333333333333334        8.2993137622251148E-002
  0.23333333333333334       0.26666666666666666        5.3405475257008721E-002
  0.23333333333333334       0.29999999999999999        3.3020635920277562E-002
  0.23333333333333334       0.33333333333333331        1.9595774841521522E-002
  0.23333333333333334       0.36666666666666664        1.1149861036574400E-002
  0.23333333333333334       0.40000000000000002        6.0768955149003113E-003
  0.23333333333333334       0.43333333333333335        3.1694923733825318E-003
  0.23333333333333334       0.46666666666666667        1.5804906360145491E-003
  0.23333333333333334       0.50000000000000000        7.5281697376703566E-004
  0.23333333333333334       0.53333333333333333        3.4220003171515998E-004
  0.23333333333333334       0.56666666666666665        1.4830427949178899E-004
  0.23333333333333334       0.59999999999999998        6.1219155072863836E-005
  0.23333333333333334       0.63333333333333330        2.4045875874222923E-005
  0.23333333333333334       0.66666666666666663        8.9774113177955300E-006
  0.23333333333333334       0.69999999999999996        3.1822175701506260E-006
  0.23333333333333334       0.73333333333333328        1.0696858080649872E-006
  0.23333333333333334       0.76666666666666661        3.4054363528729685E-007
  0.23333333333333334       0.80000000000000004        1.0253671449043935E-007
  0.23333333333333334       0.83333333333333337        2.9155933166427953E-008
  0.23333333333333334       0.86666666666666670        7.8164388753451634E-009
  0.23333333333333334       0.90000000000000002        1.9721070498715169E-009
  0.23333333333333334       0.93333333333333335        4.6668777408294981E-010
  0.23333333333333334       0.96666666666666667        9.9665136880386317E-011
  0.23333333333333334        1.0000000000000000        0.0000000000000000     

  0.26666666666666666        0.0000000000000000       0.74314482547739413     
  0.26666666666666666        3.3333333333333333E-002  0.60621378473717624     
  0.26666666666666666        6.6666666666666666E-002  0.48087026549818224     
  0.26666666666666666       0.10000000000000001       0.37004251301273339     
  0.26666666666666666       0.13333333333333333       0.27566659944333471     
  0.26666666666666666       0.16666666666666666       0.19843480026960580     
  0.26666666666666666       0.20000000000000001       0.13779616212884715     
  0.26666666666666666       0.23333333333333334        9.2173217288213649E-002
  0.26666666666666666       0.26666666666666666        5.9312789180834692E-002
  0.26666666666666666       0.29999999999999999        3.6673131500678642E-002
  0.26666666666666666       0.33333333333333331        2.1763312776768844E-002
  0.26666666666666666       0.36666666666666664        1.2383175205825925E-002
  0.26666666666666666       0.40000000000000002        6.7490762101576774E-003
  0.26666666666666666       0.43333333333333335        3.5200778955343211E-003
  0.26666666666666666       0.46666666666666667        1.7553126799281088E-003
  0.26666666666666666       0.50000000000000000        8.3608795244151000E-004
  0.26666666666666666       0.53333333333333333        3.8005163779780335E-004
  0.26666666666666666       0.56666666666666665        1.6470858880630727E-004
  0.26666666666666666       0.59999999999999998        6.7990759771191631E-005
  0.26666666666666666       0.63333333333333330        2.6705650675941342E-005
  0.26666666666666666       0.66666666666666663        9.9704253603129507E-006
  0.26666666666666666       0.69999999999999996        3.5342106583186304E-006
  0.26666666666666666       0.73333333333333328        1.1880064453721527E-006
  0.26666666666666666       0.76666666666666661        3.7821202319550021E-007
  0.26666666666666666       0.80000000000000004        1.1387855834254978E-007
  0.26666666666666666       0.83333333333333337        3.2380944256158419E-008
  0.26666666666666666       0.86666666666666670        8.6810348363557605E-009
  0.26666666666666666       0.90000000000000002        2.1902467701701865E-009
  0.26666666666666666       0.93333333333333335        5.1830928241430316E-010
  0.26666666666666666       0.96666666666666667        1.1068934831152159E-010
  0.26666666666666666        1.0000000000000000        0.0000000000000000     

  0.29999999999999999        0.0000000000000000       0.80901699437494745     
  0.29999999999999999        3.3333333333333333E-002  0.65994842090392836     
  0.29999999999999999        6.6666666666666666E-002  0.52349448390185482     
  0.29999999999999999       0.10000000000000001       0.40284298753772391     
  0.29999999999999999       0.13333333333333333       0.30010161691961251     
  0.29999999999999999       0.16666666666666666       0.21602401065011906     
  0.29999999999999999       0.20000000000000001       0.15001037900017505     
  0.29999999999999999       0.23333333333333334       0.10034342789708073     
  0.29999999999999999       0.26666666666666666        6.4570259774396344E-002
  0.29999999999999999       0.29999999999999999        3.9923828578012140E-002
  0.29999999999999999       0.33333333333333331        2.3692407302967899E-002
  0.29999999999999999       0.36666666666666664        1.3480816716176415E-002
  0.29999999999999999       0.40000000000000002        7.3473126141215617E-003
  0.29999999999999999       0.43333333333333335        3.8320967076389801E-003
  0.29999999999999999       0.46666666666666667        1.9109031507975832E-003
  0.29999999999999999       0.50000000000000000        9.1019857654638298E-004
  0.29999999999999999       0.53333333333333333        4.1373931860581587E-004
  0.29999999999999999       0.56666666666666665        1.7930831635437557E-004
  0.29999999999999999       0.59999999999999998        7.4017443477485088E-005
  0.29999999999999999       0.63333333333333330        2.9072832780337456E-005
  0.29999999999999999       0.66666666666666663        1.0854201336137142E-005
  0.29999999999999999       0.69999999999999996        3.8474821949329683E-006
  0.29999999999999999       0.73333333333333328        1.2933110354574896E-006
  0.29999999999999999       0.76666666666666661        4.1173664103161963E-007
  0.29999999999999999       0.80000000000000004        1.2397272487883887E-007
  0.29999999999999999       0.83333333333333337        3.5251182944470199E-008
  0.29999999999999999       0.86666666666666670        9.4505195630759152E-009
  0.29999999999999999       0.90000000000000002        2.3843896885162683E-009
  0.29999999999999999       0.93333333333333335        5.6425208578433501E-010
  0.29999999999999999       0.96666666666666667        1.2050082407932055E-010
  0.29999999999999999        1.0000000000000000        0.0000000000000000     

  0.33333333333333331        0.0000000000000000       0.86602540378443860     
  0.33333333333333331        3.3333333333333333E-002  0.70645252406817138     
  0.33333333333333331        6.6666666666666666E-002  0.56038318719163493     
  0.33333333333333331       0.10000000000000001       0.43122982999093640     
  0.33333333333333331       0.13333333333333333       0.32124865828061822     
  0.33333333333333331       0.16666666666666666       0.23124641676401916     
  0.33333333333333331       0.20000000000000001       0.16058105076748713     
  0.33333333333333331       0.23333333333333334       0.10741425491169514     
  0.33333333333333331       0.26666666666666666        6.9120285089674161E-002
  0.33333333333333331       0.29999999999999999        4.2737111834846707E-002
  0.33333333333333331       0.33333333333333331        2.5361922856800671E-002
  0.33333333333333331       0.36666666666666664        1.4430759577542217E-002
  0.33333333333333331       0.40000000000000002        7.8650503235611190E-003
  0.33333333333333331       0.43333333333333335        4.1021302662969557E-003
  0.33333333333333331       0.46666666666666667        2.0455573668647269E-003
  0.33333333333333331       0.50000000000000000        9.7433687457531648E-004
  0.33333333333333331       0.53333333333333333        4.4289398485866449E-004
  0.33333333333333331       0.56666666666666665        1.9194350446578783E-004
  0.33333333333333331       0.59999999999999998        7.9233176583893387E-005
  0.33333333333333331       0.63333333333333330        3.1121486844910810E-005
  0.33333333333333331       0.66666666666666663        1.1619056410734960E-005
  0.33333333333333331       0.69999999999999996        4.1185999114822100E-006
  0.33333333333333331       0.73333333333333328        1.3844458391956208E-006
  0.33333333333333331       0.76666666666666661        4.4075018606716523E-007
  0.33333333333333331       0.80000000000000004        1.3270862029839486E-007
  0.33333333333333331       0.83333333333333337        3.7735202295658086E-008
  0.33333333333333331       0.86666666666666670        1.0116462419814650E-008
  0.33333333333333331       0.90000000000000002        2.5524087344693452E-009
  0.33333333333333331       0.93333333333333335        6.0401282522517370E-010
  0.33333333333333331       0.96666666666666667        1.2899206760208788E-010
  0.33333333333333331        1.0000000000000000        0.0000000000000000     

  0.36666666666666664        0.0000000000000000       0.91354545764260087     
  0.36666666666666664        3.3333333333333333E-002  0.74521658554402870     
  0.36666666666666664        6.6666666666666666E-002  0.59113221501482272     
  0.36666666666666664       0.10000000000000001       0.45489202818612479     
  0.36666666666666664       0.13333333333333333       0.33887603211589795     
  0.36666666666666664       0.16666666666666666       0.24393523874442893     
  0.36666666666666664       0.20000000000000001       0.16939236293884538     
  0.36666666666666664       0.23333333333333334       0.11330822887161912     
  0.36666666666666664       0.26666666666666666        7.2913014097159973E-002
  0.36666666666666664       0.29999999999999999        4.5082158351103081E-002
  0.36666666666666664       0.33333333333333331        2.6753567876490775E-002
  0.36666666666666664       0.36666666666666664        1.5222596017145882E-002
  0.36666666666666664       0.40000000000000002        8.2966168957881500E-003
  0.36666666666666664       0.43333333333333335        4.3272200273314354E-003
  0.36666666666666664       0.46666666666666667        2.1578000283601021E-003
  0.36666666666666664       0.50000000000000000        1.0278001339133036E-003
  0.36666666666666664       0.53333333333333333        4.6719621193187685E-004
  0.36666666666666664       0.56666666666666665        2.0247571937551234E-004
  0.36666666666666664       0.59999999999999998        8.3580814427040384E-005
  0.36666666666666664       0.63333333333333330        3.2829167387021514E-005
  0.36666666666666664       0.66666666666666663        1.2256610671852898E-005
  0.36666666666666664       0.69999999999999996        4.3445933855288119E-006
  0.36666666666666664       0.73333333333333328        1.4604123646056074E-006
  0.36666666666666664       0.76666666666666661        4.6493477983125298E-007
  0.36666666666666664       0.80000000000000004        1.3999053230289750E-007
  0.36666666666666664       0.83333333333333337        3.9805786873895992E-008
  0.36666666666666664       0.86666666666666670        1.0671567197276034E-008
  0.36666666666666664       0.90000000000000002        2.6924630562017103E-009
  0.36666666666666664       0.93333333333333335        6.3715587375503561E-010
  0.36666666666666664       0.96666666666666667        1.3607004703888127E-010
  0.36666666666666664        1.0000000000000000        0.0000000000000000     

  0.40000000000000002        0.0000000000000000       0.95105651629515353     
  0.40000000000000002        3.3333333333333333E-002  0.77581589816206953     
  0.40000000000000002        6.6666666666666666E-002  0.61540467458793946     
  0.40000000000000002       0.10000000000000001       0.47357033412822924     
  0.40000000000000002       0.13333333333333333       0.35279060922894706     
  0.40000000000000002       0.16666666666666666       0.25395145520242429     
  0.40000000000000002       0.20000000000000001       0.17634777693421483     
  0.40000000000000002       0.23333333333333334       0.11796077416475437     
  0.40000000000000002       0.26666666666666666        7.5906892864168171E-002
  0.40000000000000002       0.29999999999999999        4.6933275306416632E-002
  0.40000000000000002       0.33333333333333331        2.7852095207982042E-002
  0.40000000000000002       0.36666666666666664        1.5847650509252686E-002
  0.40000000000000002       0.40000000000000002        8.6372839971262244E-003
  0.40000000000000002       0.43333333333333335        4.5048998602174664E-003
  0.40000000000000002       0.46666666666666667        2.2464013811960785E-003
  0.40000000000000002       0.50000000000000000        1.0700025999031313E-003
  0.40000000000000002       0.53333333333333333        4.8637973954007078E-004
  0.40000000000000002       0.56666666666666665        2.1078956793299048E-004
  0.40000000000000002       0.59999999999999998        8.7012723376914887E-005
  0.40000000000000002       0.63333333333333330        3.4177164701295078E-005
  0.40000000000000002       0.66666666666666663        1.2759878941589339E-005
  0.40000000000000002       0.69999999999999996        4.5229865852789462E-006
  0.40000000000000002       0.73333333333333328        1.5203783065380404E-006
  0.40000000000000002       0.76666666666666661        4.8402545085365202E-007
  0.40000000000000002       0.80000000000000004        1.4573867874058732E-007
  0.40000000000000002       0.83333333333333337        4.1440250921247082E-008
  0.40000000000000002       0.86666666666666670        1.1109752051355057E-008
  0.40000000000000002       0.90000000000000002        2.8030181892562121E-009
  0.40000000000000002       0.93333333333333335        6.6331810919859899E-010
  0.40000000000000002       0.96666666666666667        1.4165721456582870E-010
  0.40000000000000002        1.0000000000000000        0.0000000000000000     

  0.43333333333333335        0.0000000000000000       0.97814760073380569     
  0.43333333333333335        3.3333333333333333E-002  0.79791520944993277     
  0.43333333333333335        6.6666666666666666E-002  0.63293463176456322     
  0.43333333333333335       0.10000000000000001       0.48706010438866143     
  0.43333333333333335       0.13333333333333333       0.36283993860110270     
  0.43333333333333335       0.16666666666666666       0.26118532637446340     
  0.43333333333333335       0.20000000000000001       0.18137108778234823     
  0.43333333333333335       0.23333333333333334       0.12132091653126161     
  0.43333333333333335       0.26666666666666666        7.8069119828418007E-002
  0.43333333333333335       0.29999999999999999        4.8270181476053817E-002
  0.43333333333333335       0.33333333333333331        2.8645469155949028E-002
  0.43333333333333335       0.36666666666666664        1.6299074826046044E-002
  0.43333333333333335       0.40000000000000002        8.8833192075239067E-003
  0.43333333333333335       0.43333333333333335        4.6332230675240537E-003
  0.43333333333333335       0.46666666666666667        2.3103906904099599E-003
  0.43333333333333335       0.50000000000000000        1.1004818934959811E-003
  0.43333333333333335       0.53333333333333333        5.0023438894035985E-004
  0.43333333333333335       0.56666666666666665        2.1679396187364186E-004
  0.43333333333333335       0.59999999999999998        8.9491302720888939E-005
  0.43333333333333335       0.63333333333333330        3.5150709847069736E-005
  0.43333333333333335       0.66666666666666663        1.3123347307465396E-005
  0.43333333333333335       0.69999999999999996        4.6518249975049714E-006
  0.43333333333333335       0.73333333333333328        1.5636866655844279E-006
  0.43333333333333335       0.76666666666666661        4.9781303774766094E-007
  0.43333333333333335       0.80000000000000004        1.4989008171621610E-007
  0.43333333333333335       0.83333333333333337        4.2620686907574965E-008
  0.43333333333333335       0.86666666666666670        1.1426216137094357E-008
  0.43333333333333335       0.90000000000000002        2.8828628684599575E-009
  0.43333333333333335       0.93333333333333335        6.8221289262954442E-010
  0.43333333333333335       0.96666666666666667        1.4569235600631501E-010
  0.43333333333333335        1.0000000000000000        0.0000000000000000     

  0.46666666666666667        0.0000000000000000       0.99452189536827329     
  0.46666666666666667        3.3333333333333333E-002  0.81127239472857027     
  0.46666666666666667        6.6666666666666666E-002  0.64353002466548781     
  0.46666666666666667       0.10000000000000001       0.49521354222153197     
  0.46666666666666667       0.13333333333333333       0.36891391767680615     
  0.46666666666666667       0.16666666666666666       0.26555759645420052     
  0.46666666666666667       0.20000000000000001       0.18440725903839805     
  0.46666666666666667       0.23333333333333334       0.12335184154821838     
  0.46666666666666667       0.26666666666666666        7.9376005178814074E-002
  0.46666666666666667       0.29999999999999999        4.9078229436254478E-002
  0.46666666666666667       0.33333333333333331        2.9124997349393646E-002
  0.46666666666666667       0.36666666666666664        1.6571923068244558E-002
  0.46666666666666667       0.40000000000000002        9.0320269137299028E-003
  0.46666666666666667       0.43333333333333335        4.7107837133385884E-003
  0.46666666666666667       0.46666666666666667        2.3490668757393759E-003
  0.46666666666666667       0.50000000000000000        1.1189040771730477E-003
  0.46666666666666667       0.53333333333333333        5.0860836569464267E-004
  0.46666666666666667       0.56666666666666665        2.2042311580095251E-004
  0.46666666666666667       0.59999999999999998        9.0989396624993867E-005
  0.46666666666666667       0.63333333333333330        3.5739136460000971E-005
  0.46666666666666667       0.66666666666666663        1.3343033534003888E-005
  0.46666666666666667       0.69999999999999996        4.7296970416013692E-006
  0.46666666666666667       0.73333333333333328        1.5898629463002006E-006
  0.46666666666666667       0.76666666666666661        5.0614648082603135E-007
  0.46666666666666667       0.80000000000000004        1.5239925759004590E-007
  0.46666666666666667       0.83333333333333337        4.3334161729191339E-008
  0.46666666666666667       0.86666666666666670        1.1617492207746203E-008
  0.46666666666666667       0.90000000000000002        2.9311222987990157E-009
  0.46666666666666667       0.93333333333333335        6.9363320884661466E-010
  0.46666666666666667       0.96666666666666667        1.4813126150631059E-010
  0.46666666666666667        1.0000000000000000        0.0000000000000000     

  0.50000000000000000        0.0000000000000000        1.0000000000000000     
  0.50000000000000000        3.3333333333333333E-002  0.81574110988089876     
  0.50000000000000000        6.6666666666666666E-002  0.64707476794886187     
  0.50000000000000000       0.10000000000000001       0.49794131685572740     
  0.50000000000000000       0.13333333333333333       0.37094599867024208     
  0.50000000000000000       0.16666666666666666       0.26702036193568573     
  0.50000000000000000       0.20000000000000001       0.18542302577472330     
  0.50000000000000000       0.23333333333333334       0.12403129797614056     
  0.50000000000000000       0.26666666666666666        7.9813230405974100E-002
  0.50000000000000000       0.29999999999999999        4.9348566044471770E-002
  0.50000000000000000       0.33333333333333331        2.9285425977080778E-002
  0.50000000000000000       0.36666666666666664        1.6663205853409538E-002
  0.50000000000000000       0.40000000000000002        9.0817778429959310E-003
  0.50000000000000000       0.43333333333333335        4.7367320269949163E-003
  0.50000000000000000       0.46666666666666667        2.3620061928043444E-003
  0.50000000000000000       0.50000000000000000        1.1250673136348752E-003
  0.50000000000000000       0.53333333333333333        5.1140992276123200E-004
  0.50000000000000000       0.56666666666666665        2.2163726794504550E-004
  0.50000000000000000       0.59999999999999998        9.1490591658920011E-005
  0.50000000000000000       0.63333333333333330        3.5935997614981313E-005
  0.50000000000000000       0.66666666666666663        1.3416530692934555E-005
  0.50000000000000000       0.69999999999999996        4.7557495351572456E-006
  0.50000000000000000       0.73333333333333328        1.5986203558760981E-006
  0.50000000000000000       0.76666666666666661        5.0893447714251110E-007
  0.50000000000000000       0.80000000000000004        1.5323871530612423E-007
  0.50000000000000000       0.83333333333333337        4.3572858406646354E-008
  0.50000000000000000       0.86666666666666670        1.1681484602653441E-008
  0.50000000000000000       0.90000000000000002        2.9472677398556571E-009
  0.50000000000000000       0.93333333333333335        6.9745393447548080E-010
  0.50000000000000000       0.96666666666666667        1.4894720990678374E-010
  0.50000000000000000        1.0000000000000000        0.0000000000000000     

  0.53333333333333333        0.0000000000000000       0.99452189536827340     
  0.53333333333333333        3.3333333333333333E-002  0.81127239472857038     
  0.53333333333333333        6.6666666666666666E-002  0.64353002466548770     
  0.53333333333333333       0.10000000000000001       0.49521354222153197     
  0.53333333333333333       0.13333333333333333       0.36891391767680615     
  0.53333333333333333       0.16666666666666666       0.26555759645420052     
  0.53333333333333333       0.20000000000000001       0.18440725903839805     
  0.53333333333333333       0.23333333333333334       0.12335184154821838     
  0.53333333333333333       0.26666666666666666        7.9376005178814074E-002
  0.53333333333333333       0.29999999999999999        4.9078229436254478E-002
  0.53333333333333333       0.33333333333333331        2.9124997349393642E-002
  0.53333333333333333       0.36666666666666664        1.6571923068244558E-002
  0.53333333333333333       0.40000000000000002        9.0320269137299011E-003
  0.53333333333333333       0.43333333333333335        4.7107837133385875E-003
  0.53333333333333333       0.46666666666666667        2.3490668757393759E-003
  0.53333333333333333       0.50000000000000000        1.1189040771730477E-003
  0.53333333333333333       0.53333333333333333        5.0860836569464267E-004
  0.53333333333333333       0.56666666666666665        2.2042311580095251E-004
  0.53333333333333333       0.59999999999999998        9.0989396624993867E-005
  0.53333333333333333       0.63333333333333330        3.5739136460000971E-005
  0.53333333333333333       0.66666666666666663        1.3343033534003888E-005
  0.53333333333333333       0.69999999999999996        4.7296970416013692E-006
  0.53333333333333333       0.73333333333333328        1.5898629463002008E-006
  0.53333333333333333       0.76666666666666661        5.0614648082603135E-007
  0.53333333333333333       0.80000000000000004        1.5239925759004592E-007
  0.53333333333333333       0.83333333333333337        4.3334161729191339E-008
  0.53333333333333333       0.86666666666666670        1.1617492207746203E-008
  0.53333333333333333       0.90000000000000002        2.9311222987990152E-009
  0.53333333333333333       0.93333333333333335        6.9363320884661476E-010
  0.53333333333333333       0.96666666666666667        1.4813126150631059E-010
  0.53333333333333333        1.0000000000000000        0.0000000000000000     

  0.56666666666666665        0.0000000000000000       0.97814760073380569     
  0.56666666666666665        3.3333333333333333E-002  0.79791520944993288     
  0.56666666666666665        6.6666666666666666E-002  0.63293463176456333     
  0.56666666666666665       0.10000000000000001       0.48706010438866143     
  0.56666666666666665       0.13333333333333333       0.36283993860110275     
  0.56666666666666665       0.16666666666666666       0.26118532637446340     
  0.56666666666666665       0.20000000000000001       0.18137108778234820     
  0.56666666666666665       0.23333333333333334       0.12132091653126162     
  0.56666666666666665       0.26666666666666666        7.8069119828418007E-002
  0.56666666666666665       0.29999999999999999        4.8270181476053817E-002
  0.56666666666666665       0.33333333333333331        2.8645469155949028E-002
  0.56666666666666665       0.36666666666666664        1.6299074826046044E-002
  0.56666666666666665       0.40000000000000002        8.8833192075239049E-003
  0.56666666666666665       0.43333333333333335        4.6332230675240537E-003
  0.56666666666666665       0.46666666666666667        2.3103906904099599E-003
  0.56666666666666665       0.50000000000000000        1.1004818934959811E-003
  0.56666666666666665       0.53333333333333333        5.0023438894035985E-004
  0.56666666666666665       0.56666666666666665        2.1679396187364186E-004
  0.56666666666666665       0.59999999999999998        8.9491302720888952E-005
  0.56666666666666665       0.63333333333333330        3.5150709847069742E-005
  0.56666666666666665       0.66666666666666663        1.3123347307465398E-005
  0.56666666666666665       0.69999999999999996        4.6518249975049723E-006
  0.56666666666666665       0.73333333333333328        1.5636866655844279E-006
  0.56666666666666665       0.76666666666666661        4.9781303774766104E-007
  0.56666666666666665       0.80000000000000004        1.4989008171621612E-007
  0.56666666666666665       0.83333333333333337        4.2620686907574972E-008
  0.56666666666666665       0.86666666666666670        1.1426216137094357E-008
  0.56666666666666665       0.90000000000000002        2.8828628684599575E-009
  0.56666666666666665       0.93333333333333335        6.8221289262954452E-010
  0.56666666666666665       0.96666666666666667        1.4569235600631504E-010
  0.56666666666666665        1.0000000000000000        0.0000000000000000     

  0.59999999999999998        0.0000000000000000       0.95105651629515364     
  0.59999999999999998        3.3333333333333333E-002  0.77581589816206964     
  0.59999999999999998        6.6666666666666666E-002  0.61540467458793935     
  0.59999999999999998       0.10000000000000001       0.47357033412822935     
  0.59999999999999998       0.13333333333333333       0.35279060922894712     
  0.59999999999999998       0.16666666666666666       0.25395145520242429     
  0.59999999999999998       0.20000000000000001       0.17634777693421486     
  0.59999999999999998       0.23333333333333334       0.11796077416475435     
  0.59999999999999998       0.26666666666666666        7.5906892864168171E-002
  0.59999999999999998       0.29999999999999999        4.6933275306416632E-002
  0.59999999999999998       0.33333333333333331        2.7852095207982042E-002
  0.59999999999999998       0.36666666666666664        1.5847650509252686E-002
  0.59999999999999998       0.40000000000000002        8.6372839971262244E-003
  0.59999999999999998       0.43333333333333335        4.5048998602174664E-003
  0.59999999999999998       0.46666666666666667        2.2464013811960789E-003
  0.59999999999999998       0.50000000000000000        1.0700025999031313E-003
  0.59999999999999998       0.53333333333333333        4.8637973954007089E-004
  0.59999999999999998       0.56666666666666665        2.1078956793299048E-004
  0.59999999999999998       0.59999999999999998        8.7012723376914900E-005
  0.59999999999999998       0.63333333333333330        3.4177164701295078E-005
  0.59999999999999998       0.66666666666666663        1.2759878941589340E-005
  0.59999999999999998       0.69999999999999996        4.5229865852789462E-006
  0.59999999999999998       0.73333333333333328        1.5203783065380406E-006
  0.59999999999999998       0.76666666666666661        4.8402545085365202E-007
  0.59999999999999998       0.80000000000000004        1.4573867874058735E-007
  0.59999999999999998       0.83333333333333337        4.1440250921247082E-008
  0.59999999999999998       0.86666666666666670        1.1109752051355060E-008
  0.59999999999999998       0.90000000000000002        2.8030181892562121E-009
  0.59999999999999998       0.93333333333333335        6.6331810919859919E-010
  0.59999999999999998       0.96666666666666667        1.4165721456582872E-010
  0.59999999999999998        1.0000000000000000        0.0000000000000000     

  0.63333333333333330        0.0000000000000000       0.91354545764260098     
  0.63333333333333330        3.3333333333333333E-002  0.74521658554402881     
  0.63333333333333330        6.6666666666666666E-002  0.59113221501482283     
  0.63333333333333330       0.10000000000000001       0.45489202818612484     
  0.63333333333333330       0.13333333333333333       0.33887603211589801     
  0.63333333333333330       0.16666666666666666       0.24393523874442899     
  0.63333333333333330       0.20000000000000001       0.16939236293884538     
  0.63333333333333330       0.23333333333333334       0.11330822887161913     
  0.63333333333333330       0.26666666666666666        7.2913014097159973E-002
  0.63333333333333330       0.29999999999999999        4.5082158351103081E-002
  0.63333333333333330       0.33333333333333331        2.6753567876490775E-002
  0.63333333333333330       0.36666666666666664        1.5222596017145883E-002
  0.63333333333333330       0.40000000000000002        8.2966168957881500E-003
  0.63333333333333330       0.43333333333333335        4.3272200273314363E-003
  0.63333333333333330       0.46666666666666667        2.1578000283601025E-003
  0.63333333333333330       0.50000000000000000        1.0278001339133038E-003
  0.63333333333333330       0.53333333333333333        4.6719621193187685E-004
  0.63333333333333330       0.56666666666666665        2.0247571937551237E-004
  0.63333333333333330       0.59999999999999998        8.3580814427040411E-005
  0.63333333333333330       0.63333333333333330        3.2829167387021521E-005
  0.63333333333333330       0.66666666666666663        1.2256610671852899E-005
  0.63333333333333330       0.69999999999999996        4.3445933855288127E-006
  0.63333333333333330       0.73333333333333328        1.4604123646056076E-006
  0.63333333333333330       0.76666666666666661        4.6493477983125309E-007
  0.63333333333333330       0.80000000000000004        1.3999053230289750E-007
  0.63333333333333330       0.83333333333333337        3.9805786873895999E-008
  0.63333333333333330       0.86666666666666670        1.0671567197276034E-008
  0.63333333333333330       0.90000000000000002        2.6924630562017107E-009
  0.63333333333333330       0.93333333333333335        6.3715587375503572E-010
  0.63333333333333330       0.96666666666666667        1.3607004703888127E-010
  0.63333333333333330        1.0000000000000000        0.0000000000000000     

  0.66666666666666663        0.0000000000000000       0.86602540378443871     
  0.66666666666666663        3.3333333333333333E-002  0.70645252406817149     
  0.66666666666666663        6.6666666666666666E-002  0.56038318719163505     
  0.66666666666666663       0.10000000000000001       0.43122982999093645     
  0.66666666666666663       0.13333333333333333       0.32124865828061827     
  0.66666666666666663       0.16666666666666666       0.23124641676401922     
  0.66666666666666663       0.20000000000000001       0.16058105076748716     
  0.66666666666666663       0.23333333333333334       0.10741425491169515     
  0.66666666666666663       0.26666666666666666        6.9120285089674174E-002
  0.66666666666666663       0.29999999999999999        4.2737111834846714E-002
  0.66666666666666663       0.33333333333333331        2.5361922856800674E-002
  0.66666666666666663       0.36666666666666664        1.4430759577542217E-002
  0.66666666666666663       0.40000000000000002        7.8650503235611190E-003
  0.66666666666666663       0.43333333333333335        4.1021302662969557E-003
  0.66666666666666663       0.46666666666666667        2.0455573668647269E-003
  0.66666666666666663       0.50000000000000000        9.7433687457531659E-004
  0.66666666666666663       0.53333333333333333        4.4289398485866449E-004
  0.66666666666666663       0.56666666666666665        1.9194350446578783E-004
  0.66666666666666663       0.59999999999999998        7.9233176583893400E-005
  0.66666666666666663       0.63333333333333330        3.1121486844910823E-005
  0.66666666666666663       0.66666666666666663        1.1619056410734963E-005
  0.66666666666666663       0.69999999999999996        4.1185999114822108E-006
  0.66666666666666663       0.73333333333333328        1.3844458391956210E-006
  0.66666666666666663       0.76666666666666661        4.4075018606716528E-007
  0.66666666666666663       0.80000000000000004        1.3270862029839488E-007
  0.66666666666666663       0.83333333333333337        3.7735202295658086E-008
  0.66666666666666663       0.86666666666666670        1.0116462419814651E-008
  0.66666666666666663       0.90000000000000002        2.5524087344693456E-009
  0.66666666666666663       0.93333333333333335        6.0401282522517380E-010
  0.66666666666666663       0.96666666666666667        1.2899206760208791E-010
  0.66666666666666663        1.0000000000000000        0.0000000000000000     

  0.69999999999999996        0.0000000000000000       0.80901699437494745     
  0.69999999999999996        3.3333333333333333E-002  0.65994842090392836     
  0.69999999999999996        6.6666666666666666E-002  0.52349448390185482     
  0.69999999999999996       0.10000000000000001       0.40284298753772391     
  0.69999999999999996       0.13333333333333333       0.30010161691961251     
  0.69999999999999996       0.16666666666666666       0.21602401065011909     
  0.69999999999999996       0.20000000000000001       0.15001037900017508     
  0.69999999999999996       0.23333333333333334       0.10034342789708073     
  0.69999999999999996       0.26666666666666666        6.4570259774396344E-002
  0.69999999999999996       0.29999999999999999        3.9923828578012147E-002
  0.69999999999999996       0.33333333333333331        2.3692407302967903E-002
  0.69999999999999996       0.36666666666666664        1.3480816716176416E-002
  0.69999999999999996       0.40000000000000002        7.3473126141215617E-003
  0.69999999999999996       0.43333333333333335        3.8320967076389801E-003
  0.69999999999999996       0.46666666666666667        1.9109031507975834E-003
  0.69999999999999996       0.50000000000000000        9.1019857654638320E-004
  0.69999999999999996       0.53333333333333333        4.1373931860581593E-004
  0.69999999999999996       0.56666666666666665        1.7930831635437560E-004
  0.69999999999999996       0.59999999999999998        7.4017443477485101E-005
  0.69999999999999996       0.63333333333333330        2.9072832780337463E-005
  0.69999999999999996       0.66666666666666663        1.0854201336137146E-005
  0.69999999999999996       0.69999999999999996        3.8474821949329691E-006
  0.69999999999999996       0.73333333333333328        1.2933110354574900E-006
  0.69999999999999996       0.76666666666666661        4.1173664103161968E-007
  0.69999999999999996       0.80000000000000004        1.2397272487883887E-007
  0.69999999999999996       0.83333333333333337        3.5251182944470199E-008
  0.69999999999999996       0.86666666666666670        9.4505195630759152E-009
  0.69999999999999996       0.90000000000000002        2.3843896885162683E-009
  0.69999999999999996       0.93333333333333335        5.6425208578433501E-010
  0.69999999999999996       0.96666666666666667        1.2050082407932058E-010
  0.69999999999999996        1.0000000000000000        0.0000000000000000     

  0.73333333333333328        0.0000000000000000       0.74314482547739447     
  0.73333333333333328        3.3333333333333333E-002  0.60621378473717646     
  0.73333333333333328        6.6666666666666666E-002  0.48087026549818229     
  0.73333333333333328       0.10000000000000001       0.37004251301273344     
  0.73333333333333328       0.13333333333333333       0.27566659944333483     
  0.73333333333333328       0.16666666666666666       0.19843480026960586     
  0.73333333333333328       0.20000000000000001       0.13779616212884715     
  0.73333333333333328       0.23333333333333334        9.2173217288213649E-002
  0.73333333333333328       0.26666666666666666        5.9312789180834692E-002
  0.73333333333333328       0.29999999999999999        3.6673131500678642E-002
  0.73333333333333328       0.33333333333333331        2.1763312776768844E-002
  0.73333333333333328       0.36666666666666664        1.2383175205825925E-002
  0.73333333333333328       0.40000000000000002        6.7490762101576774E-003
  0.73333333333333328       0.43333333333333335        3.5200778955343211E-003
  0.73333333333333328       0.46666666666666667        1.7553126799281090E-003
  0.73333333333333328       0.50000000000000000        8.3608795244151011E-004
  0.73333333333333328       0.53333333333333333        3.8005163779780341E-004
  0.73333333333333328       0.56666666666666665        1.6470858880630727E-004
  0.73333333333333328       0.59999999999999998        6.7990759771191658E-005
  0.73333333333333328       0.63333333333333330        2.6705650675941346E-005
  0.73333333333333328       0.66666666666666663        9.9704253603129558E-006
  0.73333333333333328       0.69999999999999996        3.5342106583186304E-006
  0.73333333333333328       0.73333333333333328        1.1880064453721527E-006
  0.73333333333333328       0.76666666666666661        3.7821202319550021E-007
  0.73333333333333328       0.80000000000000004        1.1387855834254978E-007
  0.73333333333333328       0.83333333333333337        3.2380944256158419E-008
  0.73333333333333328       0.86666666666666670        8.6810348363557605E-009
  0.73333333333333328       0.90000000000000002        2.1902467701701865E-009
  0.73333333333333328       0.93333333333333335        5.1830928241430326E-010
  0.73333333333333328       0.96666666666666667        1.1068934831152161E-010
  0.73333333333333328        1.0000000000000000        0.0000000000000000     

  0.76666666666666661        0.0000000000000000       0.66913060635885835     
  0.76666666666666661        3.3333333333333333E-002  0.54583734348645374     
  0.76666666666666661        6.6666666666666666E-002  0.43297753183713938     
  0.76666666666666661       0.10000000000000001       0.33318777527880128     
  0.76666666666666661       0.13333333333333333       0.24821132101661134     
  0.76666666666666661       0.16666666666666666       0.17867149669218721     
  0.76666666666666661       0.20000000000000001       0.12407222166953483     
  0.76666666666666661       0.23333333333333334        8.2993137622251148E-002
  0.76666666666666661       0.26666666666666666        5.3405475257008721E-002
  0.76666666666666661       0.29999999999999999        3.3020635920277562E-002
  0.76666666666666661       0.33333333333333331        1.9595774841521522E-002
  0.76666666666666661       0.36666666666666664        1.1149861036574400E-002
  0.76666666666666661       0.40000000000000002        6.0768955149003104E-003
  0.76666666666666661       0.43333333333333335        3.1694923733825318E-003
  0.76666666666666661       0.46666666666666667        1.5804906360145491E-003
  0.76666666666666661       0.50000000000000000        7.5281697376703577E-004
  0.76666666666666661       0.53333333333333333        3.4220003171515998E-004
  0.76666666666666661       0.56666666666666665        1.4830427949178901E-004
  0.76666666666666661       0.59999999999999998        6.1219155072863836E-005
  0.76666666666666661       0.63333333333333330        2.4045875874222930E-005
  0.76666666666666661       0.66666666666666663        8.9774113177955317E-006
  0.76666666666666661       0.69999999999999996        3.1822175701506260E-006
  0.76666666666666661       0.73333333333333328        1.0696858080649872E-006
  0.76666666666666661       0.76666666666666661        3.4054363528729685E-007
  0.76666666666666661       0.80000000000000004        1.0253671449043935E-007
  0.76666666666666661       0.83333333333333337        2.9155933166427953E-008
  0.76666666666666661       0.86666666666666670        7.8164388753451634E-009
  0.76666666666666661       0.90000000000000002        1.9721070498715178E-009
  0.76666666666666661       0.93333333333333335        4.6668777408294981E-010
  0.76666666666666661       0.96666666666666667        9.9665136880386356E-011
  0.76666666666666661        1.0000000000000000        0.0000000000000000     

  0.80000000000000004        0.0000000000000000       0.58778525229247325     
  0.80000000000000004        3.3333333333333333E-002  0.47948059407668614     
  0.80000000000000004        6.6666666666666666E-002  0.38034100573091534     
  0.80000000000000004       0.10000000000000001       0.29268256255489006     
  0.80000000000000004       0.13333333333333333       0.21803658741527168     
  0.80000000000000004       0.16666666666666666       0.15695063080759455     
  0.80000000000000004       0.20000000000000001       0.10898891998582949     
  0.80000000000000004       0.23333333333333334        7.2903767773068687E-002
  0.80000000000000004       0.26666666666666666        4.6913039770452782E-002
  0.80000000000000004       0.29999999999999999        2.9006359342721617E-002
  0.80000000000000004       0.33333333333333331        1.7213541496430975E-002
  0.80000000000000004       0.36666666666666664        9.7943866565477402E-003
  0.80000000000000004       0.40000000000000002        5.3381350807095553E-003
  0.80000000000000004       0.43333333333333335        2.7841812295290444E-003
  0.80000000000000004       0.46666666666666667        1.3883524059538853E-003
  0.80000000000000004       0.50000000000000000        6.6129797479089019E-004
  0.80000000000000004       0.53333333333333333        3.0059921047508492E-004
  0.80000000000000004       0.56666666666666665        1.3027511745649303E-004
  0.80000000000000004       0.59999999999999998        5.3776820500625933E-005
  0.80000000000000004       0.63333333333333330        2.1122649424503505E-005
  0.80000000000000004       0.66666666666666663        7.8860388782362478E-006
  0.80000000000000004       0.69999999999999996        2.7953594403622135E-006
  0.80000000000000004       0.73333333333333328        9.3964546919851557E-007
  0.80000000000000004       0.76666666666666661        2.9914418004754876E-007
  0.80000000000000004       0.80000000000000004        9.0071456937184701E-008
  0.80000000000000004       0.83333333333333337        2.5611483571654835E-008
  0.80000000000000004       0.86666666666666670        6.8662043743212936E-009
  0.80000000000000004       0.90000000000000002        1.7323605120445243E-009
  0.80000000000000004       0.93333333333333335        4.0995313683804849E-010
  0.80000000000000004       0.96666666666666667        8.7548973353318831E-011
  0.80000000000000004        1.0000000000000000        0.0000000000000000     

  0.83333333333333337        0.0000000000000000       0.49999999999999994     
  0.83333333333333337        3.3333333333333333E-002  0.40787055494044933     
  0.83333333333333337        6.6666666666666666E-002  0.32353738397443094     
  0.83333333333333337       0.10000000000000001       0.24897065842786373     
  0.83333333333333337       0.13333333333333333       0.18547299933512107     
  0.83333333333333337       0.16666666666666666       0.13351018096784290     
  0.83333333333333337       0.20000000000000001        9.2711512887361666E-002
  0.83333333333333337       0.23333333333333334        6.2015648988070278E-002
  0.83333333333333337       0.26666666666666666        3.9906615202987057E-002
  0.83333333333333337       0.29999999999999999        2.4674283022235892E-002
  0.83333333333333337       0.33333333333333331        1.4642712988540391E-002
  0.83333333333333337       0.36666666666666664        8.3316029267047689E-003
  0.83333333333333337       0.40000000000000002        4.5408889214979655E-003
  0.83333333333333337       0.43333333333333335        2.3683660134974581E-003
  0.83333333333333337       0.46666666666666667        1.1810030964021724E-003
  0.83333333333333337       0.50000000000000000        5.6253365681743761E-004
  0.83333333333333337       0.53333333333333333        2.5570496138061600E-004
  0.83333333333333337       0.56666666666666665        1.1081863397252275E-004
  0.83333333333333337       0.59999999999999998        4.5745295829460006E-005
  0.83333333333333337       0.63333333333333330        1.7967998807490657E-005
  0.83333333333333337       0.66666666666666663        6.7082653464672777E-006
  0.83333333333333337       0.69999999999999996        2.3778747675786232E-006
  0.83333333333333337       0.73333333333333328        7.9931017793804905E-007
  0.83333333333333337       0.76666666666666661        2.5446723857125550E-007
  0.83333333333333337       0.80000000000000004        7.6619357653062115E-008
  0.83333333333333337       0.83333333333333337        2.1786429203323177E-008
  0.83333333333333337       0.86666666666666670        5.8407423013267205E-009
  0.83333333333333337       0.90000000000000002        1.4736338699278288E-009
  0.83333333333333337       0.93333333333333335        3.4872696723774040E-010
  0.83333333333333337       0.96666666666666667        7.4473604953391871E-011
  0.83333333333333337        1.0000000000000000        0.0000000000000000     

  0.86666666666666670        0.0000000000000000       0.40673664307580004     
  0.86666666666666670        3.3333333333333333E-002  0.33179180065188424     
  0.86666666666666670        6.6666666666666666E-002  0.26318901893457242     
  0.86666666666666670       0.10000000000000001       0.20253097966664194     
  0.86666666666666670       0.13333333333333333       0.15087733026153452     
  0.86666666666666670       0.16666666666666666       0.10860696564660600     
  0.86666666666666670       0.20000000000000001        7.5418339052568548E-002
  0.86666666666666670       0.23333333333333334        5.0448073775149697E-002
  0.86666666666666670       0.26666666666666666        3.2462965408361300E-002
  0.86666666666666670       0.29999999999999999        2.0071870093532871E-002
  0.86666666666666670       0.33333333333333331        1.1911455852962674E-002
  0.86666666666666670       0.36666666666666664        6.7775364116968197E-003
  0.86666666666666670       0.40000000000000002        3.6938918330203466E-003
  0.86666666666666670       0.43333333333333335        1.9266024838095431E-003
  0.86666666666666670       0.46666666666666667        9.6071446978549034E-004
  0.86666666666666670       0.50000000000000000        4.5760610238215765E-004
  0.86666666666666670       0.53333333333333333        2.0800915521955777E-004
  0.86666666666666670       0.56666666666666665        9.0147998344459473E-005
  0.86666666666666670       0.59999999999999998        3.7212576124367928E-005
  0.86666666666666670       0.63333333333333330        1.4616487035497464E-005
  0.86666666666666670       0.66666666666666663        5.4569946557676399E-006
  0.86666666666666670       0.69999999999999996        1.9343376012391553E-006
  0.86666666666666670       0.73333333333333328        6.5021747710168526E-007
  0.86666666666666670       0.76666666666666661        2.0700230077848251E-007
  0.86666666666666670       0.80000000000000004        6.2327800652861209E-008
  0.86666666666666670       0.83333333333333337        1.7722678157536501E-008
  0.86666666666666670       0.86666666666666670        4.7512878334249092E-009
  0.86666666666666670       0.90000000000000002        1.1987617867544909E-009
  0.86666666666666670       0.93333333333333335        2.8368007200856622E-010
  0.86666666666666670       0.96666666666666667        6.0582288152991773E-011
  0.86666666666666670        1.0000000000000000        0.0000000000000000     

  0.90000000000000002        0.0000000000000000       0.30901699437494751     
  0.90000000000000002        3.3333333333333333E-002  0.25207786596347909     
  0.90000000000000002        6.6666666666666666E-002  0.19995709992742386     
  0.90000000000000002       0.10000000000000001       0.15387232910986023     
  0.90000000000000002       0.13333333333333333       0.11462861758449146     
  0.90000000000000002       0.16666666666666666        8.2513829682276232E-002
  0.90000000000000002       0.20000000000000001        5.7298866112813408E-002
  0.90000000000000002       0.23333333333333334        3.8327778909010457E-002
  0.90000000000000002       0.26666666666666666        2.4663644571409290E-002
  0.90000000000000002       0.29999999999999999        1.5249545555776256E-002
  0.90000000000000002       0.33333333333333331        9.0496943144275106E-003
  0.90000000000000002       0.36666666666666664        5.1492137894716466E-003
  0.90000000000000002       0.40000000000000002        2.8064236926235958E-003
  0.90000000000000002       0.43333333333333335        1.4637306941415215E-003
  0.90000000000000002       0.46666666666666667        7.2990005439541115E-004
  0.90000000000000002       0.50000000000000000        3.4766491972894548E-004
  0.90000000000000002       0.53333333333333333        1.5803435722519993E-004
  0.90000000000000002       0.56666666666666665        6.8489682381852834E-005
  0.90000000000000002       0.59999999999999998        2.8272147648025096E-005
  0.90000000000000002       0.63333333333333330        1.1104833972846804E-005
  0.90000000000000002       0.66666666666666663        4.1459359896698662E-006
  0.90000000000000002       0.69999999999999996        1.4696074273543455E-006
  0.90000000000000002       0.73333333333333328        4.9400085751944061E-007
  0.90000000000000002       0.76666666666666661        1.5726940246036413E-007
  0.90000000000000002       0.80000000000000004        4.7353367225776760E-008
  0.90000000000000002       0.83333333333333337        1.3464753741147015E-008
  0.90000000000000002       0.86666666666666670        3.6097772617491939E-009
  0.90000000000000002       0.90000000000000002        9.1075581858843971E-010
  0.90000000000000002       0.93333333333333335        2.1552511854659461E-010
  0.90000000000000002       0.96666666666666667        4.6027219125928696E-011
  0.90000000000000002        1.0000000000000000        0.0000000000000000     

  0.93333333333333335        0.0000000000000000       0.20791169081775931     
  0.93333333333333335        3.3333333333333333E-002  0.16960211342489329     
  0.93333333333333335        6.6666666666666666E-002  0.13453440908975714     
  0.93333333333333335       0.10000000000000001       0.10352782111549594     
  0.93333333333333335       0.13333333333333333        7.7124009785612346E-002
  0.93333333333333335       0.16666666666666666        5.5516654932818495E-002
  0.93333333333333335       0.20000000000000001        3.8551614805367701E-002
  0.93333333333333335       0.23333333333333334        2.5787556876540715E-002
  0.93333333333333335       0.26666666666666666        1.6594103683333479E-002
  0.93333333333333335       0.29999999999999999        1.0260143805737995E-002
  0.93333333333333335       0.33333333333333331        6.0887824312131971E-003
  0.93333333333333335       0.36666666666666664        3.4644753034267610E-003
  0.93333333333333335       0.40000000000000002        1.8882077869685474E-003
  0.93333333333333335       0.43333333333333335        9.8482196468314552E-004
  0.93333333333333335       0.46666666666666667        4.9108870126796968E-004
  0.93333333333333335       0.50000000000000000        2.3391464746162126E-004
  0.93333333333333335       0.53333333333333333        1.0632810174226743E-004
  0.93333333333333335       0.56666666666666665        4.6080979126683180E-005
  0.93333333333333335       0.59999999999999998        1.9021963605723249E-005
  0.93333333333333335       0.63333333333333330        7.4715140253537327E-006
  0.93333333333333335       0.66666666666666663        2.7894535812763875E-006
  0.93333333333333335       0.69999999999999996        9.8877592696031607E-007
  0.93333333333333335       0.73333333333333328        3.3237186116588768E-007
  0.93333333333333335       0.76666666666666661        1.0581342765815176E-007
  0.93333333333333335       0.80000000000000004        3.1860120398037545E-008
  0.93333333333333335       0.83333333333333337        9.0593066650886623E-009
  0.93333333333333335       0.86666666666666670        2.4287172149992985E-009
  0.93333333333333335       0.90000000000000002        6.1277141908602577E-010
  0.93333333333333335       0.93333333333333335        1.4500882678429593E-010
  0.93333333333333335       0.96666666666666667        3.0967866254307115E-011
  0.93333333333333335        1.0000000000000000        0.0000000000000000     

  0.96666666666666667        0.0000000000000000       0.10452846326765373     
  0.96666666666666667        3.3333333333333333E-002   8.5268164640100480E-002
  0.96666666666666667        6.6666666666666666E-002   6.7637731112968030E-002
  0.96666666666666667       0.10000000000000001        5.2049040648400914E-002
  0.96666666666666667       0.13333333333333333        3.8774415196285446E-002
  0.96666666666666667       0.16666666666666666        2.7911228094309865E-002
  0.96666666666666667       0.20000000000000001        1.9381983938670331E-002
  0.96666666666666667       0.23333333333333334        1.2964800974538391E-002
  0.96666666666666667       0.26666666666666666        8.3427543227636292E-003
  0.96666666666666667       0.29999999999999999        5.1583297730909390E-003
  0.96666666666666667       0.33333333333333331        3.0611605735228731E-003
  0.96666666666666667       0.36666666666666664        1.7417793009694674E-003
  0.96666666666666667       0.40000000000000002        9.4930428166658935E-004
  0.96666666666666667       0.43333333333333335        4.9512331969245587E-004
  0.96666666666666667       0.46666666666666667        2.4689687756251894E-004
  0.96666666666666667       0.50000000000000000        1.1760155736692060E-004
  0.96666666666666667       0.53333333333333333        5.3456893326060922E-005
  0.96666666666666667       0.56666666666666665        2.3167403021136758E-005
  0.96666666666666667       0.59999999999999998        9.5633709495553031E-006
  0.96666666666666667       0.63333333333333330        3.7563346066840569E-006
  0.96666666666666667       0.66666666666666663        1.4024093357157551E-006
  0.96666666666666667       0.69999999999999996        4.9711119059584417E-007
  0.96666666666666667       0.73333333333333328        1.6710132914811786E-007
  0.96666666666666667       0.76666666666666661        5.3198138799633389E-008
  0.96666666666666667       0.80000000000000004        1.6017807424058614E-008
  0.96666666666666667       0.83333333333333337        4.5546039294257992E-009
  0.96666666666666667       0.86666666666666670        1.2210476342001200E-009
  0.96666666666666667       0.90000000000000002        3.0807336768544212E-010
  0.96666666666666667       0.93333333333333335        7.2903787970700685E-011
  0.96666666666666667       0.96666666666666667        1.5569222959560712E-011
  0.96666666666666667        1.0000000000000000        0.0000000000000000     

   1.0000000000000000        0.0000000000000000        1.2246467991473532E-016
   1.0000000000000000        3.3333333333333333E-002   0.0000000000000000     
   1.0000000000000000        6.6666666666666666E-002   0.0000000000000000     
   1.0000000000000000       0.10000000000000001        0.0000000000000000     
   1.0000000000000000       0.13333333333333333        0.0000000000000000     
   1.0000000000000000       0.16666666666666666        0.0000000000000000     
   1.0000000000000000       0.20000000000000001        0.0000000000000000     
   1.0000000000000000       0.23333333333333334        0.0000000000000000     
   1.0000000000000000       0.26666666666666666        0.0000000000000000     
   1.0000000000000000       0.29999999999999999        0.0000000000000000     
   1.0000000000000000       0.33333333333333331        0.0000000000000000     
   1.0000000000000000       0.36666666666666664        0.0000000000000000     
   1.0000000000000000       0.40000000000000002        0.0000000000000000     
   1.0000000000000000       0.43333333333333335        0.0000000000000000     
   1.0000000000000000       0.46666666666666667        0.0000000000000000     
   1.0000000000000000       0.50000000000000000        0.0000000000000000     
   1.0000000000000000       0.53333333333333333        0.0000000000000000     
   1.0000000000000000       0.56666666666666665        0.0000000000000000     
   1.0000000000000000       0.59999999999999998        0.0000000000000000     
   1.0000000000000000       0.63333333333333330        0.0000000000000000     
   1.0000000000000000       0.66666666666666663        0.0000000000000000     
   1.0000000000000000       0.69999999999999996        0.0000000000000000     
   1.0000000000000000       0.73333333333333328        0.0000000000000000     
   1.0000000000000000       0.76666666666666661        0.0000000000000000     
   1.0000000000000000       0.80000000000000004        0.0000000000000000     
   1.0000000000000000       0.83333333333333337        0.0000000000000000     
   1.0000000000000000       0.86666666666666670        0.0000000000000000     
   1.0000000000000000       0.90000000000000002        0.0000000000000000     
   1.0000000000000000       0.93333333333333335        0.0000000000000000     
   1.0000000000000000       0.96666666666666667        0.0000000000000000     
   1.0000000000000000        1.0000000000000000        0.0000000000000000     

