   0.0000000000000000        0.0000000000000000        0.0000000000000000     
   0.0000000000000000        3.3333333333333333E-002   0.0000000000000000     
   0.0000000000000000        6.6666666666666666E-002   0.0000000000000000     
   0.0000000000000000       0.10000000000000001        0.0000000000000000     
   0.0000000000000000       0.13333333333333333        0.0000000000000000     
   0.0000000000000000       0.16666666666666666        0.0000000000000000     
   0.0000000000000000       0.20000000000000001        0.0000000000000000     
   0.0000000000000000       0.23333333333333334        0.0000000000000000     
   0.0000000000000000       0.26666666666666666        0.0000000000000000     
   0.0000000000000000       0.29999999999999999        0.0000000000000000     
   0.0000000000000000       0.33333333333333331        0.0000000000000000     
   0.0000000000000000       0.36666666666666664        0.0000000000000000     
   0.0000000000000000       0.40000000000000002        0.0000000000000000     
   0.0000000000000000       0.43333333333333335        0.0000000000000000     
   0.0000000000000000       0.46666666666666667        0.0000000000000000     
   0.0000000000000000       0.50000000000000000        0.0000000000000000     
   0.0000000000000000       0.53333333333333333        0.0000000000000000     
   0.0000000000000000       0.56666666666666665        0.0000000000000000     
   0.0000000000000000       0.59999999999999998        0.0000000000000000     
   0.0000000000000000       0.63333333333333330        0.0000000000000000     
   0.0000000000000000       0.66666666666666663        0.0000000000000000     
   0.0000000000000000       0.69999999999999996        0.0000000000000000     
   0.0000000000000000       0.73333333333333328        0.0000000000000000     
   0.0000000000000000       0.76666666666666661        0.0000000000000000     
   0.0000000000000000       0.80000000000000004        0.0000000000000000     
   0.0000000000000000       0.83333333333333337        0.0000000000000000     
   0.0000000000000000       0.86666666666666670        0.0000000000000000     
   0.0000000000000000       0.90000000000000002        0.0000000000000000     
   0.0000000000000000       0.93333333333333335        0.0000000000000000     
   0.0000000000000000       0.96666666666666667        0.0000000000000000     
   0.0000000000000000        1.0000000000000000        0.0000000000000000     

   3.3333333333333333E-002   0.0000000000000000       0.10452846326765346     
   3.3333333333333333E-002   3.3333333333333333E-002   8.7669468652577409E-002
   3.3333333333333333E-002   6.6666666666666666E-002   7.2170053195288145E-002
   3.3333333333333333E-002  0.10000000000000001        5.8222108332314004E-002
   3.3333333333333333E-002  0.13333333333333333        4.5965572838771410E-002
   3.3333333333333333E-002  0.16666666666666666        3.5468632357056801E-002
   3.3333333333333333E-002  0.20000000000000001        2.6719815159137211E-002
   3.3333333333333333E-002  0.23333333333333334        1.9631858049497550E-002
   3.3333333333333333E-002  0.26666666666666666        1.4055151369922634E-002
   3.3333333333333333E-002  0.29999999999999999        9.7972139530263600E-003
   3.3333333333333333E-002  0.33333333333333331        6.6442089370498461E-003
   3.3333333333333333E-002  0.36666666666666664        4.3809365451599087E-003
   3.3333333333333333E-002  0.40000000000000002        2.8067710378933022E-003
   3.3333333333333333E-002  0.43333333333333335        1.7462904756999141E-003
   3.3333333333333333E-002  0.46666666666666667        1.0545439175408268E-003
   3.3333333333333333E-002  0.50000000000000000        6.1777962090564260E-004
   3.3333333333333333E-002  0.53333333333333333        3.5092572363879318E-004
   3.3333333333333333E-002  0.56666666666666665        1.9320083609217686E-004
   3.3333333333333333E-002  0.59999999999999998        1.0304327657393293E-004
   3.3333333333333333E-002  0.63333333333333330        5.3217582561838635E-005
   3.3333333333333333E-002  0.66666666666666663        2.6602651683113571E-005
   3.3333333333333333E-002  0.69999999999999996        1.2865848155443730E-005
   3.3333333333333333E-002  0.73333333333333328        6.0173253375863466E-006
   3.3333333333333333E-002  0.76666666666666661        2.7203517192906773E-006
   3.3333333333333333E-002  0.80000000000000004        1.1882372840782932E-006
   3.3333333333333333E-002  0.83333333333333337        5.0121770882725624E-007
   3.3333333333333333E-002  0.86666666666666670        2.0404438317740791E-007
   3.3333333333333333E-002  0.90000000000000002        8.0034865636817940E-008
   3.3333333333333333E-002  0.93333333333333335        2.9937431458899112E-008
   3.3333333333333333E-002  0.96666666666666667        9.7662053839845944E-009
   3.3333333333333333E-002   1.0000000000000000        0.0000000000000000     

   6.6666666666666666E-002   0.0000000000000000       0.20791169081775931     
   6.6666666666666666E-002   3.3333333333333333E-002  0.17437841226058143     
   6.6666666666666666E-002   6.6666666666666666E-002  0.14354939618521417     
   6.6666666666666666E-002  0.10000000000000001       0.11580632306197973     
   6.6666666666666666E-002  0.13333333333333333        9.1427537242606743E-002
   6.6666666666666666E-002  0.16666666666666666        7.0548662955721195E-002
   6.6666666666666666E-002  0.20000000000000001        5.3146882431910132E-002
   6.6666666666666666E-002  0.23333333333333334        3.9048625353974388E-002
   6.6666666666666666E-002  0.26666666666666666        2.7956311560206882E-002
   6.6666666666666666E-002  0.29999999999999999        1.9487087579784543E-002
   6.6666666666666666E-002  0.33333333333333331        1.3215622530595264E-002
   6.6666666666666666E-002  0.36666666666666664        8.7138746327611368E-003
   6.6666666666666666E-002  0.40000000000000002        5.5827905049408459E-003
   6.6666666666666666E-002  0.43333333333333335        3.4734482275132848E-003
   6.6666666666666666E-002  0.46666666666666667        2.0975340312435744E-003
   6.6666666666666666E-002  0.50000000000000000        1.2287907190059461E-003
   6.6666666666666666E-002  0.53333333333333333        6.9800663161347098E-004
   6.6666666666666666E-002  0.56666666666666665        3.8428492339425367E-004
   6.6666666666666666E-002  0.59999999999999998        2.0495758944652991E-004
   6.6666666666666666E-002  0.63333333333333330        1.0585210215263466E-004
   6.6666666666666666E-002  0.66666666666666663        5.2913839147424189E-005
   6.6666666666666666E-002  0.69999999999999996        2.5590735386144605E-005
   6.6666666666666666E-002  0.73333333333333328        1.1968723599567815E-005
   6.6666666666666666E-002  0.76666666666666661        5.4108986958746108E-006
   6.6666666666666666E-002  0.80000000000000004        2.3634559918175867E-006
   6.6666666666666666E-002  0.83333333333333337        9.9694397155005270E-007
   6.6666666666666666E-002  0.86666666666666670        4.0585321339369181E-007
   6.6666666666666666E-002  0.90000000000000002        1.5919285253734654E-007
   6.6666666666666666E-002  0.93333333333333335        5.9546862153924243E-008
   6.6666666666666666E-002  0.96666666666666667        1.9425410178072387E-008
   6.6666666666666666E-002   1.0000000000000000        0.0000000000000000     

  0.10000000000000001        0.0000000000000000       0.30901699437494740     
  0.10000000000000001        3.3333333333333333E-002  0.25917682949282977     
  0.10000000000000001        6.6666666666666666E-002  0.21335598195089261     
  0.10000000000000001       0.10000000000000001       0.17212173948214735     
  0.10000000000000001       0.13333333333333333       0.13588780241596990     
  0.10000000000000001       0.16666666666666666       0.10485574763978588     
  0.10000000000000001       0.20000000000000001        7.8991661339058883E-002
  0.10000000000000001       0.23333333333333334        5.8037567747622906E-002
  0.10000000000000001       0.26666666666666666        4.1551176550803204E-002
  0.10000000000000001       0.29999999999999999        2.8963456597083360E-002
  0.10000000000000001       0.33333333333333331        1.9642242998148676E-002
  0.10000000000000001       0.36666666666666664        1.2951341686390332E-002
  0.10000000000000001       0.40000000000000002        8.2976437509422376E-003
  0.10000000000000001       0.43333333333333335        5.1625501536802483E-003
  0.10000000000000001       0.46666666666666667        3.1175431231628028E-003
  0.10000000000000001       0.50000000000000000        1.8263389288478316E-003
  0.10000000000000001       0.53333333333333333        1.0374400328649134E-003
  0.10000000000000001       0.56666666666666665        5.7115870465883302E-004
  0.10000000000000001       0.59999999999999998        3.0462634407901778E-004
  0.10000000000000001       0.63333333333333330        1.5732688396126996E-004
  0.10000000000000001       0.66666666666666663        7.8645291517102941E-005
  0.10000000000000001       0.69999999999999996        3.8035245164749217E-005
  0.10000000000000001       0.73333333333333328        1.7788990021175988E-005
  0.10000000000000001       0.76666666666666661        8.0421627340431957E-006
  0.10000000000000001       0.80000000000000004        3.5127801811255646E-006
  0.10000000000000001       0.83333333333333337        1.4817475074966080E-006
  0.10000000000000001       0.86666666666666670        6.0321543087378962E-007
  0.10000000000000001       0.90000000000000002        2.3660668923222986E-007
  0.10000000000000001       0.93333333333333335        8.8503884966208960E-008
  0.10000000000000001       0.96666666666666667        2.8871786113220806E-008
  0.10000000000000001        1.0000000000000000        0.0000000000000000     

  0.13333333333333333        0.0000000000000000       0.40673664307580015     
  0.13333333333333333        3.3333333333333333E-002  0.34113565114491634     
  0.13333333333333333        6.6666666666666666E-002  0.28082499493070751     
  0.13333333333333333       0.10000000000000001       0.22655135410575894     
  0.13333333333333333       0.13333333333333333       0.17885925238971290     
  0.13333333333333333       0.16666666666666666       0.13801401081023318     
  0.13333333333333333       0.20000000000000001       0.10397099107450908     
  0.13333333333333333       0.23333333333333334        7.6390638403886602E-002
  0.13333333333333333       0.26666666666666666        5.4690798155966239E-002
  0.13333333333333333       0.29999999999999999        3.8122495922911587E-002
  0.13333333333333333       0.33333333333333331        2.5853658941010764E-002
  0.13333333333333333       0.36666666666666664        1.7046911130260949E-002
  0.13333333333333333       0.40000000000000002        1.0921586275614719E-002
  0.13333333333333333       0.43333333333333335        6.7950901000304190E-003
  0.13333333333333333       0.46666666666666667        4.1033957602368198E-003
  0.13333333333333333       0.50000000000000000        2.4038773871992688E-003
  0.13333333333333333       0.53333333333333333        1.3655070240180041E-003
  0.13333333333333333       0.56666666666666665        7.5177475163252703E-004
  0.13333333333333333       0.59999999999999998        4.0095754873861522E-004
  0.13333333333333333       0.63333333333333330        2.0707795950645862E-004
  0.13333333333333333       0.66666666666666663        1.0351508961533500E-004
  0.13333333333333333       0.69999999999999996        5.0063032837942094E-005
  0.13333333333333333       0.73333333333333328        2.3414356545526674E-005
  0.13333333333333333       0.76666666666666661        1.0585315154366855E-005
  0.13333333333333333       0.80000000000000004        4.6236176156726188E-006
  0.13333333333333333       0.83333333333333337        1.9503167076754303E-006
  0.13333333333333333       0.86666666666666670        7.9396869386228979E-007
  0.13333333333333333       0.90000000000000002        3.1142821352675206E-007
  0.13333333333333333       0.93333333333333335        1.1649124069417529E-007
  0.13333333333333333       0.96666666666666667        3.8001836717903111E-008
  0.13333333333333333        1.0000000000000000        0.0000000000000000     

  0.16666666666666666        0.0000000000000000       0.49999999999999994     
  0.16666666666666666        3.3333333333333333E-002  0.41935691921583473     
  0.16666666666666666        6.6666666666666666E-002  0.34521723049965336     
  0.16666666666666666       0.10000000000000001       0.27849882468486908     
  0.16666666666666666       0.13333333333333333       0.21987108296556934     
  0.16666666666666666       0.16666666666666666       0.16966016359695510     
  0.16666666666666666       0.20000000000000001       0.12781119287441831     
  0.16666666666666666       0.23333333333333334        9.3906757240028532E-002
  0.16666666666666666       0.26666666666666666        6.7231215931747204E-002
  0.16666666666666666       0.29999999999999999        4.6863857205763242E-002
  0.16666666666666666       0.33333333333333331        3.1781816786289191E-002
  0.16666666666666666       0.36666666666666664        2.0955711048492941E-002
  0.16666666666666666       0.40000000000000002        1.3425869615562707E-002
  0.16666666666666666       0.43333333333333335        8.3531816172806358E-003
  0.16666666666666666       0.46666666666666667        5.0442907346709143E-003
  0.16666666666666666       0.50000000000000000        2.9550784618528670E-003
  0.16666666666666666       0.53333333333333333        1.6786132344652378E-003
  0.16666666666666666       0.56666666666666665        9.2415419710835454E-004
  0.16666666666666666       0.59999999999999998        4.9289577858847118E-004
  0.16666666666666666       0.63333333333333330        2.5456024559344551E-004
  0.16666666666666666       0.66666666666666663        1.2725075472981635E-004
  0.16666666666666666       0.69999999999999996        6.1542319446999331E-005
  0.16666666666666666       0.73333333333333328        2.8783190479795462E-005
  0.16666666666666666       0.76666666666666661        1.3012492646739670E-005
  0.16666666666666666       0.80000000000000004        5.6837977280681751E-006
  0.16666666666666666       0.83333333333333337        2.3975178298749513E-006
  0.16666666666666666       0.86666666666666670        9.7602306969220421E-007
  0.16666666666666666       0.90000000000000002        3.8283766514333169E-007
  0.16666666666666666       0.93333333333333335        1.4320229401173693E-007
  0.16666666666666666       0.96666666666666667        4.6715531247108481E-008
  0.16666666666666666        1.0000000000000000        0.0000000000000000     

  0.20000000000000001        0.0000000000000000       0.58778525229247314     
  0.20000000000000001        3.3333333333333333E-002  0.49298362512374738     
  0.20000000000000001        6.6666666666666666E-002  0.40582719384989518     
  0.20000000000000001       0.10000000000000001       0.32739500386110609     
  0.20000000000000001       0.13333333333333333       0.25847395994547301     
  0.20000000000000001       0.16666666666666666       0.19944748412763705     
  0.20000000000000001       0.20000000000000001       0.15025106849898381     
  0.20000000000000001       0.23333333333333334       0.11039401399259641     
  0.20000000000000001       0.26666666666666666        7.9035034436743548E-002
  0.20000000000000001       0.29999999999999999        5.5091768262175968E-002
  0.20000000000000001       0.33333333333333331        3.7361766396084302E-002
  0.20000000000000001       0.36666666666666664        2.4634915811213180E-002
  0.20000000000000001       0.40000000000000002        1.5783056318458749E-002
  0.20000000000000001       0.43333333333333335        9.8197539287162936E-003
  0.20000000000000001       0.46666666666666667        5.9299194042302557E-003
  0.20000000000000001       0.50000000000000000        3.4739030784884817E-003
  0.20000000000000001       0.53333333333333333        1.9733282070432687E-003
  0.20000000000000001       0.56666666666666665        1.0864084158089646E-003
  0.20000000000000001       0.59999999999999998        5.7943373914303895E-004
  0.20000000000000001       0.63333333333333330        2.9925351635955464E-004
  0.20000000000000001       0.66666666666666663        1.4959223394654542E-004
  0.20000000000000001       0.69999999999999996        7.2347335525636968E-005
  0.20000000000000001       0.73333333333333328        3.3836669755897775E-005
  0.20000000000000001       0.76666666666666661        1.5297102546635659E-005
  0.20000000000000001       0.80000000000000004        6.6817049631438756E-006
  0.20000000000000001       0.83333333333333337        2.8184512450175021E-006
  0.20000000000000001       0.86666666666666670        1.1473839325246128E-006
  0.20000000000000001       0.90000000000000002        4.5005266718666914E-007
  0.20000000000000001       0.93333333333333335        1.6834439302909940E-007
  0.20000000000000001       0.96666666666666667        5.4917400640117148E-008
  0.20000000000000001        1.0000000000000000        0.0000000000000000     

  0.23333333333333334        0.0000000000000000       0.66913060635885824     
  0.23333333333333334        3.3333333333333333E-002  0.56120909927134843     
  0.23333333333333334        6.6666666666666666E-002  0.46199082953951753     
  0.23333333333333334       0.10000000000000001       0.37270417486323165     
  0.23333333333333334       0.13333333333333333       0.29424494213106056     
  0.23333333333333334       0.16666666666666666       0.22704961628514733     
  0.23333333333333334       0.20000000000000001       0.17104476197501700     
  0.23333333333333334       0.23333333333333334       0.12567177082642880     
  0.23333333333333334       0.26666666666666666        8.9972928565306684E-002
  0.23333333333333334       0.29999999999999999        6.2716082376814614E-002
  0.23333333333333334       0.33333333333333331        4.2532372674791659E-002
  0.23333333333333334       0.36666666666666664        2.8044215281118213E-002
  0.23333333333333334       0.40000000000000002        1.7967320553512887E-002
  0.23333333333333334       0.43333333333333335        1.1178738961193316E-002
  0.23333333333333334       0.46666666666666667        6.7505786358814388E-003
  0.23333333333333334       0.50000000000000000        3.9546668860352217E-003
  0.23333333333333334       0.53333333333333333        2.2464229828394575E-003
  0.23333333333333334       0.56666666666666665        1.2367597165603944E-003
  0.23333333333333334       0.59999999999999998        6.5962330239725038E-004
  0.23333333333333334       0.63333333333333330        3.4066810297760412E-004
  0.23333333333333334       0.66666666666666663        1.7029474934396869E-004
  0.23333333333333334       0.69999999999999996        8.2359699056602429E-005
  0.23333333333333334       0.73333333333333328        3.8519427397376098E-005
  0.23333333333333334       0.76666666666666661        1.7414114189906201E-005
  0.23333333333333334       0.80000000000000004        7.6064060404067177E-006
  0.23333333333333334       0.83333333333333337        3.2085051185207999E-006
  0.23333333333333334       0.86666666666666670        1.3061738168867577E-006
  0.23333333333333334       0.90000000000000002        5.1233679802873414E-007
  0.23333333333333334       0.93333333333333335        1.9164207564810607E-007
  0.23333333333333334       0.96666666666666667        6.2517583499507783E-008
  0.23333333333333334        1.0000000000000000        0.0000000000000000     

  0.26666666666666666        0.0000000000000000       0.74314482547739413     
  0.26666666666666666        3.3333333333333333E-002  0.62328584908677853     
  0.26666666666666666        6.6666666666666666E-002  0.51309279702290855     
  0.26666666666666666       0.10000000000000001       0.41392992093219300     
  0.26666666666666666       0.13333333333333333       0.32679211515594747     
  0.26666666666666666       0.16666666666666666       0.25216414533345077     
  0.26666666666666666       0.20000000000000001       0.18996445324543434     
  0.26666666666666666       0.23333333333333334       0.13957264144057807     
  0.26666666666666666       0.26666666666666666        9.9925060460462581E-002
  0.26666666666666666       0.29999999999999999        6.9653265968748906E-002
  0.26666666666666666       0.33333333333333331        4.7236985378002805E-002
  0.26666666666666666       0.36666666666666664        3.1146256459773976E-002
  0.26666666666666666       0.40000000000000002        1.9954731064679196E-002
  0.26666666666666666       0.43333333333333335        1.2415247390309990E-002
  0.26666666666666666       0.46666666666666667        7.4972771153485069E-003
  0.26666666666666666       0.50000000000000000        4.3921025356113107E-003
  0.26666666666666666       0.53333333333333333        2.4949054783414268E-003
  0.26666666666666666       0.56666666666666665        1.3735608190485792E-003
  0.26666666666666666       0.59999999999999998        7.3258589471534750E-004
  0.26666666666666666       0.63333333333333330        3.7835025857004743E-004
  0.26666666666666666       0.66666666666666663        1.8913147983111212E-004
  0.26666666666666666       0.69999999999999996        9.1469712489828734E-005
  0.26666666666666666       0.73333333333333328        4.2780158131580388E-005
  0.26666666666666666       0.76666666666666661        1.9340333153974454E-005
  0.26666666666666666       0.80000000000000004        8.4477697413480679E-006
  0.26666666666666666       0.83333333333333337        3.5634059385227237E-006
  0.26666666666666666       0.86666666666666670        1.4506529875766473E-006
  0.26666666666666666       0.90000000000000002        5.6900765969822865E-007
  0.26666666666666666       0.93333333333333335        2.1284008758262949E-007
  0.26666666666666666       0.96666666666666667        6.9432810631432380E-008
  0.26666666666666666        1.0000000000000000        0.0000000000000000     

  0.29999999999999999        0.0000000000000000       0.80901699437494745     
  0.29999999999999999        3.3333333333333333E-002  0.67853374870866456     
  0.29999999999999999        6.6666666666666666E-002  0.55857321245054592     
  0.29999999999999999       0.10000000000000001       0.45062056416701646     
  0.29999999999999999       0.13333333333333333       0.35575888538153932     
  0.29999999999999999       0.16666666666666666       0.27451591123674102     
  0.29999999999999999       0.20000000000000001       0.20680285421347719     
  0.29999999999999999       0.23333333333333334       0.15194432498765142     
  0.29999999999999999       0.26666666666666666       0.10878239248255042     
  0.29999999999999999       0.29999999999999999        7.5827313802846602E-002
  0.29999999999999999       0.33333333333333331        5.1424059784437870E-002
  0.29999999999999999       0.36666666666666664        3.3907052734883272E-002
  0.29999999999999999       0.40000000000000002        2.1723513366504944E-002
  0.29999999999999999       0.43333333333333335        1.3515731770960883E-002
  0.29999999999999999       0.46666666666666667        8.1618338578337175E-003
  0.29999999999999999       0.50000000000000000        4.7814173907006980E-003
  0.29999999999999999       0.53333333333333333        2.7160532673301510E-003
  0.29999999999999999       0.56666666666666665        1.4953129017671878E-003
  0.29999999999999999       0.59999999999999998        7.9752212266748896E-004
  0.29999999999999999       0.63333333333333330        4.1188712955471558E-004
  0.29999999999999999       0.66666666666666663        2.0589604624691925E-004
  0.29999999999999999       0.69999999999999996        9.9577564611748562E-005
  0.29999999999999999       0.73333333333333328        4.6572180500971450E-005
  0.29999999999999999       0.76666666666666661        2.1054655380782866E-005
  0.29999999999999999       0.80000000000000004        9.1965779091937389E-006
  0.29999999999999999       0.83333333333333337        3.8792653373715597E-006
  0.29999999999999999       0.86666666666666670        1.5792385005659937E-006
  0.29999999999999999       0.90000000000000002        6.1944435437556171E-007
  0.29999999999999999       0.93333333333333335        2.3170617897794589E-007
  0.29999999999999999       0.96666666666666667        7.5587317360329284E-008
  0.29999999999999999        1.0000000000000000        0.0000000000000000     

  0.33333333333333331        0.0000000000000000       0.86602540378443860     
  0.33333333333333331        3.3333333333333333E-002  0.72634749058738302     
  0.33333333333333331        6.6666666666666666E-002  0.59793378287361576     
  0.33333333333333331       0.10000000000000001       0.48237411420241072     
  0.33333333333333331       0.13333333333333333       0.38082788681155816     
  0.33333333333333331       0.16666666666666666       0.29386002337037398     
  0.33333333333333331       0.20000000000000001       0.22137547983447778     
  0.33333333333333331       0.23333333333333334       0.16265127471376595     
  0.33333333333333331       0.26666666666666666       0.11644788184842032     
  0.33333333333333331       0.29999999999999999        8.1170581719034782E-002
  0.33333333333333331       0.33333333333333331        5.5047721430698297E-002
  0.33333333333333331       0.36666666666666664        3.6296356244722244E-002
  0.33333333333333331       0.40000000000000002        2.3254288309949838E-002
  0.33333333333333331       0.43333333333333335        1.4468134965980426E-002
  0.33333333333333331       0.46666666666666667        8.7369678405989620E-003
  0.33333333333333331       0.50000000000000000        5.1183460362816541E-003
  0.33333333333333331       0.53333333333333333        2.9074434083513206E-003
  0.33333333333333331       0.56666666666666665        1.6006820234196932E-003
  0.33333333333333331       0.59999999999999998        8.5372053135145197E-004
  0.33333333333333331       0.63333333333333330        4.4091127895505913E-004
  0.33333333333333331       0.66666666666666663        2.2040477249352748E-004
  0.33333333333333331       0.69999999999999996        1.0659442409783702E-004
  0.33333333333333331       0.73333333333333328        4.9853948314938551E-005
  0.33333333333333331       0.76666666666666661        2.2538298397269523E-005
  0.33333333333333331       0.80000000000000004        9.8446264449586316E-006
  0.33333333333333331       0.83333333333333337        4.1526226933956922E-006
  0.33333333333333331       0.86666666666666670        1.6905215460662371E-006
  0.33333333333333331       0.90000000000000002        6.6309428707929116E-007
  0.33333333333333331       0.93333333333333335        2.4803364898874477E-007
  0.33333333333333331       0.96666666666666667        8.0913673622563364E-008
  0.33333333333333331        1.0000000000000000        0.0000000000000000     

  0.36666666666666664        0.0000000000000000       0.91354545764260087     
  0.36666666666666664        3.3333333333333333E-002  0.76620321736124197     
  0.36666666666666664        6.6666666666666666E-002  0.63074326564583416     
  0.36666666666666664       0.10000000000000001       0.50884267249933046     
  0.36666666666666664       0.13333333333333333       0.40172445822031078     
  0.36666666666666664       0.16666666666666666       0.30998454359379779     
  0.36666666666666664       0.20000000000000001       0.23352266937261440     
  0.36666666666666664       0.23333333333333334       0.17157618303714900     
  0.36666666666666664       0.26666666666666666       0.12283754385247304     
  0.36666666666666664       0.29999999999999999        8.5624527755872953E-002
  0.36666666666666664       0.33333333333333331        5.8068268721487709E-002
  0.36666666666666664       0.36666666666666664        3.8287989280043185E-002
  0.36666666666666664       0.40000000000000002        2.4530284404398243E-002
  0.36666666666666664       0.43333333333333335        1.5262022246660796E-002
  0.36666666666666664       0.46666666666666667        9.2163777753745454E-003
  0.36666666666666664       0.50000000000000000        5.3991970116063406E-003
  0.36666666666666664       0.53333333333333333        3.0669789909689446E-003
  0.36666666666666664       0.56666666666666665        1.6885137378593647E-003
  0.36666666666666664       0.59999999999999998        9.0056539924142191E-004
  0.36666666666666664       0.63333333333333330        4.6510471211655419E-004
  0.36666666666666664       0.66666666666666663        2.3249869793003281E-004
  0.36666666666666664       0.69999999999999996        1.1244341276719229E-004
  0.36666666666666664       0.73333333333333328        5.2589505838557795E-005
  0.36666666666666664       0.76666666666666661        2.3775007100073542E-005
  0.36666666666666664       0.80000000000000004        1.0384815193272031E-005
  0.36666666666666664       0.83333333333333337        4.3804830461988159E-006
  0.36666666666666664       0.86666666666666670        1.7832828837434016E-006
  0.36666666666666664       0.90000000000000002        6.9947922001237964E-007
  0.36666666666666664       0.93333333333333335        2.6164361043684499E-007
  0.36666666666666664       0.96666666666666667        8.5353522744313868E-008
  0.36666666666666664        1.0000000000000000        0.0000000000000000     

  0.40000000000000002        0.0000000000000000       0.95105651629515353     
  0.40000000000000002        3.3333333333333333E-002  0.79766426134735990     
  0.40000000000000002        6.6666666666666666E-002  0.65664219320812267     
  0.40000000000000002       0.10000000000000001       0.52973624399417263     
  0.40000000000000002       0.13333333333333333       0.41821965239855424     
  0.40000000000000002       0.16666666666666666       0.32271280828917187     
  0.40000000000000002       0.20000000000000001       0.24311133567734447     
  0.40000000000000002       0.23333333333333334       0.17862126679455245     
  0.40000000000000002       0.26666666666666666       0.12788137202066946     
  0.40000000000000002       0.29999999999999999        8.9140353548533433E-002
  0.40000000000000002       0.33333333333333331        6.0452607908598070E-002
  0.40000000000000002       0.36666666666666664        3.9860131092535112E-002
  0.40000000000000002       0.40000000000000002        2.5537521569620039E-002
  0.40000000000000002       0.43333333333333335        1.5888695617823276E-002
  0.40000000000000002       0.46666666666666667        9.5948111465920805E-003
  0.40000000000000002       0.50000000000000000        5.6208932546172579E-003
  0.40000000000000002       0.53333333333333333        3.1929121099548981E-003
  0.40000000000000002       0.56666666666666665        1.7578457424428332E-003
  0.40000000000000002       0.59999999999999998        9.3754348416187736E-004
  0.40000000000000002       0.63333333333333330        4.8420236072268207E-004
  0.40000000000000002       0.66666666666666663        2.4204531897853630E-004
  0.40000000000000002       0.69999999999999996        1.1706044787597334E-004
  0.40000000000000002       0.73333333333333328        5.4748881731148203E-005
  0.40000000000000002       0.76666666666666661        2.4751231849849067E-005
  0.40000000000000002       0.80000000000000004        1.0811225733165655E-005
  0.40000000000000002       0.83333333333333337        4.5603499100727764E-006
  0.40000000000000002       0.86666666666666670        1.8565062009703393E-006
  0.40000000000000002       0.90000000000000002        7.2820051223557524E-007
  0.40000000000000002       0.93333333333333335        2.7238694973655371E-007
  0.40000000000000002       0.96666666666666667        8.8858220809504773E-008
  0.40000000000000002        1.0000000000000000        0.0000000000000000     

  0.43333333333333335        0.0000000000000000       0.97814760073380569     
  0.43333333333333335        3.3333333333333333E-002  0.82038592876417826     
  0.43333333333333335        6.6666666666666666E-002  0.67534681149041009     
  0.43333333333333335       0.10000000000000001       0.54482591434537897     
  0.43333333333333335       0.13333333333333333       0.43013274454703043     
  0.43333333333333335       0.16666666666666666       0.33190536392493325     
  0.43333333333333335       0.20000000000000001       0.25003642331407588     
  0.43333333333333335       0.23333333333333334       0.18370933857405169     
  0.43333333333333335       0.26666666666666666       0.13152410511610985     
  0.43333333333333335       0.29999999999999999        9.1679538973897967E-002
  0.43333333333333335       0.33333333333333331        6.2174615672940324E-002
  0.43333333333333335       0.36666666666666664        4.0995556967508548E-002
  0.43333333333333335       0.40000000000000002        2.6264964304455123E-002
  0.43333333333333335       0.43333333333333335        1.6341289114873567E-002
  0.43333333333333335       0.46666666666666667        9.8681217590442412E-003
  0.43333333333333335       0.50000000000000000        5.7810058148830539E-003
  0.43333333333333335       0.53333333333333333        3.2838630157043711E-003
  0.43333333333333335       0.56666666666666665        1.8079184212192272E-003
  0.43333333333333335       0.59999999999999998        9.6424964647626816E-004
  0.43333333333333335       0.63333333333333330        4.9799498693887413E-004
  0.43333333333333335       0.66666666666666663        2.4894004086107165E-004
  0.43333333333333335       0.69999999999999996        1.2039494422135166E-004
  0.43333333333333335       0.73333333333333328        5.6308417418552092E-005
  0.43333333333333335       0.76666666666666661        2.5456276923949393E-005
  0.43333333333333335       0.80000000000000004        1.1119186221532281E-005
  0.43333333333333335       0.83333333333333337        4.6902526260174079E-006
  0.43333333333333335       0.86666666666666670        1.9093892477605470E-006
  0.43333333333333335       0.90000000000000002        7.4894348726096411E-007
  0.43333333333333335       0.93333333333333335        2.8014596061431503E-007
  0.43333333333333335       0.96666666666666667        9.1389369612728586E-008
  0.43333333333333335        1.0000000000000000        0.0000000000000000     

  0.46666666666666667        0.0000000000000000       0.99452189536827329     
  0.46666666666666667        3.3333333333333333E-002  0.83411927626866378     
  0.46666666666666667        6.6666666666666666E-002  0.68665218878060275     
  0.46666666666666667       0.10000000000000001       0.55394635796686498     
  0.46666666666666667       0.13333333333333333       0.43733321233518591     
  0.46666666666666667       0.16666666666666666       0.33746149493787025     
  0.46666666666666667       0.20000000000000001       0.25422205957349292     
  0.46666666666666667       0.23333333333333334       0.18678465239648298     
  0.46666666666666667       0.26666666666666666       0.13372583259270976     
  0.46666666666666667       0.29999999999999999        9.3214264185087534E-002
  0.46666666666666667       0.33333333333333331        6.3215425337095066E-002
  0.46666666666666667       0.36666666666666664        4.1681826941474133E-002
  0.46666666666666667       0.40000000000000002        2.6704642594073468E-002
  0.46666666666666667       0.43333333333333335        1.6614844028746710E-002
  0.46666666666666667       0.46666666666666667        1.0033315164467076E-002
  0.46666666666666667       0.50000000000000000        5.8777804656877505E-003
  0.46666666666666667       0.53333333333333333        3.3388352310612726E-003
  0.46666666666666667       0.56666666666666665        1.8381831674414914E-003
  0.46666666666666667       0.59999999999999998        9.8039128788165422E-004
  0.46666666666666667       0.63333333333333330        5.0633147586601321E-004
  0.46666666666666667       0.66666666666666663        2.5310732356188044E-004
  0.46666666666666667       0.69999999999999996        1.2241036836357908E-004
  0.46666666666666667       0.73333333333333328        5.7251026301424456E-005
  0.46666666666666667       0.76666666666666661        2.5882417701002510E-005
  0.46666666666666667       0.80000000000000004        1.1305322578816494E-005
  0.46666666666666667       0.83333333333333337        4.7687679526929320E-006
  0.46666666666666667       0.86666666666666670        1.9413526263869027E-006
  0.46666666666666667       0.90000000000000002        7.6148088071342136E-007
  0.46666666666666667       0.93333333333333335        2.8483563372327475E-007
  0.46666666666666667       0.96666666666666667        9.2919237358020259E-008
  0.46666666666666667        1.0000000000000000        0.0000000000000000     

  0.50000000000000000        0.0000000000000000        1.0000000000000000     
  0.50000000000000000        3.3333333333333333E-002  0.83871383843166958     
  0.50000000000000000        6.6666666666666666E-002  0.69043446099930672     
  0.50000000000000000       0.10000000000000001       0.55699764936973817     
  0.50000000000000000       0.13333333333333333       0.43974216593113874     
  0.50000000000000000       0.16666666666666666       0.33932032719391020     
  0.50000000000000000       0.20000000000000001       0.25562238574883661     
  0.50000000000000000       0.23333333333333334       0.18781351448005706     
  0.50000000000000000       0.26666666666666666       0.13446243186349441     
  0.50000000000000000       0.29999999999999999        9.3727714411526483E-002
  0.50000000000000000       0.33333333333333331        6.3563633572578382E-002
  0.50000000000000000       0.36666666666666664        4.1911422096985888E-002
  0.50000000000000000       0.40000000000000002        2.6851739231125413E-002
  0.50000000000000000       0.43333333333333335        1.6706363234561272E-002
  0.50000000000000000       0.46666666666666667        1.0088581469341830E-002
  0.50000000000000000       0.50000000000000000        5.9101569237057349E-003
  0.50000000000000000       0.53333333333333333        3.3572264689304757E-003
  0.50000000000000000       0.56666666666666665        1.8483083942167095E-003
  0.50000000000000000       0.59999999999999998        9.8579155717694214E-004
  0.50000000000000000       0.63333333333333330        5.0912049118689113E-004
  0.50000000000000000       0.66666666666666663        2.5450150945963265E-004
  0.50000000000000000       0.69999999999999996        1.2308463889399869E-004
  0.50000000000000000       0.73333333333333328        5.7566380959590931E-005
  0.50000000000000000       0.76666666666666661        2.6024985293479340E-005
  0.50000000000000000       0.80000000000000004        1.1367595456136350E-005
  0.50000000000000000       0.83333333333333337        4.7950356597499025E-006
  0.50000000000000000       0.86666666666666670        1.9520461393844088E-006
  0.50000000000000000       0.90000000000000002        7.6567533028666360E-007
  0.50000000000000000       0.93333333333333335        2.8640458802347392E-007
  0.50000000000000000       0.96666666666666667        9.3431062494216975E-008
  0.50000000000000000        1.0000000000000000        0.0000000000000000     

  0.53333333333333333        0.0000000000000000       0.99452189536827340     
  0.53333333333333333        3.3333333333333333E-002  0.83411927626866378     
  0.53333333333333333        6.6666666666666666E-002  0.68665218878060275     
  0.53333333333333333       0.10000000000000001       0.55394635796686498     
  0.53333333333333333       0.13333333333333333       0.43733321233518591     
  0.53333333333333333       0.16666666666666666       0.33746149493787025     
  0.53333333333333333       0.20000000000000001       0.25422205957349292     
  0.53333333333333333       0.23333333333333334       0.18678465239648301     
  0.53333333333333333       0.26666666666666666       0.13372583259270976     
  0.53333333333333333       0.29999999999999999        9.3214264185087548E-002
  0.53333333333333333       0.33333333333333331        6.3215425337095066E-002
  0.53333333333333333       0.36666666666666664        4.1681826941474133E-002
  0.53333333333333333       0.40000000000000002        2.6704642594073468E-002
  0.53333333333333333       0.43333333333333335        1.6614844028746713E-002
  0.53333333333333333       0.46666666666666667        1.0033315164467076E-002
  0.53333333333333333       0.50000000000000000        5.8777804656877505E-003
  0.53333333333333333       0.53333333333333333        3.3388352310612726E-003
  0.53333333333333333       0.56666666666666665        1.8381831674414914E-003
  0.53333333333333333       0.59999999999999998        9.8039128788165422E-004
  0.53333333333333333       0.63333333333333330        5.0633147586601321E-004
  0.53333333333333333       0.66666666666666663        2.5310732356188044E-004
  0.53333333333333333       0.69999999999999996        1.2241036836357908E-004
  0.53333333333333333       0.73333333333333328        5.7251026301424456E-005
  0.53333333333333333       0.76666666666666661        2.5882417701002513E-005
  0.53333333333333333       0.80000000000000004        1.1305322578816497E-005
  0.53333333333333333       0.83333333333333337        4.7687679526929337E-006
  0.53333333333333333       0.86666666666666670        1.9413526263869027E-006
  0.53333333333333333       0.90000000000000002        7.6148088071342136E-007
  0.53333333333333333       0.93333333333333335        2.8483563372327475E-007
  0.53333333333333333       0.96666666666666667        9.2919237358020259E-008
  0.53333333333333333        1.0000000000000000        0.0000000000000000     

  0.56666666666666665        0.0000000000000000       0.97814760073380569     
  0.56666666666666665        3.3333333333333333E-002  0.82038592876417826     
  0.56666666666666665        6.6666666666666666E-002  0.67534681149041009     
  0.56666666666666665       0.10000000000000001       0.54482591434537897     
  0.56666666666666665       0.13333333333333333       0.43013274454703043     
  0.56666666666666665       0.16666666666666666       0.33190536392493325     
  0.56666666666666665       0.20000000000000001       0.25003642331407588     
  0.56666666666666665       0.23333333333333334       0.18370933857405169     
  0.56666666666666665       0.26666666666666666       0.13152410511610987     
  0.56666666666666665       0.29999999999999999        9.1679538973897967E-002
  0.56666666666666665       0.33333333333333331        6.2174615672940331E-002
  0.56666666666666665       0.36666666666666664        4.0995556967508555E-002
  0.56666666666666665       0.40000000000000002        2.6264964304455126E-002
  0.56666666666666665       0.43333333333333335        1.6341289114873567E-002
  0.56666666666666665       0.46666666666666667        9.8681217590442429E-003
  0.56666666666666665       0.50000000000000000        5.7810058148830539E-003
  0.56666666666666665       0.53333333333333333        3.2838630157043711E-003
  0.56666666666666665       0.56666666666666665        1.8079184212192272E-003
  0.56666666666666665       0.59999999999999998        9.6424964647626816E-004
  0.56666666666666665       0.63333333333333330        4.9799498693887413E-004
  0.56666666666666665       0.66666666666666663        2.4894004086107165E-004
  0.56666666666666665       0.69999999999999996        1.2039494422135166E-004
  0.56666666666666665       0.73333333333333328        5.6308417418552099E-005
  0.56666666666666665       0.76666666666666661        2.5456276923949397E-005
  0.56666666666666665       0.80000000000000004        1.1119186221532282E-005
  0.56666666666666665       0.83333333333333337        4.6902526260174088E-006
  0.56666666666666665       0.86666666666666670        1.9093892477605474E-006
  0.56666666666666665       0.90000000000000002        7.4894348726096400E-007
  0.56666666666666665       0.93333333333333335        2.8014596061431503E-007
  0.56666666666666665       0.96666666666666667        9.1389369612728586E-008
  0.56666666666666665        1.0000000000000000        0.0000000000000000     

  0.59999999999999998        0.0000000000000000       0.95105651629515364     
  0.59999999999999998        3.3333333333333333E-002  0.79766426134735990     
  0.59999999999999998        6.6666666666666666E-002  0.65664219320812278     
  0.59999999999999998       0.10000000000000001       0.52973624399417263     
  0.59999999999999998       0.13333333333333333       0.41821965239855424     
  0.59999999999999998       0.16666666666666666       0.32271280828917193     
  0.59999999999999998       0.20000000000000001       0.24311133567734447     
  0.59999999999999998       0.23333333333333334       0.17862126679455245     
  0.59999999999999998       0.26666666666666666       0.12788137202066946     
  0.59999999999999998       0.29999999999999999        8.9140353548533433E-002
  0.59999999999999998       0.33333333333333331        6.0452607908598077E-002
  0.59999999999999998       0.36666666666666664        3.9860131092535112E-002
  0.59999999999999998       0.40000000000000002        2.5537521569620043E-002
  0.59999999999999998       0.43333333333333335        1.5888695617823276E-002
  0.59999999999999998       0.46666666666666667        9.5948111465920822E-003
  0.59999999999999998       0.50000000000000000        5.6208932546172570E-003
  0.59999999999999998       0.53333333333333333        3.1929121099548985E-003
  0.59999999999999998       0.56666666666666665        1.7578457424428332E-003
  0.59999999999999998       0.59999999999999998        9.3754348416187736E-004
  0.59999999999999998       0.63333333333333330        4.8420236072268207E-004
  0.59999999999999998       0.66666666666666663        2.4204531897853630E-004
  0.59999999999999998       0.69999999999999996        1.1706044787597334E-004
  0.59999999999999998       0.73333333333333328        5.4748881731148203E-005
  0.59999999999999998       0.76666666666666661        2.4751231849849067E-005
  0.59999999999999998       0.80000000000000004        1.0811225733165655E-005
  0.59999999999999998       0.83333333333333337        4.5603499100727764E-006
  0.59999999999999998       0.86666666666666670        1.8565062009703393E-006
  0.59999999999999998       0.90000000000000002        7.2820051223557524E-007
  0.59999999999999998       0.93333333333333335        2.7238694973655377E-007
  0.59999999999999998       0.96666666666666667        8.8858220809504787E-008
  0.59999999999999998        1.0000000000000000        0.0000000000000000     

  0.63333333333333330        0.0000000000000000       0.91354545764260098     
  0.63333333333333330        3.3333333333333333E-002  0.76620321736124208     
  0.63333333333333330        6.6666666666666666E-002  0.63074326564583427     
  0.63333333333333330       0.10000000000000001       0.50884267249933057     
  0.63333333333333330       0.13333333333333333       0.40172445822031078     
  0.63333333333333330       0.16666666666666666       0.30998454359379790     
  0.63333333333333330       0.20000000000000001       0.23352266937261443     
  0.63333333333333330       0.23333333333333334       0.17157618303714900     
  0.63333333333333330       0.26666666666666666       0.12283754385247306     
  0.63333333333333330       0.29999999999999999        8.5624527755872967E-002
  0.63333333333333330       0.33333333333333331        5.8068268721487716E-002
  0.63333333333333330       0.36666666666666664        3.8287989280043191E-002
  0.63333333333333330       0.40000000000000002        2.4530284404398247E-002
  0.63333333333333330       0.43333333333333335        1.5262022246660800E-002
  0.63333333333333330       0.46666666666666667        9.2163777753745436E-003
  0.63333333333333330       0.50000000000000000        5.3991970116063414E-003
  0.63333333333333330       0.53333333333333333        3.0669789909689446E-003
  0.63333333333333330       0.56666666666666665        1.6885137378593647E-003
  0.63333333333333330       0.59999999999999998        9.0056539924142191E-004
  0.63333333333333330       0.63333333333333330        4.6510471211655424E-004
  0.63333333333333330       0.66666666666666663        2.3249869793003284E-004
  0.63333333333333330       0.69999999999999996        1.1244341276719229E-004
  0.63333333333333330       0.73333333333333328        5.2589505838557795E-005
  0.63333333333333330       0.76666666666666661        2.3775007100073542E-005
  0.63333333333333330       0.80000000000000004        1.0384815193272033E-005
  0.63333333333333330       0.83333333333333337        4.3804830461988159E-006
  0.63333333333333330       0.86666666666666670        1.7832828837434018E-006
  0.63333333333333330       0.90000000000000002        6.9947922001237964E-007
  0.63333333333333330       0.93333333333333335        2.6164361043684504E-007
  0.63333333333333330       0.96666666666666667        8.5353522744313895E-008
  0.63333333333333330        1.0000000000000000        0.0000000000000000     

  0.66666666666666663        0.0000000000000000       0.86602540378443871     
  0.66666666666666663        3.3333333333333333E-002  0.72634749058738313     
  0.66666666666666663        6.6666666666666666E-002  0.59793378287361598     
  0.66666666666666663       0.10000000000000001       0.48237411420241083     
  0.66666666666666663       0.13333333333333333       0.38082788681155821     
  0.66666666666666663       0.16666666666666666       0.29386002337037398     
  0.66666666666666663       0.20000000000000001       0.22137547983447781     
  0.66666666666666663       0.23333333333333334       0.16265127471376595     
  0.66666666666666663       0.26666666666666666       0.11644788184842032     
  0.66666666666666663       0.29999999999999999        8.1170581719034782E-002
  0.66666666666666663       0.33333333333333331        5.5047721430698304E-002
  0.66666666666666663       0.36666666666666664        3.6296356244722251E-002
  0.66666666666666663       0.40000000000000002        2.3254288309949842E-002
  0.66666666666666663       0.43333333333333335        1.4468134965980425E-002
  0.66666666666666663       0.46666666666666667        8.7369678405989637E-003
  0.66666666666666663       0.50000000000000000        5.1183460362816549E-003
  0.66666666666666663       0.53333333333333333        2.9074434083513211E-003
  0.66666666666666663       0.56666666666666665        1.6006820234196932E-003
  0.66666666666666663       0.59999999999999998        8.5372053135145197E-004
  0.66666666666666663       0.63333333333333330        4.4091127895505913E-004
  0.66666666666666663       0.66666666666666663        2.2040477249352751E-004
  0.66666666666666663       0.69999999999999996        1.0659442409783704E-004
  0.66666666666666663       0.73333333333333328        4.9853948314938551E-005
  0.66666666666666663       0.76666666666666661        2.2538298397269527E-005
  0.66666666666666663       0.80000000000000004        9.8446264449586333E-006
  0.66666666666666663       0.83333333333333337        4.1526226933956922E-006
  0.66666666666666663       0.86666666666666670        1.6905215460662373E-006
  0.66666666666666663       0.90000000000000002        6.6309428707929126E-007
  0.66666666666666663       0.93333333333333335        2.4803364898874477E-007
  0.66666666666666663       0.96666666666666667        8.0913673622563377E-008
  0.66666666666666663        1.0000000000000000        0.0000000000000000     

  0.69999999999999996        0.0000000000000000       0.80901699437494745     
  0.69999999999999996        3.3333333333333333E-002  0.67853374870866467     
  0.69999999999999996        6.6666666666666666E-002  0.55857321245054603     
  0.69999999999999996       0.10000000000000001       0.45062056416701657     
  0.69999999999999996       0.13333333333333333       0.35575888538153938     
  0.69999999999999996       0.16666666666666666       0.27451591123674107     
  0.69999999999999996       0.20000000000000001       0.20680285421347724     
  0.69999999999999996       0.23333333333333334       0.15194432498765145     
  0.69999999999999996       0.26666666666666666       0.10878239248255044     
  0.69999999999999996       0.29999999999999999        7.5827313802846616E-002
  0.69999999999999996       0.33333333333333331        5.1424059784437877E-002
  0.69999999999999996       0.36666666666666664        3.3907052734883279E-002
  0.69999999999999996       0.40000000000000002        2.1723513366504941E-002
  0.69999999999999996       0.43333333333333335        1.3515731770960885E-002
  0.69999999999999996       0.46666666666666667        8.1618338578337175E-003
  0.69999999999999996       0.50000000000000000        4.7814173907006988E-003
  0.69999999999999996       0.53333333333333333        2.7160532673301515E-003
  0.69999999999999996       0.56666666666666665        1.4953129017671878E-003
  0.69999999999999996       0.59999999999999998        7.9752212266748896E-004
  0.69999999999999996       0.63333333333333330        4.1188712955471553E-004
  0.69999999999999996       0.66666666666666663        2.0589604624691928E-004
  0.69999999999999996       0.69999999999999996        9.9577564611748562E-005
  0.69999999999999996       0.73333333333333328        4.6572180500971456E-005
  0.69999999999999996       0.76666666666666661        2.1054655380782866E-005
  0.69999999999999996       0.80000000000000004        9.1965779091937406E-006
  0.69999999999999996       0.83333333333333337        3.8792653373715605E-006
  0.69999999999999996       0.86666666666666670        1.5792385005659939E-006
  0.69999999999999996       0.90000000000000002        6.1944435437556171E-007
  0.69999999999999996       0.93333333333333335        2.3170617897794595E-007
  0.69999999999999996       0.96666666666666667        7.5587317360329297E-008
  0.69999999999999996        1.0000000000000000        0.0000000000000000     

  0.73333333333333328        0.0000000000000000       0.74314482547739447     
  0.73333333333333328        3.3333333333333333E-002  0.62328584908677864     
  0.73333333333333328        6.6666666666666666E-002  0.51309279702290866     
  0.73333333333333328       0.10000000000000001       0.41392992093219305     
  0.73333333333333328       0.13333333333333333       0.32679211515594753     
  0.73333333333333328       0.16666666666666666       0.25216414533345077     
  0.73333333333333328       0.20000000000000001       0.18996445324543437     
  0.73333333333333328       0.23333333333333334       0.13957264144057807     
  0.73333333333333328       0.26666666666666666        9.9925060460462581E-002
  0.73333333333333328       0.29999999999999999        6.9653265968748906E-002
  0.73333333333333328       0.33333333333333331        4.7236985378002812E-002
  0.73333333333333328       0.36666666666666664        3.1146256459773980E-002
  0.73333333333333328       0.40000000000000002        1.9954731064679196E-002
  0.73333333333333328       0.43333333333333335        1.2415247390309992E-002
  0.73333333333333328       0.46666666666666667        7.4972771153485069E-003
  0.73333333333333328       0.50000000000000000        4.3921025356113107E-003
  0.73333333333333328       0.53333333333333333        2.4949054783414276E-003
  0.73333333333333328       0.56666666666666665        1.3735608190485792E-003
  0.73333333333333328       0.59999999999999998        7.3258589471534750E-004
  0.73333333333333328       0.63333333333333330        3.7835025857004743E-004
  0.73333333333333328       0.66666666666666663        1.8913147983111212E-004
  0.73333333333333328       0.69999999999999996        9.1469712489828734E-005
  0.73333333333333328       0.73333333333333328        4.2780158131580388E-005
  0.73333333333333328       0.76666666666666661        1.9340333153974461E-005
  0.73333333333333328       0.80000000000000004        8.4477697413480679E-006
  0.73333333333333328       0.83333333333333337        3.5634059385227241E-006
  0.73333333333333328       0.86666666666666670        1.4506529875766477E-006
  0.73333333333333328       0.90000000000000002        5.6900765969822886E-007
  0.73333333333333328       0.93333333333333335        2.1284008758262954E-007
  0.73333333333333328       0.96666666666666667        6.9432810631432393E-008
  0.73333333333333328        1.0000000000000000        0.0000000000000000     

  0.76666666666666661        0.0000000000000000       0.66913060635885835     
  0.76666666666666661        3.3333333333333333E-002  0.56120909927134854     
  0.76666666666666661        6.6666666666666666E-002  0.46199082953951764     
  0.76666666666666661       0.10000000000000001       0.37270417486323171     
  0.76666666666666661       0.13333333333333333       0.29424494213106062     
  0.76666666666666661       0.16666666666666666       0.22704961628514736     
  0.76666666666666661       0.20000000000000001       0.17104476197501706     
  0.76666666666666661       0.23333333333333334       0.12567177082642880     
  0.76666666666666661       0.26666666666666666        8.9972928565306698E-002
  0.76666666666666661       0.29999999999999999        6.2716082376814614E-002
  0.76666666666666661       0.33333333333333331        4.2532372674791652E-002
  0.76666666666666661       0.36666666666666664        2.8044215281118216E-002
  0.76666666666666661       0.40000000000000002        1.7967320553512890E-002
  0.76666666666666661       0.43333333333333335        1.1178738961193318E-002
  0.76666666666666661       0.46666666666666667        6.7505786358814397E-003
  0.76666666666666661       0.50000000000000000        3.9546668860352225E-003
  0.76666666666666661       0.53333333333333333        2.2464229828394579E-003
  0.76666666666666661       0.56666666666666665        1.2367597165603944E-003
  0.76666666666666661       0.59999999999999998        6.5962330239725038E-004
  0.76666666666666661       0.63333333333333330        3.4066810297760423E-004
  0.76666666666666661       0.66666666666666663        1.7029474934396872E-004
  0.76666666666666661       0.69999999999999996        8.2359699056602442E-005
  0.76666666666666661       0.73333333333333328        3.8519427397376105E-005
  0.76666666666666661       0.76666666666666661        1.7414114189906201E-005
  0.76666666666666661       0.80000000000000004        7.6064060404067186E-006
  0.76666666666666661       0.83333333333333337        3.2085051185208007E-006
  0.76666666666666661       0.86666666666666670        1.3061738168867577E-006
  0.76666666666666661       0.90000000000000002        5.1233679802873424E-007
  0.76666666666666661       0.93333333333333335        1.9164207564810612E-007
  0.76666666666666661       0.96666666666666667        6.2517583499507783E-008
  0.76666666666666661        1.0000000000000000        0.0000000000000000     

  0.80000000000000004        0.0000000000000000       0.58778525229247325     
  0.80000000000000004        3.3333333333333333E-002  0.49298362512374744     
  0.80000000000000004        6.6666666666666666E-002  0.40582719384989524     
  0.80000000000000004       0.10000000000000001       0.32739500386110615     
  0.80000000000000004       0.13333333333333333       0.25847395994547306     
  0.80000000000000004       0.16666666666666666       0.19944748412763710     
  0.80000000000000004       0.20000000000000001       0.15025106849898384     
  0.80000000000000004       0.23333333333333334       0.11039401399259642     
  0.80000000000000004       0.26666666666666666        7.9035034436743562E-002
  0.80000000000000004       0.29999999999999999        5.5091768262175975E-002
  0.80000000000000004       0.33333333333333331        3.7361766396084302E-002
  0.80000000000000004       0.36666666666666664        2.4634915811213180E-002
  0.80000000000000004       0.40000000000000002        1.5783056318458749E-002
  0.80000000000000004       0.43333333333333335        9.8197539287162936E-003
  0.80000000000000004       0.46666666666666667        5.9299194042302557E-003
  0.80000000000000004       0.50000000000000000        3.4739030784884817E-003
  0.80000000000000004       0.53333333333333333        1.9733282070432687E-003
  0.80000000000000004       0.56666666666666665        1.0864084158089644E-003
  0.80000000000000004       0.59999999999999998        5.7943373914303895E-004
  0.80000000000000004       0.63333333333333330        2.9925351635955464E-004
  0.80000000000000004       0.66666666666666663        1.4959223394654542E-004
  0.80000000000000004       0.69999999999999996        7.2347335525636968E-005
  0.80000000000000004       0.73333333333333328        3.3836669755897775E-005
  0.80000000000000004       0.76666666666666661        1.5297102546635659E-005
  0.80000000000000004       0.80000000000000004        6.6817049631438764E-006
  0.80000000000000004       0.83333333333333337        2.8184512450175025E-006
  0.80000000000000004       0.86666666666666670        1.1473839325246130E-006
  0.80000000000000004       0.90000000000000002        4.5005266718666925E-007
  0.80000000000000004       0.93333333333333335        1.6834439302909943E-007
  0.80000000000000004       0.96666666666666667        5.4917400640117155E-008
  0.80000000000000004        1.0000000000000000        0.0000000000000000     

  0.83333333333333337        0.0000000000000000       0.49999999999999994     
  0.83333333333333337        3.3333333333333333E-002  0.41935691921583473     
  0.83333333333333337        6.6666666666666666E-002  0.34521723049965336     
  0.83333333333333337       0.10000000000000001       0.27849882468486914     
  0.83333333333333337       0.13333333333333333       0.21987108296556940     
  0.83333333333333337       0.16666666666666666       0.16966016359695515     
  0.83333333333333337       0.20000000000000001       0.12781119287441833     
  0.83333333333333337       0.23333333333333334        9.3906757240028560E-002
  0.83333333333333337       0.26666666666666666        6.7231215931747218E-002
  0.83333333333333337       0.29999999999999999        4.6863857205763249E-002
  0.83333333333333337       0.33333333333333331        3.1781816786289198E-002
  0.83333333333333337       0.36666666666666664        2.0955711048492944E-002
  0.83333333333333337       0.40000000000000002        1.3425869615562705E-002
  0.83333333333333337       0.43333333333333335        8.3531816172806358E-003
  0.83333333333333337       0.46666666666666667        5.0442907346709143E-003
  0.83333333333333337       0.50000000000000000        2.9550784618528670E-003
  0.83333333333333337       0.53333333333333333        1.6786132344652378E-003
  0.83333333333333337       0.56666666666666665        9.2415419710835487E-004
  0.83333333333333337       0.59999999999999998        4.9289577858847118E-004
  0.83333333333333337       0.63333333333333330        2.5456024559344557E-004
  0.83333333333333337       0.66666666666666663        1.2725075472981633E-004
  0.83333333333333337       0.69999999999999996        6.1542319446999331E-005
  0.83333333333333337       0.73333333333333328        2.8783190479795462E-005
  0.83333333333333337       0.76666666666666661        1.3012492646739670E-005
  0.83333333333333337       0.80000000000000004        5.6837977280681751E-006
  0.83333333333333337       0.83333333333333337        2.3975178298749517E-006
  0.83333333333333337       0.86666666666666670        9.7602306969220442E-007
  0.83333333333333337       0.90000000000000002        3.8283766514333180E-007
  0.83333333333333337       0.93333333333333335        1.4320229401173693E-007
  0.83333333333333337       0.96666666666666667        4.6715531247108487E-008
  0.83333333333333337        1.0000000000000000        0.0000000000000000     

  0.86666666666666670        0.0000000000000000       0.40673664307580004     
  0.86666666666666670        3.3333333333333333E-002  0.34113565114491629     
  0.86666666666666670        6.6666666666666666E-002  0.28082499493070751     
  0.86666666666666670       0.10000000000000001       0.22655135410575894     
  0.86666666666666670       0.13333333333333333       0.17885925238971295     
  0.86666666666666670       0.16666666666666666       0.13801401081023323     
  0.86666666666666670       0.20000000000000001       0.10397099107450911     
  0.86666666666666670       0.23333333333333334        7.6390638403886615E-002
  0.86666666666666670       0.26666666666666666        5.4690798155966239E-002
  0.86666666666666670       0.29999999999999999        3.8122495922911594E-002
  0.86666666666666670       0.33333333333333331        2.5853658941010771E-002
  0.86666666666666670       0.36666666666666664        1.7046911130260953E-002
  0.86666666666666670       0.40000000000000002        1.0921586275614719E-002
  0.86666666666666670       0.43333333333333335        6.7950901000304181E-003
  0.86666666666666670       0.46666666666666667        4.1033957602368198E-003
  0.86666666666666670       0.50000000000000000        2.4038773871992688E-003
  0.86666666666666670       0.53333333333333333        1.3655070240180041E-003
  0.86666666666666670       0.56666666666666665        7.5177475163252714E-004
  0.86666666666666670       0.59999999999999998        4.0095754873861527E-004
  0.86666666666666670       0.63333333333333330        2.0707795950645862E-004
  0.86666666666666670       0.66666666666666663        1.0351508961533500E-004
  0.86666666666666670       0.69999999999999996        5.0063032837942101E-005
  0.86666666666666670       0.73333333333333328        2.3414356545526674E-005
  0.86666666666666670       0.76666666666666661        1.0585315154366855E-005
  0.86666666666666670       0.80000000000000004        4.6236176156726188E-006
  0.86666666666666670       0.83333333333333337        1.9503167076754303E-006
  0.86666666666666670       0.86666666666666670        7.9396869386228990E-007
  0.86666666666666670       0.90000000000000002        3.1142821352675206E-007
  0.86666666666666670       0.93333333333333335        1.1649124069417532E-007
  0.86666666666666670       0.96666666666666667        3.8001836717903118E-008
  0.86666666666666670        1.0000000000000000        0.0000000000000000     

  0.90000000000000002        0.0000000000000000       0.30901699437494751     
  0.90000000000000002        3.3333333333333333E-002  0.25917682949282983     
  0.90000000000000002        6.6666666666666666E-002  0.21335598195089264     
  0.90000000000000002       0.10000000000000001       0.17212173948214737     
  0.90000000000000002       0.13333333333333333       0.13588780241596993     
  0.90000000000000002       0.16666666666666666       0.10485574763978590     
  0.90000000000000002       0.20000000000000001        7.8991661339058897E-002
  0.90000000000000002       0.23333333333333334        5.8037567747622913E-002
  0.90000000000000002       0.26666666666666666        4.1551176550803211E-002
  0.90000000000000002       0.29999999999999999        2.8963456597083360E-002
  0.90000000000000002       0.33333333333333331        1.9642242998148676E-002
  0.90000000000000002       0.36666666666666664        1.2951341686390333E-002
  0.90000000000000002       0.40000000000000002        8.2976437509422359E-003
  0.90000000000000002       0.43333333333333335        5.1625501536802492E-003
  0.90000000000000002       0.46666666666666667        3.1175431231628028E-003
  0.90000000000000002       0.50000000000000000        1.8263389288478316E-003
  0.90000000000000002       0.53333333333333333        1.0374400328649134E-003
  0.90000000000000002       0.56666666666666665        5.7115870465883291E-004
  0.90000000000000002       0.59999999999999998        3.0462634407901778E-004
  0.90000000000000002       0.63333333333333330        1.5732688396126999E-004
  0.90000000000000002       0.66666666666666663        7.8645291517102941E-005
  0.90000000000000002       0.69999999999999996        3.8035245164749217E-005
  0.90000000000000002       0.73333333333333328        1.7788990021175991E-005
  0.90000000000000002       0.76666666666666661        8.0421627340431940E-006
  0.90000000000000002       0.80000000000000004        3.5127801811255646E-006
  0.90000000000000002       0.83333333333333337        1.4817475074966080E-006
  0.90000000000000002       0.86666666666666670        6.0321543087378962E-007
  0.90000000000000002       0.90000000000000002        2.3660668923222992E-007
  0.90000000000000002       0.93333333333333335        8.8503884966208960E-008
  0.90000000000000002       0.96666666666666667        2.8871786113220806E-008
  0.90000000000000002        1.0000000000000000        0.0000000000000000     

  0.93333333333333335        0.0000000000000000       0.20791169081775931     
  0.93333333333333335        3.3333333333333333E-002  0.17437841226058146     
  0.93333333333333335        6.6666666666666666E-002  0.14354939618521420     
  0.93333333333333335       0.10000000000000001       0.11580632306197976     
  0.93333333333333335       0.13333333333333333        9.1427537242606771E-002
  0.93333333333333335       0.16666666666666666        7.0548662955721209E-002
  0.93333333333333335       0.20000000000000001        5.3146882431910139E-002
  0.93333333333333335       0.23333333333333334        3.9048625353974395E-002
  0.93333333333333335       0.26666666666666666        2.7956311560206885E-002
  0.93333333333333335       0.29999999999999999        1.9487087579784543E-002
  0.93333333333333335       0.33333333333333331        1.3215622530595265E-002
  0.93333333333333335       0.36666666666666664        8.7138746327611368E-003
  0.93333333333333335       0.40000000000000002        5.5827905049408459E-003
  0.93333333333333335       0.43333333333333335        3.4734482275132843E-003
  0.93333333333333335       0.46666666666666667        2.0975340312435749E-003
  0.93333333333333335       0.50000000000000000        1.2287907190059464E-003
  0.93333333333333335       0.53333333333333333        6.9800663161347098E-004
  0.93333333333333335       0.56666666666666665        3.8428492339425367E-004
  0.93333333333333335       0.59999999999999998        2.0495758944652997E-004
  0.93333333333333335       0.63333333333333330        1.0585210215263466E-004
  0.93333333333333335       0.66666666666666663        5.2913839147424189E-005
  0.93333333333333335       0.69999999999999996        2.5590735386144605E-005
  0.93333333333333335       0.73333333333333328        1.1968723599567815E-005
  0.93333333333333335       0.76666666666666661        5.4108986958746100E-006
  0.93333333333333335       0.80000000000000004        2.3634559918175867E-006
  0.93333333333333335       0.83333333333333337        9.9694397155005249E-007
  0.93333333333333335       0.86666666666666670        4.0585321339369187E-007
  0.93333333333333335       0.90000000000000002        1.5919285253734654E-007
  0.93333333333333335       0.93333333333333335        5.9546862153924243E-008
  0.93333333333333335       0.96666666666666667        1.9425410178072390E-008
  0.93333333333333335        1.0000000000000000        0.0000000000000000     

  0.96666666666666667        0.0000000000000000       0.10452846326765373     
  0.96666666666666667        3.3333333333333333E-002   8.7669468652577492E-002
  0.96666666666666667        6.6666666666666666E-002   7.2170053195288186E-002
  0.96666666666666667       0.10000000000000001        5.8222108332314032E-002
  0.96666666666666667       0.13333333333333333        4.5965572838771430E-002
  0.96666666666666667       0.16666666666666666        3.5468632357056815E-002
  0.96666666666666667       0.20000000000000001        2.6719815159137222E-002
  0.96666666666666667       0.23333333333333334        1.9631858049497554E-002
  0.96666666666666667       0.26666666666666666        1.4055151369922636E-002
  0.96666666666666667       0.29999999999999999        9.7972139530263600E-003
  0.96666666666666667       0.33333333333333331        6.6442089370498461E-003
  0.96666666666666667       0.36666666666666664        4.3809365451599096E-003
  0.96666666666666667       0.40000000000000002        2.8067710378933022E-003
  0.96666666666666667       0.43333333333333335        1.7462904756999143E-003
  0.96666666666666667       0.46666666666666667        1.0545439175408270E-003
  0.96666666666666667       0.50000000000000000        6.1777962090564271E-004
  0.96666666666666667       0.53333333333333333        3.5092572363879323E-004
  0.96666666666666667       0.56666666666666665        1.9320083609217689E-004
  0.96666666666666667       0.59999999999999998        1.0304327657393291E-004
  0.96666666666666667       0.63333333333333330        5.3217582561838635E-005
  0.96666666666666667       0.66666666666666663        2.6602651683113571E-005
  0.96666666666666667       0.69999999999999996        1.2865848155443730E-005
  0.96666666666666667       0.73333333333333328        6.0173253375863466E-006
  0.96666666666666667       0.76666666666666661        2.7203517192906768E-006
  0.96666666666666667       0.80000000000000004        1.1882372840782928E-006
  0.96666666666666667       0.83333333333333337        5.0121770882725624E-007
  0.96666666666666667       0.86666666666666670        2.0404438317740791E-007
  0.96666666666666667       0.90000000000000002        8.0034865636817940E-008
  0.96666666666666667       0.93333333333333335        2.9937431458899112E-008
  0.96666666666666667       0.96666666666666667        9.7662053839845944E-009
  0.96666666666666667        1.0000000000000000        0.0000000000000000     

   1.0000000000000000        0.0000000000000000        1.2246467991473532E-016
   1.0000000000000000        3.3333333333333333E-002   0.0000000000000000     
   1.0000000000000000        6.6666666666666666E-002   0.0000000000000000     
   1.0000000000000000       0.10000000000000001        0.0000000000000000     
   1.0000000000000000       0.13333333333333333        0.0000000000000000     
   1.0000000000000000       0.16666666666666666        0.0000000000000000     
   1.0000000000000000       0.20000000000000001        0.0000000000000000     
   1.0000000000000000       0.23333333333333334        0.0000000000000000     
   1.0000000000000000       0.26666666666666666        0.0000000000000000     
   1.0000000000000000       0.29999999999999999        0.0000000000000000     
   1.0000000000000000       0.33333333333333331        0.0000000000000000     
   1.0000000000000000       0.36666666666666664        0.0000000000000000     
   1.0000000000000000       0.40000000000000002        0.0000000000000000     
   1.0000000000000000       0.43333333333333335        0.0000000000000000     
   1.0000000000000000       0.46666666666666667        0.0000000000000000     
   1.0000000000000000       0.50000000000000000        0.0000000000000000     
   1.0000000000000000       0.53333333333333333        0.0000000000000000     
   1.0000000000000000       0.56666666666666665        0.0000000000000000     
   1.0000000000000000       0.59999999999999998        0.0000000000000000     
   1.0000000000000000       0.63333333333333330        0.0000000000000000     
   1.0000000000000000       0.66666666666666663        0.0000000000000000     
   1.0000000000000000       0.69999999999999996        0.0000000000000000     
   1.0000000000000000       0.73333333333333328        0.0000000000000000     
   1.0000000000000000       0.76666666666666661        0.0000000000000000     
   1.0000000000000000       0.80000000000000004        0.0000000000000000     
   1.0000000000000000       0.83333333333333337        0.0000000000000000     
   1.0000000000000000       0.86666666666666670        0.0000000000000000     
   1.0000000000000000       0.90000000000000002        0.0000000000000000     
   1.0000000000000000       0.93333333333333335        0.0000000000000000     
   1.0000000000000000       0.96666666666666667        0.0000000000000000     
   1.0000000000000000        1.0000000000000000        0.0000000000000000     

