   0.0000000000000000        0.0000000000000000        0.0000000000000000     
   0.0000000000000000        3.3333333333333333E-002   0.0000000000000000     
   0.0000000000000000        6.6666666666666666E-002   0.0000000000000000     
   0.0000000000000000       0.10000000000000001        0.0000000000000000     
   0.0000000000000000       0.13333333333333333        0.0000000000000000     
   0.0000000000000000       0.16666666666666666        0.0000000000000000     
   0.0000000000000000       0.20000000000000001        0.0000000000000000     
   0.0000000000000000       0.23333333333333334        0.0000000000000000     
   0.0000000000000000       0.26666666666666666        0.0000000000000000     
   0.0000000000000000       0.29999999999999999        0.0000000000000000     
   0.0000000000000000       0.33333333333333331        0.0000000000000000     
   0.0000000000000000       0.36666666666666664        0.0000000000000000     
   0.0000000000000000       0.40000000000000002        0.0000000000000000     
   0.0000000000000000       0.43333333333333335        0.0000000000000000     
   0.0000000000000000       0.46666666666666667        0.0000000000000000     
   0.0000000000000000       0.50000000000000000        0.0000000000000000     
   0.0000000000000000       0.53333333333333333        0.0000000000000000     
   0.0000000000000000       0.56666666666666665        0.0000000000000000     
   0.0000000000000000       0.59999999999999998        0.0000000000000000     
   0.0000000000000000       0.63333333333333330        0.0000000000000000     
   0.0000000000000000       0.66666666666666663        0.0000000000000000     
   0.0000000000000000       0.69999999999999996        0.0000000000000000     
   0.0000000000000000       0.73333333333333328        0.0000000000000000     
   0.0000000000000000       0.76666666666666661        0.0000000000000000     
   0.0000000000000000       0.80000000000000004        0.0000000000000000     
   0.0000000000000000       0.83333333333333337        0.0000000000000000     
   0.0000000000000000       0.86666666666666670        0.0000000000000000     
   0.0000000000000000       0.90000000000000002        0.0000000000000000     
   0.0000000000000000       0.93333333333333335        0.0000000000000000     
   0.0000000000000000       0.96666666666666667        0.0000000000000000     
   0.0000000000000000        1.0000000000000000        0.0000000000000000     

   3.3333333333333333E-002   0.0000000000000000       0.10452846326765346     
   3.3333333333333333E-002   3.3333333333333333E-002   8.7932569276710754E-002
   3.3333333333333333E-002   6.6666666666666666E-002   7.2671963902638206E-002
   3.3333333333333333E-002  0.10000000000000001        5.8917934950714776E-002
   3.3333333333333333E-002  0.13333333333333333        4.6796418425178940E-002
   3.3333333333333333E-002  0.16666666666666666        3.6369771685765460E-002
   3.3333333333333333E-002  0.20000000000000001        2.7628880376427002E-002
   3.3333333333333333E-002  0.23333333333333334        2.0495628511211169E-002
   3.3333333333333333E-002  0.26666666666666666        1.4833996503705305E-002
   3.3333333333333333E-002  0.29999999999999999        1.0466841793125315E-002
   3.3333333333333333E-002  0.33333333333333331        7.1949528461143124E-003
   3.3333333333333333E-002  0.36666666666666664        4.8152313791057621E-003
   3.3333333333333333E-002  0.40000000000000002        3.1356594717623955E-003
   3.3333333333333333E-002  0.43333333333333335        1.9857672524793936E-003
   3.3333333333333333E-002  0.46666666666666667        1.2223535398773161E-003
   3.3333333333333333E-002  0.50000000000000000        7.3101915061876178E-004
   3.3333333333333333E-002  0.53333333333333333        4.2455003925200387E-004
   3.3333333333333333E-002  0.56666666666666665        2.3933711032057600E-004
   3.3333333333333333E-002  0.59999999999999998        1.3091548016142470E-004
   3.3333333333333333E-002  0.63333333333333330        6.9453584388999256E-005
   3.3333333333333333E-002  0.66666666666666663        3.5722875968248459E-005
   3.3333333333333333E-002  0.69999999999999996        1.7806258332109666E-005
   3.3333333333333333E-002  0.73333333333333328        8.5980410184002307E-006
   3.3333333333333333E-002  0.76666666666666661        4.0202341493191537E-006
   3.3333333333333333E-002  0.80000000000000004        1.8194858945215504E-006
   3.3333333333333333E-002  0.83333333333333337        7.9670737508173508E-007
   3.3333333333333333E-002  0.86666666666666670        3.3731164606217903E-007
   3.3333333333333333E-002  0.90000000000000002        1.3781947928525506E-007
   3.3333333333333333E-002  0.93333333333333335        5.3699728202360622E-008
   3.3333333333333333E-002  0.96666666666666667        1.8135057819878720E-008
   3.3333333333333333E-002   1.0000000000000000        0.0000000000000000     

   6.6666666666666666E-002   0.0000000000000000       0.20791169081775931     
   6.6666666666666666E-002   3.3333333333333333E-002  0.17490173092335273     
   6.6666666666666666E-002   6.6666666666666666E-002  0.14454771856117299     
   6.6666666666666666E-002  0.10000000000000001       0.11719035267673900     
   6.6666666666666666E-002  0.13333333333333333        9.3080125497311497E-002
   6.6666666666666666E-002  0.16666666666666666        7.2341068542077669E-002
   6.6666666666666666E-002  0.20000000000000001        5.4955052957734951E-002
   6.6666666666666666E-002  0.23333333333333334        4.0766702627467517E-002
   6.6666666666666666E-002  0.26666666666666666        2.9505468637502679E-002
   6.6666666666666666E-002  0.29999999999999999        2.0819006677237691E-002
   6.6666666666666666E-002  0.33333333333333331        1.4311076283205918E-002
   6.6666666666666666E-002  0.36666666666666664        9.5777060755700937E-003
   6.6666666666666666E-002  0.40000000000000002        6.2369640021732340E-003
   6.6666666666666666E-002  0.43333333333333335        3.9497780233921096E-003
   6.6666666666666666E-002  0.46666666666666667        2.4313147185778131E-003
   6.6666666666666666E-002  0.50000000000000000        1.4540291024477525E-003
   6.6666666666666666E-002  0.53333333333333333        8.4444861943115549E-004
   6.6666666666666666E-002  0.56666666666666665        4.7605199317596954E-004
   6.6666666666666666E-002  0.59999999999999998        2.6039662292637534E-004
   6.6666666666666666E-002  0.63333333333333330        1.3814622077333572E-004
   6.6666666666666666E-002  0.66666666666666663        7.1054364631896414E-005
   6.6666666666666666E-002  0.69999999999999996        3.5417427571733624E-005
   6.6666666666666666E-002  0.73333333333333328        1.7101880100147116E-005
   6.6666666666666666E-002  0.76666666666666661        7.9964217720102847E-006
   6.6666666666666666E-002  0.80000000000000004        3.6190371208308216E-006
   6.6666666666666666E-002  0.83333333333333337        1.5846858574403378E-006
   6.6666666666666666E-002  0.86666666666666670        6.7092763514310101E-007
   6.6666666666666666E-002  0.90000000000000002        2.7412897951488066E-007
   6.6666666666666666E-002  0.93333333333333335        1.0681111094514561E-007
   6.6666666666666666E-002  0.96666666666666667        3.6071424151278022E-008
   6.6666666666666666E-002   1.0000000000000000        0.0000000000000000     

  0.10000000000000001        0.0000000000000000       0.30901699437494740     
  0.10000000000000001        3.3333333333333333E-002  0.25995463260545831     
  0.10000000000000001        6.6666666666666666E-002  0.21483977816659680     
  0.10000000000000001       0.10000000000000001       0.17417880837517896     
  0.10000000000000001       0.13333333333333333       0.13834402723622702     
  0.10000000000000001       0.16666666666666666       0.10751978151310104     
  0.10000000000000001       0.20000000000000001        8.1679126478753791E-002
  0.10000000000000001       0.23333333333333334        6.0591128218756347E-002
  0.10000000000000001       0.26666666666666666        4.3853672682491324E-002
  0.10000000000000001       0.29999999999999999        3.0943074167537020E-002
  0.10000000000000001       0.33333333333333331        2.1270404573753475E-002
  0.10000000000000001       0.36666666666666664        1.4235245420006632E-002
  0.10000000000000001       0.40000000000000002        9.2699350498076354E-003
  0.10000000000000001       0.43333333333333335        5.8705141997363527E-003
  0.10000000000000001       0.46666666666666667        3.6136379044362579E-003
  0.10000000000000001       0.50000000000000000        2.1611084071551743E-003
  0.10000000000000001       0.53333333333333333        1.2550952438235851E-003
  0.10000000000000001       0.56666666666666665        7.0755115077384312E-004
  0.10000000000000001       0.59999999999999998        3.8702480579904801E-004
  0.10000000000000001       0.63333333333333330        2.0532529825392429E-004
  0.10000000000000001       0.66666666666666663        1.0560736680755560E-004
  0.10000000000000001       0.69999999999999996        5.2640556063308481E-005
  0.10000000000000001       0.73333333333333328        2.5418347404718297E-005
  0.10000000000000001       0.76666666666666661        1.1884998924408438E-005
  0.10000000000000001       0.80000000000000004        5.3789374191120639E-006
  0.10000000000000001       0.83333333333333337        2.3553021899279893E-006
  0.10000000000000001       0.86666666666666670        9.9719280065276117E-007
  0.10000000000000001       0.90000000000000002        4.0743506527976433E-007
  0.10000000000000001       0.93333333333333335        1.5875224880475366E-007
  0.10000000000000001       0.96666666666666667        5.3612584411245128E-008
  0.10000000000000001        1.0000000000000000        0.0000000000000000     

  0.13333333333333333        0.0000000000000000       0.40673664307580015     
  0.13333333333333333        3.3333333333333333E-002  0.34215941693373431     
  0.13333333333333333        6.6666666666666666E-002  0.28277800820431354     
  0.13333333333333333       0.10000000000000001       0.22925892459980152     
  0.13333333333333333       0.13333333333333333       0.18209220286239355     
  0.13333333333333333       0.16666666666666666       0.14152048525790611     
  0.13333333333333333       0.20000000000000001       0.10750830639761534     
  0.13333333333333333       0.23333333333333334        7.9751704729771750E-002
  0.13333333333333333       0.26666666666666666        5.7721406712599593E-002
  0.13333333333333333       0.29999999999999999        4.0728122862002253E-002
  0.13333333333333333       0.33333333333333331        2.7996689860672677E-002
  0.13333333333333333       0.36666666666666664        1.8736820436704962E-002
  0.13333333333333333       0.40000000000000002        1.2201342749177726E-002
  0.13333333333333333       0.43333333333333335        7.7269317940242103E-003
  0.13333333333333333       0.46666666666666667        4.7563693172113517E-003
  0.13333333333333333       0.50000000000000000        2.8445101559127963E-003
  0.13333333333333333       0.53333333333333333        1.6519907820791184E-003
  0.13333333333333333       0.56666666666666665        9.3129822989924125E-004
  0.13333333333333333       0.59999999999999998        5.0941266390923899E-004
  0.13333333333333333       0.63333333333333330        2.7025478879976188E-004
  0.13333333333333333       0.66666666666666663        1.3900331257270891E-004
  0.13333333333333333       0.69999999999999996        6.9286943606909176E-005
  0.13333333333333333       0.73333333333333328        3.3456325975992231E-005
  0.13333333333333333       0.76666666666666661        1.5643361541494855E-005
  0.13333333333333333       0.80000000000000004        7.0799049534144958E-006
  0.13333333333333333       0.83333333333333337        3.1001133387441202E-006
  0.13333333333333333       0.86666666666666670        1.3125325131624607E-006
  0.13333333333333333       0.90000000000000002        5.3627720720817408E-007
  0.13333333333333333       0.93333333333333335        2.0895406380541300E-007
  0.13333333333333333       0.96666666666666667        7.0566353977248098E-008
  0.13333333333333333        1.0000000000000000        0.0000000000000000     

  0.16666666666666666        0.0000000000000000       0.49999999999999994     
  0.16666666666666666        3.3333333333333333E-002  0.42061543108862320     
  0.16666666666666666        6.6666666666666666E-002  0.34761806320904115     
  0.16666666666666666       0.10000000000000001       0.28182723207099436     
  0.16666666666666666       0.13333333333333333       0.22384533820875649     
  0.16666666666666666       0.16666666666666666       0.17397066095116009     
  0.16666666666666666       0.20000000000000001       0.13215960281402517     
  0.16666666666666666       0.23333333333333334        9.8038504874650642E-002
  0.16666666666666666       0.26666666666666666        7.0956732931783728E-002
  0.16666666666666666       0.29999999999999999        5.0066945719483759E-002
  0.16666666666666666       0.33333333333333331        3.4416237554794345E-002
  0.16666666666666666       0.36666666666666664        2.3033110927767005E-002
  0.16666666666666666       0.40000000000000002        1.4999069984092705E-002
  0.16666666666666666       0.43333333333333335        9.4986915066123077E-003
  0.16666666666666666       0.46666666666666667        5.8469889524128092E-003
  0.16666666666666666       0.50000000000000000        3.4967468561502182E-003
  0.16666666666666666       0.53333333333333333        2.0307867636248970E-003
  0.16666666666666666       0.56666666666666665        1.1448418107311796E-003
  0.16666666666666666       0.59999999999999998        6.2621929027218716E-004
  0.16666666666666666       0.63333333333333330        3.3222331132505897E-004
  0.16666666666666666       0.66666666666666663        1.7087630895700243E-004
  0.16666666666666666       0.69999999999999996        8.5174208897127496E-005
  0.16666666666666666       0.73333333333333328        4.1127750038686881E-005
  0.16666666666666666       0.76666666666666661        1.9230332215948795E-005
  0.16666666666666666       0.80000000000000004        8.7033035674819576E-006
  0.16666666666666666       0.83333333333333337        3.8109589970805472E-006
  0.16666666666666666       0.86666666666666670        1.6134918447928660E-006
  0.16666666666666666       0.90000000000000002        6.5924378383119087E-007
  0.16666666666666666       0.93333333333333335        2.5686653435657130E-007
  0.16666666666666666       0.96666666666666667        8.6746983802117404E-008
  0.16666666666666666        1.0000000000000000        0.0000000000000000     

  0.20000000000000001        0.0000000000000000       0.58778525229247314     
  0.20000000000000001        3.3333333333333333E-002  0.49446309456106746     
  0.20000000000000001        6.6666666666666666E-002  0.40864954196949427     
  0.20000000000000001       0.10000000000000001       0.33130778141147760     
  0.20000000000000001       0.13333333333333333       0.26314597718705585     
  0.20000000000000001       0.16666666666666666       0.20451477767733189     
  0.20000000000000001       0.20000000000000001       0.15536293096582965     
  0.20000000000000001       0.23333333333333334       0.11525117464424678     
  0.20000000000000001       0.26666666666666666        8.3414642336316278E-002
  0.20000000000000001       0.29999999999999999        5.8857224642480638E-002
  0.20000000000000001       0.33333333333333331        4.0458713748204964E-002
  0.20000000000000001       0.36666666666666664        2.7077045835516095E-002
  0.20000000000000001       0.40000000000000002        1.7632464269504784E-002
  0.20000000000000001       0.43333333333333335        1.1166381567324973E-002
  0.20000000000000001       0.46666666666666667        6.8735477530905325E-003
  0.20000000000000001       0.50000000000000000        4.1106724660903366E-003
  0.20000000000000001       0.53333333333333333        2.3873330204189505E-003
  0.20000000000000001       0.56666666666666665        1.3458422651111963E-003
  0.20000000000000001       0.59999999999999998        7.3616492704610208E-004
  0.20000000000000001       0.63333333333333330        3.9055192572928120E-004
  0.20000000000000001       0.66666666666666663        2.0087714874219653E-004
  0.20000000000000001       0.69999999999999996        1.0012828773081978E-004
  0.20000000000000001       0.73333333333333328        4.8348569865422692E-005
  0.20000000000000001       0.76666666666666661        2.2606611346439069E-005
  0.20000000000000001       0.80000000000000004        1.0231346966380729E-005
  0.20000000000000001       0.83333333333333337        4.4800509911505198E-006
  0.20000000000000001       0.86666666666666670        1.8967734221268452E-006
  0.20000000000000001       0.90000000000000002        7.7498754760292232E-007
  0.20000000000000001       0.93333333333333335        3.0196472140454094E-007
  0.20000000000000001       0.96666666666666667        1.0197719551947731E-007
  0.20000000000000001        1.0000000000000000        0.0000000000000000     

  0.23333333333333334        0.0000000000000000       0.66913060635885824     
  0.23333333333333334        3.3333333333333333E-002  0.56289331689644595     
  0.23333333333333334        6.6666666666666666E-002  0.46520377083271525     
  0.23333333333333334       0.10000000000000001       0.37715845336820625     
  0.23333333333333334       0.13333333333333333       0.29956353377245787     
  0.23333333333333334       0.16666666666666666       0.23281818770180221     
  0.23333333333333334       0.20000000000000001       0.17686407033418905     
  0.23333333333333334       0.23333333333333334       0.13120112842658174     
  0.23333333333333334       0.26666666666666666        9.4958643463776013E-002
  0.23333333333333334       0.29999999999999999        6.7002651495628424E-002
  0.23333333333333334       0.33333333333333331        4.6057915807260090E-002
  0.23333333333333334       0.36666666666666664        3.0824318962855157E-002
  0.23333333333333334       0.40000000000000002        2.0072673586549801E-002
  0.23333333333333334       0.43333333333333335        1.2711730414870460E-002
  0.23333333333333334       0.46666666666666667        7.8247985262030542E-003
  0.23333333333333334       0.50000000000000000        4.6795606882784535E-003
  0.23333333333333334       0.53333333333333333        2.7177231570597411E-003
  0.23333333333333334       0.56666666666666665        1.5320973899990548E-003
  0.23333333333333334       0.59999999999999998        8.3804498682688488E-004
  0.23333333333333334       0.63333333333333330        4.4460157150696885E-004
  0.23333333333333334       0.66666666666666663        2.2867713644952526E-004
  0.23333333333333334       0.69999999999999996        1.1398534009094195E-004
  0.23333333333333334       0.73333333333333328        5.5039672643124223E-005
  0.23333333333333334       0.76666666666666661        2.5735207712280203E-005
  0.23333333333333334       0.80000000000000004        1.1647293586868833E-005
  0.23333333333333334       0.83333333333333337        5.1000586090505058E-006
  0.23333333333333334       0.86666666666666670        2.1592735529226463E-006
  0.23333333333333334       0.90000000000000002        8.8224038562654557E-007
  0.23333333333333334       0.93333333333333335        3.4375451977462203E-007
  0.23333333333333334       0.96666666666666667        1.1609012374262573E-007
  0.23333333333333334        1.0000000000000000        0.0000000000000000     

  0.26666666666666666        0.0000000000000000       0.74314482547739413     
  0.26666666666666666        3.3333333333333333E-002  0.62515636225890758     
  0.26666666666666666        6.6666666666666666E-002  0.51666112983254542     
  0.26666666666666666       0.10000000000000001       0.41887689838435249     
  0.26666666666666666       0.13333333333333333       0.33269900959414928     
  0.26666666666666666       0.16666666666666666       0.25857079294147362     
  0.26666666666666666       0.20000000000000001       0.19642744993678096     
  0.26666666666666666       0.23333333333333334       0.14571361519027384     
  0.26666666666666666       0.26666666666666666       0.10546225782207298     
  0.26666666666666666       0.29999999999999999        7.4413983277783854E-002
  0.26666666666666666       0.33333333333333331        5.1152497702492361E-002
  0.26666666666666666       0.36666666666666664        3.4233874401233745E-002
  0.26666666666666666       0.40000000000000002        2.2292962491303591E-002
  0.26666666666666666       0.43333333333333335        1.4117806883890020E-002
  0.26666666666666666       0.46666666666666667        8.6903191692181379E-003
  0.26666666666666666       0.50000000000000000        5.1971786643047616E-003
  0.26666666666666666       0.53333333333333333        3.0183373500716525E-003
  0.26666666666666666       0.56666666666666665        1.7015665352700928E-003
  0.26666666666666666       0.59999999999999998        9.3074325035980455E-004
  0.26666666666666666       0.63333333333333330        4.9378006942836592E-004
  0.26666666666666666       0.66666666666666663        2.5397168959614573E-004
  0.26666666666666666       0.69999999999999996        1.2659354521206187E-004
  0.26666666666666666       0.73333333333333328        6.1127749249555722E-005
  0.26666666666666666       0.76666666666666661        2.8581843756987157E-005
  0.26666666666666666       0.80000000000000004        1.2935630021466324E-005
  0.26666666666666666       0.83333333333333337        5.6641889175738575E-006
  0.26666666666666666       0.86666666666666670        2.3981162308155866E-006
  0.26666666666666666       0.90000000000000002        9.7982721336457469E-007
  0.26666666666666666       0.93333333333333335        3.8177807169079456E-007
  0.26666666666666666       0.96666666666666667        1.2893114427662974E-007
  0.26666666666666666        1.0000000000000000        0.0000000000000000     

  0.29999999999999999        0.0000000000000000       0.80901699437494745     
  0.29999999999999999        3.3333333333333333E-002  0.68057006369408146     
  0.29999999999999999        6.6666666666666666E-002  0.56245784137563803     
  0.29999999999999999       0.10000000000000001       0.45600604044617338     
  0.29999999999999999       0.13333333333333333       0.36218936544498354     
  0.29999999999999999       0.16666666666666666       0.28149044246426119     
  0.29999999999999999       0.20000000000000001       0.21383872929277897     
  0.29999999999999999       0.23333333333333334       0.15862963309340702     
  0.29999999999999999       0.26666666666666666       0.11481040561427504     
  0.29999999999999999       0.29999999999999999        8.1010019887020779E-002
  0.29999999999999999       0.33333333333333331        5.5686642128547820E-002
  0.29999999999999999       0.36666666666666664        3.7268356347773639E-002
  0.29999999999999999       0.40000000000000002        2.4269005033900341E-002
  0.29999999999999999       0.43333333333333335        1.5369205706348660E-002
  0.29999999999999999       0.46666666666666667        9.4606268568490654E-003
  0.29999999999999999       0.50000000000000000        5.6578552633053929E-003
  0.29999999999999999       0.53333333333333333        3.2858820074484819E-003
  0.29999999999999999       0.56666666666666665        1.8523929615050228E-003
  0.29999999999999999       0.59999999999999998        1.0132440960712353E-003
  0.29999999999999999       0.63333333333333330        5.3754860957898332E-004
  0.29999999999999999       0.66666666666666663        2.7648367576455803E-004
  0.29999999999999999       0.69999999999999996        1.3781476496043597E-004
  0.29999999999999999       0.73333333333333328        6.6546097443405188E-005
  0.29999999999999999       0.76666666666666661        3.1115331140357230E-005
  0.29999999999999999       0.80000000000000004        1.4082240986594022E-005
  0.29999999999999999       0.83333333333333337        6.1662611870085360E-006
  0.29999999999999999       0.86666666666666670        2.6106846454456269E-006
  0.29999999999999999       0.90000000000000002        1.0666788491109551E-006
  0.29999999999999999       0.93333333333333335        4.1561878316132499E-007
  0.29999999999999999       0.96666666666666667        1.4035956821336251E-007
  0.29999999999999999        1.0000000000000000        0.0000000000000000     

  0.33333333333333331        0.0000000000000000       0.86602540378443860     
  0.33333333333333331        3.3333333333333333E-002  0.72852729709298114     
  0.33333333333333331        6.6666666666666666E-002  0.60209214710674874     
  0.33333333333333331       0.10000000000000001       0.48813908490346730     
  0.33333333333333331       0.13333333333333333       0.38771149881500516     
  0.33333333333333331       0.16666666666666666       0.30132602379374818     
  0.33333333333333331       0.20000000000000001       0.22890714678201438     
  0.33333333333333331       0.23333333333333334       0.16980767154098397     
  0.33333333333333331       0.26666666666666666       0.12290066657694515     
  0.33333333333333331       0.29999999999999999        8.6718493765938987E-002
  0.33333333333333331       0.33333333333333331        5.9610672050263852E-002
  0.33333333333333331       0.36666666666666664        3.9894518383262370E-002
  0.33333333333333331       0.40000000000000002        2.5979151278729878E-002
  0.33333333333333331       0.43333333333333335        1.6452216294875484E-002
  0.33333333333333331       0.46666666666666667        1.0127281936872909E-002
  0.33333333333333331       0.50000000000000000        6.0565432160589183E-003
  0.33333333333333331       0.53333333333333333        3.5174258539366898E-003
  0.33333333333333331       0.56666666666666665        1.9829241828155553E-003
  0.33333333333333331       0.59999999999999998        1.0846436274311510E-003
  0.33333333333333331       0.63333333333333330        5.7542765467377493E-004
  0.33333333333333331       0.66666666666666663        2.9596644892336505E-004
  0.33333333333333331       0.69999999999999996        1.4752605730430991E-004
  0.33333333333333331       0.73333333333333328        7.1235352667998555E-005
  0.33333333333333331       0.76666666666666661        3.3307912444451909E-005
  0.33333333333333331       0.80000000000000004        1.5074563972574216E-005
  0.33333333333333331       0.83333333333333337        6.6007746085052405E-006
  0.33333333333333331       0.86666666666666670        2.7946498527792808E-006
  0.33333333333333331       0.90000000000000002        1.1418437281695767E-006
  0.33333333333333331       0.93333333333333335        4.4490588826971810E-007
  0.33333333333333331       0.96666666666666667        1.5025018334862176E-007
  0.33333333333333331        1.0000000000000000        0.0000000000000000     

  0.36666666666666664        0.0000000000000000       0.91354545764260087     
  0.36666666666666664        3.3333333333333333E-002  0.76850263297079224     
  0.36666666666666664        6.6666666666666666E-002  0.63512980527827623     
  0.36666666666666664       0.10000000000000001       0.51492397539688806     
  0.36666666666666664       0.13333333333333333       0.40898578387016249     
  0.36666666666666664       0.16666666666666666       0.31786021415002663     
  0.36666666666666664       0.20000000000000001       0.24146760966920597     
  0.36666666666666664       0.23333333333333334       0.17912526160461817     
  0.36666666666666664       0.26666666666666666       0.12964440211798034     
  0.36666666666666664       0.29999999999999999        9.1476861680146085E-002
  0.36666666666666664       0.33333333333333331        6.2881594974662114E-002
  0.36666666666666664       0.36666666666666664        4.2083587726879396E-002
  0.36666666666666664       0.40000000000000002        2.7404664505662736E-002
  0.36666666666666664       0.43333333333333335        1.7354972958828055E-002
  0.36666666666666664       0.46666666666666667        1.0682980396726383E-002
  0.36666666666666664       0.50000000000000000        6.3888744139241546E-003
  0.36666666666666664       0.53333333333333333        3.7104320467004860E-003
  0.36666666666666664       0.56666666666666665        2.0917300718255988E-003
  0.36666666666666664       0.59999999999999998        1.1441595762326600E-003
  0.36666666666666664       0.63333333333333330        6.0700219396798245E-004
  0.36666666666666664       0.66666666666666663        3.1220655173280651E-004
  0.36666666666666664       0.69999999999999996        1.5562102329254565E-004
  0.36666666666666664       0.73333333333333328        7.5144138461805414E-005
  0.36666666666666664       0.76666666666666661        3.5135565289676385E-005
  0.36666666666666664       0.80000000000000004        1.5901726881115573E-005
  0.36666666666666664       0.83333333333333337        6.9629685620902710E-006
  0.36666666666666664       0.86666666666666670        2.9479962915078062E-006
  0.36666666666666664       0.90000000000000002        1.2044983283962102E-006
  0.36666666666666664       0.93333333333333335        4.6931851136368558E-007
  0.36666666666666664       0.96666666666666667        1.5849462603324124E-007
  0.36666666666666664        1.0000000000000000        0.0000000000000000     

  0.40000000000000002        0.0000000000000000       0.95105651629515353     
  0.40000000000000002        3.3333333333333333E-002  0.80005809318226040     
  0.40000000000000002        6.6666666666666666E-002  0.66120884839371841     
  0.40000000000000002       0.10000000000000001       0.53606725106109154     
  0.40000000000000002       0.13333333333333333       0.42577913509146076     
  0.40000000000000002       0.16666666666666666       0.33091186148355128     
  0.40000000000000002       0.20000000000000001       0.25138250289451586     
  0.40000000000000002       0.23333333333333334       0.18648031781774135     
  0.40000000000000002       0.26666666666666666       0.13496772645957564     
  0.40000000000000002       0.29999999999999999        9.5232989955021538E-002
  0.40000000000000002       0.33333333333333331        6.5463573985698256E-002
  0.40000000000000002       0.36666666666666664        4.3811580476803835E-002
  0.40000000000000002       0.40000000000000002        2.8529926493476822E-002
  0.40000000000000002       0.43333333333333335        1.8067584907282132E-002
  0.40000000000000002       0.46666666666666667        1.1121633887795950E-002
  0.40000000000000002       0.50000000000000000        6.6512077667525140E-003
  0.40000000000000002       0.53333333333333333        3.8627859695028084E-003
  0.40000000000000002       0.56666666666666665        2.1776185284460626E-003
  0.40000000000000002       0.59999999999999998        1.1911398732861798E-003
  0.40000000000000002       0.63333333333333330        6.3192629020170153E-004
  0.40000000000000002       0.66666666666666663        3.2502605422804221E-004
  0.40000000000000002       0.69999999999999996        1.6201097278379547E-004
  0.40000000000000002       0.73333333333333328        7.8229629349702844E-005
  0.40000000000000002       0.76666666666666661        3.6578265528997438E-005
  0.40000000000000002       0.80000000000000004        1.6554667142297146E-005
  0.40000000000000002       0.83333333333333337        7.2488747750141961E-006
  0.40000000000000002       0.86666666666666670        3.0690438659586871E-006
  0.40000000000000002       0.90000000000000002        1.2539561928794553E-006
  0.40000000000000002       0.93333333333333335        4.8858918263594006E-007
  0.40000000000000002       0.96666666666666667        1.6500256842790779E-007
  0.40000000000000002        1.0000000000000000        0.0000000000000000     

  0.43333333333333335        0.0000000000000000       0.97814760073380569     
  0.43333333333333335        3.3333333333333333E-002  0.82284794950190432     
  0.43333333333333335        6.6666666666666666E-002  0.68004354899931208     
  0.43333333333333335       0.10000000000000001       0.55133726174338527     
  0.43333333333333335       0.13333333333333333       0.43790756100868489     
  0.43333333333333335       0.16666666666666666       0.34033796921490322     
  0.43333333333333335       0.20000000000000001       0.25854319681294285     
  0.43333333333333335       0.23333333333333334       0.19179225664533806     
  0.43333333333333335       0.26666666666666666       0.13881231614626732     
  0.43333333333333335       0.29999999999999999        9.7945725663165423E-002
  0.43333333333333335       0.33333333333333331        6.7328320381013565E-002
  0.43333333333333335       0.36666666666666664        4.5059564382861787E-002
  0.43333333333333335       0.40000000000000002        2.9342608636357438E-002
  0.43333333333333335       0.43333333333333335        1.8582244614606811E-002
  0.43333333333333335       0.46666666666666667        1.1438436430639314E-002
  0.43333333333333335       0.50000000000000000        6.8406690954336286E-003
  0.43333333333333335       0.53333333333333333        3.9728184008833269E-003
  0.43333333333333335       0.56666666666666665        2.2396485407728981E-003
  0.43333333333333335       0.59999999999999998        1.2250697926259328E-003
  0.43333333333333335       0.63333333333333330        6.4992686976089308E-004
  0.43333333333333335       0.66666666666666663        3.3428450325708082E-004
  0.43333333333333335       0.69999999999999996        1.6662589615425041E-004
  0.43333333333333335       0.73333333333333328        8.0458020047842531E-005
  0.43333333333333335       0.76666666666666661        3.7620206636688645E-005
  0.43333333333333335       0.80000000000000004        1.7026231005980897E-005
  0.43333333333333335       0.83333333333333337        7.4553607989784951E-006
  0.43333333333333335       0.86666666666666670        3.1564663535754077E-006
  0.43333333333333335       0.90000000000000002        1.2896754509063100E-006
  0.43333333333333335       0.93333333333333335        5.0250676857937577E-007
  0.43333333333333335       0.96666666666666667        1.6970270815387089E-007
  0.43333333333333335        1.0000000000000000        0.0000000000000000     

  0.46666666666666667        0.0000000000000000       0.99452189536827329     
  0.46666666666666667        3.3333333333333333E-002  0.83662251149480182     
  0.46666666666666667        6.6666666666666666E-002  0.69142755017380786     
  0.46666666666666667       0.10000000000000001       0.56056670601127911     
  0.46666666666666667       0.13333333333333333       0.44523818004944937     
  0.46666666666666667       0.16666666666666666       0.34603526293523801     
  0.46666666666666667       0.20000000000000001       0.26287123736344498     
  0.46666666666666667       0.23333333333333334       0.19500287937401850     
  0.46666666666666667       0.26666666666666666       0.14113604904891586     
  0.46666666666666667       0.29999999999999999        9.9585347504482877E-002
  0.46666666666666667       0.33333333333333331        6.8455403608877627E-002
  0.46666666666666667       0.36666666666666664        4.5813866272221060E-002
  0.46666666666666667       0.40000000000000002        2.9833807018682504E-002
  0.46666666666666667       0.43333333333333335        1.8893313361349185E-002
  0.46666666666666667       0.46666666666666667        1.1629917070301882E-002
  0.46666666666666667       0.50000000000000000        6.9551826220031329E-003
  0.46666666666666667       0.53333333333333333        4.0393238024980689E-003
  0.46666666666666667       0.56666666666666665        2.2771404950104376E-003
  0.46666666666666667       0.59999999999999998        1.2455775909553410E-003
  0.46666666666666667       0.63333333333333330        6.6080671452904303E-004
  0.46666666666666667       0.66666666666666663        3.3988046131490542E-004
  0.46666666666666667       0.69999999999999996        1.6941523133772894E-004
  0.46666666666666667       0.73333333333333328        8.1804895841414916E-005
  0.46666666666666667       0.76666666666666661        3.8249972887933930E-005
  0.46666666666666667       0.80000000000000004        1.7311251919795226E-005
  0.46666666666666667       0.83333333333333337        7.5801643298946400E-006
  0.46666666666666667       0.86666666666666670        3.2093059352893062E-006
  0.46666666666666667       0.90000000000000002        1.3112647548110966E-006
  0.46666666666666667       0.93333333333333335        5.1091878520995396E-007
  0.46666666666666667       0.96666666666666667        1.7254354949672542E-007
  0.46666666666666667        1.0000000000000000        0.0000000000000000     

  0.50000000000000000        0.0000000000000000        1.0000000000000000     
  0.50000000000000000        3.3333333333333333E-002  0.84123086217724641     
  0.50000000000000000        6.6666666666666666E-002  0.69523612641808241     
  0.50000000000000000       0.10000000000000001       0.56365446414198872     
  0.50000000000000000       0.13333333333333333       0.44769067641751298     
  0.50000000000000000       0.16666666666666666       0.34794132190232024     
  0.50000000000000000       0.20000000000000001       0.26431920562805028     
  0.50000000000000000       0.23333333333333334       0.19607700974930131     
  0.50000000000000000       0.26666666666666666       0.14191346586356743     
  0.50000000000000000       0.29999999999999999       0.10013389143896750     
  0.50000000000000000       0.33333333333333331        6.8832475109588662E-002
  0.50000000000000000       0.36666666666666664        4.6066221855534002E-002
  0.50000000000000000       0.40000000000000002        2.9998139968185410E-002
  0.50000000000000000       0.43333333333333335        1.8997383013224615E-002
  0.50000000000000000       0.46666666666666667        1.1693977904825618E-002
  0.50000000000000000       0.50000000000000000        6.9934937123004373E-003
  0.50000000000000000       0.53333333333333333        4.0615735272497948E-003
  0.50000000000000000       0.56666666666666665        2.2896836214623593E-003
  0.50000000000000000       0.59999999999999998        1.2524385805443745E-003
  0.50000000000000000       0.63333333333333330        6.6444662265011795E-004
  0.50000000000000000       0.66666666666666663        3.4175261791400481E-004
  0.50000000000000000       0.69999999999999996        1.7034841779425499E-004
  0.50000000000000000       0.73333333333333328        8.2255500077373775E-005
  0.50000000000000000       0.76666666666666661        3.8460664431897584E-005
  0.50000000000000000       0.80000000000000004        1.7406607134963919E-005
  0.50000000000000000       0.83333333333333337        7.6219179941610952E-006
  0.50000000000000000       0.86666666666666670        3.2269836895857320E-006
  0.50000000000000000       0.90000000000000002        1.3184875676623819E-006
  0.50000000000000000       0.93333333333333335        5.1373306871314260E-007
  0.50000000000000000       0.96666666666666667        1.7349396760423481E-007
  0.50000000000000000        1.0000000000000000        0.0000000000000000     

  0.53333333333333333        0.0000000000000000       0.99452189536827340     
  0.53333333333333333        3.3333333333333333E-002  0.83662251149480182     
  0.53333333333333333        6.6666666666666666E-002  0.69142755017380786     
  0.53333333333333333       0.10000000000000001       0.56056670601127911     
  0.53333333333333333       0.13333333333333333       0.44523818004944937     
  0.53333333333333333       0.16666666666666666       0.34603526293523806     
  0.53333333333333333       0.20000000000000001       0.26287123736344498     
  0.53333333333333333       0.23333333333333334       0.19500287937401850     
  0.53333333333333333       0.26666666666666666       0.14113604904891586     
  0.53333333333333333       0.29999999999999999        9.9585347504482877E-002
  0.53333333333333333       0.33333333333333331        6.8455403608877627E-002
  0.53333333333333333       0.36666666666666664        4.5813866272221060E-002
  0.53333333333333333       0.40000000000000002        2.9833807018682507E-002
  0.53333333333333333       0.43333333333333335        1.8893313361349189E-002
  0.53333333333333333       0.46666666666666667        1.1629917070301884E-002
  0.53333333333333333       0.50000000000000000        6.9551826220031329E-003
  0.53333333333333333       0.53333333333333333        4.0393238024980689E-003
  0.53333333333333333       0.56666666666666665        2.2771404950104376E-003
  0.53333333333333333       0.59999999999999998        1.2455775909553410E-003
  0.53333333333333333       0.63333333333333330        6.6080671452904314E-004
  0.53333333333333333       0.66666666666666663        3.3988046131490542E-004
  0.53333333333333333       0.69999999999999996        1.6941523133772894E-004
  0.53333333333333333       0.73333333333333328        8.1804895841414916E-005
  0.53333333333333333       0.76666666666666661        3.8249972887933930E-005
  0.53333333333333333       0.80000000000000004        1.7311251919795226E-005
  0.53333333333333333       0.83333333333333337        7.5801643298946400E-006
  0.53333333333333333       0.86666666666666670        3.2093059352893066E-006
  0.53333333333333333       0.90000000000000002        1.3112647548110966E-006
  0.53333333333333333       0.93333333333333335        5.1091878520995407E-007
  0.53333333333333333       0.96666666666666667        1.7254354949672542E-007
  0.53333333333333333        1.0000000000000000        0.0000000000000000     

  0.56666666666666665        0.0000000000000000       0.97814760073380569     
  0.56666666666666665        3.3333333333333333E-002  0.82284794950190432     
  0.56666666666666665        6.6666666666666666E-002  0.68004354899931219     
  0.56666666666666665       0.10000000000000001       0.55133726174338527     
  0.56666666666666665       0.13333333333333333       0.43790756100868489     
  0.56666666666666665       0.16666666666666666       0.34033796921490328     
  0.56666666666666665       0.20000000000000001       0.25854319681294285     
  0.56666666666666665       0.23333333333333334       0.19179225664533806     
  0.56666666666666665       0.26666666666666666       0.13881231614626732     
  0.56666666666666665       0.29999999999999999        9.7945725663165437E-002
  0.56666666666666665       0.33333333333333331        6.7328320381013551E-002
  0.56666666666666665       0.36666666666666664        4.5059564382861787E-002
  0.56666666666666665       0.40000000000000002        2.9342608636357442E-002
  0.56666666666666665       0.43333333333333335        1.8582244614606815E-002
  0.56666666666666665       0.46666666666666667        1.1438436430639316E-002
  0.56666666666666665       0.50000000000000000        6.8406690954336286E-003
  0.56666666666666665       0.53333333333333333        3.9728184008833269E-003
  0.56666666666666665       0.56666666666666665        2.2396485407728981E-003
  0.56666666666666665       0.59999999999999998        1.2250697926259331E-003
  0.56666666666666665       0.63333333333333330        6.4992686976089308E-004
  0.56666666666666665       0.66666666666666663        3.3428450325708082E-004
  0.56666666666666665       0.69999999999999996        1.6662589615425041E-004
  0.56666666666666665       0.73333333333333328        8.0458020047842531E-005
  0.56666666666666665       0.76666666666666661        3.7620206636688645E-005
  0.56666666666666665       0.80000000000000004        1.7026231005980897E-005
  0.56666666666666665       0.83333333333333337        7.4553607989784951E-006
  0.56666666666666665       0.86666666666666670        3.1564663535754077E-006
  0.56666666666666665       0.90000000000000002        1.2896754509063100E-006
  0.56666666666666665       0.93333333333333335        5.0250676857937577E-007
  0.56666666666666665       0.96666666666666667        1.6970270815387089E-007
  0.56666666666666665        1.0000000000000000        0.0000000000000000     

  0.59999999999999998        0.0000000000000000       0.95105651629515364     
  0.59999999999999998        3.3333333333333333E-002  0.80005809318226051     
  0.59999999999999998        6.6666666666666666E-002  0.66120884839371841     
  0.59999999999999998       0.10000000000000001       0.53606725106109154     
  0.59999999999999998       0.13333333333333333       0.42577913509146076     
  0.59999999999999998       0.16666666666666666       0.33091186148355128     
  0.59999999999999998       0.20000000000000001       0.25138250289451591     
  0.59999999999999998       0.23333333333333334       0.18648031781774138     
  0.59999999999999998       0.26666666666666666       0.13496772645957567     
  0.59999999999999998       0.29999999999999999        9.5232989955021552E-002
  0.59999999999999998       0.33333333333333331        6.5463573985698270E-002
  0.59999999999999998       0.36666666666666664        4.3811580476803842E-002
  0.59999999999999998       0.40000000000000002        2.8529926493476826E-002
  0.59999999999999998       0.43333333333333335        1.8067584907282136E-002
  0.59999999999999998       0.46666666666666667        1.1121633887795952E-002
  0.59999999999999998       0.50000000000000000        6.6512077667525149E-003
  0.59999999999999998       0.53333333333333333        3.8627859695028089E-003
  0.59999999999999998       0.56666666666666665        2.1776185284460630E-003
  0.59999999999999998       0.59999999999999998        1.1911398732861798E-003
  0.59999999999999998       0.63333333333333330        6.3192629020170153E-004
  0.59999999999999998       0.66666666666666663        3.2502605422804216E-004
  0.59999999999999998       0.69999999999999996        1.6201097278379547E-004
  0.59999999999999998       0.73333333333333328        7.8229629349702844E-005
  0.59999999999999998       0.76666666666666661        3.6578265528997438E-005
  0.59999999999999998       0.80000000000000004        1.6554667142297146E-005
  0.59999999999999998       0.83333333333333337        7.2488747750141953E-006
  0.59999999999999998       0.86666666666666670        3.0690438659586875E-006
  0.59999999999999998       0.90000000000000002        1.2539561928794553E-006
  0.59999999999999998       0.93333333333333335        4.8858918263594017E-007
  0.59999999999999998       0.96666666666666667        1.6500256842790776E-007
  0.59999999999999998        1.0000000000000000        0.0000000000000000     

  0.63333333333333330        0.0000000000000000       0.91354545764260098     
  0.63333333333333330        3.3333333333333333E-002  0.76850263297079224     
  0.63333333333333330        6.6666666666666666E-002  0.63512980527827634     
  0.63333333333333330       0.10000000000000001       0.51492397539688817     
  0.63333333333333330       0.13333333333333333       0.40898578387016254     
  0.63333333333333330       0.16666666666666666       0.31786021415002669     
  0.63333333333333330       0.20000000000000001       0.24146760966920602     
  0.63333333333333330       0.23333333333333334       0.17912526160461817     
  0.63333333333333330       0.26666666666666666       0.12964440211798034     
  0.63333333333333330       0.29999999999999999        9.1476861680146099E-002
  0.63333333333333330       0.33333333333333331        6.2881594974662128E-002
  0.63333333333333330       0.36666666666666664        4.2083587726879403E-002
  0.63333333333333330       0.40000000000000002        2.7404664505662740E-002
  0.63333333333333330       0.43333333333333335        1.7354972958828058E-002
  0.63333333333333330       0.46666666666666667        1.0682980396726383E-002
  0.63333333333333330       0.50000000000000000        6.3888744139241546E-003
  0.63333333333333330       0.53333333333333333        3.7104320467004868E-003
  0.63333333333333330       0.56666666666666665        2.0917300718255993E-003
  0.63333333333333330       0.59999999999999998        1.1441595762326602E-003
  0.63333333333333330       0.63333333333333330        6.0700219396798245E-004
  0.63333333333333330       0.66666666666666663        3.1220655173280645E-004
  0.63333333333333330       0.69999999999999996        1.5562102329254562E-004
  0.63333333333333330       0.73333333333333328        7.5144138461805414E-005
  0.63333333333333330       0.76666666666666661        3.5135565289676391E-005
  0.63333333333333330       0.80000000000000004        1.5901726881115573E-005
  0.63333333333333330       0.83333333333333337        6.9629685620902727E-006
  0.63333333333333330       0.86666666666666670        2.9479962915078062E-006
  0.63333333333333330       0.90000000000000002        1.2044983283962102E-006
  0.63333333333333330       0.93333333333333335        4.6931851136368558E-007
  0.63333333333333330       0.96666666666666667        1.5849462603324126E-007
  0.63333333333333330        1.0000000000000000        0.0000000000000000     

  0.66666666666666663        0.0000000000000000       0.86602540378443871     
  0.66666666666666663        3.3333333333333333E-002  0.72852729709298125     
  0.66666666666666663        6.6666666666666666E-002  0.60209214710674885     
  0.66666666666666663       0.10000000000000001       0.48813908490346741     
  0.66666666666666663       0.13333333333333333       0.38771149881500522     
  0.66666666666666663       0.16666666666666666       0.30132602379374829     
  0.66666666666666663       0.20000000000000001       0.22890714678201438     
  0.66666666666666663       0.23333333333333334       0.16980767154098397     
  0.66666666666666663       0.26666666666666666       0.12290066657694515     
  0.66666666666666663       0.29999999999999999        8.6718493765938987E-002
  0.66666666666666663       0.33333333333333331        5.9610672050263866E-002
  0.66666666666666663       0.36666666666666664        3.9894518383262370E-002
  0.66666666666666663       0.40000000000000002        2.5979151278729878E-002
  0.66666666666666663       0.43333333333333335        1.6452216294875487E-002
  0.66666666666666663       0.46666666666666667        1.0127281936872911E-002
  0.66666666666666663       0.50000000000000000        6.0565432160589192E-003
  0.66666666666666663       0.53333333333333333        3.5174258539366903E-003
  0.66666666666666663       0.56666666666666665        1.9829241828155557E-003
  0.66666666666666663       0.59999999999999998        1.0846436274311510E-003
  0.66666666666666663       0.63333333333333330        5.7542765467377493E-004
  0.66666666666666663       0.66666666666666663        2.9596644892336505E-004
  0.66666666666666663       0.69999999999999996        1.4752605730430991E-004
  0.66666666666666663       0.73333333333333328        7.1235352667998542E-005
  0.66666666666666663       0.76666666666666661        3.3307912444451909E-005
  0.66666666666666663       0.80000000000000004        1.5074563972574220E-005
  0.66666666666666663       0.83333333333333337        6.6007746085052414E-006
  0.66666666666666663       0.86666666666666670        2.7946498527792816E-006
  0.66666666666666663       0.90000000000000002        1.1418437281695767E-006
  0.66666666666666663       0.93333333333333335        4.4490588826971810E-007
  0.66666666666666663       0.96666666666666667        1.5025018334862176E-007
  0.66666666666666663        1.0000000000000000        0.0000000000000000     

  0.69999999999999996        0.0000000000000000       0.80901699437494745     
  0.69999999999999996        3.3333333333333333E-002  0.68057006369408157     
  0.69999999999999996        6.6666666666666666E-002  0.56245784137563815     
  0.69999999999999996       0.10000000000000001       0.45600604044617349     
  0.69999999999999996       0.13333333333333333       0.36218936544498359     
  0.69999999999999996       0.16666666666666666       0.28149044246426125     
  0.69999999999999996       0.20000000000000001       0.21383872929277900     
  0.69999999999999996       0.23333333333333334       0.15862963309340702     
  0.69999999999999996       0.26666666666666666       0.11481040561427505     
  0.69999999999999996       0.29999999999999999        8.1010019887020779E-002
  0.69999999999999996       0.33333333333333331        5.5686642128547820E-002
  0.69999999999999996       0.36666666666666664        3.7268356347773639E-002
  0.69999999999999996       0.40000000000000002        2.4269005033900344E-002
  0.69999999999999996       0.43333333333333335        1.5369205706348664E-002
  0.69999999999999996       0.46666666666666667        9.4606268568490672E-003
  0.69999999999999996       0.50000000000000000        5.6578552633053929E-003
  0.69999999999999996       0.53333333333333333        3.2858820074484823E-003
  0.69999999999999996       0.56666666666666665        1.8523929615050230E-003
  0.69999999999999996       0.59999999999999998        1.0132440960712353E-003
  0.69999999999999996       0.63333333333333330        5.3754860957898332E-004
  0.69999999999999996       0.66666666666666663        2.7648367576455803E-004
  0.69999999999999996       0.69999999999999996        1.3781476496043597E-004
  0.69999999999999996       0.73333333333333328        6.6546097443405188E-005
  0.69999999999999996       0.76666666666666661        3.1115331140357237E-005
  0.69999999999999996       0.80000000000000004        1.4082240986594022E-005
  0.69999999999999996       0.83333333333333337        6.1662611870085377E-006
  0.69999999999999996       0.86666666666666670        2.6106846454456278E-006
  0.69999999999999996       0.90000000000000002        1.0666788491109555E-006
  0.69999999999999996       0.93333333333333335        4.1561878316132504E-007
  0.69999999999999996       0.96666666666666667        1.4035956821336256E-007
  0.69999999999999996        1.0000000000000000        0.0000000000000000     

  0.73333333333333328        0.0000000000000000       0.74314482547739447     
  0.73333333333333328        3.3333333333333333E-002  0.62515636225890781     
  0.73333333333333328        6.6666666666666666E-002  0.51666112983254553     
  0.73333333333333328       0.10000000000000001       0.41887689838435255     
  0.73333333333333328       0.13333333333333333       0.33269900959414939     
  0.73333333333333328       0.16666666666666666       0.25857079294147367     
  0.73333333333333328       0.20000000000000001       0.19642744993678099     
  0.73333333333333328       0.23333333333333334       0.14571361519027384     
  0.73333333333333328       0.26666666666666666       0.10546225782207298     
  0.73333333333333328       0.29999999999999999        7.4413983277783868E-002
  0.73333333333333328       0.33333333333333331        5.1152497702492368E-002
  0.73333333333333328       0.36666666666666664        3.4233874401233752E-002
  0.73333333333333328       0.40000000000000002        2.2292962491303591E-002
  0.73333333333333328       0.43333333333333335        1.4117806883890024E-002
  0.73333333333333328       0.46666666666666667        8.6903191692181379E-003
  0.73333333333333328       0.50000000000000000        5.1971786643047625E-003
  0.73333333333333328       0.53333333333333333        3.0183373500716529E-003
  0.73333333333333328       0.56666666666666665        1.7015665352700933E-003
  0.73333333333333328       0.59999999999999998        9.3074325035980455E-004
  0.73333333333333328       0.63333333333333330        4.9378006942836592E-004
  0.73333333333333328       0.66666666666666663        2.5397168959614573E-004
  0.73333333333333328       0.69999999999999996        1.2659354521206187E-004
  0.73333333333333328       0.73333333333333328        6.1127749249555722E-005
  0.73333333333333328       0.76666666666666661        2.8581843756987161E-005
  0.73333333333333328       0.80000000000000004        1.2935630021466326E-005
  0.73333333333333328       0.83333333333333337        5.6641889175738575E-006
  0.73333333333333328       0.86666666666666670        2.3981162308155866E-006
  0.73333333333333328       0.90000000000000002        9.7982721336457490E-007
  0.73333333333333328       0.93333333333333335        3.8177807169079461E-007
  0.73333333333333328       0.96666666666666667        1.2893114427662979E-007
  0.73333333333333328        1.0000000000000000        0.0000000000000000     

  0.76666666666666661        0.0000000000000000       0.66913060635885835     
  0.76666666666666661        3.3333333333333333E-002  0.56289331689644606     
  0.76666666666666661        6.6666666666666666E-002  0.46520377083271536     
  0.76666666666666661       0.10000000000000001       0.37715845336820636     
  0.76666666666666661       0.13333333333333333       0.29956353377245792     
  0.76666666666666661       0.16666666666666666       0.23281818770180226     
  0.76666666666666661       0.20000000000000001       0.17686407033418911     
  0.76666666666666661       0.23333333333333334       0.13120112842658177     
  0.76666666666666661       0.26666666666666666        9.4958643463776027E-002
  0.76666666666666661       0.29999999999999999        6.7002651495628424E-002
  0.76666666666666661       0.33333333333333331        4.6057915807260097E-002
  0.76666666666666661       0.36666666666666664        3.0824318962855157E-002
  0.76666666666666661       0.40000000000000002        2.0072673586549804E-002
  0.76666666666666661       0.43333333333333335        1.2711730414870460E-002
  0.76666666666666661       0.46666666666666667        7.8247985262030560E-003
  0.76666666666666661       0.50000000000000000        4.6795606882784535E-003
  0.76666666666666661       0.53333333333333333        2.7177231570597420E-003
  0.76666666666666661       0.56666666666666665        1.5320973899990550E-003
  0.76666666666666661       0.59999999999999998        8.3804498682688499E-004
  0.76666666666666661       0.63333333333333330        4.4460157150696885E-004
  0.76666666666666661       0.66666666666666663        2.2867713644952526E-004
  0.76666666666666661       0.69999999999999996        1.1398534009094194E-004
  0.76666666666666661       0.73333333333333328        5.5039672643124223E-005
  0.76666666666666661       0.76666666666666661        2.5735207712280207E-005
  0.76666666666666661       0.80000000000000004        1.1647293586868833E-005
  0.76666666666666661       0.83333333333333337        5.1000586090505058E-006
  0.76666666666666661       0.86666666666666670        2.1592735529226467E-006
  0.76666666666666661       0.90000000000000002        8.8224038562654568E-007
  0.76666666666666661       0.93333333333333335        3.4375451977462214E-007
  0.76666666666666661       0.96666666666666667        1.1609012374262576E-007
  0.76666666666666661        1.0000000000000000        0.0000000000000000     

  0.80000000000000004        0.0000000000000000       0.58778525229247325     
  0.80000000000000004        3.3333333333333333E-002  0.49446309456106752     
  0.80000000000000004        6.6666666666666666E-002  0.40864954196949438     
  0.80000000000000004       0.10000000000000001       0.33130778141147765     
  0.80000000000000004       0.13333333333333333       0.26314597718705590     
  0.80000000000000004       0.16666666666666666       0.20451477767733195     
  0.80000000000000004       0.20000000000000001       0.15536293096582968     
  0.80000000000000004       0.23333333333333334       0.11525117464424679     
  0.80000000000000004       0.26666666666666666        8.3414642336316278E-002
  0.80000000000000004       0.29999999999999999        5.8857224642480638E-002
  0.80000000000000004       0.33333333333333331        4.0458713748204964E-002
  0.80000000000000004       0.36666666666666664        2.7077045835516098E-002
  0.80000000000000004       0.40000000000000002        1.7632464269504784E-002
  0.80000000000000004       0.43333333333333335        1.1166381567324976E-002
  0.80000000000000004       0.46666666666666667        6.8735477530905316E-003
  0.80000000000000004       0.50000000000000000        4.1106724660903374E-003
  0.80000000000000004       0.53333333333333333        2.3873330204189505E-003
  0.80000000000000004       0.56666666666666665        1.3458422651111965E-003
  0.80000000000000004       0.59999999999999998        7.3616492704610208E-004
  0.80000000000000004       0.63333333333333330        3.9055192572928126E-004
  0.80000000000000004       0.66666666666666663        2.0087714874219651E-004
  0.80000000000000004       0.69999999999999996        1.0012828773081978E-004
  0.80000000000000004       0.73333333333333328        4.8348569865422692E-005
  0.80000000000000004       0.76666666666666661        2.2606611346439069E-005
  0.80000000000000004       0.80000000000000004        1.0231346966380729E-005
  0.80000000000000004       0.83333333333333337        4.4800509911505198E-006
  0.80000000000000004       0.86666666666666670        1.8967734221268454E-006
  0.80000000000000004       0.90000000000000002        7.7498754760292242E-007
  0.80000000000000004       0.93333333333333335        3.0196472140454099E-007
  0.80000000000000004       0.96666666666666667        1.0197719551947732E-007
  0.80000000000000004        1.0000000000000000        0.0000000000000000     

  0.83333333333333337        0.0000000000000000       0.49999999999999994     
  0.83333333333333337        3.3333333333333333E-002  0.42061543108862320     
  0.83333333333333337        6.6666666666666666E-002  0.34761806320904121     
  0.83333333333333337       0.10000000000000001       0.28182723207099442     
  0.83333333333333337       0.13333333333333333       0.22384533820875652     
  0.83333333333333337       0.16666666666666666       0.17397066095116012     
  0.83333333333333337       0.20000000000000001       0.13215960281402520     
  0.83333333333333337       0.23333333333333334        9.8038504874650670E-002
  0.83333333333333337       0.26666666666666666        7.0956732931783728E-002
  0.83333333333333337       0.29999999999999999        5.0066945719483766E-002
  0.83333333333333337       0.33333333333333331        3.4416237554794345E-002
  0.83333333333333337       0.36666666666666664        2.3033110927767005E-002
  0.83333333333333337       0.40000000000000002        1.4999069984092705E-002
  0.83333333333333337       0.43333333333333335        9.4986915066123095E-003
  0.83333333333333337       0.46666666666666667        5.8469889524128092E-003
  0.83333333333333337       0.50000000000000000        3.4967468561502187E-003
  0.83333333333333337       0.53333333333333333        2.0307867636248974E-003
  0.83333333333333337       0.56666666666666665        1.1448418107311798E-003
  0.83333333333333337       0.59999999999999998        6.2621929027218727E-004
  0.83333333333333337       0.63333333333333330        3.3222331132505892E-004
  0.83333333333333337       0.66666666666666663        1.7087630895700243E-004
  0.83333333333333337       0.69999999999999996        8.5174208897127482E-005
  0.83333333333333337       0.73333333333333328        4.1127750038686881E-005
  0.83333333333333337       0.76666666666666661        1.9230332215948795E-005
  0.83333333333333337       0.80000000000000004        8.7033035674819576E-006
  0.83333333333333337       0.83333333333333337        3.8109589970805476E-006
  0.83333333333333337       0.86666666666666670        1.6134918447928660E-006
  0.83333333333333337       0.90000000000000002        6.5924378383119097E-007
  0.83333333333333337       0.93333333333333335        2.5686653435657130E-007
  0.83333333333333337       0.96666666666666667        8.6746983802117404E-008
  0.83333333333333337        1.0000000000000000        0.0000000000000000     

  0.86666666666666670        0.0000000000000000       0.40673664307580004     
  0.86666666666666670        3.3333333333333333E-002  0.34215941693373431     
  0.86666666666666670        6.6666666666666666E-002  0.28277800820431348     
  0.86666666666666670       0.10000000000000001       0.22925892459980157     
  0.86666666666666670       0.13333333333333333       0.18209220286239358     
  0.86666666666666670       0.16666666666666666       0.14152048525790614     
  0.86666666666666670       0.20000000000000001       0.10750830639761537     
  0.86666666666666670       0.23333333333333334        7.9751704729771777E-002
  0.86666666666666670       0.26666666666666666        5.7721406712599600E-002
  0.86666666666666670       0.29999999999999999        4.0728122862002260E-002
  0.86666666666666670       0.33333333333333331        2.7996689860672674E-002
  0.86666666666666670       0.36666666666666664        1.8736820436704962E-002
  0.86666666666666670       0.40000000000000002        1.2201342749177726E-002
  0.86666666666666670       0.43333333333333335        7.7269317940242112E-003
  0.86666666666666670       0.46666666666666667        4.7563693172113508E-003
  0.86666666666666670       0.50000000000000000        2.8445101559127959E-003
  0.86666666666666670       0.53333333333333333        1.6519907820791186E-003
  0.86666666666666670       0.56666666666666665        9.3129822989924135E-004
  0.86666666666666670       0.59999999999999998        5.0941266390923910E-004
  0.86666666666666670       0.63333333333333330        2.7025478879976188E-004
  0.86666666666666670       0.66666666666666663        1.3900331257270891E-004
  0.86666666666666670       0.69999999999999996        6.9286943606909176E-005
  0.86666666666666670       0.73333333333333328        3.3456325975992238E-005
  0.86666666666666670       0.76666666666666661        1.5643361541494851E-005
  0.86666666666666670       0.80000000000000004        7.0799049534144958E-006
  0.86666666666666670       0.83333333333333337        3.1001133387441202E-006
  0.86666666666666670       0.86666666666666670        1.3125325131624607E-006
  0.86666666666666670       0.90000000000000002        5.3627720720817419E-007
  0.86666666666666670       0.93333333333333335        2.0895406380541303E-007
  0.86666666666666670       0.96666666666666667        7.0566353977248098E-008
  0.86666666666666670        1.0000000000000000        0.0000000000000000     

  0.90000000000000002        0.0000000000000000       0.30901699437494751     
  0.90000000000000002        3.3333333333333333E-002  0.25995463260545831     
  0.90000000000000002        6.6666666666666666E-002  0.21483977816659683     
  0.90000000000000002       0.10000000000000001       0.17417880837517899     
  0.90000000000000002       0.13333333333333333       0.13834402723622707     
  0.90000000000000002       0.16666666666666666       0.10751978151310107     
  0.90000000000000002       0.20000000000000001        8.1679126478753819E-002
  0.90000000000000002       0.23333333333333334        6.0591128218756361E-002
  0.90000000000000002       0.26666666666666666        4.3853672682491324E-002
  0.90000000000000002       0.29999999999999999        3.0943074167537023E-002
  0.90000000000000002       0.33333333333333331        2.1270404573753475E-002
  0.90000000000000002       0.36666666666666664        1.4235245420006632E-002
  0.90000000000000002       0.40000000000000002        9.2699350498076372E-003
  0.90000000000000002       0.43333333333333335        5.8705141997363536E-003
  0.90000000000000002       0.46666666666666667        3.6136379044362575E-003
  0.90000000000000002       0.50000000000000000        2.1611084071551743E-003
  0.90000000000000002       0.53333333333333333        1.2550952438235851E-003
  0.90000000000000002       0.56666666666666665        7.0755115077384312E-004
  0.90000000000000002       0.59999999999999998        3.8702480579904812E-004
  0.90000000000000002       0.63333333333333330        2.0532529825392429E-004
  0.90000000000000002       0.66666666666666663        1.0560736680755560E-004
  0.90000000000000002       0.69999999999999996        5.2640556063308488E-005
  0.90000000000000002       0.73333333333333328        2.5418347404718297E-005
  0.90000000000000002       0.76666666666666661        1.1884998924408438E-005
  0.90000000000000002       0.80000000000000004        5.3789374191120639E-006
  0.90000000000000002       0.83333333333333337        2.3553021899279897E-006
  0.90000000000000002       0.86666666666666670        9.9719280065276117E-007
  0.90000000000000002       0.90000000000000002        4.0743506527976428E-007
  0.90000000000000002       0.93333333333333335        1.5875224880475366E-007
  0.90000000000000002       0.96666666666666667        5.3612584411245135E-008
  0.90000000000000002        1.0000000000000000        0.0000000000000000     

  0.93333333333333335        0.0000000000000000       0.20791169081775931     
  0.93333333333333335        3.3333333333333333E-002  0.17490173092335282     
  0.93333333333333335        6.6666666666666666E-002  0.14454771856117302     
  0.93333333333333335       0.10000000000000001       0.11719035267673901     
  0.93333333333333335       0.13333333333333333        9.3080125497311525E-002
  0.93333333333333335       0.16666666666666666        7.2341068542077697E-002
  0.93333333333333335       0.20000000000000001        5.4955052957734972E-002
  0.93333333333333335       0.23333333333333334        4.0766702627467524E-002
  0.93333333333333335       0.26666666666666666        2.9505468637502686E-002
  0.93333333333333335       0.29999999999999999        2.0819006677237694E-002
  0.93333333333333335       0.33333333333333331        1.4311076283205918E-002
  0.93333333333333335       0.36666666666666664        9.5777060755700954E-003
  0.93333333333333335       0.40000000000000002        6.2369640021732340E-003
  0.93333333333333335       0.43333333333333335        3.9497780233921096E-003
  0.93333333333333335       0.46666666666666667        2.4313147185778131E-003
  0.93333333333333335       0.50000000000000000        1.4540291024477525E-003
  0.93333333333333335       0.53333333333333333        8.4444861943115560E-004
  0.93333333333333335       0.56666666666666665        4.7605199317596954E-004
  0.93333333333333335       0.59999999999999998        2.6039662292637534E-004
  0.93333333333333335       0.63333333333333330        1.3814622077333572E-004
  0.93333333333333335       0.66666666666666663        7.1054364631896428E-005
  0.93333333333333335       0.69999999999999996        3.5417427571733631E-005
  0.93333333333333335       0.73333333333333328        1.7101880100147116E-005
  0.93333333333333335       0.76666666666666661        7.9964217720102847E-006
  0.93333333333333335       0.80000000000000004        3.6190371208308216E-006
  0.93333333333333335       0.83333333333333337        1.5846858574403378E-006
  0.93333333333333335       0.86666666666666670        6.7092763514310091E-007
  0.93333333333333335       0.90000000000000002        2.7412897951488066E-007
  0.93333333333333335       0.93333333333333335        1.0681111094514561E-007
  0.93333333333333335       0.96666666666666667        3.6071424151278022E-008
  0.93333333333333335        1.0000000000000000        0.0000000000000000     

  0.96666666666666667        0.0000000000000000       0.10452846326765373     
  0.96666666666666667        3.3333333333333333E-002   8.7932569276710837E-002
  0.96666666666666667        6.6666666666666666E-002   7.2671963902638234E-002
  0.96666666666666667       0.10000000000000001        5.8917934950714797E-002
  0.96666666666666667       0.13333333333333333        4.6796418425178961E-002
  0.96666666666666667       0.16666666666666666        3.6369771685765474E-002
  0.96666666666666667       0.20000000000000001        2.7628880376427013E-002
  0.96666666666666667       0.23333333333333334        2.0495628511211176E-002
  0.96666666666666667       0.26666666666666666        1.4833996503705307E-002
  0.96666666666666667       0.29999999999999999        1.0466841793125316E-002
  0.96666666666666667       0.33333333333333331        7.1949528461143124E-003
  0.96666666666666667       0.36666666666666664        4.8152313791057621E-003
  0.96666666666666667       0.40000000000000002        3.1356594717623959E-003
  0.96666666666666667       0.43333333333333335        1.9857672524793936E-003
  0.96666666666666667       0.46666666666666667        1.2223535398773161E-003
  0.96666666666666667       0.50000000000000000        7.3101915061876178E-004
  0.96666666666666667       0.53333333333333333        4.2455003925200387E-004
  0.96666666666666667       0.56666666666666665        2.3933711032057597E-004
  0.96666666666666667       0.59999999999999998        1.3091548016142468E-004
  0.96666666666666667       0.63333333333333330        6.9453584388999256E-005
  0.96666666666666667       0.66666666666666663        3.5722875968248466E-005
  0.96666666666666667       0.69999999999999996        1.7806258332109666E-005
  0.96666666666666667       0.73333333333333328        8.5980410184002307E-006
  0.96666666666666667       0.76666666666666661        4.0202341493191537E-006
  0.96666666666666667       0.80000000000000004        1.8194858945215504E-006
  0.96666666666666667       0.83333333333333337        7.9670737508173497E-007
  0.96666666666666667       0.86666666666666670        3.3731164606217903E-007
  0.96666666666666667       0.90000000000000002        1.3781947928525504E-007
  0.96666666666666667       0.93333333333333335        5.3699728202360622E-008
  0.96666666666666667       0.96666666666666667        1.8135057819878720E-008
  0.96666666666666667        1.0000000000000000        0.0000000000000000     

   1.0000000000000000        0.0000000000000000        1.2246467991473532E-016
   1.0000000000000000        3.3333333333333333E-002   0.0000000000000000     
   1.0000000000000000        6.6666666666666666E-002   0.0000000000000000     
   1.0000000000000000       0.10000000000000001        0.0000000000000000     
   1.0000000000000000       0.13333333333333333        0.0000000000000000     
   1.0000000000000000       0.16666666666666666        0.0000000000000000     
   1.0000000000000000       0.20000000000000001        0.0000000000000000     
   1.0000000000000000       0.23333333333333334        0.0000000000000000     
   1.0000000000000000       0.26666666666666666        0.0000000000000000     
   1.0000000000000000       0.29999999999999999        0.0000000000000000     
   1.0000000000000000       0.33333333333333331        0.0000000000000000     
   1.0000000000000000       0.36666666666666664        0.0000000000000000     
   1.0000000000000000       0.40000000000000002        0.0000000000000000     
   1.0000000000000000       0.43333333333333335        0.0000000000000000     
   1.0000000000000000       0.46666666666666667        0.0000000000000000     
   1.0000000000000000       0.50000000000000000        0.0000000000000000     
   1.0000000000000000       0.53333333333333333        0.0000000000000000     
   1.0000000000000000       0.56666666666666665        0.0000000000000000     
   1.0000000000000000       0.59999999999999998        0.0000000000000000     
   1.0000000000000000       0.63333333333333330        0.0000000000000000     
   1.0000000000000000       0.66666666666666663        0.0000000000000000     
   1.0000000000000000       0.69999999999999996        0.0000000000000000     
   1.0000000000000000       0.73333333333333328        0.0000000000000000     
   1.0000000000000000       0.76666666666666661        0.0000000000000000     
   1.0000000000000000       0.80000000000000004        0.0000000000000000     
   1.0000000000000000       0.83333333333333337        0.0000000000000000     
   1.0000000000000000       0.86666666666666670        0.0000000000000000     
   1.0000000000000000       0.90000000000000002        0.0000000000000000     
   1.0000000000000000       0.93333333333333335        0.0000000000000000     
   1.0000000000000000       0.96666666666666667        0.0000000000000000     
   1.0000000000000000        1.0000000000000000        0.0000000000000000     

