   0.0000000000000000        0.0000000000000000        0.0000000000000000     
   0.0000000000000000        3.3333333333333333E-002   0.0000000000000000     
   0.0000000000000000        6.6666666666666666E-002   0.0000000000000000     
   0.0000000000000000       0.10000000000000001        0.0000000000000000     
   0.0000000000000000       0.13333333333333333        0.0000000000000000     
   0.0000000000000000       0.16666666666666666        0.0000000000000000     
   0.0000000000000000       0.20000000000000001        0.0000000000000000     
   0.0000000000000000       0.23333333333333334        0.0000000000000000     
   0.0000000000000000       0.26666666666666666        0.0000000000000000     
   0.0000000000000000       0.29999999999999999        0.0000000000000000     
   0.0000000000000000       0.33333333333333331        0.0000000000000000     
   0.0000000000000000       0.36666666666666664        0.0000000000000000     
   0.0000000000000000       0.40000000000000002        0.0000000000000000     
   0.0000000000000000       0.43333333333333335        0.0000000000000000     
   0.0000000000000000       0.46666666666666667        0.0000000000000000     
   0.0000000000000000       0.50000000000000000        0.0000000000000000     
   0.0000000000000000       0.53333333333333333        0.0000000000000000     
   0.0000000000000000       0.56666666666666665        0.0000000000000000     
   0.0000000000000000       0.59999999999999998        0.0000000000000000     
   0.0000000000000000       0.63333333333333330        0.0000000000000000     
   0.0000000000000000       0.66666666666666663        0.0000000000000000     
   0.0000000000000000       0.69999999999999996        0.0000000000000000     
   0.0000000000000000       0.73333333333333328        0.0000000000000000     
   0.0000000000000000       0.76666666666666661        0.0000000000000000     
   0.0000000000000000       0.80000000000000004        0.0000000000000000     
   0.0000000000000000       0.83333333333333337        0.0000000000000000     
   0.0000000000000000       0.86666666666666670        0.0000000000000000     
   0.0000000000000000       0.90000000000000002        0.0000000000000000     
   0.0000000000000000       0.93333333333333335        0.0000000000000000     
   0.0000000000000000       0.96666666666666667        0.0000000000000000     
   0.0000000000000000        1.0000000000000000        0.0000000000000000     

   3.3333333333333333E-002   0.0000000000000000       0.10452846326765346     
   3.3333333333333333E-002   3.3333333333333333E-002   8.8098018850215329E-002
   3.3333333333333333E-002   6.6666666666666666E-002   7.2988103566967763E-002
   3.3333333333333333E-002  0.10000000000000001        5.9357411212144440E-002
   3.3333333333333333E-002  0.13333333333333333        4.7323175722235301E-002
   3.3333333333333333E-002  0.16666666666666666        3.6943905757058908E-002
   3.3333333333333333E-002  0.20000000000000001        2.8211552795033755E-002
   3.3333333333333333E-002  0.23333333333333334        2.1053218204369079E-002
   3.3333333333333333E-002  0.26666666666666666        1.5340912263923952E-002
   3.3333333333333333E-002  0.29999999999999999        1.0906758642211235E-002
   3.3333333333333333E-002  0.33333333333333331        7.5605699663331225E-003
   3.3333333333333333E-002  0.36666666666666664        5.1069016322839705E-003
   3.3333333333333333E-002  0.40000000000000002        3.3593675688820559E-003
   3.3333333333333333E-002  0.43333333333333335        2.1509336133709810E-003
   3.3333333333333333E-002  0.46666666666666667        1.3398445322734423E-003
   3.3333333333333333E-002  0.50000000000000000        8.1159875900432333E-004
   3.3333333333333333E-002  0.53333333333333333        4.7785941158234857E-004
   3.3333333333333333E-002  0.56666666666666665        2.7337027445375800E-004
   3.3333333333333333E-002  0.59999999999999998        1.5188738995288893E-004
   3.3333333333333333E-002  0.63333333333333330        8.1929994294764152E-005
   3.3333333333333333E-002  0.66666666666666663        4.2889344578680228E-005
   3.3333333333333333E-002  0.69999999999999996        2.1780973761579649E-005
   3.3333333333333333E-002  0.73333333333333328        1.0726622913993287E-005
   3.3333333333333333E-002  0.76666666666666661        5.1208492265290981E-006
   3.3333333333333333E-002  0.80000000000000004        2.3688964286134624E-006
   3.3333333333333333E-002  0.83333333333333337        1.0614313424003367E-006
   3.3333333333333333E-002  0.86666666666666670        4.6036569087278552E-007
   3.3333333333333333E-002  0.90000000000000002        1.9286469331157731E-007
   3.3333333333333333E-002  0.93333333333333335        7.7038124405651336E-008
   3.3333333333333333E-002  0.96666666666666667        2.6563100678536458E-008
   3.3333333333333333E-002   1.0000000000000000        0.0000000000000000     

   6.6666666666666666E-002   0.0000000000000000       0.20791169081775931     
   6.6666666666666666E-002   3.3333333333333333E-002  0.17523081737021201     
   6.6666666666666666E-002   6.6666666666666666E-002  0.14517653419751322     
   6.6666666666666666E-002  0.10000000000000001       0.11806449020571178     
   6.6666666666666666E-002  0.13333333333333333        9.4127868828246614E-002
   6.6666666666666666E-002  0.16666666666666666        7.3483046351634176E-002
   6.6666666666666666E-002  0.20000000000000001        5.6114013913998166E-002
   6.6666666666666666E-002  0.23333333333333334        4.1875772944421942E-002
   6.6666666666666666E-002  0.26666666666666666        3.0513746282792076E-002
   6.6666666666666666E-002  0.29999999999999999        2.1694020554352426E-002
   6.6666666666666666E-002  0.33333333333333331        1.5038304745964117E-002
   6.6666666666666666E-002  0.36666666666666664        1.0157850981596765E-002
   6.6666666666666666E-002  0.40000000000000002        6.6819292036865811E-003
   6.6666666666666666E-002  0.43333333333333335        4.2783011479620731E-003
   6.6666666666666666E-002  0.46666666666666667        2.6650094474708033E-003
   6.6666666666666666E-002  0.50000000000000000        1.6143054721670365E-003
   6.6666666666666666E-002  0.53333333333333333        9.5048329545289025E-004
   6.6666666666666666E-002  0.56666666666666665        5.4374544697419289E-004
   6.6666666666666666E-002  0.59999999999999998        3.0211066987697428E-004
   6.6666666666666666E-002  0.63333333333333330        1.6296234642708131E-004
   6.6666666666666666E-002  0.66666666666666663        8.5308784522984069E-005
   6.6666666666666666E-002  0.69999999999999996        4.3323310616665640E-005
   6.6666666666666666E-002  0.73333333333333328        2.1335722702650713E-005
   6.6666666666666666E-002  0.76666666666666661        1.0185593357325752E-005
   6.6666666666666666E-002  0.80000000000000004        4.7118387322315888E-006
   6.6666666666666666E-002  0.83333333333333337        2.1112334208945467E-006
   6.6666666666666666E-002  0.86666666666666670        9.1568751889865464E-007
   6.6666666666666666E-002  0.90000000000000002        3.8361632068370121E-007
   6.6666666666666666E-002  0.93333333333333335        1.5323220299905042E-007
   6.6666666666666666E-002  0.96666666666666667        5.2835170467352696E-008
   6.6666666666666666E-002   1.0000000000000000        0.0000000000000000     

  0.10000000000000001        0.0000000000000000       0.30901699437494740     
  0.10000000000000001        3.3333333333333333E-002  0.26044375038569478     
  0.10000000000000001        6.6666666666666666E-002  0.21577438033924781     
  0.10000000000000001       0.10000000000000001       0.17547802993800241     
  0.10000000000000001       0.13333333333333333       0.13990127730585278     
  0.10000000000000001       0.16666666666666666       0.10921709131306490     
  0.10000000000000001       0.20000000000000001        8.3401678153908476E-002
  0.10000000000000001       0.23333333333333334        6.2239527953026869E-002
  0.10000000000000001       0.26666666666666666        4.5352265311974012E-002
  0.10000000000000001       0.29999999999999999        3.2243598237534470E-002
  0.10000000000000001       0.33333333333333331        2.2351276711830747E-002
  0.10000000000000001       0.36666666666666664        1.5097508789888215E-002
  0.10000000000000001       0.40000000000000002        9.9312822238519366E-003
  0.10000000000000001       0.43333333333333335        6.3587947198840205E-003
  0.10000000000000001       0.46666666666666667        3.9609759614725945E-003
  0.10000000000000001       0.50000000000000000        2.3993255167615497E-003
  0.10000000000000001       0.53333333333333333        1.4126934854370335E-003
  0.10000000000000001       0.56666666666666665        8.0816323059152871E-004
  0.10000000000000001       0.59999999999999998        4.4902396208116539E-004
  0.10000000000000001       0.63333333333333330        2.4220924898988002E-004
  0.10000000000000001       0.66666666666666663        1.2679356357204327E-004
  0.10000000000000001       0.69999999999999996        6.4390988214649866E-005
  0.10000000000000001       0.73333333333333328        3.1711063848590886E-005
  0.10000000000000001       0.76666666666666661        1.5138741995827102E-005
  0.10000000000000001       0.80000000000000004        7.0031571446837408E-006
  0.10000000000000001       0.83333333333333337        3.1379043842254398E-006
  0.10000000000000001       0.86666666666666670        1.3609768828475375E-006
  0.10000000000000001       0.90000000000000002        5.7016496736953849E-007
  0.10000000000000001       0.93333333333333335        2.2774743751049197E-007
  0.10000000000000001       0.96666666666666667        7.8528367072058371E-008
  0.10000000000000001        1.0000000000000000        0.0000000000000000     

  0.13333333333333333        0.0000000000000000       0.40673664307580015     
  0.13333333333333333        3.3333333333333333E-002  0.34280320717059320     
  0.13333333333333333        6.6666666666666666E-002  0.28400815721629369     
  0.13333333333333333       0.10000000000000001       0.23096899565315374     
  0.13333333333333333       0.13333333333333333       0.18414189811307161     
  0.13333333333333333       0.16666666666666666       0.14375453096692400     
  0.13333333333333333       0.20000000000000001       0.10977557615504138     
  0.13333333333333333       0.23333333333333334        8.1921373668919870E-002
  0.13333333333333333       0.26666666666666666        5.9693895431826301E-002
  0.13333333333333333       0.29999999999999999        4.2439908311019375E-002
  0.13333333333333333       0.33333333333333331        2.9419363412737213E-002
  0.13333333333333333       0.36666666666666664        1.9871755132520819E-002
  0.13333333333333333       0.40000000000000002        1.3071826037718356E-002
  0.13333333333333333       0.43333333333333335        8.3696200061915763E-003
  0.13333333333333333       0.46666666666666667        5.2135451939529821E-003
  0.13333333333333333       0.50000000000000000        3.1580580489032799E-003
  0.13333333333333333       0.53333333333333333        1.8594259099696112E-003
  0.13333333333333333       0.56666666666666665        1.0637266087354751E-003
  0.13333333333333333       0.59999999999999998        5.9101765379249030E-004
  0.13333333333333333       0.63333333333333330        3.1880245633520175E-004
  0.13333333333333333       0.66666666666666663        1.6688916580534819E-004
  0.13333333333333333       0.69999999999999996        8.4753184671073823E-005
  0.13333333333333333       0.73333333333333328        4.1738971943039167E-005
  0.13333333333333333       0.76666666666666661        1.9926027409036743E-005
  0.13333333333333333       0.80000000000000004        9.2177475019538913E-006
  0.13333333333333333       0.83333333333333337        4.1301958104740510E-006
  0.13333333333333333       0.86666666666666670        1.7913550992652206E-006
  0.13333333333333333       0.90000000000000002        7.5046676735818513E-007
  0.13333333333333333       0.93333333333333335        2.9976742343735325E-007
  0.13333333333333333       0.96666666666666667        1.0336119045400531E-007
  0.13333333333333333        1.0000000000000000        0.0000000000000000     

  0.16666666666666666        0.0000000000000000       0.49999999999999994     
  0.16666666666666666        3.3333333333333333E-002  0.42140684028154762     
  0.16666666666666666        6.6666666666666666E-002  0.34913028129035001     
  0.16666666666666666       0.10000000000000001       0.28392941671855948     
  0.16666666666666666       0.13333333333333333       0.22636502175039411     
  0.16666666666666666       0.16666666666666666       0.17671696589693991     
  0.16666666666666666       0.20000000000000001       0.13494674997180350     
  0.16666666666666666       0.23333333333333334       0.10070567167174664     
  0.16666666666666666       0.26666666666666666        7.3381506741576813E-002
  0.16666666666666666       0.29999999999999999        5.2171237867926989E-002
  0.16666666666666666       0.33333333333333331        3.6165125411696142E-002
  0.16666666666666666       0.36666666666666664        2.4428282367489423E-002
  0.16666666666666666       0.40000000000000002        1.6069152190060075E-002
  0.16666666666666666       0.43333333333333335        1.0288745984255712E-002
  0.16666666666666666       0.46666666666666667        6.4089937342839505E-003
  0.16666666666666666       0.50000000000000000        3.8821902361950923E-003
  0.16666666666666666       0.53333333333333333        2.2857860751226743E-003
  0.16666666666666666       0.56666666666666665        1.3076355755550122E-003
  0.16666666666666666       0.59999999999999998        7.2653603241046956E-004
  0.16666666666666666       0.63333333333333330        3.9190279725521201E-004
  0.16666666666666666       0.66666666666666663        2.0515629541428652E-004
  0.16666666666666666       0.69999999999999996        1.0418680750049740E-004
  0.16666666666666666       0.73333333333333328        5.1309579126438095E-005
  0.16666666666666666       0.76666666666666661        2.4494999096163673E-005
  0.16666666666666666       0.80000000000000004        1.1331346288654958E-005
  0.16666666666666666       0.83333333333333337        5.0772359471240712E-006
  0.16666666666666666       0.86666666666666670        2.2021068543501996E-006
  0.16666666666666666       0.90000000000000002        9.2254629639838794E-007
  0.16666666666666666       0.93333333333333335        3.6850309474266869E-007
  0.16666666666666666       0.96666666666666667        1.2706156700361852E-007
  0.16666666666666666        1.0000000000000000        0.0000000000000000     

  0.20000000000000001        0.0000000000000000       0.58778525229247314     
  0.20000000000000001        3.3333333333333333E-002  0.49539345186532685     
  0.20000000000000001        6.6666666666666666E-002  0.41042726094238102     
  0.20000000000000001       0.10000000000000001       0.33377904767834649     
  0.20000000000000001       0.13333333333333333       0.26610804283949313     
  0.20000000000000001       0.16666666666666666       0.20774325276818639     
  0.20000000000000001       0.20000000000000001       0.15863941895645164     
  0.20000000000000001       0.23333333333333334       0.11838661726172113     
  0.20000000000000001       0.26666666666666666        8.6265134907399080E-002
  0.20000000000000001       0.29999999999999999        6.1330968425220178E-002
  0.20000000000000001       0.33333333333333331        4.2514654728605494E-002
  0.20000000000000001       0.36666666666666664        2.8717168228893086E-002
  0.20000000000000001       0.40000000000000002        1.8890421348321220E-002
  0.20000000000000001       0.43333333333333335        1.2095146308257828E-002
  0.20000000000000001       0.46666666666666667        7.5342239980939422E-003
  0.20000000000000001       0.50000000000000000        4.5637883348586157E-003
  0.20000000000000001       0.53333333333333333        2.6871026897052064E-003
  0.20000000000000001       0.56666666666666665        1.5372178133684321E-003
  0.20000000000000001       0.59999999999999998        8.5409433021992054E-004
  0.20000000000000001       0.63333333333333330        4.6070936911756150E-004
  0.20000000000000001       0.66666666666666663        2.4117568971895114E-004
  0.20000000000000001       0.69999999999999996        1.2247893786445439E-004
  0.20000000000000001       0.73333333333333328        6.0318027823708067E-005
  0.20000000000000001       0.76666666666666661        2.8795598447284930E-005
  0.20000000000000001       0.80000000000000004        1.3320796474180867E-005
  0.20000000000000001       0.83333333333333337        5.9686488242574717E-006
  0.20000000000000001       0.86666666666666670        2.5887318659184329E-006
  0.20000000000000001       0.90000000000000002        1.0845182151600264E-006
  0.20000000000000001       0.93333333333333335        4.3320136902775333E-007
  0.20000000000000001       0.96666666666666667        1.4936983043579778E-007
  0.20000000000000001        1.0000000000000000        0.0000000000000000     

  0.23333333333333334        0.0000000000000000       0.66913060635885824     
  0.23333333333333334        3.3333333333333333E-002  0.56395242912272492     
  0.23333333333333334        6.6666666666666666E-002  0.46722751363610132     
  0.23333333333333334       0.10000000000000001       0.37997172554401326     
  0.23333333333333334       0.13333333333333333       0.30293552852455469     
  0.23333333333333334       0.16666666666666666       0.23649346108903413     
  0.23333333333333334       0.20000000000000001       0.18059400126958022     
  0.23333333333333334       0.23333333333333334       0.13477049429898386     
  0.23333333333333334       0.26666666666666666        9.8203624203035869E-002
  0.23333333333333334       0.29999999999999999        6.9818744058116430E-002
  0.23333333333333334       0.33333333333333331        4.8398384591544781E-002
  0.23333333333333334       0.36666666666666664        3.2691422785727203E-002
  0.23333333333333334       0.40000000000000002        2.1504723097215343E-002
  0.23333333333333334       0.43333333333333335        1.3769029678234583E-002
  0.23333333333333334       0.46666666666666667        8.5769077271430835E-003
  0.23333333333333334       0.50000000000000000        5.1953846134913228E-003
  0.23333333333333334       0.53333333333333333        3.0589788449069395E-003
  0.23333333333333334       0.56666666666666665        1.7499579711350796E-003
  0.23333333333333334       0.59999999999999998        9.7229499181675314E-004
  0.23333333333333334       0.63333333333333330        5.2446831272222544E-004
  0.23333333333333334       0.66666666666666663        2.7455271269779722E-004
  0.23333333333333334       0.69999999999999996        1.3942916335480293E-004
  0.23333333333333334       0.73333333333333328        6.8665619585782684E-005
  0.23333333333333334       0.76666666666666661        3.2780707195951364E-005
  0.23333333333333334       0.80000000000000004        1.5164301225979779E-005
  0.23333333333333334       0.83333333333333337        6.7946679358522428E-006
  0.23333333333333334       0.86666666666666670        2.9469941894366937E-006
  0.23333333333333334       0.90000000000000002        1.2346079254063446E-006
  0.23333333333333334       0.93333333333333335        4.9315339846055535E-007
  0.23333333333333334       0.96666666666666667        1.7004156674807588E-007
  0.23333333333333334        1.0000000000000000        0.0000000000000000     

  0.26666666666666666        0.0000000000000000       0.74314482547739413     
  0.26666666666666666        3.3333333333333333E-002  0.62633262555202174     
  0.26666666666666666        6.6666666666666666E-002  0.51890872391678156     
  0.26666666666666666       0.10000000000000001       0.42200135367042452     
  0.26666666666666666       0.13333333333333333       0.33644398916576634     
  0.26666666666666666       0.16666666666666666       0.26265259756075204     
  0.26666666666666666       0.20000000000000001       0.20056995791307494     
  0.26666666666666666       0.23333333333333334       0.14967779759816785     
  0.26666666666666666       0.26666666666666666       0.10906617404147466     
  0.26666666666666666       0.29999999999999999        7.7541570920600447E-002
  0.26666666666666666       0.33333333333333331        5.3751851624886007E-002
  0.26666666666666666       0.36666666666666664        3.6307503273400869E-002
  0.26666666666666666       0.40000000000000002        2.3883414599703764E-002
  0.26666666666666666       0.43333333333333335        1.5292056677701903E-002
  0.26666666666666666       0.46666666666666667        9.5256210603003183E-003
  0.26666666666666666       0.50000000000000000        5.7700591710944911E-003
  0.26666666666666666       0.53333333333333333        3.3973401877513956E-003
  0.26666666666666666       0.56666666666666665        1.9435252231677228E-003
  0.26666666666666666       0.59999999999999998        1.0798429860174338E-003
  0.26666666666666666       0.63333333333333330        5.8248107174065425E-004
  0.26666666666666666       0.66666666666666663        3.0492167870247740E-004
  0.26666666666666666       0.69999999999999996        1.5485177375400801E-004
  0.26666666666666666       0.73333333333333328        7.6260896450470799E-005
  0.26666666666666666       0.76666666666666661        3.6406663656774965E-005
  0.26666666666666666       0.80000000000000004        1.6841662720212814E-005
  0.26666666666666666       0.83333333333333337        7.5462432436661407E-006
  0.26666666666666666       0.86666666666666670        3.2729686279173054E-006
  0.26666666666666666       0.90000000000000002        1.3711710128635928E-006
  0.26666666666666666       0.93333333333333335        5.4770233606084033E-007
  0.26666666666666666       0.96666666666666667        1.8885029207157661E-007
  0.26666666666666666        1.0000000000000000        0.0000000000000000     

  0.29999999999999999        0.0000000000000000       0.80901699437494745     
  0.29999999999999999        3.3333333333333333E-002  0.68185059066724241     
  0.29999999999999999        6.6666666666666666E-002  0.56490466162959785     
  0.29999999999999999       0.10000000000000001       0.45940744665656191     
  0.29999999999999999       0.13333333333333333       0.36626629905624691     
  0.29999999999999999       0.16666666666666666       0.28593405721000481     
  0.29999999999999999       0.20000000000000001       0.21834842812571198     
  0.29999999999999999       0.23333333333333334       0.16294519962477352     
  0.29999999999999999       0.26666666666666666       0.11873377205355082     
  0.29999999999999999       0.29999999999999999        8.4414836105461452E-002
  0.29999999999999999       0.33333333333333331        5.8516402123526892E-002
  0.29999999999999999       0.36666666666666664        3.9525791157377636E-002
  0.29999999999999999       0.40000000000000002        2.6000434413912012E-002
  0.29999999999999999       0.43333333333333335        1.6647540704139731E-002
  0.29999999999999999       0.46666666666666667        1.0369969695756544E-002
  0.29999999999999999       0.50000000000000000        6.2815157529566411E-003
  0.29999999999999999       0.53333333333333333        3.6984795605597073E-003
  0.29999999999999999       0.56666666666666665        2.1157988061465405E-003
  0.29999999999999999       0.59999999999999998        1.1755599944916349E-003
  0.29999999999999999       0.63333333333333330        6.3411204624509200E-004
  0.29999999999999999       0.66666666666666663        3.3194985898632982E-004
  0.29999999999999999       0.69999999999999996        1.6857779571514725E-004
  0.29999999999999999       0.73333333333333328        8.3020642975028974E-005
  0.29999999999999999       0.76666666666666661        3.9633741091990772E-005
  0.29999999999999999       0.80000000000000004        1.8334503433338698E-005
  0.29999999999999999       0.83333333333333337        8.2151403313495106E-006
  0.29999999999999999       0.86666666666666670        3.5630837371977369E-006
  0.29999999999999999       0.90000000000000002        1.4927112637679262E-006
  0.29999999999999999       0.93333333333333335        5.9625053225316071E-007
  0.29999999999999999       0.96666666666666667        2.0558993407567686E-007
  0.29999999999999999        1.0000000000000000        0.0000000000000000     

  0.33333333333333331        0.0000000000000000       0.86602540378443860     
  0.33333333333333331        3.3333333333333333E-002  0.72989805802470342     
  0.33333333333333331        6.6666666666666666E-002  0.60471138565570004     
  0.33333333333333331       0.10000000000000001       0.49178017551994130     
  0.33333333333333331       0.13333333333333333       0.39207571872811664     
  0.33333333333333331       0.16666666666666666       0.30608276349291652     
  0.33333333333333331       0.20000000000000001       0.23373462726745764     
  0.33333333333333331       0.23333333333333334       0.17442733994581497     
  0.33333333333333331       0.26666666666666666       0.12710049801236911     
  0.33333333333333331       0.29999999999999999        9.0363234681010929E-002
  0.33333333333333331       0.33333333333333331        6.2639834675158018E-002
  0.33333333333333331       0.36666666666666664        4.2311026202130619E-002
  0.33333333333333331       0.40000000000000002        2.7832588027740746E-002
  0.33333333333333331       0.43333333333333335        1.7820630790901151E-002
  0.33333333333333331       0.46666666666666667        1.1100702773170391E-002
  0.33333333333333331       0.50000000000000000        6.7241507337377207E-003
  0.33333333333333331       0.53333333333333333        3.9590976173459226E-003
  0.33333333333333331       0.56666666666666665        2.2648912546458524E-003
  0.33333333333333331       0.59999999999999998        1.2583973216644419E-003
  0.33333333333333331       0.63333333333333330        6.7879555647439190E-004
  0.33333333333333331       0.66666666666666663        3.5534112715015413E-004
  0.33333333333333331       0.69999999999999996        1.8045684406925967E-004
  0.33333333333333331       0.73333333333333328        8.8870797961966328E-005
  0.33333333333333331       0.76666666666666661        4.2426582965909199E-005
  0.33333333333333331       0.80000000000000004        1.9626467490107421E-005
  0.33333333333333331       0.83333333333333337        8.7940306224339802E-006
  0.33333333333333331       0.86666666666666670        3.8141609554302230E-006
  0.33333333333333331       0.90000000000000002        1.5978970576965046E-006
  0.33333333333333331       0.93333333333333335        6.3826608284066970E-007
  0.33333333333333331       0.96666666666666667        2.2007708973958449E-007
  0.33333333333333331        1.0000000000000000        0.0000000000000000     

  0.36666666666666664        0.0000000000000000       0.91354545764260087     
  0.36666666666666664        3.3333333333333333E-002  0.76994860951745769     
  0.36666666666666664        6.6666666666666666E-002  0.63789276519656568     
  0.36666666666666664       0.10000000000000001       0.51876485786870630     
  0.36666666666666664       0.13333333333333333       0.41358947477848224     
  0.36666666666666664       0.16666666666666666       0.32287796296706367     
  0.36666666666666664       0.20000000000000001       0.24655998092074577     
  0.36666666666666664       0.23333333333333334       0.18399841782914259     
  0.36666666666666664       0.26666666666666666       0.13407468431747477     
  0.36666666666666664       0.29999999999999999        9.5321594747672683E-002
  0.36666666666666664       0.33333333333333331        6.6076972089860006E-002
  0.36666666666666664       0.36666666666666664        4.4632692789661602E-002
  0.36666666666666664       0.40000000000000002        2.9359801982794070E-002
  0.36666666666666664       0.43333333333333335        1.8798474317510711E-002
  0.36666666666666664       0.46666666666666667        1.1709814228029988E-002
  0.36666666666666664       0.50000000000000000        7.0931145119609660E-003
  0.36666666666666664       0.53333333333333333        4.1763389721420569E-003
  0.36666666666666664       0.56666666666666665        2.3891690806002990E-003
  0.36666666666666664       0.59999999999999998        1.3274473844445238E-003
  0.36666666666666664       0.63333333333333330        7.1604204053985615E-004
  0.36666666666666664       0.66666666666666663        3.7483920356501003E-004
  0.36666666666666664       0.69999999999999996        1.9035876947672692E-004
  0.36666666666666664       0.73333333333333328        9.3747265889022261E-005
  0.36666666666666664       0.76666666666666661        4.4754590318519868E-005
  0.36666666666666664       0.80000000000000004        2.0703399861952158E-005
  0.36666666666666664       0.83333333333333337        9.2765716737498481E-006
  0.36666666666666664       0.86666666666666670        4.0234494280705227E-006
  0.36666666666666664       0.90000000000000002        1.6855759570795037E-006
  0.36666666666666664       0.93333333333333335        6.7328865665881197E-007
  0.36666666666666664       0.96666666666666667        2.3215303475421332E-007
  0.36666666666666664        1.0000000000000000        0.0000000000000000     

  0.40000000000000002        0.0000000000000000       0.95105651629515353     
  0.40000000000000002        3.3333333333333333E-002  0.80156344292223380     
  0.40000000000000002        6.6666666666666666E-002  0.66408525811429475     
  0.40000000000000002       0.10000000000000001       0.54006584387613621     
  0.40000000000000002       0.13333333333333333       0.43057185799401304     
  0.40000000000000002       0.16666666666666666       0.33613564391238626     
  0.40000000000000002       0.20000000000000001       0.25668397182707309     
  0.40000000000000002       0.23333333333333334       0.19155357054258978     
  0.40000000000000002       0.26666666666666666       0.13957992032426672     
  0.40000000000000002       0.29999999999999999        9.9235591474952853E-002
  0.40000000000000002       0.33333333333333331        6.8790156370850106E-002
  0.40000000000000002       0.36666666666666664        4.6465354254997628E-002
  0.40000000000000002       0.40000000000000002        3.0565343803390342E-002
  0.40000000000000002       0.43333333333333335        1.9570357825663978E-002
  0.40000000000000002       0.46666666666666667        1.2190630507771123E-002
  0.40000000000000002       0.50000000000000000        7.3843646432615274E-003
  0.40000000000000002       0.53333333333333333        4.3478234832042863E-003
  0.40000000000000002       0.56666666666666665        2.4872706701419161E-003
  0.40000000000000002       0.59999999999999998        1.3819536558944078E-003
  0.40000000000000002       0.63333333333333330        7.4544341816773561E-004
  0.40000000000000002       0.66666666666666663        3.9023046322546150E-004
  0.40000000000000002       0.69999999999999996        1.9817508437067362E-004
  0.40000000000000002       0.73333333333333328        9.7596619153121492E-005
  0.40000000000000002       0.76666666666666661        4.6592257014100707E-005
  0.40000000000000002       0.80000000000000004        2.1553501452444406E-005
  0.40000000000000002       0.83333333333333337        9.6574766645606879E-006
  0.40000000000000002       0.86666666666666670        4.1886561468159597E-006
  0.40000000000000002       0.90000000000000002        1.7547873335472941E-006
  0.40000000000000002       0.93333333333333335        7.0093453905989081E-007
  0.40000000000000002       0.96666666666666667        2.4168546253892931E-007
  0.40000000000000002        1.0000000000000000        0.0000000000000000     

  0.43333333333333335        0.0000000000000000       0.97814760073380569     
  0.43333333333333335        3.3333333333333333E-002  0.82439617950841970     
  0.43333333333333335        6.6666666666666666E-002  0.68300189397534916     
  0.43333333333333335       0.10000000000000001       0.55544975548201569     
  0.43333333333333335       0.13333333333333333       0.44283680583040752     
  0.43333333333333335       0.16666666666666666       0.34571055240209903     
  0.43333333333333335       0.20000000000000001       0.26399567942348867     
  0.43333333333333335       0.23333333333333334       0.19701002225201070     
  0.43333333333333335       0.26666666666666666       0.14355588951500986     
  0.43333333333333335       0.29999999999999999       0.10206234229565088     
  0.43333333333333335       0.33333333333333331        7.0749661303375525E-002
  0.43333333333333335       0.36666666666666664        4.7788931575615409E-002
  0.43333333333333335       0.40000000000000002        3.1436005321067280E-002
  0.43333333333333335       0.43333333333333335        2.0127824398118603E-002
  0.43333333333333335       0.46666666666666667        1.2537883688615680E-002
  0.43333333333333335       0.50000000000000000        7.5947101302528720E-003
  0.43333333333333335       0.53333333333333333        4.4716723303439730E-003
  0.43333333333333335       0.56666666666666665        2.5581212017266085E-003
  0.43333333333333335       0.59999999999999998        1.4213189538979185E-003
  0.43333333333333335       0.63333333333333330        7.6667756171210533E-004
  0.43333333333333335       0.66666666666666663        4.0134627626984041E-004
  0.43333333333333335       0.69999999999999996        2.0382015156945280E-004
  0.43333333333333335       0.73333333333333328        1.0037668343437355E-004
  0.43333333333333335       0.76666666666666661        4.7919449191778466E-005
  0.43333333333333335       0.80000000000000004        2.2167458370663521E-005
  0.43333333333333335       0.83333333333333337        9.9325723200776830E-006
  0.43333333333333335       0.86666666666666670        4.3079710722842314E-006
  0.43333333333333335       0.90000000000000002        1.8047728927758830E-006
  0.43333333333333335       0.93333333333333335        7.2090083597104727E-007
  0.43333333333333335       0.96666666666666667        2.4856993382013428E-007
  0.43333333333333335        1.0000000000000000        0.0000000000000000     

  0.46666666666666667        0.0000000000000000       0.99452189536827329     
  0.46666666666666667        3.3333333333333333E-002  0.83819665903592000     
  0.46666666666666667        6.6666666666666666E-002  0.69443541815867471     
  0.46666666666666667       0.10000000000000001       0.56474804333150019     
  0.46666666666666667       0.13333333333333333       0.45024994095256476     
  0.46666666666666667       0.16666666666666666       0.35149778373511031     
  0.46666666666666667       0.20000000000000001       0.26841499511149297     
  0.46666666666666667       0.23333333333333334       0.20030799093064097     
  0.46666666666666667       0.26666666666666666       0.14595903033922539     
  0.46666666666666667       0.29999999999999999       0.10377087673623955     
  0.46666666666666667       0.33333333333333331        7.1934018141342690E-002
  0.46666666666666667       0.36666666666666664        4.8588923361413898E-002
  0.46666666666666667       0.40000000000000002        3.1962247386039568E-002
  0.46666666666666667       0.43333333333333335        2.0464766314449406E-002
  0.46666666666666667       0.46666666666666667        1.2747769192046926E-002
  0.46666666666666667       0.50000000000000000        7.7218463837618965E-003
  0.46666666666666667       0.53333333333333333        4.5465285996748178E-003
  0.46666666666666667       0.56666666666666665        2.6009444221039069E-003
  0.46666666666666667       0.59999999999999998        1.4451119840124111E-003
  0.46666666666666667       0.63333333333333330        7.7951182545276320E-004
  0.46666666666666667       0.66666666666666663        4.0806485552429927E-004
  0.46666666666666667       0.69999999999999996        2.0723212253552818E-004
  0.46666666666666667       0.73333333333333328        1.0205699976674723E-004
  0.46666666666666667       0.76666666666666661        4.8721625856321673E-005
  0.46666666666666667       0.80000000000000004        2.2538543976134757E-005
  0.46666666666666667       0.83333333333333337        1.0098844634731524E-005
  0.46666666666666667       0.86666666666666670        4.3800869651836535E-006
  0.46666666666666667       0.90000000000000002        1.8349849825182115E-006
  0.46666666666666667       0.93333333333333335        7.3296879246510652E-007
  0.46666666666666667       0.96666666666666667        2.5273102088980314E-007
  0.46666666666666667        1.0000000000000000        0.0000000000000000     

  0.50000000000000000        0.0000000000000000        1.0000000000000000     
  0.50000000000000000        3.3333333333333333E-002  0.84281368056309525     
  0.50000000000000000        6.6666666666666666E-002  0.69826056258070013     
  0.50000000000000000       0.10000000000000001       0.56785883343711896     
  0.50000000000000000       0.13333333333333333       0.45273004350078822     
  0.50000000000000000       0.16666666666666666       0.35343393179387983     
  0.50000000000000000       0.20000000000000001       0.26989349994360701     
  0.50000000000000000       0.23333333333333334       0.20141134334349325     
  0.50000000000000000       0.26666666666666666       0.14676301348315357     
  0.50000000000000000       0.29999999999999999       0.10434247573585397     
  0.50000000000000000       0.33333333333333331        7.2330250823392284E-002
  0.50000000000000000       0.36666666666666664        4.8856564734978840E-002
  0.50000000000000000       0.40000000000000002        3.2138304380120150E-002
  0.50000000000000000       0.43333333333333335        2.0577491968511424E-002
  0.50000000000000000       0.46666666666666667        1.2817987468567903E-002
  0.50000000000000000       0.50000000000000000        7.7643804723901847E-003
  0.50000000000000000       0.53333333333333333        4.5715721502453495E-003
  0.50000000000000000       0.56666666666666665        2.6152711511100244E-003
  0.50000000000000000       0.59999999999999998        1.4530720648209393E-003
  0.50000000000000000       0.63333333333333330        7.8380559451042401E-004
  0.50000000000000000       0.66666666666666663        4.1031259082857305E-004
  0.50000000000000000       0.69999999999999996        2.0837361500099477E-004
  0.50000000000000000       0.73333333333333328        1.0261915825287619E-004
  0.50000000000000000       0.76666666666666661        4.8989998192327340E-005
  0.50000000000000000       0.80000000000000004        2.2662692577309915E-005
  0.50000000000000000       0.83333333333333337        1.0154471894248142E-005
  0.50000000000000000       0.86666666666666670        4.4042137087003991E-006
  0.50000000000000000       0.90000000000000002        1.8450925927967761E-006
  0.50000000000000000       0.93333333333333335        7.3700618948533749E-007
  0.50000000000000000       0.96666666666666667        2.5412313400723704E-007
  0.50000000000000000        1.0000000000000000        0.0000000000000000     

  0.53333333333333333        0.0000000000000000       0.99452189536827340     
  0.53333333333333333        3.3333333333333333E-002  0.83819665903592000     
  0.53333333333333333        6.6666666666666666E-002  0.69443541815867471     
  0.53333333333333333       0.10000000000000001       0.56474804333150019     
  0.53333333333333333       0.13333333333333333       0.45024994095256476     
  0.53333333333333333       0.16666666666666666       0.35149778373511037     
  0.53333333333333333       0.20000000000000001       0.26841499511149303     
  0.53333333333333333       0.23333333333333334       0.20030799093064097     
  0.53333333333333333       0.26666666666666666       0.14595903033922539     
  0.53333333333333333       0.29999999999999999       0.10377087673623955     
  0.53333333333333333       0.33333333333333331        7.1934018141342690E-002
  0.53333333333333333       0.36666666666666664        4.8588923361413905E-002
  0.53333333333333333       0.40000000000000002        3.1962247386039574E-002
  0.53333333333333333       0.43333333333333335        2.0464766314449406E-002
  0.53333333333333333       0.46666666666666667        1.2747769192046924E-002
  0.53333333333333333       0.50000000000000000        7.7218463837618965E-003
  0.53333333333333333       0.53333333333333333        4.5465285996748178E-003
  0.53333333333333333       0.56666666666666665        2.6009444221039074E-003
  0.53333333333333333       0.59999999999999998        1.4451119840124108E-003
  0.53333333333333333       0.63333333333333330        7.7951182545276331E-004
  0.53333333333333333       0.66666666666666663        4.0806485552429927E-004
  0.53333333333333333       0.69999999999999996        2.0723212253552820E-004
  0.53333333333333333       0.73333333333333328        1.0205699976674723E-004
  0.53333333333333333       0.76666666666666661        4.8721625856321673E-005
  0.53333333333333333       0.80000000000000004        2.2538543976134757E-005
  0.53333333333333333       0.83333333333333337        1.0098844634731524E-005
  0.53333333333333333       0.86666666666666670        4.3800869651836535E-006
  0.53333333333333333       0.90000000000000002        1.8349849825182115E-006
  0.53333333333333333       0.93333333333333335        7.3296879246510673E-007
  0.53333333333333333       0.96666666666666667        2.5273102088980309E-007
  0.53333333333333333        1.0000000000000000        0.0000000000000000     

  0.56666666666666665        0.0000000000000000       0.97814760073380569     
  0.56666666666666665        3.3333333333333333E-002  0.82439617950841970     
  0.56666666666666665        6.6666666666666666E-002  0.68300189397534916     
  0.56666666666666665       0.10000000000000001       0.55544975548201569     
  0.56666666666666665       0.13333333333333333       0.44283680583040752     
  0.56666666666666665       0.16666666666666666       0.34571055240209908     
  0.56666666666666665       0.20000000000000001       0.26399567942348873     
  0.56666666666666665       0.23333333333333334       0.19701002225201070     
  0.56666666666666665       0.26666666666666666       0.14355588951500986     
  0.56666666666666665       0.29999999999999999       0.10206234229565089     
  0.56666666666666665       0.33333333333333331        7.0749661303375525E-002
  0.56666666666666665       0.36666666666666664        4.7788931575615409E-002
  0.56666666666666665       0.40000000000000002        3.1436005321067287E-002
  0.56666666666666665       0.43333333333333335        2.0127824398118607E-002
  0.56666666666666665       0.46666666666666667        1.2537883688615682E-002
  0.56666666666666665       0.50000000000000000        7.5947101302528720E-003
  0.56666666666666665       0.53333333333333333        4.4716723303439739E-003
  0.56666666666666665       0.56666666666666665        2.5581212017266085E-003
  0.56666666666666665       0.59999999999999998        1.4213189538979187E-003
  0.56666666666666665       0.63333333333333330        7.6667756171210533E-004
  0.56666666666666665       0.66666666666666663        4.0134627626984041E-004
  0.56666666666666665       0.69999999999999996        2.0382015156945280E-004
  0.56666666666666665       0.73333333333333328        1.0037668343437355E-004
  0.56666666666666665       0.76666666666666661        4.7919449191778466E-005
  0.56666666666666665       0.80000000000000004        2.2167458370663521E-005
  0.56666666666666665       0.83333333333333337        9.9325723200776830E-006
  0.56666666666666665       0.86666666666666670        4.3079710722842314E-006
  0.56666666666666665       0.90000000000000002        1.8047728927758832E-006
  0.56666666666666665       0.93333333333333335        7.2090083597104737E-007
  0.56666666666666665       0.96666666666666667        2.4856993382013428E-007
  0.56666666666666665        1.0000000000000000        0.0000000000000000     

  0.59999999999999998        0.0000000000000000       0.95105651629515364     
  0.59999999999999998        3.3333333333333333E-002  0.80156344292223380     
  0.59999999999999998        6.6666666666666666E-002  0.66408525811429475     
  0.59999999999999998       0.10000000000000001       0.54006584387613621     
  0.59999999999999998       0.13333333333333333       0.43057185799401304     
  0.59999999999999998       0.16666666666666666       0.33613564391238626     
  0.59999999999999998       0.20000000000000001       0.25668397182707314     
  0.59999999999999998       0.23333333333333334       0.19155357054258981     
  0.59999999999999998       0.26666666666666666       0.13957992032426672     
  0.59999999999999998       0.29999999999999999        9.9235591474952867E-002
  0.59999999999999998       0.33333333333333331        6.8790156370850133E-002
  0.59999999999999998       0.36666666666666664        4.6465354254997634E-002
  0.59999999999999998       0.40000000000000002        3.0565343803390349E-002
  0.59999999999999998       0.43333333333333335        1.9570357825663982E-002
  0.59999999999999998       0.46666666666666667        1.2190630507771125E-002
  0.59999999999999998       0.50000000000000000        7.3843646432615291E-003
  0.59999999999999998       0.53333333333333333        4.3478234832042863E-003
  0.59999999999999998       0.56666666666666665        2.4872706701419165E-003
  0.59999999999999998       0.59999999999999998        1.3819536558944080E-003
  0.59999999999999998       0.63333333333333330        7.4544341816773561E-004
  0.59999999999999998       0.66666666666666663        3.9023046322546150E-004
  0.59999999999999998       0.69999999999999996        1.9817508437067365E-004
  0.59999999999999998       0.73333333333333328        9.7596619153121492E-005
  0.59999999999999998       0.76666666666666661        4.6592257014100707E-005
  0.59999999999999998       0.80000000000000004        2.1553501452444406E-005
  0.59999999999999998       0.83333333333333337        9.6574766645606879E-006
  0.59999999999999998       0.86666666666666670        4.1886561468159606E-006
  0.59999999999999998       0.90000000000000002        1.7547873335472941E-006
  0.59999999999999998       0.93333333333333335        7.0093453905989091E-007
  0.59999999999999998       0.96666666666666667        2.4168546253892931E-007
  0.59999999999999998        1.0000000000000000        0.0000000000000000     

  0.63333333333333330        0.0000000000000000       0.91354545764260098     
  0.63333333333333330        3.3333333333333333E-002  0.76994860951745780     
  0.63333333333333330        6.6666666666666666E-002  0.63789276519656568     
  0.63333333333333330       0.10000000000000001       0.51876485786870641     
  0.63333333333333330       0.13333333333333333       0.41358947477848229     
  0.63333333333333330       0.16666666666666666       0.32287796296706373     
  0.63333333333333330       0.20000000000000001       0.24655998092074580     
  0.63333333333333330       0.23333333333333334       0.18399841782914261     
  0.63333333333333330       0.26666666666666666       0.13407468431747477     
  0.63333333333333330       0.29999999999999999        9.5321594747672697E-002
  0.63333333333333330       0.33333333333333331        6.6076972089860020E-002
  0.63333333333333330       0.36666666666666664        4.4632692789661609E-002
  0.63333333333333330       0.40000000000000002        2.9359801982794070E-002
  0.63333333333333330       0.43333333333333335        1.8798474317510715E-002
  0.63333333333333330       0.46666666666666667        1.1709814228029988E-002
  0.63333333333333330       0.50000000000000000        7.0931145119609660E-003
  0.63333333333333330       0.53333333333333333        4.1763389721420569E-003
  0.63333333333333330       0.56666666666666665        2.3891690806002990E-003
  0.63333333333333330       0.59999999999999998        1.3274473844445240E-003
  0.63333333333333330       0.63333333333333330        7.1604204053985615E-004
  0.63333333333333330       0.66666666666666663        3.7483920356501003E-004
  0.63333333333333330       0.69999999999999996        1.9035876947672689E-004
  0.63333333333333330       0.73333333333333328        9.3747265889022261E-005
  0.63333333333333330       0.76666666666666661        4.4754590318519868E-005
  0.63333333333333330       0.80000000000000004        2.0703399861952162E-005
  0.63333333333333330       0.83333333333333337        9.2765716737498498E-006
  0.63333333333333330       0.86666666666666670        4.0234494280705236E-006
  0.63333333333333330       0.90000000000000002        1.6855759570795039E-006
  0.63333333333333330       0.93333333333333335        6.7328865665881197E-007
  0.63333333333333330       0.96666666666666667        2.3215303475421335E-007
  0.63333333333333330        1.0000000000000000        0.0000000000000000     

  0.66666666666666663        0.0000000000000000       0.86602540378443871     
  0.66666666666666663        3.3333333333333333E-002  0.72989805802470353     
  0.66666666666666663        6.6666666666666666E-002  0.60471138565570015     
  0.66666666666666663       0.10000000000000001       0.49178017551994135     
  0.66666666666666663       0.13333333333333333       0.39207571872811670     
  0.66666666666666663       0.16666666666666666       0.30608276349291658     
  0.66666666666666663       0.20000000000000001       0.23373462726745767     
  0.66666666666666663       0.23333333333333334       0.17442733994581500     
  0.66666666666666663       0.26666666666666666       0.12710049801236911     
  0.66666666666666663       0.29999999999999999        9.0363234681010929E-002
  0.66666666666666663       0.33333333333333331        6.2639834675158032E-002
  0.66666666666666663       0.36666666666666664        4.2311026202130626E-002
  0.66666666666666663       0.40000000000000002        2.7832588027740749E-002
  0.66666666666666663       0.43333333333333335        1.7820630790901151E-002
  0.66666666666666663       0.46666666666666667        1.1100702773170393E-002
  0.66666666666666663       0.50000000000000000        6.7241507337377198E-003
  0.66666666666666663       0.53333333333333333        3.9590976173459235E-003
  0.66666666666666663       0.56666666666666665        2.2648912546458528E-003
  0.66666666666666663       0.59999999999999998        1.2583973216644419E-003
  0.66666666666666663       0.63333333333333330        6.7879555647439201E-004
  0.66666666666666663       0.66666666666666663        3.5534112715015413E-004
  0.66666666666666663       0.69999999999999996        1.8045684406925967E-004
  0.66666666666666663       0.73333333333333328        8.8870797961966328E-005
  0.66666666666666663       0.76666666666666661        4.2426582965909206E-005
  0.66666666666666663       0.80000000000000004        1.9626467490107425E-005
  0.66666666666666663       0.83333333333333337        8.7940306224339819E-006
  0.66666666666666663       0.86666666666666670        3.8141609554302239E-006
  0.66666666666666663       0.90000000000000002        1.5978970576965048E-006
  0.66666666666666663       0.93333333333333335        6.3826608284066992E-007
  0.66666666666666663       0.96666666666666667        2.2007708973958449E-007
  0.66666666666666663        1.0000000000000000        0.0000000000000000     

  0.69999999999999996        0.0000000000000000       0.80901699437494745     
  0.69999999999999996        3.3333333333333333E-002  0.68185059066724252     
  0.69999999999999996        6.6666666666666666E-002  0.56490466162959796     
  0.69999999999999996       0.10000000000000001       0.45940744665656197     
  0.69999999999999996       0.13333333333333333       0.36626629905624702     
  0.69999999999999996       0.16666666666666666       0.28593405721000487     
  0.69999999999999996       0.20000000000000001       0.21834842812571204     
  0.69999999999999996       0.23333333333333334       0.16294519962477355     
  0.69999999999999996       0.26666666666666666       0.11873377205355082     
  0.69999999999999996       0.29999999999999999        8.4414836105461480E-002
  0.69999999999999996       0.33333333333333331        5.8516402123526892E-002
  0.69999999999999996       0.36666666666666664        3.9525791157377636E-002
  0.69999999999999996       0.40000000000000002        2.6000434413912019E-002
  0.69999999999999996       0.43333333333333335        1.6647540704139735E-002
  0.69999999999999996       0.46666666666666667        1.0369969695756546E-002
  0.69999999999999996       0.50000000000000000        6.2815157529566429E-003
  0.69999999999999996       0.53333333333333333        3.6984795605597082E-003
  0.69999999999999996       0.56666666666666665        2.1157988061465409E-003
  0.69999999999999996       0.59999999999999998        1.1755599944916352E-003
  0.69999999999999996       0.63333333333333330        6.3411204624509200E-004
  0.69999999999999996       0.66666666666666663        3.3194985898632982E-004
  0.69999999999999996       0.69999999999999996        1.6857779571514725E-004
  0.69999999999999996       0.73333333333333328        8.3020642975028988E-005
  0.69999999999999996       0.76666666666666661        3.9633741091990772E-005
  0.69999999999999996       0.80000000000000004        1.8334503433338702E-005
  0.69999999999999996       0.83333333333333337        8.2151403313495123E-006
  0.69999999999999996       0.86666666666666670        3.5630837371977377E-006
  0.69999999999999996       0.90000000000000002        1.4927112637679269E-006
  0.69999999999999996       0.93333333333333335        5.9625053225316071E-007
  0.69999999999999996       0.96666666666666667        2.0558993407567692E-007
  0.69999999999999996        1.0000000000000000        0.0000000000000000     

  0.73333333333333328        0.0000000000000000       0.74314482547739447     
  0.73333333333333328        3.3333333333333333E-002  0.62633262555202185     
  0.73333333333333328        6.6666666666666666E-002  0.51890872391678167     
  0.73333333333333328       0.10000000000000001       0.42200135367042457     
  0.73333333333333328       0.13333333333333333       0.33644398916576645     
  0.73333333333333328       0.16666666666666666       0.26265259756075210     
  0.73333333333333328       0.20000000000000001       0.20056995791307500     
  0.73333333333333328       0.23333333333333334       0.14967779759816788     
  0.73333333333333328       0.26666666666666666       0.10906617404147466     
  0.73333333333333328       0.29999999999999999        7.7541570920600447E-002
  0.73333333333333328       0.33333333333333331        5.3751851624886014E-002
  0.73333333333333328       0.36666666666666664        3.6307503273400869E-002
  0.73333333333333328       0.40000000000000002        2.3883414599703764E-002
  0.73333333333333328       0.43333333333333335        1.5292056677701907E-002
  0.73333333333333328       0.46666666666666667        9.5256210603003200E-003
  0.73333333333333328       0.50000000000000000        5.7700591710944929E-003
  0.73333333333333328       0.53333333333333333        3.3973401877513960E-003
  0.73333333333333328       0.56666666666666665        1.9435252231677232E-003
  0.73333333333333328       0.59999999999999998        1.0798429860174338E-003
  0.73333333333333328       0.63333333333333330        5.8248107174065436E-004
  0.73333333333333328       0.66666666666666663        3.0492167870247740E-004
  0.73333333333333328       0.69999999999999996        1.5485177375400801E-004
  0.73333333333333328       0.73333333333333328        7.6260896450470799E-005
  0.73333333333333328       0.76666666666666661        3.6406663656774958E-005
  0.73333333333333328       0.80000000000000004        1.6841662720212817E-005
  0.73333333333333328       0.83333333333333337        7.5462432436661407E-006
  0.73333333333333328       0.86666666666666670        3.2729686279173058E-006
  0.73333333333333328       0.90000000000000002        1.3711710128635933E-006
  0.73333333333333328       0.93333333333333335        5.4770233606084044E-007
  0.73333333333333328       0.96666666666666667        1.8885029207157667E-007
  0.73333333333333328        1.0000000000000000        0.0000000000000000     

  0.76666666666666661        0.0000000000000000       0.66913060635885835     
  0.76666666666666661        3.3333333333333333E-002  0.56395242912272503     
  0.76666666666666661        6.6666666666666666E-002  0.46722751363610149     
  0.76666666666666661       0.10000000000000001       0.37997172554401337     
  0.76666666666666661       0.13333333333333333       0.30293552852455474     
  0.76666666666666661       0.16666666666666666       0.23649346108903418     
  0.76666666666666661       0.20000000000000001       0.18059400126958025     
  0.76666666666666661       0.23333333333333334       0.13477049429898386     
  0.76666666666666661       0.26666666666666666        9.8203624203035869E-002
  0.76666666666666661       0.29999999999999999        6.9818744058116430E-002
  0.76666666666666661       0.33333333333333331        4.8398384591544788E-002
  0.76666666666666661       0.36666666666666664        3.2691422785727203E-002
  0.76666666666666661       0.40000000000000002        2.1504723097215347E-002
  0.76666666666666661       0.43333333333333335        1.3769029678234585E-002
  0.76666666666666661       0.46666666666666667        8.5769077271430870E-003
  0.76666666666666661       0.50000000000000000        5.1953846134913228E-003
  0.76666666666666661       0.53333333333333333        3.0589788449069399E-003
  0.76666666666666661       0.56666666666666665        1.7499579711350796E-003
  0.76666666666666661       0.59999999999999998        9.7229499181675325E-004
  0.76666666666666661       0.63333333333333330        5.2446831272222544E-004
  0.76666666666666661       0.66666666666666663        2.7455271269779722E-004
  0.76666666666666661       0.69999999999999996        1.3942916335480291E-004
  0.76666666666666661       0.73333333333333328        6.8665619585782671E-005
  0.76666666666666661       0.76666666666666661        3.2780707195951364E-005
  0.76666666666666661       0.80000000000000004        1.5164301225979779E-005
  0.76666666666666661       0.83333333333333337        6.7946679358522428E-006
  0.76666666666666661       0.86666666666666670        2.9469941894366941E-006
  0.76666666666666661       0.90000000000000002        1.2346079254063448E-006
  0.76666666666666661       0.93333333333333335        4.9315339846055546E-007
  0.76666666666666661       0.96666666666666667        1.7004156674807591E-007
  0.76666666666666661        1.0000000000000000        0.0000000000000000     

  0.80000000000000004        0.0000000000000000       0.58778525229247325     
  0.80000000000000004        3.3333333333333333E-002  0.49539345186532691     
  0.80000000000000004        6.6666666666666666E-002  0.41042726094238113     
  0.80000000000000004       0.10000000000000001       0.33377904767834649     
  0.80000000000000004       0.13333333333333333       0.26610804283949319     
  0.80000000000000004       0.16666666666666666       0.20774325276818639     
  0.80000000000000004       0.20000000000000001       0.15863941895645167     
  0.80000000000000004       0.23333333333333334       0.11838661726172116     
  0.80000000000000004       0.26666666666666666        8.6265134907399094E-002
  0.80000000000000004       0.29999999999999999        6.1330968425220185E-002
  0.80000000000000004       0.33333333333333331        4.2514654728605494E-002
  0.80000000000000004       0.36666666666666664        2.8717168228893086E-002
  0.80000000000000004       0.40000000000000002        1.8890421348321220E-002
  0.80000000000000004       0.43333333333333335        1.2095146308257828E-002
  0.80000000000000004       0.46666666666666667        7.5342239980939430E-003
  0.80000000000000004       0.50000000000000000        4.5637883348586174E-003
  0.80000000000000004       0.53333333333333333        2.6871026897052064E-003
  0.80000000000000004       0.56666666666666665        1.5372178133684323E-003
  0.80000000000000004       0.59999999999999998        8.5409433021992065E-004
  0.80000000000000004       0.63333333333333330        4.6070936911756150E-004
  0.80000000000000004       0.66666666666666663        2.4117568971895111E-004
  0.80000000000000004       0.69999999999999996        1.2247893786445437E-004
  0.80000000000000004       0.73333333333333328        6.0318027823708067E-005
  0.80000000000000004       0.76666666666666661        2.8795598447284927E-005
  0.80000000000000004       0.80000000000000004        1.3320796474180867E-005
  0.80000000000000004       0.83333333333333337        5.9686488242574717E-006
  0.80000000000000004       0.86666666666666670        2.5887318659184329E-006
  0.80000000000000004       0.90000000000000002        1.0845182151600264E-006
  0.80000000000000004       0.93333333333333335        4.3320136902775338E-007
  0.80000000000000004       0.96666666666666667        1.4936983043579780E-007
  0.80000000000000004        1.0000000000000000        0.0000000000000000     

  0.83333333333333337        0.0000000000000000       0.49999999999999994     
  0.83333333333333337        3.3333333333333333E-002  0.42140684028154768     
  0.83333333333333337        6.6666666666666666E-002  0.34913028129035006     
  0.83333333333333337       0.10000000000000001       0.28392941671855954     
  0.83333333333333337       0.13333333333333333       0.22636502175039416     
  0.83333333333333337       0.16666666666666666       0.17671696589693994     
  0.83333333333333337       0.20000000000000001       0.13494674997180353     
  0.83333333333333337       0.23333333333333334       0.10070567167174667     
  0.83333333333333337       0.26666666666666666        7.3381506741576827E-002
  0.83333333333333337       0.29999999999999999        5.2171237867926989E-002
  0.83333333333333337       0.33333333333333331        3.6165125411696142E-002
  0.83333333333333337       0.36666666666666664        2.4428282367489423E-002
  0.83333333333333337       0.40000000000000002        1.6069152190060079E-002
  0.83333333333333337       0.43333333333333335        1.0288745984255714E-002
  0.83333333333333337       0.46666666666666667        6.4089937342839513E-003
  0.83333333333333337       0.50000000000000000        3.8821902361950923E-003
  0.83333333333333337       0.53333333333333333        2.2857860751226747E-003
  0.83333333333333337       0.56666666666666665        1.3076355755550122E-003
  0.83333333333333337       0.59999999999999998        7.2653603241046966E-004
  0.83333333333333337       0.63333333333333330        3.9190279725521206E-004
  0.83333333333333337       0.66666666666666663        2.0515629541428652E-004
  0.83333333333333337       0.69999999999999996        1.0418680750049740E-004
  0.83333333333333337       0.73333333333333328        5.1309579126438095E-005
  0.83333333333333337       0.76666666666666661        2.4494999096163670E-005
  0.83333333333333337       0.80000000000000004        1.1331346288654956E-005
  0.83333333333333337       0.83333333333333337        5.0772359471240712E-006
  0.83333333333333337       0.86666666666666670        2.2021068543501996E-006
  0.83333333333333337       0.90000000000000002        9.2254629639838805E-007
  0.83333333333333337       0.93333333333333335        3.6850309474266875E-007
  0.83333333333333337       0.96666666666666667        1.2706156700361852E-007
  0.83333333333333337        1.0000000000000000        0.0000000000000000     

  0.86666666666666670        0.0000000000000000       0.40673664307580004     
  0.86666666666666670        3.3333333333333333E-002  0.34280320717059315     
  0.86666666666666670        6.6666666666666666E-002  0.28400815721629369     
  0.86666666666666670       0.10000000000000001       0.23096899565315376     
  0.86666666666666670       0.13333333333333333       0.18414189811307166     
  0.86666666666666670       0.16666666666666666       0.14375453096692403     
  0.86666666666666670       0.20000000000000001       0.10977557615504141     
  0.86666666666666670       0.23333333333333334        8.1921373668919897E-002
  0.86666666666666670       0.26666666666666666        5.9693895431826315E-002
  0.86666666666666670       0.29999999999999999        4.2439908311019382E-002
  0.86666666666666670       0.33333333333333331        2.9419363412737209E-002
  0.86666666666666670       0.36666666666666664        1.9871755132520819E-002
  0.86666666666666670       0.40000000000000002        1.3071826037718356E-002
  0.86666666666666670       0.43333333333333335        8.3696200061915763E-003
  0.86666666666666670       0.46666666666666667        5.2135451939529821E-003
  0.86666666666666670       0.50000000000000000        3.1580580489032795E-003
  0.86666666666666670       0.53333333333333333        1.8594259099696110E-003
  0.86666666666666670       0.56666666666666665        1.0637266087354751E-003
  0.86666666666666670       0.59999999999999998        5.9101765379249041E-004
  0.86666666666666670       0.63333333333333330        3.1880245633520181E-004
  0.86666666666666670       0.66666666666666663        1.6688916580534816E-004
  0.86666666666666670       0.69999999999999996        8.4753184671073823E-005
  0.86666666666666670       0.73333333333333328        4.1738971943039160E-005
  0.86666666666666670       0.76666666666666661        1.9926027409036739E-005
  0.86666666666666670       0.80000000000000004        9.2177475019538913E-006
  0.86666666666666670       0.83333333333333337        4.1301958104740510E-006
  0.86666666666666670       0.86666666666666670        1.7913550992652206E-006
  0.86666666666666670       0.90000000000000002        7.5046676735818503E-007
  0.86666666666666670       0.93333333333333335        2.9976742343735325E-007
  0.86666666666666670       0.96666666666666667        1.0336119045400531E-007
  0.86666666666666670        1.0000000000000000        0.0000000000000000     

  0.90000000000000002        0.0000000000000000       0.30901699437494751     
  0.90000000000000002        3.3333333333333333E-002  0.26044375038569478     
  0.90000000000000002        6.6666666666666666E-002  0.21577438033924787     
  0.90000000000000002       0.10000000000000001       0.17547802993800243     
  0.90000000000000002       0.13333333333333333       0.13990127730585281     
  0.90000000000000002       0.16666666666666666       0.10921709131306492     
  0.90000000000000002       0.20000000000000001        8.3401678153908504E-002
  0.90000000000000002       0.23333333333333334        6.2239527953026882E-002
  0.90000000000000002       0.26666666666666666        4.5352265311974019E-002
  0.90000000000000002       0.29999999999999999        3.2243598237534477E-002
  0.90000000000000002       0.33333333333333331        2.2351276711830750E-002
  0.90000000000000002       0.36666666666666664        1.5097508789888213E-002
  0.90000000000000002       0.40000000000000002        9.9312822238519366E-003
  0.90000000000000002       0.43333333333333335        6.3587947198840205E-003
  0.90000000000000002       0.46666666666666667        3.9609759614725936E-003
  0.90000000000000002       0.50000000000000000        2.3993255167615492E-003
  0.90000000000000002       0.53333333333333333        1.4126934854370333E-003
  0.90000000000000002       0.56666666666666665        8.0816323059152871E-004
  0.90000000000000002       0.59999999999999998        4.4902396208116549E-004
  0.90000000000000002       0.63333333333333330        2.4220924898988005E-004
  0.90000000000000002       0.66666666666666663        1.2679356357204327E-004
  0.90000000000000002       0.69999999999999996        6.4390988214649866E-005
  0.90000000000000002       0.73333333333333328        3.1711063848590886E-005
  0.90000000000000002       0.76666666666666661        1.5138741995827102E-005
  0.90000000000000002       0.80000000000000004        7.0031571446837408E-006
  0.90000000000000002       0.83333333333333337        3.1379043842254402E-006
  0.90000000000000002       0.86666666666666670        1.3609768828475375E-006
  0.90000000000000002       0.90000000000000002        5.7016496736953859E-007
  0.90000000000000002       0.93333333333333335        2.2774743751049197E-007
  0.90000000000000002       0.96666666666666667        7.8528367072058385E-008
  0.90000000000000002        1.0000000000000000        0.0000000000000000     

  0.93333333333333335        0.0000000000000000       0.20791169081775931     
  0.93333333333333335        3.3333333333333333E-002  0.17523081737021207     
  0.93333333333333335        6.6666666666666666E-002  0.14517653419751325     
  0.93333333333333335       0.10000000000000001       0.11806449020571180     
  0.93333333333333335       0.13333333333333333        9.4127868828246641E-002
  0.93333333333333335       0.16666666666666666        7.3483046351634190E-002
  0.93333333333333335       0.20000000000000001        5.6114013913998180E-002
  0.93333333333333335       0.23333333333333334        4.1875772944421956E-002
  0.93333333333333335       0.26666666666666666        3.0513746282792079E-002
  0.93333333333333335       0.29999999999999999        2.1694020554352430E-002
  0.93333333333333335       0.33333333333333331        1.5038304745964121E-002
  0.93333333333333335       0.36666666666666664        1.0157850981596767E-002
  0.93333333333333335       0.40000000000000002        6.6819292036865820E-003
  0.93333333333333335       0.43333333333333335        4.2783011479620731E-003
  0.93333333333333335       0.46666666666666667        2.6650094474708029E-003
  0.93333333333333335       0.50000000000000000        1.6143054721670363E-003
  0.93333333333333335       0.53333333333333333        9.5048329545289036E-004
  0.93333333333333335       0.56666666666666665        5.4374544697419289E-004
  0.93333333333333335       0.59999999999999998        3.0211066987697428E-004
  0.93333333333333335       0.63333333333333330        1.6296234642708133E-004
  0.93333333333333335       0.66666666666666663        8.5308784522984083E-005
  0.93333333333333335       0.69999999999999996        4.3323310616665647E-005
  0.93333333333333335       0.73333333333333328        2.1335722702650709E-005
  0.93333333333333335       0.76666666666666661        1.0185593357325752E-005
  0.93333333333333335       0.80000000000000004        4.7118387322315888E-006
  0.93333333333333335       0.83333333333333337        2.1112334208945467E-006
  0.93333333333333335       0.86666666666666670        9.1568751889865454E-007
  0.93333333333333335       0.90000000000000002        3.8361632068370121E-007
  0.93333333333333335       0.93333333333333335        1.5323220299905042E-007
  0.93333333333333335       0.96666666666666667        5.2835170467352696E-008
  0.93333333333333335        1.0000000000000000        0.0000000000000000     

  0.96666666666666667        0.0000000000000000       0.10452846326765373     
  0.96666666666666667        3.3333333333333333E-002   8.8098018850215412E-002
  0.96666666666666667        6.6666666666666666E-002   7.2988103566967791E-002
  0.96666666666666667       0.10000000000000001        5.9357411212144454E-002
  0.96666666666666667       0.13333333333333333        4.7323175722235315E-002
  0.96666666666666667       0.16666666666666666        3.6943905757058915E-002
  0.96666666666666667       0.20000000000000001        2.8211552795033765E-002
  0.96666666666666667       0.23333333333333334        2.1053218204369083E-002
  0.96666666666666667       0.26666666666666666        1.5340912263923956E-002
  0.96666666666666667       0.29999999999999999        1.0906758642211236E-002
  0.96666666666666667       0.33333333333333331        7.5605699663331225E-003
  0.96666666666666667       0.36666666666666664        5.1069016322839705E-003
  0.96666666666666667       0.40000000000000002        3.3593675688820559E-003
  0.96666666666666667       0.43333333333333335        2.1509336133709810E-003
  0.96666666666666667       0.46666666666666667        1.3398445322734423E-003
  0.96666666666666667       0.50000000000000000        8.1159875900432333E-004
  0.96666666666666667       0.53333333333333333        4.7785941158234857E-004
  0.96666666666666667       0.56666666666666665        2.7337027445375800E-004
  0.96666666666666667       0.59999999999999998        1.5188738995288893E-004
  0.96666666666666667       0.63333333333333330        8.1929994294764152E-005
  0.96666666666666667       0.66666666666666663        4.2889344578680234E-005
  0.96666666666666667       0.69999999999999996        2.1780973761579649E-005
  0.96666666666666667       0.73333333333333328        1.0726622913993287E-005
  0.96666666666666667       0.76666666666666661        5.1208492265290981E-006
  0.96666666666666667       0.80000000000000004        2.3688964286134624E-006
  0.96666666666666667       0.83333333333333337        1.0614313424003367E-006
  0.96666666666666667       0.86666666666666670        4.6036569087278552E-007
  0.96666666666666667       0.90000000000000002        1.9286469331157728E-007
  0.96666666666666667       0.93333333333333335        7.7038124405651336E-008
  0.96666666666666667       0.96666666666666667        2.6563100678536458E-008
  0.96666666666666667        1.0000000000000000        0.0000000000000000     

   1.0000000000000000        0.0000000000000000        1.2246467991473532E-016
   1.0000000000000000        3.3333333333333333E-002   0.0000000000000000     
   1.0000000000000000        6.6666666666666666E-002   0.0000000000000000     
   1.0000000000000000       0.10000000000000001        0.0000000000000000     
   1.0000000000000000       0.13333333333333333        0.0000000000000000     
   1.0000000000000000       0.16666666666666666        0.0000000000000000     
   1.0000000000000000       0.20000000000000001        0.0000000000000000     
   1.0000000000000000       0.23333333333333334        0.0000000000000000     
   1.0000000000000000       0.26666666666666666        0.0000000000000000     
   1.0000000000000000       0.29999999999999999        0.0000000000000000     
   1.0000000000000000       0.33333333333333331        0.0000000000000000     
   1.0000000000000000       0.36666666666666664        0.0000000000000000     
   1.0000000000000000       0.40000000000000002        0.0000000000000000     
   1.0000000000000000       0.43333333333333335        0.0000000000000000     
   1.0000000000000000       0.46666666666666667        0.0000000000000000     
   1.0000000000000000       0.50000000000000000        0.0000000000000000     
   1.0000000000000000       0.53333333333333333        0.0000000000000000     
   1.0000000000000000       0.56666666666666665        0.0000000000000000     
   1.0000000000000000       0.59999999999999998        0.0000000000000000     
   1.0000000000000000       0.63333333333333330        0.0000000000000000     
   1.0000000000000000       0.66666666666666663        0.0000000000000000     
   1.0000000000000000       0.69999999999999996        0.0000000000000000     
   1.0000000000000000       0.73333333333333328        0.0000000000000000     
   1.0000000000000000       0.76666666666666661        0.0000000000000000     
   1.0000000000000000       0.80000000000000004        0.0000000000000000     
   1.0000000000000000       0.83333333333333337        0.0000000000000000     
   1.0000000000000000       0.86666666666666670        0.0000000000000000     
   1.0000000000000000       0.90000000000000002        0.0000000000000000     
   1.0000000000000000       0.93333333333333335        0.0000000000000000     
   1.0000000000000000       0.96666666666666667        0.0000000000000000     
   1.0000000000000000        1.0000000000000000        0.0000000000000000     

