   0.0000000000000000        0.0000000000000000        0.0000000000000000     
   0.0000000000000000        3.3333333333333333E-002   0.0000000000000000     
   0.0000000000000000        6.6666666666666666E-002   0.0000000000000000     
   0.0000000000000000       0.10000000000000001        0.0000000000000000     
   0.0000000000000000       0.13333333333333333        0.0000000000000000     
   0.0000000000000000       0.16666666666666666        0.0000000000000000     
   0.0000000000000000       0.20000000000000001        0.0000000000000000     
   0.0000000000000000       0.23333333333333334        0.0000000000000000     
   0.0000000000000000       0.26666666666666666        0.0000000000000000     
   0.0000000000000000       0.29999999999999999        0.0000000000000000     
   0.0000000000000000       0.33333333333333331        0.0000000000000000     
   0.0000000000000000       0.36666666666666664        0.0000000000000000     
   0.0000000000000000       0.40000000000000002        0.0000000000000000     
   0.0000000000000000       0.43333333333333335        0.0000000000000000     
   0.0000000000000000       0.46666666666666667        0.0000000000000000     
   0.0000000000000000       0.50000000000000000        0.0000000000000000     
   0.0000000000000000       0.53333333333333333        0.0000000000000000     
   0.0000000000000000       0.56666666666666665        0.0000000000000000     
   0.0000000000000000       0.59999999999999998        0.0000000000000000     
   0.0000000000000000       0.63333333333333330        0.0000000000000000     
   0.0000000000000000       0.66666666666666663        0.0000000000000000     
   0.0000000000000000       0.69999999999999996        0.0000000000000000     
   0.0000000000000000       0.73333333333333328        0.0000000000000000     
   0.0000000000000000       0.76666666666666661        0.0000000000000000     
   0.0000000000000000       0.80000000000000004        0.0000000000000000     
   0.0000000000000000       0.83333333333333337        0.0000000000000000     
   0.0000000000000000       0.86666666666666670        0.0000000000000000     
   0.0000000000000000       0.90000000000000002        0.0000000000000000     
   0.0000000000000000       0.93333333333333335        0.0000000000000000     
   0.0000000000000000       0.96666666666666667        0.0000000000000000     
   0.0000000000000000        1.0000000000000000        0.0000000000000000     

   3.3333333333333333E-002   0.0000000000000000       0.10452846326765346     
   3.3333333333333333E-002   3.3333333333333333E-002   8.8256137946467861E-002
   3.3333333333333333E-002   6.6666666666666666E-002   7.3290604791408490E-002
   3.3333333333333333E-002  0.10000000000000001        5.9778784092255802E-002
   3.3333333333333333E-002  0.13333333333333333        4.7829675298112349E-002
   3.3333333333333333E-002  0.16666666666666666        3.7497988629197225E-002
   3.3333333333333333E-002  0.20000000000000001        2.8776406204278709E-002
   3.3333333333333333E-002  0.23333333333333334        2.1596637140389369E-002
   3.3333333333333333E-002  0.26666666666666666        1.5837991475001662E-002
   3.3333333333333333E-002  0.29999999999999999        1.1341162595248941E-002
   3.3333333333333333E-002  0.33333333333333331        7.9244427495679011E-003
   3.3333333333333333E-002  0.36666666666666664        5.3997109392300751E-003
   3.3333333333333333E-002  0.40000000000000002        3.5861020859281065E-003
   3.3333333333333333E-002  0.43333333333333335        2.3200860863870306E-003
   3.3333333333333333E-002  0.46666666666666667        1.4615371656069591E-003
   3.3333333333333333E-002  0.50000000000000000        8.9608285572132060E-004
   3.3333333333333333E-002  0.53333333333333333        5.3448804160565312E-004
   3.3333333333333333E-002  0.56666666666666665        3.1003226180679284E-004
   3.3333333333333333E-002  0.59999999999999998        1.7481917254233388E-004
   3.3333333333333333E-002  0.63333333333333330        9.5790772073693406E-005
   3.3333333333333333E-002  0.66666666666666663        5.0986283248573240E-005
   3.3333333333333333E-002  0.69999999999999996        2.6352561955288609E-005
   3.3333333333333333E-002  0.73333333333333328        1.3221409349029441E-005
   3.3333333333333333E-002  0.76666666666666661        6.4366987724519538E-006
   3.3333333333333333E-002  0.80000000000000004        3.0396303511965868E-006
   3.3333333333333333E-002  0.83333333333333337        1.3917917239711096E-006
   3.3333333333333333E-002  0.86666666666666670        6.1749939184819945E-007
   3.3333333333333333E-002  0.90000000000000002        2.6483832398462639E-007
   3.3333333333333333E-002  0.93333333333333335        1.0826668844390528E-007
   3.3333333333333333E-002  0.96666666666666667        3.8053478042005519E-008
   3.3333333333333333E-002   1.0000000000000000        0.0000000000000000     

   6.6666666666666666E-002   0.0000000000000000       0.20791169081775931     
   6.6666666666666666E-002   3.3333333333333333E-002  0.17554532317680999     
   6.6666666666666666E-002   6.6666666666666666E-002  0.14577822237967725     
   6.6666666666666666E-002  0.10000000000000001       0.11890261931648205     
   6.6666666666666666E-002  0.13333333333333333        9.5135318664655549E-002
   6.6666666666666666E-002  0.16666666666666666        7.4585141448014369E-002
   6.6666666666666666E-002  0.20000000000000001        5.7237532080333213E-002
   6.6666666666666666E-002  0.23333333333333334        4.2956657004881757E-002
   6.6666666666666666E-002  0.26666666666666666        3.1502458601090418E-002
   6.6666666666666666E-002  0.29999999999999999        2.2558069039813486E-002
   6.6666666666666666E-002  0.33333333333333331        1.5762063646075280E-002
   6.6666666666666666E-002  0.36666666666666664        1.0740261515447786E-002
   6.6666666666666666E-002  0.40000000000000002        7.1329140869626781E-003
   6.6666666666666666E-002  0.43333333333333335        4.6147528241023790E-003
   6.6666666666666666E-002  0.46666666666666667        2.9070614241812143E-003
   6.6666666666666666E-002  0.50000000000000000        1.7823480401579657E-003
   6.6666666666666666E-002  0.53333333333333333        1.0631201203786613E-003
   6.6666666666666666E-002  0.56666666666666665        6.1666774527480877E-004
   6.6666666666666666E-002  0.59999999999999998        3.4772298964703025E-004
   6.6666666666666666E-002  0.63333333333333330        1.9053204040303965E-004
   6.6666666666666666E-002  0.66666666666666663        1.0141395010830941E-004
   6.6666666666666666E-002  0.69999999999999996        5.2416399727166963E-005
   6.6666666666666666E-002  0.73333333333333328        2.6297962170473140E-005
   6.6666666666666666E-002  0.76666666666666661        1.2802875726187113E-005
   6.6666666666666666E-002  0.80000000000000004        6.0459578761819193E-006
   6.6666666666666666E-002  0.83333333333333337        2.7683346865632495E-006
   6.6666666666666666E-002  0.86666666666666670        1.2282333311392546E-006
   6.6666666666666666E-002  0.90000000000000002        5.2677502387069493E-007
   6.6666666666666666E-002  0.93333333333333335        2.1534718439295799E-007
   6.6666666666666666E-002  0.96666666666666667        7.5690034215380602E-008
   6.6666666666666666E-002   1.0000000000000000        0.0000000000000000     

  0.10000000000000001        0.0000000000000000       0.30901699437494740     
  0.10000000000000001        3.3333333333333333E-002  0.26091119711120647     
  0.10000000000000001        6.6666666666666666E-002  0.21666866325750003     
  0.10000000000000001       0.10000000000000001       0.17672373256150420     
  0.10000000000000001       0.13333333333333333       0.14139863957156346     
  0.10000000000000001       0.16666666666666666       0.11085512384918281     
  0.10000000000000001       0.20000000000000001        8.5071551577191956E-002
  0.10000000000000001       0.23333333333333334        6.3846034745970281E-002
  0.10000000000000001       0.26666666666666666        4.6821778198432355E-002
  0.10000000000000001       0.29999999999999999        3.3527824559398407E-002
  0.10000000000000001       0.33333333333333331        2.3426992074852389E-002
  0.10000000000000001       0.36666666666666664        1.5963139538958039E-002
  0.10000000000000001       0.40000000000000002        1.0601576388602253E-002
  0.10000000000000001       0.43333333333333335        6.8588593641777489E-003
  0.10000000000000001       0.46666666666666667        4.3207353094504271E-003
  0.10000000000000001       0.50000000000000000        2.6490854464863343E-003
  0.10000000000000001       0.53333333333333333        1.5801044326406131E-003
  0.10000000000000001       0.56666666666666665        9.1654688787957202E-004
  0.10000000000000001       0.59999999999999998        5.1681708091144013E-004
  0.10000000000000001       0.63333333333333330        2.8318579982633746E-004
  0.10000000000000001       0.66666666666666663        1.5073050450842553E-004
  0.10000000000000001       0.69999999999999996        7.7905952454797656E-005
  0.10000000000000001       0.73333333333333328        3.9086389015174753E-005
  0.10000000000000001       0.76666666666666661        1.9028781694292176E-005
  0.10000000000000001       0.80000000000000004        8.9860446214777791E-006
  0.10000000000000001       0.83333333333333337        4.1145471950181260E-006
  0.10000000000000001       0.86666666666666670        1.8255104890299998E-006
  0.10000000000000001       0.90000000000000002        7.8294026636047552E-007
  0.10000000000000001       0.93333333333333335        3.2006829152550599E-007
  0.10000000000000001       0.96666666666666667        1.1249731453473402E-007
  0.10000000000000001        1.0000000000000000        0.0000000000000000     

  0.13333333333333333        0.0000000000000000       0.40673664307580015     
  0.13333333333333333        3.3333333333333333E-002  0.34341847337087444     
  0.13333333333333333        6.6666666666666666E-002  0.28518523691984093     
  0.13333333333333333       0.10000000000000001       0.23260862361076395     
  0.13333333333333333       0.13333333333333333       0.18611276739375771     
  0.13333333333333333       0.16666666666666666       0.14591055431553357     
  0.13333333333333333       0.20000000000000001       0.11197350935260432     
  0.13333333333333333       0.23333333333333334        8.4035901969740243E-002
  0.13333333333333333       0.26666666666666666        6.1628108595745260E-002
  0.13333333333333333       0.29999999999999999        4.4130242216962205E-002
  0.13333333333333333       0.33333333333333331        3.0835249476044154E-002
  0.13333333333333333       0.36666666666666664        2.1011122065177759E-002
  0.13333333333333333       0.40000000000000002        1.3954085600805815E-002
  0.13333333333333333       0.43333333333333335        9.0278188057505912E-003
  0.13333333333333333       0.46666666666666667        5.6870703144973091E-003
  0.13333333333333333       0.50000000000000000        3.4867989183062290E-003
  0.13333333333333333       0.53333333333333333        2.0797767900804444E-003
  0.13333333333333333       0.56666666666666665        1.2063841509809595E-003
  0.13333333333333333       0.59999999999999998        6.8024881608645714E-004
  0.13333333333333333       0.63333333333333330        3.7273691636629950E-004
  0.13333333333333333       0.66666666666666663        1.9839562395876145E-004
  0.13333333333333333       0.69999999999999996        1.0254195126446494E-004
  0.13333333333333333       0.73333333333333328        5.1446577202473373E-005
  0.13333333333333333       0.76666666666666661        2.5046204348126003E-005
  0.13333333333333333       0.80000000000000004        1.1827678381450000E-005
  0.13333333333333333       0.83333333333333337        5.4156798633800289E-006
  0.13333333333333333       0.86666666666666670        2.4027869719903034E-006
  0.13333333333333333       0.90000000000000002        1.0305274514512268E-006
  0.13333333333333333       0.93333333333333335        4.2128266347750466E-007
  0.13333333333333333       0.96666666666666667        1.4807205073446838E-007
  0.13333333333333333        1.0000000000000000        0.0000000000000000     

  0.16666666666666666        0.0000000000000000       0.49999999999999994     
  0.16666666666666666        3.3333333333333333E-002  0.42216318497135552     
  0.16666666666666666        6.6666666666666666E-002  0.35057726144764056     
  0.16666666666666666       0.10000000000000001       0.28594500590326033     
  0.16666666666666666       0.13333333333333333       0.22878780478978555     
  0.16666666666666666       0.16666666666666666       0.17936735821505687     
  0.16666666666666666       0.20000000000000001       0.13764866192758629     
  0.16666666666666666       0.23333333333333334       0.10330505426588668     
  0.16666666666666666       0.26666666666666666        7.5759228538772372E-002
  0.16666666666666666       0.29999999999999999        5.4249159705950095E-002
  0.16666666666666666       0.33333333333333331        3.7905669431285587E-002
  0.16666666666666666       0.36666666666666664        2.5828902341191437E-002
  0.16666666666666666       0.40000000000000002        1.7153710931086807E-002
  0.16666666666666666       0.43333333333333335        1.1097867575295090E-002
  0.16666666666666666       0.46666666666666667        6.9910965870825853E-003
  0.16666666666666666       0.50000000000000000        4.2863102915175781E-003
  0.16666666666666666       0.53333333333333333        2.5566626777868804E-003
  0.16666666666666666       0.56666666666666665        1.4830040168720862E-003
  0.16666666666666666       0.59999999999999998        8.3622760288121450E-004
  0.16666666666666666       0.63333333333333330        4.5820424925033807E-004
  0.16666666666666666       0.66666666666666663        2.4388707943605176E-004
  0.16666666666666666       0.69999999999999996        1.2605447899779592E-004
  0.16666666666666666       0.73333333333333328        6.3243105924053278E-005
  0.16666666666666666       0.76666666666666661        3.0789215545866555E-005
  0.16666666666666666       0.80000000000000004        1.4539725621974231E-005
  0.16666666666666666       0.83333333333333337        6.6574772098548697E-006
  0.16666666666666666       0.86666666666666670        2.9537380180699817E-006
  0.16666666666666666       0.90000000000000002        1.2668239621321454E-006
  0.16666666666666666       0.93333333333333335        5.1788137440937868E-007
  0.16666666666666666       0.96666666666666667        1.8202447856028723E-007
  0.16666666666666666        1.0000000000000000        0.0000000000000000     

  0.20000000000000001        0.0000000000000000       0.58778525229247314     
  0.20000000000000001        3.3333333333333333E-002  0.49628258837396438     
  0.20000000000000001        6.6666666666666666E-002  0.41212828813601143     
  0.20000000000000001       0.10000000000000001       0.33614851487324116     
  0.20000000000000001       0.13333333333333333       0.26895619511961039     
  0.20000000000000001       0.16666666666666666       0.21085897580294319     
  0.20000000000000001       0.20000000000000001       0.16181570695765532     
  0.20000000000000001       0.23333333333333334       0.12144237476952366     
  0.20000000000000001       0.26666666666666666        8.9060314520290895E-002
  0.20000000000000001       0.29999999999999999        6.3773712048833073E-002
  0.20000000000000001       0.33333333333333331        4.4560786939966575E-002
  0.20000000000000001       0.36666666666666664        3.0363695758109713E-002
  0.20000000000000001       0.40000000000000002        2.0165396614762025E-002
  0.20000000000000001       0.43333333333333335        1.3046325785306562E-002
  0.20000000000000001       0.46666666666666667        8.2185269424787689E-003
  0.20000000000000001       0.50000000000000000        5.0388599522069684E-003
  0.20000000000000001       0.53333333333333333        3.0055372341794228E-003
  0.20000000000000001       0.56666666666666665        1.7433757804158206E-003
  0.20000000000000001       0.59999999999999998        9.8304450506692944E-004
  0.20000000000000001       0.63333333333333330        5.3865140049418644E-004
  0.20000000000000001       0.66666666666666663        2.8670645703438822E-004
  0.20000000000000001       0.69999999999999996        1.4818592748063145E-004
  0.20000000000000001       0.73333333333333328        7.4346729942658532E-005
  0.20000000000000001       0.76666666666666661        3.6194893655029019E-005
  0.20000000000000001       0.80000000000000004        1.7092472585950918E-005
  0.20000000000000001       0.83333333333333337        7.8263338428518692E-006
  0.20000000000000001       0.86666666666666670        3.4723272923142680E-006
  0.20000000000000001       0.90000000000000002        1.4892408843839869E-006
  0.20000000000000001       0.93333333333333335        6.0880606862957882E-007
  0.20000000000000001       0.96666666666666667        2.1398260810792857E-007
  0.20000000000000001        1.0000000000000000        0.0000000000000000     

  0.23333333333333334        0.0000000000000000       0.66913060635885824     
  0.23333333333333334        3.3333333333333333E-002  0.56496461588453972     
  0.23333333333333334        6.6666666666666666E-002  0.46916395105617542     
  0.23333333333333334       0.10000000000000001       0.38266911037067175     
  0.23333333333333334       0.13333333333333333       0.30617784509300261     
  0.23333333333333334       0.16666666666666666       0.24004037832685504     
  0.23333333333333334       0.20000000000000001       0.18420986524018262     
  0.23333333333333334       0.23333333333333334       0.13824914720173503     
  0.23333333333333334       0.26666666666666666       0.10138563705885614     
  0.23333333333333334       0.29999999999999999        7.2599546257001851E-002
  0.23333333333333334       0.33333333333333331        5.0727687141989129E-002
  0.23333333333333334       0.36666666666666664        3.4565818170290308E-002
  0.23333333333333334       0.40000000000000002        2.2956145993245379E-002
  0.23333333333333334       0.43333333333333335        1.4851845719895030E-002
  0.23333333333333334       0.46666666666666667        9.3559133968558281E-003
  0.23333333333333334       0.50000000000000000        5.7362028088107425E-003
  0.23333333333333334       0.53333333333333333        3.4214824956851947E-003
  0.23333333333333334       0.56666666666666665        1.9846467540844829E-003
  0.23333333333333334       0.59999999999999998        1.1190909659398430E-003
  0.23333333333333334       0.63333333333333330        6.1319697427416827E-004
  0.23333333333333334       0.66666666666666663        3.2638461869227269E-004
  0.23333333333333334       0.69999999999999996        1.6869381993209027E-004
  0.23333333333333334       0.73333333333333328        8.4635795629958542E-005
  0.23333333333333334       0.76666666666666661        4.1204012935038539E-005
  0.23333333333333334       0.80000000000000004        1.9457950843446087E-005
  0.23333333333333334       0.83333333333333337        8.9094435245009367E-006
  0.23333333333333334       0.86666666666666670        3.9528730221127584E-006
  0.23333333333333334       0.90000000000000002        1.6953413718628271E-006
  0.23333333333333334       0.93333333333333335        6.9306055616101286E-007
  0.23333333333333334       0.96666666666666667        2.4359629942239993E-007
  0.23333333333333334        1.0000000000000000        0.0000000000000000     

  0.26666666666666666        0.0000000000000000       0.74314482547739413     
  0.26666666666666666        3.3333333333333333E-002  0.62745677283703771     
  0.26666666666666666        6.6666666666666666E-002  0.52105935554969929     
  0.26666666666666666       0.10000000000000001       0.42499710301622179     
  0.26666666666666666       0.13333333333333333       0.34004494652372269     
  0.26666666666666666       0.16666666666666666       0.26659184823413939     
  0.26666666666666666       0.20000000000000001       0.20458578169074595     
  0.26666666666666666       0.23333333333333334       0.15354123304671016     
  0.26666666666666666       0.26666666666666666       0.11260015734149605     
  0.26666666666666666       0.29999999999999999        8.0629964643947144E-002
  0.26666666666666666       0.33333333333333331        5.6338804188233060E-002
  0.26666666666666666       0.36666666666666664        3.8389230245234732E-002
  0.26666666666666666       0.40000000000000002        2.5495383032344349E-002
  0.26666666666666666       0.43333333333333335        1.6494645724827804E-002
  0.26666666666666666       0.46666666666666667        1.0390794506206188E-002
  0.26666666666666666       0.50000000000000000        6.3706986270635792E-003
  0.26666666666666666       0.53333333333333333        3.7999412789769976E-003
  0.26666666666666666       0.56666666666666665        2.2041735226013622E-003
  0.26666666666666666       0.59999999999999998        1.2428764320050797E-003
  0.26666666666666666       0.63333333333333330        6.8102423368428591E-004
  0.26666666666666666       0.66666666666666663        3.6248684216739216E-004
  0.26666666666666666       0.69999999999999996        1.8735346759092179E-004
  0.26666666666666666       0.73333333333333328        9.3997573829157871E-005
  0.26666666666666666       0.76666666666666661        4.5761692426837748E-005
  0.26666666666666666       0.80000000000000004        2.1610243719662478E-005
  0.26666666666666666       0.83333333333333337        9.8949394784746537E-006
  0.26666666666666666       0.86666666666666670        4.3901102478891221E-006
  0.26666666666666666       0.90000000000000002        1.8828673444985483E-006
  0.26666666666666666       0.93333333333333335        7.6972172720690151E-007
  0.26666666666666666       0.96666666666666667        2.7054109870459663E-007
  0.26666666666666666        1.0000000000000000        0.0000000000000000     

  0.29999999999999999        0.0000000000000000       0.80901699437494745     
  0.29999999999999999        3.3333333333333333E-002  0.68307438208256199     
  0.29999999999999999        6.6666666666666666E-002  0.56724592470514068     
  0.29999999999999999       0.10000000000000001       0.46266873846476458     
  0.29999999999999999       0.13333333333333333       0.37018644436134901     
  0.29999999999999999       0.16666666666666666       0.29022248206423967     
  0.29999999999999999       0.20000000000000001       0.22272021350477825     
  0.29999999999999999       0.23333333333333334       0.16715108901185693     
  0.29999999999999999       0.26666666666666666       0.12258100673720473     
  0.29999999999999999       0.29999999999999999        8.7776984265348496E-002
  0.29999999999999999       0.33333333333333331        6.1332661506137982E-002
  0.29999999999999999       0.36666666666666664        4.1792041880149476E-002
  0.29999999999999999       0.40000000000000002        2.7755287319689063E-002
  0.29999999999999999       0.43333333333333335        1.7956726939472839E-002
  0.29999999999999999       0.46666666666666667        1.1311831896533012E-002
  0.29999999999999999       0.50000000000000000        6.9353957380039119E-003
  0.29999999999999999       0.53333333333333333        4.1367671104274931E-003
  0.29999999999999999       0.56666666666666665        2.3995509047516576E-003
  0.29999999999999999       0.59999999999999998        1.3530446837926543E-003
  0.29999999999999999       0.63333333333333330        7.4139004907667553E-004
  0.29999999999999999       0.66666666666666663        3.9461758394447729E-004
  0.29999999999999999       0.69999999999999996        2.0396043145259353E-004
  0.29999999999999999       0.73333333333333328        1.0232949493922803E-004
  0.29999999999999999       0.76666666666666661        4.9817997240158731E-005
  0.29999999999999999       0.80000000000000004        2.3525770243452010E-005
  0.29999999999999999       0.83333333333333337        1.0772024404872996E-005
  0.29999999999999999       0.86666666666666670        4.7792485070999819E-006
  0.29999999999999999       0.90000000000000002        2.0497642284926209E-006
  0.29999999999999999       0.93333333333333335        8.3794966593488457E-007
  0.29999999999999999       0.96666666666666667        2.9452179309502123E-007
  0.29999999999999999        1.0000000000000000        0.0000000000000000     

  0.33333333333333331        0.0000000000000000       0.86602540378443860     
  0.33333333333333331        3.3333333333333333E-002  0.73120808545548555     
  0.33333333333333331        6.6666666666666666E-002  0.60721762880567132     
  0.33333333333333331       0.10000000000000001       0.49527127839502949     
  0.33333333333333331       0.13333333333333333       0.39627210204805874     
  0.33333333333333331       0.16666666666666666       0.31067337764788533     
  0.33333333333333331       0.20000000000000001       0.23841447605245122     
  0.33333333333333331       0.23333333333333334       0.17892960266717570     
  0.33333333333333331       0.26666666666666666       0.13121883297137582     
  0.33333333333333331       0.29999999999999999        9.3962300878623853E-002
  0.33333333333333331       0.33333333333333331        6.5654545349897120E-002
  0.33333333333333331       0.36666666666666664        4.4736971158678286E-002
  0.33333333333333331       0.40000000000000002        2.9711098870991982E-002
  0.33333333333333331       0.43333333333333335        1.9222070496082318E-002
  0.33333333333333331       0.46666666666666667        1.2108934489448412E-002
  0.33333333333333331       0.50000000000000000        7.4241072019138122E-003
  0.33333333333333331       0.53333333333333333        4.4282696557419740E-003
  0.33333333333333331       0.56666666666666665        2.5686383050511860E-003
  0.33333333333333331       0.59999999999999998        1.4483886948817941E-003
  0.33333333333333331       0.63333333333333330        7.9363303994553925E-004
  0.33333333333333331       0.66666666666666663        4.2242481289282837E-004
  0.33333333333333331       0.69999999999999996        2.1833276214580649E-004
  0.33333333333333331       0.73333333333333328        1.0954027268892053E-004
  0.33333333333333331       0.76666666666666661        5.3328485650630396E-005
  0.33333333333333331       0.80000000000000004        2.5183543505370364E-005
  0.33333333333333331       0.83333333333333337        1.1531088777700522E-005
  0.33333333333333331       0.86666666666666670        5.1160243195450077E-006
  0.33333333333333331       0.90000000000000002        2.1942034666585869E-006
  0.33333333333333331       0.93333333333333335        8.9699685277064441E-007
  0.33333333333333331       0.96666666666666667        3.1527564508764926E-007
  0.33333333333333331        1.0000000000000000        0.0000000000000000     

  0.36666666666666664        0.0000000000000000       0.91354545764260087     
  0.36666666666666664        3.3333333333333333E-002  0.77133052002902980     
  0.36666666666666664        6.6666666666666666E-002  0.64053652949654905     
  0.36666666666666664       0.10000000000000001       0.52244752255702032     
  0.36666666666666664       0.13333333333333333       0.41801611965946139     
  0.36666666666666664       0.16666666666666666       0.32772047069343685     
  0.36666666666666664       0.20000000000000001       0.25149661970905701     
  0.36666666666666664       0.23333333333333334       0.18874772615224633     
  0.36666666666666664       0.26666666666666666       0.13841899821220641     
  0.36666666666666664       0.29999999999999999        9.9118146860597431E-002
  0.36666666666666664       0.33333333333333331        6.9257104255705873E-002
  0.36666666666666664       0.36666666666666664        4.7191752819379547E-002
  0.36666666666666664       0.40000000000000002        3.1341389405617162E-002
  0.36666666666666664       0.43333333333333335        2.0276813025859868E-002
  0.36666666666666664       0.46666666666666667        1.2773369062139970E-002
  0.36666666666666664       0.50000000000000000        7.8314785937252333E-003
  0.36666666666666664       0.53333333333333333        4.6712551520331465E-003
  0.36666666666666664       0.56666666666666665        2.7095831665584513E-003
  0.36666666666666664       0.59999999999999998        1.5278638563349883E-003
  0.36666666666666664       0.63333333333333330        8.3718082115036892E-004
  0.36666666666666664       0.66666666666666663        4.4560386719305053E-004
  0.36666666666666664       0.69999999999999996        2.3031299340788215E-004
  0.36666666666666664       0.73333333333333328        1.1555090428825746E-004
  0.36666666666666664       0.76666666666666661        5.6254696012610678E-005
  0.36666666666666664       0.80000000000000004        2.6565400594648596E-005
  0.36666666666666664       0.83333333333333337        1.2163816128844103E-005
  0.36666666666666664       0.86666666666666670        5.3967478989481808E-006
  0.36666666666666664       0.90000000000000002        2.3146025524772474E-006
  0.36666666666666664       0.93333333333333335        9.4621635437878993E-007
  0.36666666666666664       0.96666666666666667        3.3257527113702672E-007
  0.36666666666666664        1.0000000000000000        0.0000000000000000     

  0.40000000000000002        0.0000000000000000       0.95105651629515353     
  0.40000000000000002        3.3333333333333333E-002  0.80300209601384775     
  0.40000000000000002        6.6666666666666666E-002  0.66683757792937659     
  0.40000000000000002       0.10000000000000001       0.54389972233270378     
  0.40000000000000002       0.13333333333333333       0.43518026518837821     
  0.40000000000000002       0.16666666666666666       0.34117698968215376     
  0.40000000000000002       0.20000000000000001       0.26182331377107915     
  0.40000000000000002       0.23333333333333334       0.19649789005159193     
  0.40000000000000002       0.26666666666666666       0.14410261594258644     
  0.40000000000000002       0.29999999999999999       0.10318803368376062     
  0.40000000000000002       0.33333333333333331        7.2100867834308316E-002
  0.40000000000000002       0.36666666666666664        4.9129491760682507E-002
  0.40000000000000002       0.40000000000000002        3.2628297119307023E-002
  0.40000000000000002       0.43333333333333335        2.1109398548930181E-002
  0.40000000000000002       0.46666666666666667        1.3297855930387403E-002
  0.40000000000000002       0.50000000000000000        8.1530466672215442E-003
  0.40000000000000002       0.53333333333333333        4.8630613993556589E-003
  0.40000000000000002       0.56666666666666665        2.8208412678761710E-003
  0.40000000000000002       0.59999999999999998        1.5905994216521102E-003
  0.40000000000000002       0.63333333333333330        8.7155627408732543E-004
  0.40000000000000002       0.66666666666666663        4.6390079227570153E-004
  0.40000000000000002       0.69999999999999996        2.3976986731808871E-004
  0.40000000000000002       0.73333333333333328        1.2029553599963100E-004
  0.40000000000000002       0.76666666666666661        5.8564568153024854E-005
  0.40000000000000002       0.80000000000000004        2.7656201595844396E-005
  0.40000000000000002       0.83333333333333337        1.2663274165037902E-005
  0.40000000000000002       0.86666666666666670        5.6183435790283763E-006
  0.40000000000000002       0.90000000000000002        2.4096423683692430E-006
  0.40000000000000002       0.93333333333333335        9.8506891159985951E-007
  0.40000000000000002       0.96666666666666667        3.4623113291997723E-007
  0.40000000000000002        1.0000000000000000        0.0000000000000000     

  0.43333333333333335        0.0000000000000000       0.97814760073380569     
  0.43333333333333335        3.3333333333333333E-002  0.82587581299574631     
  0.43333333333333335        6.6666666666666666E-002  0.68583261431367548     
  0.43333333333333335       0.10000000000000001       0.55939284293217595     
  0.43333333333333335       0.13333333333333333       0.44757648466456607     
  0.43333333333333335       0.16666666666666666       0.35089550217603782     
  0.43333333333333335       0.20000000000000001       0.26928141681737450     
  0.43333333333333335       0.23333333333333334       0.20209518194770526     
  0.43333333333333335       0.26666666666666666       0.14820741525728848     
  0.43333333333333335       0.29999999999999999       0.10612737081640025     
  0.43333333333333335       0.33333333333333331        7.4154679216841504E-002
  0.43333333333333335       0.36666666666666664        5.0528957709248340E-002
  0.43333333333333335       0.40000000000000002        3.3557722381847628E-002
  0.43333333333333335       0.43333333333333335        2.1710705084072777E-002
  0.43333333333333335       0.46666666666666667        1.3676648706306256E-002
  0.43333333333333335       0.50000000000000000        8.3852882552970780E-003
  0.43333333333333335       0.53333333333333333        5.0015869283258083E-003
  0.43333333333333335       0.56666666666666665        2.9011936419640551E-003
  0.43333333333333335       0.59999999999999998        1.6359080468512832E-003
  0.43333333333333335       0.63333333333333330        8.9638277410050563E-004
  0.43333333333333335       0.66666666666666663        4.7711512320069819E-004
  0.43333333333333335       0.69999999999999996        2.4659977238688792E-004
  0.43333333333333335       0.73333333333333328        1.2372218464513327E-004
  0.43333333333333335       0.76666666666666661        6.0232794629330715E-005
  0.43333333333333335       0.80000000000000004        2.8443995464923866E-005
  0.43333333333333335       0.83333333333333337        1.3023990719519063E-005
  0.43333333333333335       0.86666666666666670        5.7783835111427585E-006
  0.43333333333333335       0.90000000000000002        2.4782816382233026E-006
  0.43333333333333335       0.93333333333333335        1.0131288476865190E-006
  0.43333333333333335       0.96666666666666667        3.5609361395713398E-007
  0.43333333333333335        1.0000000000000000        0.0000000000000000     

  0.46666666666666667        0.0000000000000000       0.99452189536827329     
  0.46666666666666667        3.3333333333333333E-002  0.83970106174483883     
  0.46666666666666667        6.6666666666666666E-002  0.69731352505585242     
  0.46666666666666667       0.10000000000000001       0.56875713848400511     
  0.46666666666666667       0.13333333333333333       0.45506896251336815     
  0.46666666666666667       0.16666666666666666       0.35676953011847673     
  0.46666666666666667       0.20000000000000001       0.27378921631025960     
  0.46666666666666667       0.23333333333333334       0.20547827673926383     
  0.46666666666666667       0.26666666666666666       0.15068842311603614     
  0.46666666666666667       0.29999999999999999       0.10790395426579528     
  0.46666666666666667       0.33333333333333331        7.5396036416010725E-002
  0.46666666666666667       0.36666666666666664        5.1374817823287469E-002
  0.46666666666666667       0.40000000000000002        3.4119482215567834E-002
  0.46666666666666667       0.43333333333333335        2.2074144591057152E-002
  0.46666666666666667       0.46666666666666667        1.3905597256976080E-002
  0.46666666666666667       0.50000000000000000        8.5256588705131982E-003
  0.46666666666666667       0.53333333333333333        5.0853140242598672E-003
  0.46666666666666667       0.56666666666666665        2.9497599313967802E-003
  0.46666666666666667       0.59999999999999998        1.6632933211533866E-003
  0.46666666666666667       0.63333333333333330        9.1138831686048594E-004
  0.46666666666666667       0.66666666666666663        4.8510208099314964E-004
  0.46666666666666667       0.69999999999999996        2.5072787874509634E-004
  0.46666666666666667       0.73333333333333328        1.2579330714513189E-004
  0.46666666666666667       0.76666666666666661        6.1241098003155022E-005
  0.46666666666666667       0.80000000000000004        2.8920150967400921E-005
  0.46666666666666667       0.83333333333333337        1.3242013706231897E-005
  0.46666666666666667       0.86666666666666670        5.8751142643045710E-006
  0.46666666666666667       0.90000000000000002        2.5197683358352139E-006
  0.46666666666666667       0.93333333333333335        1.0300887321070835E-006
  0.46666666666666667       0.96666666666666667        3.6205465884239698E-007
  0.46666666666666667        1.0000000000000000        0.0000000000000000     

  0.50000000000000000        0.0000000000000000        1.0000000000000000     
  0.50000000000000000        3.3333333333333333E-002  0.84432636994271093     
  0.50000000000000000        6.6666666666666666E-002  0.70115452289528113     
  0.50000000000000000       0.10000000000000001       0.57189001180652066     
  0.50000000000000000       0.13333333333333333       0.45757560957957105     
  0.50000000000000000       0.16666666666666666       0.35873471643011368     
  0.50000000000000000       0.20000000000000001       0.27529732385517258     
  0.50000000000000000       0.23333333333333334       0.20661010853177333     
  0.50000000000000000       0.26666666666666666       0.15151845707754472     
  0.50000000000000000       0.29999999999999999       0.10849831941190018     
  0.50000000000000000       0.33333333333333331        7.5811338862571173E-002
  0.50000000000000000       0.36666666666666664        5.1657804682382867E-002
  0.50000000000000000       0.40000000000000002        3.4307421862173615E-002
  0.50000000000000000       0.43333333333333335        2.2195735150590180E-002
  0.50000000000000000       0.46666666666666667        1.3982193174165172E-002
  0.50000000000000000       0.50000000000000000        8.5726205830351579E-003
  0.50000000000000000       0.53333333333333333        5.1133253555737616E-003
  0.50000000000000000       0.56666666666666665        2.9660080337441724E-003
  0.50000000000000000       0.59999999999999998        1.6724552057624290E-003
  0.50000000000000000       0.63333333333333330        9.1640849850067613E-004
  0.50000000000000000       0.66666666666666663        4.8777415887210347E-004
  0.50000000000000000       0.69999999999999996        2.5210895799559178E-004
  0.50000000000000000       0.73333333333333328        1.2648621184810656E-004
  0.50000000000000000       0.76666666666666661        6.1578431091733097E-005
  0.50000000000000000       0.80000000000000004        2.9079451243948461E-005
  0.50000000000000000       0.83333333333333337        1.3314954419709739E-005
  0.50000000000000000       0.86666666666666670        5.9074760361399634E-006
  0.50000000000000000       0.90000000000000002        2.5336479242642908E-006
  0.50000000000000000       0.93333333333333335        1.0357627488187574E-006
  0.50000000000000000       0.96666666666666667        3.6404895712057451E-007
  0.50000000000000000        1.0000000000000000        0.0000000000000000     

  0.53333333333333333        0.0000000000000000       0.99452189536827340     
  0.53333333333333333        3.3333333333333333E-002  0.83970106174483894     
  0.53333333333333333        6.6666666666666666E-002  0.69731352505585242     
  0.53333333333333333       0.10000000000000001       0.56875713848400511     
  0.53333333333333333       0.13333333333333333       0.45506896251336815     
  0.53333333333333333       0.16666666666666666       0.35676953011847673     
  0.53333333333333333       0.20000000000000001       0.27378921631025965     
  0.53333333333333333       0.23333333333333334       0.20547827673926386     
  0.53333333333333333       0.26666666666666666       0.15068842311603617     
  0.53333333333333333       0.29999999999999999       0.10790395426579528     
  0.53333333333333333       0.33333333333333331        7.5396036416010725E-002
  0.53333333333333333       0.36666666666666664        5.1374817823287469E-002
  0.53333333333333333       0.40000000000000002        3.4119482215567841E-002
  0.53333333333333333       0.43333333333333335        2.2074144591057155E-002
  0.53333333333333333       0.46666666666666667        1.3905597256976080E-002
  0.53333333333333333       0.50000000000000000        8.5256588705131982E-003
  0.53333333333333333       0.53333333333333333        5.0853140242598672E-003
  0.53333333333333333       0.56666666666666665        2.9497599313967802E-003
  0.53333333333333333       0.59999999999999998        1.6632933211533866E-003
  0.53333333333333333       0.63333333333333330        9.1138831686048594E-004
  0.53333333333333333       0.66666666666666663        4.8510208099314964E-004
  0.53333333333333333       0.69999999999999996        2.5072787874509634E-004
  0.53333333333333333       0.73333333333333328        1.2579330714513189E-004
  0.53333333333333333       0.76666666666666661        6.1241098003155022E-005
  0.53333333333333333       0.80000000000000004        2.8920150967400921E-005
  0.53333333333333333       0.83333333333333337        1.3242013706231897E-005
  0.53333333333333333       0.86666666666666670        5.8751142643045710E-006
  0.53333333333333333       0.90000000000000002        2.5197683358352139E-006
  0.53333333333333333       0.93333333333333335        1.0300887321070835E-006
  0.53333333333333333       0.96666666666666667        3.6205465884239703E-007
  0.53333333333333333        1.0000000000000000        0.0000000000000000     

  0.56666666666666665        0.0000000000000000       0.97814760073380569     
  0.56666666666666665        3.3333333333333333E-002  0.82587581299574631     
  0.56666666666666665        6.6666666666666666E-002  0.68583261431367548     
  0.56666666666666665       0.10000000000000001       0.55939284293217595     
  0.56666666666666665       0.13333333333333333       0.44757648466456607     
  0.56666666666666665       0.16666666666666666       0.35089550217603788     
  0.56666666666666665       0.20000000000000001       0.26928141681737455     
  0.56666666666666665       0.23333333333333334       0.20209518194770526     
  0.56666666666666665       0.26666666666666666       0.14820741525728848     
  0.56666666666666665       0.29999999999999999       0.10612737081640024     
  0.56666666666666665       0.33333333333333331        7.4154679216841518E-002
  0.56666666666666665       0.36666666666666664        5.0528957709248354E-002
  0.56666666666666665       0.40000000000000002        3.3557722381847635E-002
  0.56666666666666665       0.43333333333333335        2.1710705084072780E-002
  0.56666666666666665       0.46666666666666667        1.3676648706306258E-002
  0.56666666666666665       0.50000000000000000        8.3852882552970763E-003
  0.56666666666666665       0.53333333333333333        5.0015869283258083E-003
  0.56666666666666665       0.56666666666666665        2.9011936419640547E-003
  0.56666666666666665       0.59999999999999998        1.6359080468512834E-003
  0.56666666666666665       0.63333333333333330        8.9638277410050563E-004
  0.56666666666666665       0.66666666666666663        4.7711512320069819E-004
  0.56666666666666665       0.69999999999999996        2.4659977238688792E-004
  0.56666666666666665       0.73333333333333328        1.2372218464513327E-004
  0.56666666666666665       0.76666666666666661        6.0232794629330715E-005
  0.56666666666666665       0.80000000000000004        2.8443995464923866E-005
  0.56666666666666665       0.83333333333333337        1.3023990719519063E-005
  0.56666666666666665       0.86666666666666670        5.7783835111427585E-006
  0.56666666666666665       0.90000000000000002        2.4782816382233026E-006
  0.56666666666666665       0.93333333333333335        1.0131288476865190E-006
  0.56666666666666665       0.96666666666666667        3.5609361395713403E-007
  0.56666666666666665        1.0000000000000000        0.0000000000000000     

  0.59999999999999998        0.0000000000000000       0.95105651629515364     
  0.59999999999999998        3.3333333333333333E-002  0.80300209601384775     
  0.59999999999999998        6.6666666666666666E-002  0.66683757792937659     
  0.59999999999999998       0.10000000000000001       0.54389972233270378     
  0.59999999999999998       0.13333333333333333       0.43518026518837827     
  0.59999999999999998       0.16666666666666666       0.34117698968215371     
  0.59999999999999998       0.20000000000000001       0.26182331377107915     
  0.59999999999999998       0.23333333333333334       0.19649789005159196     
  0.59999999999999998       0.26666666666666666       0.14410261594258647     
  0.59999999999999998       0.29999999999999999       0.10318803368376063     
  0.59999999999999998       0.33333333333333331        7.2100867834308344E-002
  0.59999999999999998       0.36666666666666664        4.9129491760682528E-002
  0.59999999999999998       0.40000000000000002        3.2628297119307030E-002
  0.59999999999999998       0.43333333333333335        2.1109398548930184E-002
  0.59999999999999998       0.46666666666666667        1.3297855930387405E-002
  0.59999999999999998       0.50000000000000000        8.1530466672215460E-003
  0.59999999999999998       0.53333333333333333        4.8630613993556589E-003
  0.59999999999999998       0.56666666666666665        2.8208412678761710E-003
  0.59999999999999998       0.59999999999999998        1.5905994216521102E-003
  0.59999999999999998       0.63333333333333330        8.7155627408732554E-004
  0.59999999999999998       0.66666666666666663        4.6390079227570153E-004
  0.59999999999999998       0.69999999999999996        2.3976986731808874E-004
  0.59999999999999998       0.73333333333333328        1.2029553599963100E-004
  0.59999999999999998       0.76666666666666661        5.8564568153024854E-005
  0.59999999999999998       0.80000000000000004        2.7656201595844396E-005
  0.59999999999999998       0.83333333333333337        1.2663274165037904E-005
  0.59999999999999998       0.86666666666666670        5.6183435790283772E-006
  0.59999999999999998       0.90000000000000002        2.4096423683692434E-006
  0.59999999999999998       0.93333333333333335        9.8506891159985972E-007
  0.59999999999999998       0.96666666666666667        3.4623113291997733E-007
  0.59999999999999998        1.0000000000000000        0.0000000000000000     

  0.63333333333333330        0.0000000000000000       0.91354545764260098     
  0.63333333333333330        3.3333333333333333E-002  0.77133052002902980     
  0.63333333333333330        6.6666666666666666E-002  0.64053652949654916     
  0.63333333333333330       0.10000000000000001       0.52244752255702032     
  0.63333333333333330       0.13333333333333333       0.41801611965946145     
  0.63333333333333330       0.16666666666666666       0.32772047069343696     
  0.63333333333333330       0.20000000000000001       0.25149661970905701     
  0.63333333333333330       0.23333333333333334       0.18874772615224636     
  0.63333333333333330       0.26666666666666666       0.13841899821220641     
  0.63333333333333330       0.29999999999999999        9.9118146860597445E-002
  0.63333333333333330       0.33333333333333331        6.9257104255705887E-002
  0.63333333333333330       0.36666666666666664        4.7191752819379554E-002
  0.63333333333333330       0.40000000000000002        3.1341389405617169E-002
  0.63333333333333330       0.43333333333333335        2.0276813025859871E-002
  0.63333333333333330       0.46666666666666667        1.2773369062139973E-002
  0.63333333333333330       0.50000000000000000        7.8314785937252333E-003
  0.63333333333333330       0.53333333333333333        4.6712551520331474E-003
  0.63333333333333330       0.56666666666666665        2.7095831665584513E-003
  0.63333333333333330       0.59999999999999998        1.5278638563349886E-003
  0.63333333333333330       0.63333333333333330        8.3718082115036903E-004
  0.63333333333333330       0.66666666666666663        4.4560386719305053E-004
  0.63333333333333330       0.69999999999999996        2.3031299340788215E-004
  0.63333333333333330       0.73333333333333328        1.1555090428825746E-004
  0.63333333333333330       0.76666666666666661        5.6254696012610678E-005
  0.63333333333333330       0.80000000000000004        2.6565400594648599E-005
  0.63333333333333330       0.83333333333333337        1.2163816128844107E-005
  0.63333333333333330       0.86666666666666670        5.3967478989481816E-006
  0.63333333333333330       0.90000000000000002        2.3146025524772474E-006
  0.63333333333333330       0.93333333333333335        9.4621635437879003E-007
  0.63333333333333330       0.96666666666666667        3.3257527113702682E-007
  0.63333333333333330        1.0000000000000000        0.0000000000000000     

  0.66666666666666663        0.0000000000000000       0.86602540378443871     
  0.66666666666666663        3.3333333333333333E-002  0.73120808545548566     
  0.66666666666666663        6.6666666666666666E-002  0.60721762880567132     
  0.66666666666666663       0.10000000000000001       0.49527127839502955     
  0.66666666666666663       0.13333333333333333       0.39627210204805879     
  0.66666666666666663       0.16666666666666666       0.31067337764788538     
  0.66666666666666663       0.20000000000000001       0.23841447605245128     
  0.66666666666666663       0.23333333333333334       0.17892960266717572     
  0.66666666666666663       0.26666666666666666       0.13121883297137582     
  0.66666666666666663       0.29999999999999999        9.3962300878623853E-002
  0.66666666666666663       0.33333333333333331        6.5654545349897120E-002
  0.66666666666666663       0.36666666666666664        4.4736971158678286E-002
  0.66666666666666663       0.40000000000000002        2.9711098870991985E-002
  0.66666666666666663       0.43333333333333335        1.9222070496082322E-002
  0.66666666666666663       0.46666666666666667        1.2108934489448416E-002
  0.66666666666666663       0.50000000000000000        7.4241072019138130E-003
  0.66666666666666663       0.53333333333333333        4.4282696557419749E-003
  0.66666666666666663       0.56666666666666665        2.5686383050511864E-003
  0.66666666666666663       0.59999999999999998        1.4483886948817941E-003
  0.66666666666666663       0.63333333333333330        7.9363303994553936E-004
  0.66666666666666663       0.66666666666666663        4.2242481289282837E-004
  0.66666666666666663       0.69999999999999996        2.1833276214580649E-004
  0.66666666666666663       0.73333333333333328        1.0954027268892053E-004
  0.66666666666666663       0.76666666666666661        5.3328485650630390E-005
  0.66666666666666663       0.80000000000000004        2.5183543505370364E-005
  0.66666666666666663       0.83333333333333337        1.1531088777700523E-005
  0.66666666666666663       0.86666666666666670        5.1160243195450077E-006
  0.66666666666666663       0.90000000000000002        2.1942034666585869E-006
  0.66666666666666663       0.93333333333333335        8.9699685277064462E-007
  0.66666666666666663       0.96666666666666667        3.1527564508764931E-007
  0.66666666666666663        1.0000000000000000        0.0000000000000000     

  0.69999999999999996        0.0000000000000000       0.80901699437494745     
  0.69999999999999996        3.3333333333333333E-002  0.68307438208256210     
  0.69999999999999996        6.6666666666666666E-002  0.56724592470514079     
  0.69999999999999996       0.10000000000000001       0.46266873846476464     
  0.69999999999999996       0.13333333333333333       0.37018644436134907     
  0.69999999999999996       0.16666666666666666       0.29022248206423973     
  0.69999999999999996       0.20000000000000001       0.22272021350477830     
  0.69999999999999996       0.23333333333333334       0.16715108901185699     
  0.69999999999999996       0.26666666666666666       0.12258100673720473     
  0.69999999999999996       0.29999999999999999        8.7776984265348496E-002
  0.69999999999999996       0.33333333333333331        6.1332661506137989E-002
  0.69999999999999996       0.36666666666666664        4.1792041880149476E-002
  0.69999999999999996       0.40000000000000002        2.7755287319689060E-002
  0.69999999999999996       0.43333333333333335        1.7956726939472839E-002
  0.69999999999999996       0.46666666666666667        1.1311831896533012E-002
  0.69999999999999996       0.50000000000000000        6.9353957380039136E-003
  0.69999999999999996       0.53333333333333333        4.1367671104274939E-003
  0.69999999999999996       0.56666666666666665        2.3995509047516584E-003
  0.69999999999999996       0.59999999999999998        1.3530446837926547E-003
  0.69999999999999996       0.63333333333333330        7.4139004907667564E-004
  0.69999999999999996       0.66666666666666663        3.9461758394447735E-004
  0.69999999999999996       0.69999999999999996        2.0396043145259353E-004
  0.69999999999999996       0.73333333333333328        1.0232949493922803E-004
  0.69999999999999996       0.76666666666666661        4.9817997240158731E-005
  0.69999999999999996       0.80000000000000004        2.3525770243452010E-005
  0.69999999999999996       0.83333333333333337        1.0772024404872996E-005
  0.69999999999999996       0.86666666666666670        4.7792485070999819E-006
  0.69999999999999996       0.90000000000000002        2.0497642284926209E-006
  0.69999999999999996       0.93333333333333335        8.3794966593488489E-007
  0.69999999999999996       0.96666666666666667        2.9452179309502128E-007
  0.69999999999999996        1.0000000000000000        0.0000000000000000     

  0.73333333333333328        0.0000000000000000       0.74314482547739447     
  0.73333333333333328        3.3333333333333333E-002  0.62745677283703793     
  0.73333333333333328        6.6666666666666666E-002  0.52105935554969951     
  0.73333333333333328       0.10000000000000001       0.42499710301622184     
  0.73333333333333328       0.13333333333333333       0.34004494652372275     
  0.73333333333333328       0.16666666666666666       0.26659184823413945     
  0.73333333333333328       0.20000000000000001       0.20458578169074598     
  0.73333333333333328       0.23333333333333334       0.15354123304671022     
  0.73333333333333328       0.26666666666666666       0.11260015734149605     
  0.73333333333333328       0.29999999999999999        8.0629964643947144E-002
  0.73333333333333328       0.33333333333333331        5.6338804188233060E-002
  0.73333333333333328       0.36666666666666664        3.8389230245234739E-002
  0.73333333333333328       0.40000000000000002        2.5495383032344349E-002
  0.73333333333333328       0.43333333333333335        1.6494645724827804E-002
  0.73333333333333328       0.46666666666666667        1.0390794506206190E-002
  0.73333333333333328       0.50000000000000000        6.3706986270635800E-003
  0.73333333333333328       0.53333333333333333        3.7999412789769980E-003
  0.73333333333333328       0.56666666666666665        2.2041735226013626E-003
  0.73333333333333328       0.59999999999999998        1.2428764320050799E-003
  0.73333333333333328       0.63333333333333330        6.8102423368428602E-004
  0.73333333333333328       0.66666666666666663        3.6248684216739211E-004
  0.73333333333333328       0.69999999999999996        1.8735346759092179E-004
  0.73333333333333328       0.73333333333333328        9.3997573829157871E-005
  0.73333333333333328       0.76666666666666661        4.5761692426837748E-005
  0.73333333333333328       0.80000000000000004        2.1610243719662475E-005
  0.73333333333333328       0.83333333333333337        9.8949394784746520E-006
  0.73333333333333328       0.86666666666666670        4.3901102478891221E-006
  0.73333333333333328       0.90000000000000002        1.8828673444985485E-006
  0.73333333333333328       0.93333333333333335        7.6972172720690172E-007
  0.73333333333333328       0.96666666666666667        2.7054109870459673E-007
  0.73333333333333328        1.0000000000000000        0.0000000000000000     

  0.76666666666666661        0.0000000000000000       0.66913060635885835     
  0.76666666666666661        3.3333333333333333E-002  0.56496461588453983     
  0.76666666666666661        6.6666666666666666E-002  0.46916395105617559     
  0.76666666666666661       0.10000000000000001       0.38266911037067186     
  0.76666666666666661       0.13333333333333333       0.30617784509300267     
  0.76666666666666661       0.16666666666666666       0.24004037832685507     
  0.76666666666666661       0.20000000000000001       0.18420986524018265     
  0.76666666666666661       0.23333333333333334       0.13824914720173501     
  0.76666666666666661       0.26666666666666666       0.10138563705885616     
  0.76666666666666661       0.29999999999999999        7.2599546257001851E-002
  0.76666666666666661       0.33333333333333331        5.0727687141989129E-002
  0.76666666666666661       0.36666666666666664        3.4565818170290315E-002
  0.76666666666666661       0.40000000000000002        2.2956145993245379E-002
  0.76666666666666661       0.43333333333333335        1.4851845719895031E-002
  0.76666666666666661       0.46666666666666667        9.3559133968558299E-003
  0.76666666666666661       0.50000000000000000        5.7362028088107442E-003
  0.76666666666666661       0.53333333333333333        3.4214824956851956E-003
  0.76666666666666661       0.56666666666666665        1.9846467540844829E-003
  0.76666666666666661       0.59999999999999998        1.1190909659398434E-003
  0.76666666666666661       0.63333333333333330        6.1319697427416827E-004
  0.76666666666666661       0.66666666666666663        3.2638461869227269E-004
  0.76666666666666661       0.69999999999999996        1.6869381993209025E-004
  0.76666666666666661       0.73333333333333328        8.4635795629958542E-005
  0.76666666666666661       0.76666666666666661        4.1204012935038539E-005
  0.76666666666666661       0.80000000000000004        1.9457950843446087E-005
  0.76666666666666661       0.83333333333333337        8.9094435245009367E-006
  0.76666666666666661       0.86666666666666670        3.9528730221127584E-006
  0.76666666666666661       0.90000000000000002        1.6953413718628273E-006
  0.76666666666666661       0.93333333333333335        6.9306055616101296E-007
  0.76666666666666661       0.96666666666666667        2.4359629942239998E-007
  0.76666666666666661        1.0000000000000000        0.0000000000000000     

  0.80000000000000004        0.0000000000000000       0.58778525229247325     
  0.80000000000000004        3.3333333333333333E-002  0.49628258837396449     
  0.80000000000000004        6.6666666666666666E-002  0.41212828813601149     
  0.80000000000000004       0.10000000000000001       0.33614851487324127     
  0.80000000000000004       0.13333333333333333       0.26895619511961050     
  0.80000000000000004       0.16666666666666666       0.21085897580294322     
  0.80000000000000004       0.20000000000000001       0.16181570695765535     
  0.80000000000000004       0.23333333333333334       0.12144237476952367     
  0.80000000000000004       0.26666666666666666        8.9060314520290909E-002
  0.80000000000000004       0.29999999999999999        6.3773712048833087E-002
  0.80000000000000004       0.33333333333333331        4.4560786939966575E-002
  0.80000000000000004       0.36666666666666664        3.0363695758109713E-002
  0.80000000000000004       0.40000000000000002        2.0165396614762028E-002
  0.80000000000000004       0.43333333333333335        1.3046325785306566E-002
  0.80000000000000004       0.46666666666666667        8.2185269424787707E-003
  0.80000000000000004       0.50000000000000000        5.0388599522069692E-003
  0.80000000000000004       0.53333333333333333        3.0055372341794232E-003
  0.80000000000000004       0.56666666666666665        1.7433757804158206E-003
  0.80000000000000004       0.59999999999999998        9.8304450506692944E-004
  0.80000000000000004       0.63333333333333330        5.3865140049418644E-004
  0.80000000000000004       0.66666666666666663        2.8670645703438822E-004
  0.80000000000000004       0.69999999999999996        1.4818592748063142E-004
  0.80000000000000004       0.73333333333333328        7.4346729942658519E-005
  0.80000000000000004       0.76666666666666661        3.6194893655029012E-005
  0.80000000000000004       0.80000000000000004        1.7092472585950921E-005
  0.80000000000000004       0.83333333333333337        7.8263338428518692E-006
  0.80000000000000004       0.86666666666666670        3.4723272923142680E-006
  0.80000000000000004       0.90000000000000002        1.4892408843839869E-006
  0.80000000000000004       0.93333333333333335        6.0880606862957882E-007
  0.80000000000000004       0.96666666666666667        2.1398260810792862E-007
  0.80000000000000004        1.0000000000000000        0.0000000000000000     

  0.83333333333333337        0.0000000000000000       0.49999999999999994     
  0.83333333333333337        3.3333333333333333E-002  0.42216318497135552     
  0.83333333333333337        6.6666666666666666E-002  0.35057726144764056     
  0.83333333333333337       0.10000000000000001       0.28594500590326039     
  0.83333333333333337       0.13333333333333333       0.22878780478978558     
  0.83333333333333337       0.16666666666666666       0.17936735821505689     
  0.83333333333333337       0.20000000000000001       0.13764866192758632     
  0.83333333333333337       0.23333333333333334       0.10330505426588669     
  0.83333333333333337       0.26666666666666666        7.5759228538772386E-002
  0.83333333333333337       0.29999999999999999        5.4249159705950095E-002
  0.83333333333333337       0.33333333333333331        3.7905669431285587E-002
  0.83333333333333337       0.36666666666666664        2.5828902341191437E-002
  0.83333333333333337       0.40000000000000002        1.7153710931086807E-002
  0.83333333333333337       0.43333333333333335        1.1097867575295090E-002
  0.83333333333333337       0.46666666666666667        6.9910965870825853E-003
  0.83333333333333337       0.50000000000000000        4.2863102915175789E-003
  0.83333333333333337       0.53333333333333333        2.5566626777868808E-003
  0.83333333333333337       0.56666666666666665        1.4830040168720862E-003
  0.83333333333333337       0.59999999999999998        8.3622760288121461E-004
  0.83333333333333337       0.63333333333333330        4.5820424925033812E-004
  0.83333333333333337       0.66666666666666663        2.4388707943605179E-004
  0.83333333333333337       0.69999999999999996        1.2605447899779589E-004
  0.83333333333333337       0.73333333333333328        6.3243105924053278E-005
  0.83333333333333337       0.76666666666666661        3.0789215545866555E-005
  0.83333333333333337       0.80000000000000004        1.4539725621974231E-005
  0.83333333333333337       0.83333333333333337        6.6574772098548689E-006
  0.83333333333333337       0.86666666666666670        2.9537380180699817E-006
  0.83333333333333337       0.90000000000000002        1.2668239621321454E-006
  0.83333333333333337       0.93333333333333335        5.1788137440937868E-007
  0.83333333333333337       0.96666666666666667        1.8202447856028723E-007
  0.83333333333333337        1.0000000000000000        0.0000000000000000     

  0.86666666666666670        0.0000000000000000       0.40673664307580004     
  0.86666666666666670        3.3333333333333333E-002  0.34341847337087444     
  0.86666666666666670        6.6666666666666666E-002  0.28518523691984093     
  0.86666666666666670       0.10000000000000001       0.23260862361076401     
  0.86666666666666670       0.13333333333333333       0.18611276739375776     
  0.86666666666666670       0.16666666666666666       0.14591055431553360     
  0.86666666666666670       0.20000000000000001       0.11197350935260435     
  0.86666666666666670       0.23333333333333334        8.4035901969740257E-002
  0.86666666666666670       0.26666666666666666        6.1628108595745280E-002
  0.86666666666666670       0.29999999999999999        4.4130242216962212E-002
  0.86666666666666670       0.33333333333333331        3.0835249476044158E-002
  0.86666666666666670       0.36666666666666664        2.1011122065177759E-002
  0.86666666666666670       0.40000000000000002        1.3954085600805815E-002
  0.86666666666666670       0.43333333333333335        9.0278188057505912E-003
  0.86666666666666670       0.46666666666666667        5.6870703144973091E-003
  0.86666666666666670       0.50000000000000000        3.4867989183062290E-003
  0.86666666666666670       0.53333333333333333        2.0797767900804440E-003
  0.86666666666666670       0.56666666666666665        1.2063841509809595E-003
  0.86666666666666670       0.59999999999999998        6.8024881608645714E-004
  0.86666666666666670       0.63333333333333330        3.7273691636629955E-004
  0.86666666666666670       0.66666666666666663        1.9839562395876145E-004
  0.86666666666666670       0.69999999999999996        1.0254195126446492E-004
  0.86666666666666670       0.73333333333333328        5.1446577202473367E-005
  0.86666666666666670       0.76666666666666661        2.5046204348126006E-005
  0.86666666666666670       0.80000000000000004        1.1827678381450000E-005
  0.86666666666666670       0.83333333333333337        5.4156798633800289E-006
  0.86666666666666670       0.86666666666666670        2.4027869719903034E-006
  0.86666666666666670       0.90000000000000002        1.0305274514512268E-006
  0.86666666666666670       0.93333333333333335        4.2128266347750466E-007
  0.86666666666666670       0.96666666666666667        1.4807205073446838E-007
  0.86666666666666670        1.0000000000000000        0.0000000000000000     

  0.90000000000000002        0.0000000000000000       0.30901699437494751     
  0.90000000000000002        3.3333333333333333E-002  0.26091119711120653     
  0.90000000000000002        6.6666666666666666E-002  0.21666866325750006     
  0.90000000000000002       0.10000000000000001       0.17672373256150425     
  0.90000000000000002       0.13333333333333333       0.14139863957156348     
  0.90000000000000002       0.16666666666666666       0.11085512384918284     
  0.90000000000000002       0.20000000000000001        8.5071551577191984E-002
  0.90000000000000002       0.23333333333333334        6.3846034745970295E-002
  0.90000000000000002       0.26666666666666666        4.6821778198432369E-002
  0.90000000000000002       0.29999999999999999        3.3527824559398407E-002
  0.90000000000000002       0.33333333333333331        2.3426992074852392E-002
  0.90000000000000002       0.36666666666666664        1.5963139538958039E-002
  0.90000000000000002       0.40000000000000002        1.0601576388602253E-002
  0.90000000000000002       0.43333333333333335        6.8588593641777489E-003
  0.90000000000000002       0.46666666666666667        4.3207353094504271E-003
  0.90000000000000002       0.50000000000000000        2.6490854464863334E-003
  0.90000000000000002       0.53333333333333333        1.5801044326406129E-003
  0.90000000000000002       0.56666666666666665        9.1654688787957180E-004
  0.90000000000000002       0.59999999999999998        5.1681708091144013E-004
  0.90000000000000002       0.63333333333333330        2.8318579982633752E-004
  0.90000000000000002       0.66666666666666663        1.5073050450842553E-004
  0.90000000000000002       0.69999999999999996        7.7905952454797642E-005
  0.90000000000000002       0.73333333333333328        3.9086389015174753E-005
  0.90000000000000002       0.76666666666666661        1.9028781694292176E-005
  0.90000000000000002       0.80000000000000004        8.9860446214777808E-006
  0.90000000000000002       0.83333333333333337        4.1145471950181260E-006
  0.90000000000000002       0.86666666666666670        1.8255104890300000E-006
  0.90000000000000002       0.90000000000000002        7.8294026636047552E-007
  0.90000000000000002       0.93333333333333335        3.2006829152550604E-007
  0.90000000000000002       0.96666666666666667        1.1249731453473404E-007
  0.90000000000000002        1.0000000000000000        0.0000000000000000     

  0.93333333333333335        0.0000000000000000       0.20791169081775931     
  0.93333333333333335        3.3333333333333333E-002  0.17554532317681007     
  0.93333333333333335        6.6666666666666666E-002  0.14577822237967727     
  0.93333333333333335       0.10000000000000001       0.11890261931648208     
  0.93333333333333335       0.13333333333333333        9.5135318664655563E-002
  0.93333333333333335       0.16666666666666666        7.4585141448014383E-002
  0.93333333333333335       0.20000000000000001        5.7237532080333220E-002
  0.93333333333333335       0.23333333333333334        4.2956657004881771E-002
  0.93333333333333335       0.26666666666666666        3.1502458601090425E-002
  0.93333333333333335       0.29999999999999999        2.2558069039813489E-002
  0.93333333333333335       0.33333333333333331        1.5762063646075283E-002
  0.93333333333333335       0.36666666666666664        1.0740261515447788E-002
  0.93333333333333335       0.40000000000000002        7.1329140869626790E-003
  0.93333333333333335       0.43333333333333335        4.6147528241023790E-003
  0.93333333333333335       0.46666666666666667        2.9070614241812143E-003
  0.93333333333333335       0.50000000000000000        1.7823480401579653E-003
  0.93333333333333335       0.53333333333333333        1.0631201203786611E-003
  0.93333333333333335       0.56666666666666665        6.1666774527480877E-004
  0.93333333333333335       0.59999999999999998        3.4772298964703025E-004
  0.93333333333333335       0.63333333333333330        1.9053204040303965E-004
  0.93333333333333335       0.66666666666666663        1.0141395010830942E-004
  0.93333333333333335       0.69999999999999996        5.2416399727166956E-005
  0.93333333333333335       0.73333333333333328        2.6297962170473140E-005
  0.93333333333333335       0.76666666666666661        1.2802875726187111E-005
  0.93333333333333335       0.80000000000000004        6.0459578761819201E-006
  0.93333333333333335       0.83333333333333337        2.7683346865632495E-006
  0.93333333333333335       0.86666666666666670        1.2282333311392548E-006
  0.93333333333333335       0.90000000000000002        5.2677502387069493E-007
  0.93333333333333335       0.93333333333333335        2.1534718439295799E-007
  0.93333333333333335       0.96666666666666667        7.5690034215380602E-008
  0.93333333333333335        1.0000000000000000        0.0000000000000000     

  0.96666666666666667        0.0000000000000000       0.10452846326765373     
  0.96666666666666667        3.3333333333333333E-002   8.8256137946467944E-002
  0.96666666666666667        6.6666666666666666E-002   7.3290604791408531E-002
  0.96666666666666667       0.10000000000000001        5.9778784092255823E-002
  0.96666666666666667       0.13333333333333333        4.7829675298112356E-002
  0.96666666666666667       0.16666666666666666        3.7497988629197239E-002
  0.96666666666666667       0.20000000000000001        2.8776406204278723E-002
  0.96666666666666667       0.23333333333333334        2.1596637140389372E-002
  0.96666666666666667       0.26666666666666666        1.5837991475001669E-002
  0.96666666666666667       0.29999999999999999        1.1341162595248942E-002
  0.96666666666666667       0.33333333333333331        7.9244427495679028E-003
  0.96666666666666667       0.36666666666666664        5.3997109392300759E-003
  0.96666666666666667       0.40000000000000002        3.5861020859281065E-003
  0.96666666666666667       0.43333333333333335        2.3200860863870306E-003
  0.96666666666666667       0.46666666666666667        1.4615371656069593E-003
  0.96666666666666667       0.50000000000000000        8.9608285572132049E-004
  0.96666666666666667       0.53333333333333333        5.3448804160565312E-004
  0.96666666666666667       0.56666666666666665        3.1003226180679284E-004
  0.96666666666666667       0.59999999999999998        1.7481917254233388E-004
  0.96666666666666667       0.63333333333333330        9.5790772073693406E-005
  0.96666666666666667       0.66666666666666663        5.0986283248573240E-005
  0.96666666666666667       0.69999999999999996        2.6352561955288612E-005
  0.96666666666666667       0.73333333333333328        1.3221409349029441E-005
  0.96666666666666667       0.76666666666666661        6.4366987724519538E-006
  0.96666666666666667       0.80000000000000004        3.0396303511965868E-006
  0.96666666666666667       0.83333333333333337        1.3917917239711096E-006
  0.96666666666666667       0.86666666666666670        6.1749939184819934E-007
  0.96666666666666667       0.90000000000000002        2.6483832398462634E-007
  0.96666666666666667       0.93333333333333335        1.0826668844390528E-007
  0.96666666666666667       0.96666666666666667        3.8053478042005519E-008
  0.96666666666666667        1.0000000000000000        0.0000000000000000     

   1.0000000000000000        0.0000000000000000        1.2246467991473532E-016
   1.0000000000000000        3.3333333333333333E-002   0.0000000000000000     
   1.0000000000000000        6.6666666666666666E-002   0.0000000000000000     
   1.0000000000000000       0.10000000000000001        0.0000000000000000     
   1.0000000000000000       0.13333333333333333        0.0000000000000000     
   1.0000000000000000       0.16666666666666666        0.0000000000000000     
   1.0000000000000000       0.20000000000000001        0.0000000000000000     
   1.0000000000000000       0.23333333333333334        0.0000000000000000     
   1.0000000000000000       0.26666666666666666        0.0000000000000000     
   1.0000000000000000       0.29999999999999999        0.0000000000000000     
   1.0000000000000000       0.33333333333333331        0.0000000000000000     
   1.0000000000000000       0.36666666666666664        0.0000000000000000     
   1.0000000000000000       0.40000000000000002        0.0000000000000000     
   1.0000000000000000       0.43333333333333335        0.0000000000000000     
   1.0000000000000000       0.46666666666666667        0.0000000000000000     
   1.0000000000000000       0.50000000000000000        0.0000000000000000     
   1.0000000000000000       0.53333333333333333        0.0000000000000000     
   1.0000000000000000       0.56666666666666665        0.0000000000000000     
   1.0000000000000000       0.59999999999999998        0.0000000000000000     
   1.0000000000000000       0.63333333333333330        0.0000000000000000     
   1.0000000000000000       0.66666666666666663        0.0000000000000000     
   1.0000000000000000       0.69999999999999996        0.0000000000000000     
   1.0000000000000000       0.73333333333333328        0.0000000000000000     
   1.0000000000000000       0.76666666666666661        0.0000000000000000     
   1.0000000000000000       0.80000000000000004        0.0000000000000000     
   1.0000000000000000       0.83333333333333337        0.0000000000000000     
   1.0000000000000000       0.86666666666666670        0.0000000000000000     
   1.0000000000000000       0.90000000000000002        0.0000000000000000     
   1.0000000000000000       0.93333333333333335        0.0000000000000000     
   1.0000000000000000       0.96666666666666667        0.0000000000000000     
   1.0000000000000000        1.0000000000000000        0.0000000000000000     

