   0.0000000000000000        0.0000000000000000        0.0000000000000000     
   0.0000000000000000        3.3333333333333333E-002   0.0000000000000000     
   0.0000000000000000        6.6666666666666666E-002   0.0000000000000000     
   0.0000000000000000       0.10000000000000001        0.0000000000000000     
   0.0000000000000000       0.13333333333333333        0.0000000000000000     
   0.0000000000000000       0.16666666666666666        0.0000000000000000     
   0.0000000000000000       0.20000000000000001        0.0000000000000000     
   0.0000000000000000       0.23333333333333334        0.0000000000000000     
   0.0000000000000000       0.26666666666666666        0.0000000000000000     
   0.0000000000000000       0.29999999999999999        0.0000000000000000     
   0.0000000000000000       0.33333333333333331        0.0000000000000000     
   0.0000000000000000       0.36666666666666664        0.0000000000000000     
   0.0000000000000000       0.40000000000000002        0.0000000000000000     
   0.0000000000000000       0.43333333333333335        0.0000000000000000     
   0.0000000000000000       0.46666666666666667        0.0000000000000000     
   0.0000000000000000       0.50000000000000000        0.0000000000000000     
   0.0000000000000000       0.53333333333333333        0.0000000000000000     
   0.0000000000000000       0.56666666666666665        0.0000000000000000     
   0.0000000000000000       0.59999999999999998        0.0000000000000000     
   0.0000000000000000       0.63333333333333330        0.0000000000000000     
   0.0000000000000000       0.66666666666666663        0.0000000000000000     
   0.0000000000000000       0.69999999999999996        0.0000000000000000     
   0.0000000000000000       0.73333333333333328        0.0000000000000000     
   0.0000000000000000       0.76666666666666661        0.0000000000000000     
   0.0000000000000000       0.80000000000000004        0.0000000000000000     
   0.0000000000000000       0.83333333333333337        0.0000000000000000     
   0.0000000000000000       0.86666666666666670        0.0000000000000000     
   0.0000000000000000       0.90000000000000002        0.0000000000000000     
   0.0000000000000000       0.93333333333333335        0.0000000000000000     
   0.0000000000000000       0.96666666666666667        0.0000000000000000     
   0.0000000000000000        1.0000000000000000        0.0000000000000000     

   3.3333333333333333E-002   0.0000000000000000       0.10452846326765346     
   3.3333333333333333E-002   3.3333333333333333E-002   8.8622442106179380E-002
   3.3333333333333333E-002   6.6666666666666666E-002   7.3992758504312819E-002
   3.3333333333333333E-002  0.10000000000000001        6.0760047271259401E-002
   3.3333333333333333E-002  0.13333333333333333        4.9014571115748022E-002
   3.3333333333333333E-002  0.16666666666666666        3.8801842812136077E-002
   3.3333333333333333E-002  0.20000000000000001        3.0115212987516737E-002
   3.3333333333333333E-002  0.23333333333333334        2.2895680936162666E-002
   3.3333333333333333E-002  0.26666666666666666        1.7038059204293299E-002
   3.3333333333333333E-002  0.29999999999999999        1.2401771828259064E-002
   3.3333333333333333E-002  0.33333333333333331        8.8241267627107624E-003
   3.3333333333333333E-002  0.36666666666666664        6.1339023552504724E-003
   3.3333333333333333E-002  0.40000000000000002        4.1634532983627105E-003
   3.3333333333333333E-002  0.43333333333333335        2.7581350200678008E-003
   3.3333333333333333E-002  0.46666666666666667        1.7825075986348006E-003
   3.3333333333333333E-002  0.50000000000000000        1.1233719857034969E-003
   3.3333333333333333E-002  0.53333333333333333        6.9012122224974121E-004
   3.3333333333333333E-002  0.56666666666666665        4.1312265322889099E-004
   3.3333333333333333E-002  0.59999999999999998        2.4089840860231891E-004
   3.3333333333333333E-002  0.63333333333333330        1.3678714295492332E-004
   3.3333333333333333E-002  0.66666666666666663        7.5608824115574257E-005
   3.3333333333333333E-002  0.69999999999999996        4.0670362597852407E-005
   3.3333333333333333E-002  0.73333333333333328        2.1282681041058133E-005
   3.3333333333333333E-002  0.76666666666666661        1.0831335755709539E-005
   3.3333333333333333E-002  0.80000000000000004        5.3592670339206992E-006
   3.3333333333333333E-002  0.83333333333333337        2.5770866692176240E-006
   3.3333333333333333E-002  0.86666666666666670        1.2034309414110368E-006
   3.3333333333333333E-002  0.90000000000000002        5.4408657375233467E-007
   3.3333333333333333E-002  0.93333333333333335        2.3418412925915883E-007
   3.3333333333333333E-002  0.96666666666666667        8.5834020580750583E-008
   3.3333333333333333E-002   1.0000000000000000        0.0000000000000000     

   6.6666666666666666E-002   0.0000000000000000       0.20791169081775931     
   6.6666666666666666E-002   3.3333333333333333E-002  0.17627391819120514     
   6.6666666666666666E-002   6.6666666666666666E-002  0.14717483686247224     
   6.6666666666666666E-002  0.10000000000000001       0.12085439474975755     
   6.6666666666666666E-002  0.13333333333333333        9.7492128333393491E-002
   6.6666666666666666E-002  0.16666666666666666        7.7178564514614786E-002
   6.6666666666666666E-002  0.20000000000000001        5.9900477399528772E-002
   6.6666666666666666E-002  0.23333333333333334        4.5540512000759467E-002
   6.6666666666666666E-002  0.26666666666666666        3.3889445866501250E-002
   6.6666666666666666E-002  0.29999999999999999        2.4667667249130124E-002
   6.6666666666666666E-002  0.33333333333333331        1.7551574546042021E-002
   6.6666666666666666E-002  0.36666666666666664        1.2200600392695235E-002
   6.6666666666666666E-002  0.40000000000000002        8.2812909311299424E-003
   6.6666666666666666E-002  0.43333333333333335        5.4860513356788801E-003
   6.6666666666666666E-002  0.46666666666666667        3.5454856710052623E-003
   6.6666666666666666E-002  0.50000000000000000        2.2344360728509252E-003
   6.6666666666666666E-002  0.53333333333333333        1.3726813319713640E-003
   6.6666666666666666E-002  0.56666666666666665        8.2171904821753321E-004
   6.6666666666666666E-002  0.59999999999999998        4.7915748382875795E-004
   6.6666666666666666E-002  0.63333333333333330        2.7207561734708262E-004
   6.6666666666666666E-002  0.66666666666666663        1.5038926213197467E-004
   6.6666666666666666E-002  0.69999999999999996        8.0895132192262227E-005
   6.6666666666666666E-002  0.73333333333333328        4.2332184574943099E-005
   6.6666666666666666E-002  0.76666666666666661        2.1544001130276803E-005
   6.6666666666666666E-002  0.80000000000000004        1.0659816816719035E-005
   6.6666666666666666E-002  0.83333333333333337        5.1259382375972430E-006
   6.6666666666666666E-002  0.86666666666666670        2.3936768415938597E-006
   6.6666666666666666E-002  0.90000000000000002        1.0822120211452035E-006
   6.6666666666666666E-002  0.93333333333333335        4.6580248819197475E-007
   6.6666666666666666E-002  0.96666666666666667        1.7072762567009495E-007
   6.6666666666666666E-002   1.0000000000000000        0.0000000000000000     

  0.10000000000000001        0.0000000000000000       0.30901699437494740     
  0.10000000000000001        3.3333333333333333E-002  0.26199410034083925     
  0.10000000000000001        6.6666666666666666E-002  0.21874443690965178     
  0.10000000000000001       0.10000000000000001       0.17962463618896937     
  0.10000000000000001       0.13333333333333333       0.14490154139147884     
  0.10000000000000001       0.16666666666666666       0.11470970171361843     
  0.10000000000000001       0.20000000000000001        8.9029459646170803E-002
  0.10000000000000001       0.23333333333333334        6.7686391685911146E-002
  0.10000000000000001       0.26666666666666666        5.0369532667973345E-002
  0.10000000000000001       0.29999999999999999        3.6663298545578475E-002
  0.10000000000000001       0.33333333333333331        2.6086723605743753E-002
  0.10000000000000001       0.36666666666666664        1.8133626099097851E-002
  0.10000000000000001       0.40000000000000002        1.2308397007484179E-002
  0.10000000000000001       0.43333333333333335        8.1538613248262129E-003
  0.10000000000000001       0.46666666666666667        5.2696186604236153E-003
  0.10000000000000001       0.50000000000000000        3.3210192107983897E-003
  0.10000000000000001       0.53333333333333333        2.0402020577678726E-003
  0.10000000000000001       0.56666666666666665        1.2213125173581385E-003
  0.10000000000000001       0.59999999999999998        7.1216680939221934E-004
  0.10000000000000001       0.63333333333333330        4.0438317434010401E-004
  0.10000000000000001       0.66666666666666663        2.2352200392148079E-004
  0.10000000000000001       0.69999999999999996        1.2023359778997889E-004
  0.10000000000000001       0.73333333333333328        6.2917887836045860E-005
  0.10000000000000001       0.76666666666666661        3.2020625920088676E-005
  0.10000000000000001       0.80000000000000004        1.5843575415763320E-005
  0.10000000000000001       0.83333333333333337        7.6186289539742104E-006
  0.10000000000000001       0.86666666666666670        3.5576971173910983E-006
  0.10000000000000001       0.90000000000000002        1.6084805271669808E-006
  0.10000000000000001       0.93333333333333335        6.9231741758872209E-007
  0.10000000000000001       0.96666666666666667        2.5375070316554519E-007
  0.10000000000000001        1.0000000000000000        0.0000000000000000     

  0.13333333333333333        0.0000000000000000       0.40673664307580015     
  0.13333333333333333        3.3333333333333333E-002  0.34484382030134891     
  0.13333333333333333        6.6666666666666666E-002  0.28791742713083296     
  0.13333333333333333       0.10000000000000001       0.23642687252522321     
  0.13333333333333333       0.13333333333333333       0.19072338283948226     
  0.13333333333333333       0.16666666666666666       0.15098405541609936     
  0.13333333333333333       0.20000000000000001       0.11718301650231723     
  0.13333333333333333       0.23333333333333334        8.9090685099463926E-002
  0.13333333333333333       0.26666666666666666        6.6297760329032770E-002
  0.13333333333333333       0.29999999999999999        4.8257239070873009E-002
  0.13333333333333333       0.33333333333333331        3.4336061062623081E-002
  0.13333333333333333       0.36666666666666664        2.3867976003253535E-002
  0.13333333333333333       0.40000000000000002        1.6200649710526753E-002
  0.13333333333333333       0.43333333333333335        1.0732335902993573E-002
  0.13333333333333333       0.46666666666666667        6.9360166050597685E-003
  0.13333333333333333       0.50000000000000000        4.3712165673043977E-003
  0.13333333333333333       0.53333333333333333        2.6853699028797483E-003
  0.13333333333333333       0.56666666666666665        1.6075250309824929E-003
  0.13333333333333333       0.59999999999999998        9.3737348636149375E-004
  0.13333333333333333       0.63333333333333330        5.3226022465243576E-004
  0.13333333333333333       0.66666666666666663        2.9420579186103678E-004
  0.13333333333333333       0.69999999999999996        1.5825475892981066E-004
  0.13333333333333333       0.73333333333333328        8.2814249551602402E-005
  0.13333333333333333       0.76666666666666661        4.2146426031573300E-005
  0.13333333333333333       0.80000000000000004        2.0853748487071193E-005
  0.13333333333333333       0.83333333333333337        1.0027848377230833E-005
  0.13333333333333333       0.86666666666666670        4.6827385190742151E-006
  0.13333333333333333       0.90000000000000002        2.1171261839369267E-006
  0.13333333333333333       0.93333333333333335        9.1124717248163381E-007
  0.13333333333333333       0.96666666666666667        3.3399363485636528E-007
  0.13333333333333333        1.0000000000000000        0.0000000000000000     

  0.16666666666666666        0.0000000000000000       0.49999999999999994     
  0.16666666666666666        3.3333333333333333E-002  0.42391535920342832     
  0.16666666666666666        6.6666666666666666E-002  0.35393593376977367     
  0.16666666666666666       0.10000000000000001       0.29063876657058685     
  0.16666666666666666       0.13333333333333333       0.23445561899366255     
  0.16666666666666666       0.16666666666666666       0.18560419621199667     
  0.16666666666666666       0.20000000000000001       0.14405269170754156     
  0.16666666666666666       0.23333333333333334       0.10951888232364254     
  0.16666666666666666       0.26666666666666666        8.1499615854229046E-002
  0.16666666666666666       0.29999999999999999        5.9322463186430557E-002
  0.16666666666666666       0.33333333333333331        4.2209205449217600E-002
  0.16666666666666666       0.36666666666666664        2.9340823367622490E-002
  0.16666666666666666       0.40000000000000002        1.9915404705136898E-002
  0.16666666666666666       0.43333333333333335        1.3193224763122060E-002
  0.16666666666666666       0.46666666666666667        8.5264221003160997E-003
  0.16666666666666666       0.50000000000000000        5.3735219603631467E-003
  0.16666666666666666       0.53333333333333333        3.3011162733858940E-003
  0.16666666666666666       0.56666666666666665        1.9761251639711639E-003
  0.16666666666666666       0.59999999999999998        1.1523101032561785E-003
  0.16666666666666666       0.63333333333333330        6.5430572056086249E-004
  0.16666666666666666       0.66666666666666663        3.6166619957844325E-004
  0.16666666666666666       0.69999999999999996        1.9454204781387007E-004
  0.16666666666666666       0.73333333333333328        1.0180328101907577E-004
  0.16666666666666666       0.76666666666666661        5.1810461079749353E-005
  0.16666666666666666       0.80000000000000004        2.5635443526027301E-005
  0.16666666666666666       0.83333333333333337        1.2327200595204331E-005
  0.16666666666666666       0.86666666666666670        5.7564748576163219E-006
  0.16666666666666666       0.90000000000000002        2.6025761631985232E-006
  0.16666666666666666       0.93333333333333335        1.1201931126621067E-006
  0.16666666666666666       0.96666666666666667        4.1057726239103761E-007
  0.16666666666666666        1.0000000000000000        0.0000000000000000     

  0.20000000000000001        0.0000000000000000       0.58778525229247314     
  0.20000000000000001        3.3333333333333333E-002  0.49834239272008296     
  0.20000000000000001        6.6666666666666666E-002  0.41607664425247692     
  0.20000000000000001       0.10000000000000001       0.34166636146933116     
  0.20000000000000001       0.13333333333333333       0.27561911032315578     
  0.20000000000000001       0.16666666666666666       0.21819081859402029     
  0.20000000000000001       0.20000000000000001       0.16934409547745433     
  0.20000000000000001       0.23333333333333334       0.12874716775478381     
  0.20000000000000001       0.26666666666666666        9.5808544533235326E-002
  0.20000000000000001       0.29999999999999999        6.9737737981294068E-002
  0.20000000000000001       0.33333333333333331        4.9619896948066393E-002
  0.20000000000000001       0.36666666666666664        3.4492206531213758E-002
  0.20000000000000001       0.40000000000000002        2.3411962358231196E-002
  0.20000000000000001       0.43333333333333335        1.5509565891886007E-002
  0.20000000000000001       0.46666666666666667        1.0023410330772836E-002
  0.20000000000000001       0.50000000000000000        6.3169539223423927E-003
  0.20000000000000001       0.53333333333333333        3.8806949231978329E-003
  0.20000000000000001       0.56666666666666665        2.3230744561325905E-003
  0.20000000000000001       0.59999999999999998        1.3546217695231974E-003
  0.20000000000000001       0.63333333333333330        7.6918250607255006E-004
  0.20000000000000001       0.66666666666666663        4.2516411672975033E-004
  0.20000000000000001       0.69999999999999996        2.2869789331154001E-004
  0.20000000000000001       0.73333333333333328        1.1967693443599799E-004
  0.20000000000000001       0.76666666666666661        6.0906849874299668E-005
  0.20000000000000001       0.80000000000000004        3.0136271281150807E-005
  0.20000000000000001       0.83333333333333337        1.4491493423824207E-005
  0.20000000000000001       0.86666666666666670        6.7671420529985769E-006
  0.20000000000000001       0.90000000000000002        3.0595117733920419E-006
  0.20000000000000001       0.93333333333333335        1.3168659826847741E-006
  0.20000000000000001       0.96666666666666667        4.8266251952013799E-007
  0.20000000000000001        1.0000000000000000        0.0000000000000000     

  0.23333333333333334        0.0000000000000000       0.66913060635885824     
  0.23333333333333334        3.3333333333333333E-002  0.56730948269724646     
  0.23333333333333334        6.6666666666666666E-002  0.47365873195111463     
  0.23333333333333334       0.10000000000000001       0.38895058821353484     
  0.23333333333333334       0.13333333333333333       0.31376286100294165     
  0.23333333333333334       0.16666666666666666       0.24838689670816366     
  0.23333333333333334       0.20000000000000001       0.19278012989978588     
  0.23333333333333334       0.23333333333333334       0.14656487227392676     
  0.23333333333333334       0.26666666666666666       0.10906777474910859     
  0.23333333333333334       0.29999999999999999        7.9388951525274656E-002
  0.23333333333333334       0.33333333333333331        5.6486942472321194E-002
  0.23333333333333334       0.36666666666666664        3.9265685862090796E-002
  0.23333333333333334       0.40000000000000002        2.6652013652460615E-002
  0.23333333333333334       0.43333333333333335        1.7655980971153135E-002
  0.23333333333333334       0.46666666666666667        1.1410579980112162E-002
  0.23333333333333334       0.50000000000000000        7.1911760152408638E-003
  0.23333333333333334       0.53333333333333333        4.4177558673435952E-003
  0.23333333333333334       0.56666666666666665        2.6445716584180454E-003
  0.23333333333333334       0.59999999999999998        1.5420919162104907E-003
  0.23333333333333334       0.63333333333333330        8.7563196708591914E-004
  0.23333333333333334       0.66666666666666663        4.8400384684685506E-004
  0.23333333333333334       0.69999999999999996        2.6034807683197777E-004
  0.23333333333333334       0.73333333333333328        1.3623938231523082E-004
  0.23333333333333334       0.76666666666666661        6.9335930476049427E-005
  0.23333333333333334       0.80000000000000004        3.4306919741697821E-005
  0.23333333333333334       0.83333333333333337        1.6497014417952704E-005
  0.23333333333333334       0.86666666666666670        7.7036670239326637E-006
  0.23333333333333334       0.90000000000000002        3.4829267323522773E-006
  0.23333333333333334       0.93333333333333335        1.4991109934292246E-006
  0.23333333333333334       0.96666666666666667        5.4945962508175008E-007
  0.23333333333333334        1.0000000000000000        0.0000000000000000     

  0.26666666666666666        0.0000000000000000       0.74314482547739413     
  0.26666666666666666        3.3333333333333333E-002  0.63006101126483727     
  0.26666666666666666        6.6666666666666666E-002  0.52605131546303396     
  0.26666666666666666       0.10000000000000001       0.43197339092012776     
  0.26666666666666666       0.13333333333333333       0.34846896011847961     
  0.26666666666666666       0.16666666666666666       0.27586159600367260     
  0.26666666666666666       0.20000000000000001       0.21410402487709970     
  0.26666666666666666       0.23333333333333334       0.16277678138176524     
  0.26666666666666666       0.26666666666666666       0.12113203560093146     
  0.26666666666666666       0.29999999999999999        8.8170363103138166E-002
  0.26666666666666666       0.33333333333333331        6.2735105234196592E-002
  0.26666666666666666       0.36666666666666664        4.3608962121789739E-002
  0.26666666666666666       0.40000000000000002        2.9600059907821271E-002
  0.26666666666666666       0.43333333333333335        1.9608953428148758E-002
  0.26666666666666666       0.46666666666666667        1.2672732927372010E-002
  0.26666666666666666       0.50000000000000000        7.9866100788660299E-003
  0.26666666666666666       0.53333333333333333        4.9064149537318916E-003
  0.26666666666666666       0.56666666666666665        2.9370943802016747E-003
  0.26666666666666666       0.59999999999999998        1.7126665811603018E-003
  0.26666666666666666       0.63333333333333330        9.7248782103012568E-004
  0.26666666666666666       0.66666666666666663        5.3754072953358923E-004
  0.26666666666666666       0.69999999999999996        2.8914583234130676E-004
  0.26666666666666666       0.73333333333333328        1.5130916301189437E-004
  0.26666666666666666       0.76666666666666661        7.7005352114027320E-005
  0.26666666666666666       0.80000000000000004        3.8101694410370304E-005
  0.26666666666666666       0.83333333333333337        1.8321790669895905E-005
  0.26666666666666666       0.86666666666666670        8.5557890068565795E-006
  0.26666666666666666       0.90000000000000002        3.8681820171835859E-006
  0.26666666666666666       0.93333333333333335        1.6649314304205205E-006
  0.26666666666666666       0.96666666666666667        6.1023673600914791E-007
  0.26666666666666666        1.0000000000000000        0.0000000000000000     

  0.29999999999999999        0.0000000000000000       0.80901699437494745     
  0.29999999999999999        3.3333333333333333E-002  0.68590945954426763     
  0.29999999999999999        6.6666666666666666E-002  0.57268037067942534     
  0.29999999999999999       0.10000000000000001       0.47026340275955625     
  0.29999999999999999       0.13333333333333333       0.37935716038514139     
  0.29999999999999999       0.16666666666666666       0.30031389792561514     
  0.29999999999999999       0.20000000000000001       0.23308215135371241     
  0.29999999999999999       0.23333333333333334       0.17720527400955371     
  0.29999999999999999       0.26666666666666666       0.13186914852220241     
  0.29999999999999999       0.29999999999999999        9.5985761732009026E-002
  0.29999999999999999       0.33333333333333331        6.8295929054961346E-002
  0.29999999999999999       0.36666666666666664        4.7474449466720345E-002
  0.29999999999999999       0.40000000000000002        3.2223801712621070E-002
  0.29999999999999999       0.43333333333333335        2.1347086087948271E-002
  0.29999999999999999       0.46666666666666667        1.3796040760739715E-002
  0.29999999999999999       0.50000000000000000        8.6945411711615347E-003
  0.29999999999999999       0.53333333333333333        5.3413183311537653E-003
  0.29999999999999999       0.56666666666666665        3.1974376813293016E-003
  0.29999999999999999       0.59999999999999998        1.8644769126483975E-003
  0.29999999999999999       0.63333333333333330        1.0586888949009664E-003
  0.29999999999999999       0.66666666666666663        5.8518820349992399E-004
  0.29999999999999999       0.69999999999999996        3.1477564560384897E-004
  0.29999999999999999       0.73333333333333328        1.6472116885512164E-004
  0.29999999999999999       0.76666666666666661        8.3831086999838029E-005
  0.29999999999999999       0.80000000000000004        4.1479018941790614E-005
  0.29999999999999999       0.83333333333333337        1.9945829549178542E-005
  0.29999999999999999       0.86666666666666670        9.3141719750074202E-006
  0.29999999999999999       0.90000000000000002        4.2110566903655036E-006
  0.29999999999999999       0.93333333333333335        1.8125105302508288E-006
  0.29999999999999999       0.96666666666666667        6.6432796555658275E-007
  0.29999999999999999        1.0000000000000000        0.0000000000000000     

  0.33333333333333331        0.0000000000000000       0.86602540378443860     
  0.33333333333333331        3.3333333333333333E-002  0.73424294024914882     
  0.33333333333333331        6.6666666666666666E-002  0.61303501991358100     
  0.33333333333333331       0.10000000000000001       0.50340111034940738     
  0.33333333333333331       0.13333333333333333       0.40608904421703423     
  0.33333333333333331       0.16666666666666666       0.32147589793716119     
  0.33333333333333331       0.20000000000000001       0.24950658100451786     
  0.33333333333333331       0.23333333333333334       0.18969226857270588     
  0.33333333333333331       0.26666666666666666       0.14116147545687069     
  0.33333333333333331       0.29999999999999999       0.10274952026903203     
  0.33333333333333331       0.33333333333333331        7.3108488385158002E-002
  0.33333333333333331       0.36666666666666664        5.0819796808626326E-002
  0.33333333333333331       0.40000000000000002        3.4494492802593375E-002
  0.33333333333333331       0.43333333333333335        2.2851335605403273E-002
  0.33333333333333331       0.46666666666666667        1.4768196284525624E-002
  0.33333333333333331       0.50000000000000000        9.3072130509360834E-003
  0.33333333333333331       0.53333333333333333        5.7177011071967996E-003
  0.33333333333333331       0.56666666666666665        3.4227491861134338E-003
  0.33333333333333331       0.59999999999999998        1.9958596449146404E-003
  0.33333333333333331       0.63333333333333330        1.1332907516943781E-003
  0.33333333333333331       0.66666666666666663        6.2642423305020933E-004
  0.33333333333333331       0.69999999999999996        3.3695671102211685E-004
  0.33333333333333331       0.73333333333333328        1.7632845510225155E-004
  0.33333333333333331       0.76666666666666661        8.9738350953695765E-005
  0.33333333333333331       0.80000000000000004        4.4401890661641930E-005
  0.33333333333333331       0.83333333333333337        2.1351337745987203E-005
  0.33333333333333331       0.86666666666666670        9.9705069258842898E-006
  0.33333333333333331       0.90000000000000002        4.5077941452275127E-006
  0.33333333333333331       0.93333333333333335        1.9402313854194959E-006
  0.33333333333333331       0.96666666666666667        7.1114067889381545E-007
  0.33333333333333331        1.0000000000000000        0.0000000000000000     

  0.36666666666666664        0.0000000000000000       0.91354545764260087     
  0.36666666666666664        3.3333333333333333E-002  0.77453190165044694     
  0.36666666666666664        6.6666666666666666E-002  0.64667312918373832     
  0.36666666666666664       0.10000000000000001       0.53102345003081564     
  0.36666666666666664       0.13333333333333333       0.42837173150088942     
  0.36666666666666664       0.16666666666666666       0.33911574073775119     
  0.36666666666666664       0.20000000000000001       0.26319736434122909     
  0.36666666666666664       0.23333333333333334       0.20010095494571636     
  0.36666666666666664       0.26666666666666666       0.14890720772649568     
  0.36666666666666664       0.29999999999999999       0.10838753356026809     
  0.36666666666666664       0.33333333333333331        7.7120055817672117E-002
  0.36666666666666664       0.36666666666666664        5.3608351821970809E-002
  0.36666666666666664       0.40000000000000002        3.6387255010983784E-002
  0.36666666666666664       0.43333333333333335        2.4105221108016071E-002
  0.36666666666666664       0.46666666666666667        1.5578548359374514E-002
  0.36666666666666664       0.50000000000000000        9.8179131568650307E-003
  0.36666666666666664       0.53333333333333333        6.0314395534035075E-003
  0.36666666666666664       0.56666666666666665        3.6105603345581929E-003
  0.36666666666666664       0.59999999999999998        2.1053753212507166E-003
  0.36666666666666664       0.63333333333333330        1.1954760378558899E-003
  0.36666666666666664       0.66666666666666663        6.6079702761549818E-004
  0.36666666666666664       0.69999999999999996        3.5544600820170140E-004
  0.36666666666666664       0.73333333333333328        1.8600384989617973E-004
  0.36666666666666664       0.76666666666666661        9.4662422755547565E-005
  0.36666666666666664       0.80000000000000004        4.6838285975711313E-005
  0.36666666666666664       0.83333333333333337        2.2522916218396164E-005
  0.36666666666666664       0.86666666666666670        1.0517602916418459E-005
  0.36666666666666664       0.90000000000000002        4.7551432641178390E-006
  0.36666666666666664       0.93333333333333335        2.0466946595099876E-006
  0.36666666666666664       0.96666666666666667        7.5016198613733336E-007
  0.36666666666666664        1.0000000000000000        0.0000000000000000     

  0.40000000000000002        0.0000000000000000       0.95105651629515353     
  0.40000000000000002        3.3333333333333333E-002  0.80633492945604257     
  0.40000000000000002        6.6666666666666666E-002  0.67322615232550620     
  0.40000000000000002       0.10000000000000001       0.55282778566988533     
  0.40000000000000002       0.13333333333333333       0.44596108845187304     
  0.40000000000000002       0.16666666666666666       0.35304016051828740     
  0.40000000000000002       0.20000000000000001       0.27400450227662848     
  0.40000000000000002       0.23333333333333334       0.20831729338252469     
  0.40000000000000002       0.26666666666666666       0.15502148146743269     
  0.40000000000000002       0.29999999999999999       0.11283803035226828     
  0.40000000000000002       0.33333333333333331        8.0286679780238610E-002
  0.40000000000000002       0.36666666666666664        5.5809562514484969E-002
  0.40000000000000002       0.40000000000000002        3.7881350838951208E-002
  0.40000000000000002       0.43333333333333335        2.5095004763827637E-002
  0.40000000000000002       0.46666666666666667        1.6218218598377271E-002
  0.40000000000000002       0.50000000000000000        1.0221046151716956E-002
  0.40000000000000002       0.53333333333333333        6.2790962857032567E-003
  0.40000000000000002       0.56666666666666665        3.7588134284192087E-003
  0.40000000000000002       0.59999999999999998        2.1918240649890599E-003
  0.40000000000000002       0.63333333333333330        1.2445634383772084E-003
  0.40000000000000002       0.66666666666666663        6.8792999166556389E-004
  0.40000000000000002       0.69999999999999996        3.7004096453356898E-004
  0.40000000000000002       0.73333333333333328        1.9364134758683747E-004
  0.40000000000000002       0.76666666666666661        9.8549353244304123E-005
  0.40000000000000002       0.80000000000000004        4.8761511227089337E-005
  0.40000000000000002       0.83333333333333337        2.3447728907493145E-005
  0.40000000000000002       0.86666666666666670        1.0949465848450438E-005
  0.40000000000000002       0.90000000000000002        4.9503940383287892E-006
  0.40000000000000002       0.93333333333333335        2.1307339186124952E-006
  0.40000000000000002       0.96666666666666667        7.8096436167924283E-007
  0.40000000000000002        1.0000000000000000        0.0000000000000000     

  0.43333333333333335        0.0000000000000000       0.97814760073380569     
  0.43333333333333335        3.3333333333333333E-002  0.82930358303808571     
  0.43333333333333335        6.6666666666666666E-002  0.69240316886076647     
  0.43333333333333335       0.10000000000000001       0.56857522440250419     
  0.43333333333333335       0.13333333333333333       0.45866440239442052     
  0.43333333333333335       0.16666666666666666       0.36309659842178210     
  0.43333333333333335       0.20000000000000001       0.28180958954595664     
  0.43333333333333335       0.23333333333333334       0.21425126395983787     
  0.43333333333333335       0.26666666666666666       0.15943730741708192     
  0.43333333333333335       0.29999999999999999       0.11605225007085311     
  0.43333333333333335       0.33333333333333331        8.2573666078064947E-002
  0.43333333333333335       0.36666666666666664        5.7399311961188637E-002
  0.43333333333333335       0.40000000000000002        3.8960410659944794E-002
  0.43333333333333335       0.43333333333333335        2.5809842295979348E-002
  0.43333333333333335       0.46666666666666667        1.6680198640535777E-002
  0.43333333333333335       0.50000000000000000        1.0512195226039254E-002
  0.43333333333333335       0.53333333333333333        6.4579579251114677E-003
  0.43333333333333335       0.56666666666666665        3.8658841757761844E-003
  0.43333333333333335       0.59999999999999998        2.2542587256027097E-003
  0.43333333333333335       0.63333333333333330        1.2800151414260233E-003
  0.43333333333333335       0.66666666666666663        7.0752585076833596E-004
  0.43333333333333335       0.69999999999999996        3.8058167462195661E-004
  0.43333333333333335       0.73333333333333328        1.9915727015127667E-004
  0.43333333333333335       0.76666666666666661        1.0135655639613809E-004
  0.43333333333333335       0.80000000000000004        5.0150495157461141E-005
  0.43333333333333335       0.83333333333333337        2.4115643371926913E-005
  0.43333333333333335       0.86666666666666670        1.1261364141323761E-005
  0.43333333333333335       0.90000000000000002        5.0914072595192577E-006
  0.43333333333333335       0.93333333333333335        2.1914284110179467E-006
  0.43333333333333335       0.96666666666666667        8.0321032824729527E-007
  0.43333333333333335        1.0000000000000000        0.0000000000000000     

  0.46666666666666667        0.0000000000000000       0.99452189536827329     
  0.46666666666666667        3.3333333333333333E-002  0.84318621302143193     
  0.46666666666666667        6.6666666666666666E-002  0.70399407138330983     
  0.46666666666666667       0.10000000000000001       0.57809323399455437     
  0.46666666666666667       0.13333333333333333       0.46634249316263804     
  0.46666666666666667       0.16666666666666666       0.36917487401011967     
  0.46666666666666667       0.20000000000000001       0.28652711197977160     
  0.46666666666666667       0.23333333333333334       0.21783785285424773     
  0.46666666666666667       0.26666666666666666       0.16210630486226807     
  0.46666666666666667       0.29999999999999999       0.11799497705216706     
  0.46666666666666667       0.33333333333333331        8.3955958010689474E-002
  0.46666666666666667       0.36666666666666664        5.8360182534467293E-002
  0.46666666666666667       0.40000000000000002        3.9612612068757942E-002
  0.46666666666666667       0.43333333333333335        2.6241901794879580E-002
  0.46666666666666667       0.46666666666666667        1.6959426935832602E-002
  0.46666666666666667       0.50000000000000000        1.0688170489646789E-002
  0.46666666666666667       0.53333333333333333        6.5660648260775813E-003
  0.46666666666666667       0.56666666666666665        3.9305994871150834E-003
  0.46666666666666667       0.59999999999999998        2.2919952558846908E-003
  0.46666666666666667       0.63333333333333330        1.3014427307249856E-003
  0.46666666666666667       0.66666666666666663        7.1936990859078700E-004
  0.46666666666666667       0.69999999999999996        3.8695265224135064E-004
  0.46666666666666667       0.73333333333333328        2.0249118398760039E-004
  0.46666666666666667       0.76666666666666661        1.0305327590587297E-004
  0.46666666666666667       0.80000000000000004        5.0990019768221997E-005
  0.46666666666666667       0.83333333333333337        2.4519341801055036E-005
  0.46666666666666667       0.86666666666666670        1.1449880572072790E-005
  0.46666666666666667       0.90000000000000002        5.1766379573289682E-006
  0.46666666666666667       0.93333333333333335        2.2281131551664080E-006
  0.46666666666666667       0.96666666666666667        8.1665615437650321E-007
  0.46666666666666667        1.0000000000000000        0.0000000000000000     

  0.50000000000000000        0.0000000000000000        1.0000000000000000     
  0.50000000000000000        3.3333333333333333E-002  0.84783071840685675     
  0.50000000000000000        6.6666666666666666E-002  0.70787186753954734     
  0.50000000000000000       0.10000000000000001       0.58127753314117370     
  0.50000000000000000       0.13333333333333333       0.46891123798732509     
  0.50000000000000000       0.16666666666666666       0.37120839242399339     
  0.50000000000000000       0.20000000000000001       0.28810538341508313     
  0.50000000000000000       0.23333333333333334       0.21903776464728505     
  0.50000000000000000       0.26666666666666666       0.16299923170845809     
  0.50000000000000000       0.29999999999999999       0.11864492637286110     
  0.50000000000000000       0.33333333333333331        8.4418410898435201E-002
  0.50000000000000000       0.36666666666666664        5.8681646735244980E-002
  0.50000000000000000       0.40000000000000002        3.9830809410273789E-002
  0.50000000000000000       0.43333333333333335        2.6386449526244121E-002
  0.50000000000000000       0.46666666666666667        1.7052844200632199E-002
  0.50000000000000000       0.50000000000000000        1.0747043920726292E-002
  0.50000000000000000       0.53333333333333333        6.6022325467717880E-003
  0.50000000000000000       0.56666666666666665        3.9522503279423278E-003
  0.50000000000000000       0.59999999999999998        2.3046202065123570E-003
  0.50000000000000000       0.63333333333333330        1.3086114411217252E-003
  0.50000000000000000       0.66666666666666663        7.2333239915688640E-004
  0.50000000000000000       0.69999999999999996        3.8908409562774015E-004
  0.50000000000000000       0.73333333333333328        2.0360656203815154E-004
  0.50000000000000000       0.76666666666666661        1.0362092215949871E-004
  0.50000000000000000       0.80000000000000004        5.1270887052054595E-005
  0.50000000000000000       0.83333333333333337        2.4654401190408658E-005
  0.50000000000000000       0.86666666666666670        1.1512949715232644E-005
  0.50000000000000000       0.90000000000000002        5.2051523263970473E-006
  0.50000000000000000       0.93333333333333335        2.2403862253242130E-006
  0.50000000000000000       0.96666666666666667        8.2115452478207533E-007
  0.50000000000000000        1.0000000000000000        0.0000000000000000     

  0.53333333333333333        0.0000000000000000       0.99452189536827340     
  0.53333333333333333        3.3333333333333333E-002  0.84318621302143204     
  0.53333333333333333        6.6666666666666666E-002  0.70399407138330994     
  0.53333333333333333       0.10000000000000001       0.57809323399455448     
  0.53333333333333333       0.13333333333333333       0.46634249316263804     
  0.53333333333333333       0.16666666666666666       0.36917487401011967     
  0.53333333333333333       0.20000000000000001       0.28652711197977154     
  0.53333333333333333       0.23333333333333334       0.21783785285424773     
  0.53333333333333333       0.26666666666666666       0.16210630486226807     
  0.53333333333333333       0.29999999999999999       0.11799497705216706     
  0.53333333333333333       0.33333333333333331        8.3955958010689474E-002
  0.53333333333333333       0.36666666666666664        5.8360182534467293E-002
  0.53333333333333333       0.40000000000000002        3.9612612068757942E-002
  0.53333333333333333       0.43333333333333335        2.6241901794879580E-002
  0.53333333333333333       0.46666666666666667        1.6959426935832602E-002
  0.53333333333333333       0.50000000000000000        1.0688170489646790E-002
  0.53333333333333333       0.53333333333333333        6.5660648260775813E-003
  0.53333333333333333       0.56666666666666665        3.9305994871150834E-003
  0.53333333333333333       0.59999999999999998        2.2919952558846908E-003
  0.53333333333333333       0.63333333333333330        1.3014427307249856E-003
  0.53333333333333333       0.66666666666666663        7.1936990859078700E-004
  0.53333333333333333       0.69999999999999996        3.8695265224135064E-004
  0.53333333333333333       0.73333333333333328        2.0249118398760039E-004
  0.53333333333333333       0.76666666666666661        1.0305327590587297E-004
  0.53333333333333333       0.80000000000000004        5.0990019768221997E-005
  0.53333333333333333       0.83333333333333337        2.4519341801055036E-005
  0.53333333333333333       0.86666666666666670        1.1449880572072790E-005
  0.53333333333333333       0.90000000000000002        5.1766379573289682E-006
  0.53333333333333333       0.93333333333333335        2.2281131551664084E-006
  0.53333333333333333       0.96666666666666667        8.1665615437650321E-007
  0.53333333333333333        1.0000000000000000        0.0000000000000000     

  0.56666666666666665        0.0000000000000000       0.97814760073380569     
  0.56666666666666665        3.3333333333333333E-002  0.82930358303808571     
  0.56666666666666665        6.6666666666666666E-002  0.69240316886076658     
  0.56666666666666665       0.10000000000000001       0.56857522440250430     
  0.56666666666666665       0.13333333333333333       0.45866440239442058     
  0.56666666666666665       0.16666666666666666       0.36309659842178210     
  0.56666666666666665       0.20000000000000001       0.28180958954595670     
  0.56666666666666665       0.23333333333333334       0.21425126395983790     
  0.56666666666666665       0.26666666666666666       0.15943730741708195     
  0.56666666666666665       0.29999999999999999       0.11605225007085312     
  0.56666666666666665       0.33333333333333331        8.2573666078064947E-002
  0.56666666666666665       0.36666666666666664        5.7399311961188644E-002
  0.56666666666666665       0.40000000000000002        3.8960410659944794E-002
  0.56666666666666665       0.43333333333333335        2.5809842295979348E-002
  0.56666666666666665       0.46666666666666667        1.6680198640535777E-002
  0.56666666666666665       0.50000000000000000        1.0512195226039254E-002
  0.56666666666666665       0.53333333333333333        6.4579579251114677E-003
  0.56666666666666665       0.56666666666666665        3.8658841757761840E-003
  0.56666666666666665       0.59999999999999998        2.2542587256027102E-003
  0.56666666666666665       0.63333333333333330        1.2800151414260233E-003
  0.56666666666666665       0.66666666666666663        7.0752585076833585E-004
  0.56666666666666665       0.69999999999999996        3.8058167462195661E-004
  0.56666666666666665       0.73333333333333328        1.9915727015127667E-004
  0.56666666666666665       0.76666666666666661        1.0135655639613809E-004
  0.56666666666666665       0.80000000000000004        5.0150495157461141E-005
  0.56666666666666665       0.83333333333333337        2.4115643371926913E-005
  0.56666666666666665       0.86666666666666670        1.1261364141323761E-005
  0.56666666666666665       0.90000000000000002        5.0914072595192586E-006
  0.56666666666666665       0.93333333333333335        2.1914284110179467E-006
  0.56666666666666665       0.96666666666666667        8.0321032824729527E-007
  0.56666666666666665        1.0000000000000000        0.0000000000000000     

  0.59999999999999998        0.0000000000000000       0.95105651629515364     
  0.59999999999999998        3.3333333333333333E-002  0.80633492945604257     
  0.59999999999999998        6.6666666666666666E-002  0.67322615232550631     
  0.59999999999999998       0.10000000000000001       0.55282778566988544     
  0.59999999999999998       0.13333333333333333       0.44596108845187304     
  0.59999999999999998       0.16666666666666666       0.35304016051828740     
  0.59999999999999998       0.20000000000000001       0.27400450227662848     
  0.59999999999999998       0.23333333333333334       0.20831729338252472     
  0.59999999999999998       0.26666666666666666       0.15502148146743269     
  0.59999999999999998       0.29999999999999999       0.11283803035226829     
  0.59999999999999998       0.33333333333333331        8.0286679780238623E-002
  0.59999999999999998       0.36666666666666664        5.5809562514484976E-002
  0.59999999999999998       0.40000000000000002        3.7881350838951215E-002
  0.59999999999999998       0.43333333333333335        2.5095004763827641E-002
  0.59999999999999998       0.46666666666666667        1.6218218598377274E-002
  0.59999999999999998       0.50000000000000000        1.0221046151716956E-002
  0.59999999999999998       0.53333333333333333        6.2790962857032567E-003
  0.59999999999999998       0.56666666666666665        3.7588134284192087E-003
  0.59999999999999998       0.59999999999999998        2.1918240649890599E-003
  0.59999999999999998       0.63333333333333330        1.2445634383772084E-003
  0.59999999999999998       0.66666666666666663        6.8792999166556389E-004
  0.59999999999999998       0.69999999999999996        3.7004096453356898E-004
  0.59999999999999998       0.73333333333333328        1.9364134758683747E-004
  0.59999999999999998       0.76666666666666661        9.8549353244304123E-005
  0.59999999999999998       0.80000000000000004        4.8761511227089337E-005
  0.59999999999999998       0.83333333333333337        2.3447728907493145E-005
  0.59999999999999998       0.86666666666666670        1.0949465848450438E-005
  0.59999999999999998       0.90000000000000002        4.9503940383287901E-006
  0.59999999999999998       0.93333333333333335        2.1307339186124957E-006
  0.59999999999999998       0.96666666666666667        7.8096436167924283E-007
  0.59999999999999998        1.0000000000000000        0.0000000000000000     

  0.63333333333333330        0.0000000000000000       0.91354545764260098     
  0.63333333333333330        3.3333333333333333E-002  0.77453190165044716     
  0.63333333333333330        6.6666666666666666E-002  0.64667312918373832     
  0.63333333333333330       0.10000000000000001       0.53102345003081575     
  0.63333333333333330       0.13333333333333333       0.42837173150088942     
  0.63333333333333330       0.16666666666666666       0.33911574073775119     
  0.63333333333333330       0.20000000000000001       0.26319736434122915     
  0.63333333333333330       0.23333333333333334       0.20010095494571639     
  0.63333333333333330       0.26666666666666666       0.14890720772649571     
  0.63333333333333330       0.29999999999999999       0.10838753356026810     
  0.63333333333333330       0.33333333333333331        7.7120055817672131E-002
  0.63333333333333330       0.36666666666666664        5.3608351821970830E-002
  0.63333333333333330       0.40000000000000002        3.6387255010983791E-002
  0.63333333333333330       0.43333333333333335        2.4105221108016075E-002
  0.63333333333333330       0.46666666666666667        1.5578548359374516E-002
  0.63333333333333330       0.50000000000000000        9.8179131568650324E-003
  0.63333333333333330       0.53333333333333333        6.0314395534035083E-003
  0.63333333333333330       0.56666666666666665        3.6105603345581933E-003
  0.63333333333333330       0.59999999999999998        2.1053753212507170E-003
  0.63333333333333330       0.63333333333333330        1.1954760378558901E-003
  0.63333333333333330       0.66666666666666663        6.6079702761549829E-004
  0.63333333333333330       0.69999999999999996        3.5544600820170140E-004
  0.63333333333333330       0.73333333333333328        1.8600384989617976E-004
  0.63333333333333330       0.76666666666666661        9.4662422755547565E-005
  0.63333333333333330       0.80000000000000004        4.6838285975711313E-005
  0.63333333333333330       0.83333333333333337        2.2522916218396164E-005
  0.63333333333333330       0.86666666666666670        1.0517602916418457E-005
  0.63333333333333330       0.90000000000000002        4.7551432641178399E-006
  0.63333333333333330       0.93333333333333335        2.0466946595099876E-006
  0.63333333333333330       0.96666666666666667        7.5016198613733347E-007
  0.63333333333333330        1.0000000000000000        0.0000000000000000     

  0.66666666666666663        0.0000000000000000       0.86602540378443871     
  0.66666666666666663        3.3333333333333333E-002  0.73424294024914893     
  0.66666666666666663        6.6666666666666666E-002  0.61303501991358134     
  0.66666666666666663       0.10000000000000001       0.50340111034940738     
  0.66666666666666663       0.13333333333333333       0.40608904421703429     
  0.66666666666666663       0.16666666666666666       0.32147589793716119     
  0.66666666666666663       0.20000000000000001       0.24950658100451789     
  0.66666666666666663       0.23333333333333334       0.18969226857270594     
  0.66666666666666663       0.26666666666666666       0.14116147545687072     
  0.66666666666666663       0.29999999999999999       0.10274952026903206     
  0.66666666666666663       0.33333333333333331        7.3108488385158016E-002
  0.66666666666666663       0.36666666666666664        5.0819796808626333E-002
  0.66666666666666663       0.40000000000000002        3.4494492802593382E-002
  0.66666666666666663       0.43333333333333335        2.2851335605403277E-002
  0.66666666666666663       0.46666666666666667        1.4768196284525624E-002
  0.66666666666666663       0.50000000000000000        9.3072130509360852E-003
  0.66666666666666663       0.53333333333333333        5.7177011071968004E-003
  0.66666666666666663       0.56666666666666665        3.4227491861134347E-003
  0.66666666666666663       0.59999999999999998        1.9958596449146408E-003
  0.66666666666666663       0.63333333333333330        1.1332907516943783E-003
  0.66666666666666663       0.66666666666666663        6.2642423305020944E-004
  0.66666666666666663       0.69999999999999996        3.3695671102211685E-004
  0.66666666666666663       0.73333333333333328        1.7632845510225155E-004
  0.66666666666666663       0.76666666666666661        8.9738350953695765E-005
  0.66666666666666663       0.80000000000000004        4.4401890661641923E-005
  0.66666666666666663       0.83333333333333337        2.1351337745987207E-005
  0.66666666666666663       0.86666666666666670        9.9705069258842881E-006
  0.66666666666666663       0.90000000000000002        4.5077941452275127E-006
  0.66666666666666663       0.93333333333333335        1.9402313854194963E-006
  0.66666666666666663       0.96666666666666667        7.1114067889381555E-007
  0.66666666666666663        1.0000000000000000        0.0000000000000000     

  0.69999999999999996        0.0000000000000000       0.80901699437494745     
  0.69999999999999996        3.3333333333333333E-002  0.68590945954426774     
  0.69999999999999996        6.6666666666666666E-002  0.57268037067942545     
  0.69999999999999996       0.10000000000000001       0.47026340275955630     
  0.69999999999999996       0.13333333333333333       0.37935716038514145     
  0.69999999999999996       0.16666666666666666       0.30031389792561514     
  0.69999999999999996       0.20000000000000001       0.23308215135371241     
  0.69999999999999996       0.23333333333333334       0.17720527400955371     
  0.69999999999999996       0.26666666666666666       0.13186914852220241     
  0.69999999999999996       0.29999999999999999        9.5985761732009039E-002
  0.69999999999999996       0.33333333333333331        6.8295929054961360E-002
  0.69999999999999996       0.36666666666666664        4.7474449466720352E-002
  0.69999999999999996       0.40000000000000002        3.2223801712621077E-002
  0.69999999999999996       0.43333333333333335        2.1347086087948275E-002
  0.69999999999999996       0.46666666666666667        1.3796040760739717E-002
  0.69999999999999996       0.50000000000000000        8.6945411711615364E-003
  0.69999999999999996       0.53333333333333333        5.3413183311537670E-003
  0.69999999999999996       0.56666666666666665        3.1974376813293025E-003
  0.69999999999999996       0.59999999999999998        1.8644769126483982E-003
  0.69999999999999996       0.63333333333333330        1.0586888949009666E-003
  0.69999999999999996       0.66666666666666663        5.8518820349992399E-004
  0.69999999999999996       0.69999999999999996        3.1477564560384902E-004
  0.69999999999999996       0.73333333333333328        1.6472116885512164E-004
  0.69999999999999996       0.76666666666666661        8.3831086999838029E-005
  0.69999999999999996       0.80000000000000004        4.1479018941790614E-005
  0.69999999999999996       0.83333333333333337        1.9945829549178542E-005
  0.69999999999999996       0.86666666666666670        9.3141719750074202E-006
  0.69999999999999996       0.90000000000000002        4.2110566903655045E-006
  0.69999999999999996       0.93333333333333335        1.8125105302508288E-006
  0.69999999999999996       0.96666666666666667        6.6432796555658286E-007
  0.69999999999999996        1.0000000000000000        0.0000000000000000     

  0.73333333333333328        0.0000000000000000       0.74314482547739447     
  0.73333333333333328        3.3333333333333333E-002  0.63006101126483749     
  0.73333333333333328        6.6666666666666666E-002  0.52605131546303419     
  0.73333333333333328       0.10000000000000001       0.43197339092012788     
  0.73333333333333328       0.13333333333333333       0.34846896011847961     
  0.73333333333333328       0.16666666666666666       0.27586159600367260     
  0.73333333333333328       0.20000000000000001       0.21410402487709973     
  0.73333333333333328       0.23333333333333334       0.16277678138176527     
  0.73333333333333328       0.26666666666666666       0.12113203560093144     
  0.73333333333333328       0.29999999999999999        8.8170363103138180E-002
  0.73333333333333328       0.33333333333333331        6.2735105234196592E-002
  0.73333333333333328       0.36666666666666664        4.3608962121789739E-002
  0.73333333333333328       0.40000000000000002        2.9600059907821271E-002
  0.73333333333333328       0.43333333333333335        1.9608953428148758E-002
  0.73333333333333328       0.46666666666666667        1.2672732927372012E-002
  0.73333333333333328       0.50000000000000000        7.9866100788660317E-003
  0.73333333333333328       0.53333333333333333        4.9064149537318925E-003
  0.73333333333333328       0.56666666666666665        2.9370943802016756E-003
  0.73333333333333328       0.59999999999999998        1.7126665811603020E-003
  0.73333333333333328       0.63333333333333330        9.7248782103012579E-004
  0.73333333333333328       0.66666666666666663        5.3754072953358923E-004
  0.73333333333333328       0.69999999999999996        2.8914583234130676E-004
  0.73333333333333328       0.73333333333333328        1.5130916301189437E-004
  0.73333333333333328       0.76666666666666661        7.7005352114027333E-005
  0.73333333333333328       0.80000000000000004        3.8101694410370304E-005
  0.73333333333333328       0.83333333333333337        1.8321790669895905E-005
  0.73333333333333328       0.86666666666666670        8.5557890068565778E-006
  0.73333333333333328       0.90000000000000002        3.8681820171835859E-006
  0.73333333333333328       0.93333333333333335        1.6649314304205205E-006
  0.73333333333333328       0.96666666666666667        6.1023673600914791E-007
  0.73333333333333328        1.0000000000000000        0.0000000000000000     

  0.76666666666666661        0.0000000000000000       0.66913060635885835     
  0.76666666666666661        3.3333333333333333E-002  0.56730948269724657     
  0.76666666666666661        6.6666666666666666E-002  0.47365873195111469     
  0.76666666666666661       0.10000000000000001       0.38895058821353495     
  0.76666666666666661       0.13333333333333333       0.31376286100294176     
  0.76666666666666661       0.16666666666666666       0.24838689670816372     
  0.76666666666666661       0.20000000000000001       0.19278012989978593     
  0.76666666666666661       0.23333333333333334       0.14656487227392676     
  0.76666666666666661       0.26666666666666666       0.10906777474910861     
  0.76666666666666661       0.29999999999999999        7.9388951525274670E-002
  0.76666666666666661       0.33333333333333331        5.6486942472321201E-002
  0.76666666666666661       0.36666666666666664        3.9265685862090789E-002
  0.76666666666666661       0.40000000000000002        2.6652013652460615E-002
  0.76666666666666661       0.43333333333333335        1.7655980971153139E-002
  0.76666666666666661       0.46666666666666667        1.1410579980112162E-002
  0.76666666666666661       0.50000000000000000        7.1911760152408655E-003
  0.76666666666666661       0.53333333333333333        4.4177558673435960E-003
  0.76666666666666661       0.56666666666666665        2.6445716584180463E-003
  0.76666666666666661       0.59999999999999998        1.5420919162104905E-003
  0.76666666666666661       0.63333333333333330        8.7563196708591925E-004
  0.76666666666666661       0.66666666666666663        4.8400384684685506E-004
  0.76666666666666661       0.69999999999999996        2.6034807683197777E-004
  0.76666666666666661       0.73333333333333328        1.3623938231523082E-004
  0.76666666666666661       0.76666666666666661        6.9335930476049427E-005
  0.76666666666666661       0.80000000000000004        3.4306919741697821E-005
  0.76666666666666661       0.83333333333333337        1.6497014417952704E-005
  0.76666666666666661       0.86666666666666670        7.7036670239326637E-006
  0.76666666666666661       0.90000000000000002        3.4829267323522777E-006
  0.76666666666666661       0.93333333333333335        1.4991109934292243E-006
  0.76666666666666661       0.96666666666666667        5.4945962508175008E-007
  0.76666666666666661        1.0000000000000000        0.0000000000000000     

  0.80000000000000004        0.0000000000000000       0.58778525229247325     
  0.80000000000000004        3.3333333333333333E-002  0.49834239272008313     
  0.80000000000000004        6.6666666666666666E-002  0.41607664425247692     
  0.80000000000000004       0.10000000000000001       0.34166636146933127     
  0.80000000000000004       0.13333333333333333       0.27561911032315584     
  0.80000000000000004       0.16666666666666666       0.21819081859402034     
  0.80000000000000004       0.20000000000000001       0.16934409547745438     
  0.80000000000000004       0.23333333333333334       0.12874716775478384     
  0.80000000000000004       0.26666666666666666        9.5808544533235340E-002
  0.80000000000000004       0.29999999999999999        6.9737737981294082E-002
  0.80000000000000004       0.33333333333333331        4.9619896948066400E-002
  0.80000000000000004       0.36666666666666664        3.4492206531213758E-002
  0.80000000000000004       0.40000000000000002        2.3411962358231196E-002
  0.80000000000000004       0.43333333333333335        1.5509565891886009E-002
  0.80000000000000004       0.46666666666666667        1.0023410330772834E-002
  0.80000000000000004       0.50000000000000000        6.3169539223423927E-003
  0.80000000000000004       0.53333333333333333        3.8806949231978334E-003
  0.80000000000000004       0.56666666666666665        2.3230744561325905E-003
  0.80000000000000004       0.59999999999999998        1.3546217695231974E-003
  0.80000000000000004       0.63333333333333330        7.6918250607254995E-004
  0.80000000000000004       0.66666666666666663        4.2516411672975039E-004
  0.80000000000000004       0.69999999999999996        2.2869789331154001E-004
  0.80000000000000004       0.73333333333333328        1.1967693443599799E-004
  0.80000000000000004       0.76666666666666661        6.0906849874299668E-005
  0.80000000000000004       0.80000000000000004        3.0136271281150803E-005
  0.80000000000000004       0.83333333333333337        1.4491493423824205E-005
  0.80000000000000004       0.86666666666666670        6.7671420529985769E-006
  0.80000000000000004       0.90000000000000002        3.0595117733920415E-006
  0.80000000000000004       0.93333333333333335        1.3168659826847744E-006
  0.80000000000000004       0.96666666666666667        4.8266251952013809E-007
  0.80000000000000004        1.0000000000000000        0.0000000000000000     

  0.83333333333333337        0.0000000000000000       0.49999999999999994     
  0.83333333333333337        3.3333333333333333E-002  0.42391535920342838     
  0.83333333333333337        6.6666666666666666E-002  0.35393593376977367     
  0.83333333333333337       0.10000000000000001       0.29063876657058690     
  0.83333333333333337       0.13333333333333333       0.23445561899366257     
  0.83333333333333337       0.16666666666666666       0.18560419621199670     
  0.83333333333333337       0.20000000000000001       0.14405269170754159     
  0.83333333333333337       0.23333333333333334       0.10951888232364256     
  0.83333333333333337       0.26666666666666666        8.1499615854229046E-002
  0.83333333333333337       0.29999999999999999        5.9322463186430564E-002
  0.83333333333333337       0.33333333333333331        4.2209205449217607E-002
  0.83333333333333337       0.36666666666666664        2.9340823367622497E-002
  0.83333333333333337       0.40000000000000002        1.9915404705136894E-002
  0.83333333333333337       0.43333333333333335        1.3193224763122062E-002
  0.83333333333333337       0.46666666666666667        8.5264221003160997E-003
  0.83333333333333337       0.50000000000000000        5.3735219603631467E-003
  0.83333333333333337       0.53333333333333333        3.3011162733858940E-003
  0.83333333333333337       0.56666666666666665        1.9761251639711639E-003
  0.83333333333333337       0.59999999999999998        1.1523101032561785E-003
  0.83333333333333337       0.63333333333333330        6.5430572056086270E-004
  0.83333333333333337       0.66666666666666663        3.6166619957844325E-004
  0.83333333333333337       0.69999999999999996        1.9454204781387007E-004
  0.83333333333333337       0.73333333333333328        1.0180328101907577E-004
  0.83333333333333337       0.76666666666666661        5.1810461079749353E-005
  0.83333333333333337       0.80000000000000004        2.5635443526027301E-005
  0.83333333333333337       0.83333333333333337        1.2327200595204331E-005
  0.83333333333333337       0.86666666666666670        5.7564748576163228E-006
  0.83333333333333337       0.90000000000000002        2.6025761631985237E-006
  0.83333333333333337       0.93333333333333335        1.1201931126621069E-006
  0.83333333333333337       0.96666666666666667        4.1057726239103767E-007
  0.83333333333333337        1.0000000000000000        0.0000000000000000     

  0.86666666666666670        0.0000000000000000       0.40673664307580004     
  0.86666666666666670        3.3333333333333333E-002  0.34484382030134897     
  0.86666666666666670        6.6666666666666666E-002  0.28791742713083296     
  0.86666666666666670       0.10000000000000001       0.23642687252522324     
  0.86666666666666670       0.13333333333333333       0.19072338283948229     
  0.86666666666666670       0.16666666666666666       0.15098405541609938     
  0.86666666666666670       0.20000000000000001       0.11718301650231724     
  0.86666666666666670       0.23333333333333334        8.9090685099463940E-002
  0.86666666666666670       0.26666666666666666        6.6297760329032784E-002
  0.86666666666666670       0.29999999999999999        4.8257239070873016E-002
  0.86666666666666670       0.33333333333333331        3.4336061062623081E-002
  0.86666666666666670       0.36666666666666664        2.3867976003253539E-002
  0.86666666666666670       0.40000000000000002        1.6200649710526756E-002
  0.86666666666666670       0.43333333333333335        1.0732335902993571E-002
  0.86666666666666670       0.46666666666666667        6.9360166050597694E-003
  0.86666666666666670       0.50000000000000000        4.3712165673043986E-003
  0.86666666666666670       0.53333333333333333        2.6853699028797483E-003
  0.86666666666666670       0.56666666666666665        1.6075250309824929E-003
  0.86666666666666670       0.59999999999999998        9.3737348636149364E-004
  0.86666666666666670       0.63333333333333330        5.3226022465243565E-004
  0.86666666666666670       0.66666666666666663        2.9420579186103678E-004
  0.86666666666666670       0.69999999999999996        1.5825475892981066E-004
  0.86666666666666670       0.73333333333333328        8.2814249551602415E-005
  0.86666666666666670       0.76666666666666661        4.2146426031573307E-005
  0.86666666666666670       0.80000000000000004        2.0853748487071197E-005
  0.86666666666666670       0.83333333333333337        1.0027848377230831E-005
  0.86666666666666670       0.86666666666666670        4.6827385190742159E-006
  0.86666666666666670       0.90000000000000002        2.1171261839369271E-006
  0.86666666666666670       0.93333333333333335        9.1124717248163391E-007
  0.86666666666666670       0.96666666666666667        3.3399363485636528E-007
  0.86666666666666670        1.0000000000000000        0.0000000000000000     

  0.90000000000000002        0.0000000000000000       0.30901699437494751     
  0.90000000000000002        3.3333333333333333E-002  0.26199410034083931     
  0.90000000000000002        6.6666666666666666E-002  0.21874443690965184     
  0.90000000000000002       0.10000000000000001       0.17962463618896943     
  0.90000000000000002       0.13333333333333333       0.14490154139147887     
  0.90000000000000002       0.16666666666666666       0.11470970171361844     
  0.90000000000000002       0.20000000000000001        8.9029459646170830E-002
  0.90000000000000002       0.23333333333333334        6.7686391685911160E-002
  0.90000000000000002       0.26666666666666666        5.0369532667973352E-002
  0.90000000000000002       0.29999999999999999        3.6663298545578482E-002
  0.90000000000000002       0.33333333333333331        2.6086723605743753E-002
  0.90000000000000002       0.36666666666666664        1.8133626099097855E-002
  0.90000000000000002       0.40000000000000002        1.2308397007484179E-002
  0.90000000000000002       0.43333333333333335        8.1538613248262146E-003
  0.90000000000000002       0.46666666666666667        5.2696186604236162E-003
  0.90000000000000002       0.50000000000000000        3.3210192107983893E-003
  0.90000000000000002       0.53333333333333333        2.0402020577678726E-003
  0.90000000000000002       0.56666666666666665        1.2213125173581383E-003
  0.90000000000000002       0.59999999999999998        7.1216680939221934E-004
  0.90000000000000002       0.63333333333333330        4.0438317434010401E-004
  0.90000000000000002       0.66666666666666663        2.2352200392148079E-004
  0.90000000000000002       0.69999999999999996        1.2023359778997888E-004
  0.90000000000000002       0.73333333333333328        6.2917887836045860E-005
  0.90000000000000002       0.76666666666666661        3.2020625920088676E-005
  0.90000000000000002       0.80000000000000004        1.5843575415763320E-005
  0.90000000000000002       0.83333333333333337        7.6186289539742104E-006
  0.90000000000000002       0.86666666666666670        3.5576971173910987E-006
  0.90000000000000002       0.90000000000000002        1.6084805271669808E-006
  0.90000000000000002       0.93333333333333335        6.9231741758872209E-007
  0.90000000000000002       0.96666666666666667        2.5375070316554519E-007
  0.90000000000000002        1.0000000000000000        0.0000000000000000     

  0.93333333333333335        0.0000000000000000       0.20791169081775931     
  0.93333333333333335        3.3333333333333333E-002  0.17627391819120522     
  0.93333333333333335        6.6666666666666666E-002  0.14717483686247229     
  0.93333333333333335       0.10000000000000001       0.12085439474975758     
  0.93333333333333335       0.13333333333333333        9.7492128333393518E-002
  0.93333333333333335       0.16666666666666666        7.7178564514614800E-002
  0.93333333333333335       0.20000000000000001        5.9900477399528779E-002
  0.93333333333333335       0.23333333333333334        4.5540512000759481E-002
  0.93333333333333335       0.26666666666666666        3.3889445866501257E-002
  0.93333333333333335       0.29999999999999999        2.4667667249130124E-002
  0.93333333333333335       0.33333333333333331        1.7551574546042028E-002
  0.93333333333333335       0.36666666666666664        1.2200600392695233E-002
  0.93333333333333335       0.40000000000000002        8.2812909311299442E-003
  0.93333333333333335       0.43333333333333335        5.4860513356788801E-003
  0.93333333333333335       0.46666666666666667        3.5454856710052623E-003
  0.93333333333333335       0.50000000000000000        2.2344360728509247E-003
  0.93333333333333335       0.53333333333333333        1.3726813319713638E-003
  0.93333333333333335       0.56666666666666665        8.2171904821753321E-004
  0.93333333333333335       0.59999999999999998        4.7915748382875789E-004
  0.93333333333333335       0.63333333333333330        2.7207561734708262E-004
  0.93333333333333335       0.66666666666666663        1.5038926213197467E-004
  0.93333333333333335       0.69999999999999996        8.0895132192262227E-005
  0.93333333333333335       0.73333333333333328        4.2332184574943092E-005
  0.93333333333333335       0.76666666666666661        2.1544001130276803E-005
  0.93333333333333335       0.80000000000000004        1.0659816816719037E-005
  0.93333333333333335       0.83333333333333337        5.1259382375972430E-006
  0.93333333333333335       0.86666666666666670        2.3936768415938597E-006
  0.93333333333333335       0.90000000000000002        1.0822120211452035E-006
  0.93333333333333335       0.93333333333333335        4.6580248819197475E-007
  0.93333333333333335       0.96666666666666667        1.7072762567009495E-007
  0.93333333333333335        1.0000000000000000        0.0000000000000000     

  0.96666666666666667        0.0000000000000000       0.10452846326765373     
  0.96666666666666667        3.3333333333333333E-002   8.8622442106179464E-002
  0.96666666666666667        6.6666666666666666E-002   7.3992758504312861E-002
  0.96666666666666667       0.10000000000000001        6.0760047271259408E-002
  0.96666666666666667       0.13333333333333333        4.9014571115748036E-002
  0.96666666666666667       0.16666666666666666        3.8801842812136084E-002
  0.96666666666666667       0.20000000000000001        3.0115212987516737E-002
  0.96666666666666667       0.23333333333333334        2.2895680936162670E-002
  0.96666666666666667       0.26666666666666666        1.7038059204293302E-002
  0.96666666666666667       0.29999999999999999        1.2401771828259066E-002
  0.96666666666666667       0.33333333333333331        8.8241267627107624E-003
  0.96666666666666667       0.36666666666666664        6.1339023552504741E-003
  0.96666666666666667       0.40000000000000002        4.1634532983627105E-003
  0.96666666666666667       0.43333333333333335        2.7581350200678013E-003
  0.96666666666666667       0.46666666666666667        1.7825075986348006E-003
  0.96666666666666667       0.50000000000000000        1.1233719857034967E-003
  0.96666666666666667       0.53333333333333333        6.9012122224974121E-004
  0.96666666666666667       0.56666666666666665        4.1312265322889099E-004
  0.96666666666666667       0.59999999999999998        2.4089840860231891E-004
  0.96666666666666667       0.63333333333333330        1.3678714295492332E-004
  0.96666666666666667       0.66666666666666663        7.5608824115574270E-005
  0.96666666666666667       0.69999999999999996        4.0670362597852407E-005
  0.96666666666666667       0.73333333333333328        2.1282681041058130E-005
  0.96666666666666667       0.76666666666666661        1.0831335755709541E-005
  0.96666666666666667       0.80000000000000004        5.3592670339206992E-006
  0.96666666666666667       0.83333333333333337        2.5770866692176240E-006
  0.96666666666666667       0.86666666666666670        1.2034309414110368E-006
  0.96666666666666667       0.90000000000000002        5.4408657375233478E-007
  0.96666666666666667       0.93333333333333335        2.3418412925915888E-007
  0.96666666666666667       0.96666666666666667        8.5834020580750583E-008
  0.96666666666666667        1.0000000000000000        0.0000000000000000     

   1.0000000000000000        0.0000000000000000        1.2246467991473532E-016
   1.0000000000000000        3.3333333333333333E-002   0.0000000000000000     
   1.0000000000000000        6.6666666666666666E-002   0.0000000000000000     
   1.0000000000000000       0.10000000000000001        0.0000000000000000     
   1.0000000000000000       0.13333333333333333        0.0000000000000000     
   1.0000000000000000       0.16666666666666666        0.0000000000000000     
   1.0000000000000000       0.20000000000000001        0.0000000000000000     
   1.0000000000000000       0.23333333333333334        0.0000000000000000     
   1.0000000000000000       0.26666666666666666        0.0000000000000000     
   1.0000000000000000       0.29999999999999999        0.0000000000000000     
   1.0000000000000000       0.33333333333333331        0.0000000000000000     
   1.0000000000000000       0.36666666666666664        0.0000000000000000     
   1.0000000000000000       0.40000000000000002        0.0000000000000000     
   1.0000000000000000       0.43333333333333335        0.0000000000000000     
   1.0000000000000000       0.46666666666666667        0.0000000000000000     
   1.0000000000000000       0.50000000000000000        0.0000000000000000     
   1.0000000000000000       0.53333333333333333        0.0000000000000000     
   1.0000000000000000       0.56666666666666665        0.0000000000000000     
   1.0000000000000000       0.59999999999999998        0.0000000000000000     
   1.0000000000000000       0.63333333333333330        0.0000000000000000     
   1.0000000000000000       0.66666666666666663        0.0000000000000000     
   1.0000000000000000       0.69999999999999996        0.0000000000000000     
   1.0000000000000000       0.73333333333333328        0.0000000000000000     
   1.0000000000000000       0.76666666666666661        0.0000000000000000     
   1.0000000000000000       0.80000000000000004        0.0000000000000000     
   1.0000000000000000       0.83333333333333337        0.0000000000000000     
   1.0000000000000000       0.86666666666666670        0.0000000000000000     
   1.0000000000000000       0.90000000000000002        0.0000000000000000     
   1.0000000000000000       0.93333333333333335        0.0000000000000000     
   1.0000000000000000       0.96666666666666667        0.0000000000000000     
   1.0000000000000000        1.0000000000000000        0.0000000000000000     

