   0.0000000000000000        0.0000000000000000        0.0000000000000000     
   0.0000000000000000        3.3333333333333333E-002   0.0000000000000000     
   0.0000000000000000        6.6666666666666666E-002   0.0000000000000000     
   0.0000000000000000       0.10000000000000001        0.0000000000000000     
   0.0000000000000000       0.13333333333333333        0.0000000000000000     
   0.0000000000000000       0.16666666666666666        0.0000000000000000     
   0.0000000000000000       0.20000000000000001        0.0000000000000000     
   0.0000000000000000       0.23333333333333334        0.0000000000000000     
   0.0000000000000000       0.26666666666666666        0.0000000000000000     
   0.0000000000000000       0.29999999999999999        0.0000000000000000     
   0.0000000000000000       0.33333333333333331        0.0000000000000000     
   0.0000000000000000       0.36666666666666664        0.0000000000000000     
   0.0000000000000000       0.40000000000000002        0.0000000000000000     
   0.0000000000000000       0.43333333333333335        0.0000000000000000     
   0.0000000000000000       0.46666666666666667        0.0000000000000000     
   0.0000000000000000       0.50000000000000000        0.0000000000000000     
   0.0000000000000000       0.53333333333333333        0.0000000000000000     
   0.0000000000000000       0.56666666666666665        0.0000000000000000     
   0.0000000000000000       0.59999999999999998        0.0000000000000000     
   0.0000000000000000       0.63333333333333330        0.0000000000000000     
   0.0000000000000000       0.66666666666666663        0.0000000000000000     
   0.0000000000000000       0.69999999999999996        0.0000000000000000     
   0.0000000000000000       0.73333333333333328        0.0000000000000000     
   0.0000000000000000       0.76666666666666661        0.0000000000000000     
   0.0000000000000000       0.80000000000000004        0.0000000000000000     
   0.0000000000000000       0.83333333333333337        0.0000000000000000     
   0.0000000000000000       0.86666666666666670        0.0000000000000000     
   0.0000000000000000       0.90000000000000002        0.0000000000000000     
   0.0000000000000000       0.93333333333333335        0.0000000000000000     
   0.0000000000000000       0.96666666666666667        0.0000000000000000     
   0.0000000000000000        1.0000000000000000        0.0000000000000000     

   3.3333333333333333E-002   0.0000000000000000       0.10452846326765346     
   3.3333333333333333E-002   3.3333333333333333E-002   8.8691150705594982E-002
   3.3333333333333333E-002   6.6666666666666666E-002   7.4124674260676926E-002
   3.3333333333333333E-002  0.10000000000000001        6.0944892719114761E-002
   3.3333333333333333E-002  0.13333333333333333        4.9238611265993652E-002
   3.3333333333333333E-002  0.16666666666666666        3.9049562732002573E-002
   3.3333333333333333E-002  0.20000000000000001        3.0371071569165495E-002
   3.3333333333333333E-002  0.23333333333333334        2.3145669548818224E-002
   3.3333333333333333E-002  0.26666666666666666        1.7270858123444355E-002
   3.3333333333333333E-002  0.29999999999999999        1.2609394166317629E-002
   3.3333333333333333E-002  0.33333333333333331        9.0020436488707743E-003
   3.3333333333333333E-002  0.36666666666666664        6.2807308445969852E-003
   3.3333333333333333E-002  0.40000000000000002        4.2803442043391395E-003
   3.3333333333333333E-002  0.43333333333333335        2.8480162586280978E-003
   3.3333333333333333E-002  0.46666666666666667        1.8493241153118203E-003
   3.3333333333333333E-002  0.50000000000000000        1.1714268019433110E-003
   3.3333333333333333E-002  0.53333333333333333        7.2357671726736895E-004
   3.3333333333333333E-002  0.56666666666666665        4.3567846918489135E-004
   3.3333333333333333E-002  0.59999999999999998        2.5562997956277269E-004
   3.3333333333333333E-002  0.63333333333333330        1.4610985600291697E-004
   3.3333333333333333E-002  0.66666666666666663        8.1326405412196801E-005
   3.3333333333333333E-002  0.69999999999999996        4.4069029824714551E-005
   3.3333333333333333E-002  0.73333333333333328        2.3240891856029469E-005
   3.3333333333333333E-002  0.76666666666666661        1.1924972198698414E-005
   3.3333333333333333E-002  0.80000000000000004        5.9512805608815977E-006
   3.3333333333333333E-002  0.83333333333333337        2.8876518295818354E-006
   3.3333333333333333E-002  0.86666666666666670        1.3611843706608484E-006
   3.3333333333333333E-002  0.90000000000000002        6.2136975670445229E-007
   3.3333333333333333E-002  0.93333333333333335        2.6995610819313212E-007
   3.3333333333333333E-002  0.96666666666666667        9.9688547575211854E-008
   3.3333333333333333E-002   1.0000000000000000        0.0000000000000000     

   6.6666666666666666E-002   0.0000000000000000       0.20791169081775931     
   6.6666666666666666E-002   3.3333333333333333E-002  0.17641058260424300     
   6.6666666666666666E-002   6.6666666666666666E-002  0.14743722307856852     
   6.6666666666666666E-002  0.10000000000000001       0.12122206044006020     
   6.6666666666666666E-002  0.13333333333333333        9.7937754003115246E-002
   6.6666666666666666E-002  0.16666666666666666        7.7671290283066963E-002
   6.6666666666666666E-002  0.20000000000000001        6.0409391322663895E-002
   6.6666666666666666E-002  0.23333333333333334        4.6037750298516859E-002
   6.6666666666666666E-002  0.26666666666666666        3.4352493111128847E-002
   6.6666666666666666E-002  0.29999999999999999        2.5080637171463714E-002
   6.6666666666666666E-002  0.33333333333333331        1.7905459023725784E-002
   6.6666666666666666E-002  0.36666666666666664        1.2492648687733138E-002
   6.6666666666666666E-002  0.40000000000000002        8.5137920618559310E-003
   6.6666666666666666E-002  0.43333333333333335        5.6648290551409479E-003
   6.6666666666666666E-002  0.46666666666666667        3.6783866486203337E-003
   6.6666666666666666E-002  0.50000000000000000        2.3300192067077130E-003
   6.6666666666666666E-002  0.53333333333333333        1.4392257766021939E-003
   6.6666666666666666E-002  0.56666666666666665        8.6658355388981203E-004
   6.6666666666666666E-002  0.59999999999999998        5.0845922357544337E-004
   6.6666666666666666E-002  0.63333333333333330        2.9061890184801296E-004
   6.6666666666666666E-002  0.66666666666666663        1.6176178170805309E-004
   6.6666666666666666E-002  0.69999999999999996        8.7655230136632177E-005
   6.6666666666666666E-002  0.73333333333333328        4.6227151637414989E-005
   6.6666666666666666E-002  0.76666666666666661        2.3719291906527021E-005
   6.6666666666666666E-002  0.80000000000000004        1.1837357646552655E-005
   6.6666666666666666E-002  0.83333333333333337        5.7436659414387781E-006
   6.6666666666666666E-002  0.86666666666666670        2.7074553205105945E-006
   6.6666666666666666E-002  0.90000000000000002        1.2359316563244695E-006
   6.6666666666666666E-002  0.93333333333333335        5.3695452077295291E-007
   6.6666666666666666E-002  0.96666666666666667        1.9828488656201995E-007
   6.6666666666666666E-002   1.0000000000000000        0.0000000000000000     

  0.10000000000000001        0.0000000000000000       0.30901699437494740     
  0.10000000000000001        3.3333333333333333E-002  0.26219722324359124     
  0.10000000000000001        6.6666666666666666E-002  0.21913441882718895     
  0.10000000000000001       0.10000000000000001       0.18017109389947733     
  0.10000000000000001       0.13333333333333333       0.14556387021258613     
  0.10000000000000001       0.16666666666666666       0.11544203492402764     
  0.10000000000000001       0.20000000000000001        8.9785853143353356E-002
  0.10000000000000001       0.23333333333333334        6.8425431821926327E-002
  0.10000000000000001       0.26666666666666666        5.1057754995566459E-002
  0.10000000000000001       0.29999999999999999        3.7277091467298497E-002
  0.10000000000000001       0.33333333333333331        2.6612698442558660E-002
  0.10000000000000001       0.36666666666666664        1.8567694457591682E-002
  0.10000000000000001       0.40000000000000002        1.2653961031917498E-002
  0.10000000000000001       0.43333333333333335        8.4195767990839828E-003
  0.10000000000000001       0.46666666666666667        5.4671480080546687E-003
  0.10000000000000001       0.50000000000000000        3.4630834334555597E-003
  0.10000000000000001       0.53333333333333333        2.1391063771512091E-003
  0.10000000000000001       0.56666666666666665        1.2879941678340487E-003
  0.10000000000000001       0.59999999999999998        7.5571768193268842E-004
  0.10000000000000001       0.63333333333333330        4.3194386618854711E-004
  0.10000000000000001       0.66666666666666663        2.4042486207268693E-004
  0.10000000000000001       0.69999999999999996        1.3028106140413668E-004
  0.10000000000000001       0.73333333333333328        6.8706937071807603E-005
  0.10000000000000001       0.76666666666666661        3.5253738088646790E-005
  0.10000000000000001       0.80000000000000004        1.7593742164721737E-005
  0.10000000000000001       0.83333333333333337        8.5367512473019486E-006
  0.10000000000000001       0.86666666666666670        4.0240628232973760E-006
  0.10000000000000001       0.90000000000000002        1.8369524300824696E-006
  0.10000000000000001       0.93333333333333335        7.9806994725822781E-007
  0.10000000000000001       0.96666666666666667        2.9470877483787443E-007
  0.10000000000000001        1.0000000000000000        0.0000000000000000     

  0.13333333333333333        0.0000000000000000       0.40673664307580015     
  0.13333333333333333        3.3333333333333333E-002  0.34511117623678628     
  0.13333333333333333        6.6666666666666666E-002  0.28843073202631342     
  0.13333333333333333       0.10000000000000001       0.23714613515090655     
  0.13333333333333333       0.13333333333333333       0.19159515819880973     
  0.13333333333333333       0.16666666666666666       0.15194797247256181     
  0.13333333333333333       0.20000000000000001       0.11817860236810654     
  0.13333333333333333       0.23333333333333334        9.0063429995352620E-002
  0.13333333333333333       0.26666666666666666        6.7203617431750517E-002
  0.13333333333333333       0.29999999999999999        4.9065130148284668E-002
  0.13333333333333333       0.33333333333333331        3.5028363568189690E-002
  0.13333333333333333       0.36666666666666664        2.4439308681432986E-002
  0.13333333333333333       0.40000000000000002        1.6655490556901797E-002
  0.13333333333333333       0.43333333333333335        1.1082077897706539E-002
  0.13333333333333333       0.46666666666666667        7.1960101498384863E-003
  0.13333333333333333       0.50000000000000000        4.5582053934096686E-003
  0.13333333333333333       0.53333333333333333        2.8155504805953678E-003
  0.13333333333333333       0.56666666666666665        1.6952932481453882E-003
  0.13333333333333333       0.59999999999999998        9.9469633922258708E-004
  0.13333333333333333       0.63333333333333330        5.6853636314105446E-004
  0.13333333333333333       0.66666666666666663        3.1645379733631553E-004
  0.13333333333333333       0.69999999999999996        1.7147950609983266E-004
  0.13333333333333333       0.73333333333333328        9.0433954925790561E-005
  0.13333333333333333       0.76666666666666661        4.6401936938948354E-005
  0.13333333333333333       0.80000000000000004        2.3157365962006893E-005
  0.13333333333333333       0.83333333333333337        1.1236306120069632E-005
  0.13333333333333333       0.86666666666666670        5.2965818517028296E-006
  0.13333333333333333       0.90000000000000002        2.4178471686094766E-006
  0.13333333333333333       0.93333333333333335        1.0504415523944684E-006
  0.13333333333333333       0.96666666666666667        3.8790377210482927E-007
  0.13333333333333333        1.0000000000000000        0.0000000000000000     

  0.16666666666666666        0.0000000000000000       0.49999999999999994     
  0.16666666666666666        3.3333333333333333E-002  0.42424401896397457     
  0.16666666666666666        6.6666666666666666E-002  0.35456693776734660     
  0.16666666666666666       0.10000000000000001       0.29152295371960318     
  0.16666666666666666       0.13333333333333333       0.23552728953794272     
  0.16666666666666666       0.16666666666666666       0.18678913623752913     
  0.16666666666666666       0.20000000000000001       0.14527656209485229     
  0.16666666666666666       0.23333333333333334       0.11071467438276547     
  0.16666666666666666       0.26666666666666666        8.2613182972091276E-002
  0.16666666666666666       0.29999999999999999        6.0315600995827653E-002
  0.16666666666666666       0.33333333333333331        4.3060250612411304E-002
  0.16666666666666666       0.36666666666666664        3.0043160725106384E-002
  0.16666666666666666       0.40000000000000002        2.0474539041959207E-002
  0.16666666666666666       0.43333333333333335        1.3623161431807931E-002
  0.16666666666666666       0.46666666666666667        8.8460312985587392E-003
  0.16666666666666666       0.50000000000000000        5.6033867012077795E-003
  0.16666666666666666       0.53333333333333333        3.4611468237823080E-003
  0.16666666666666666       0.56666666666666665        2.0840183408671270E-003
  0.16666666666666666       0.59999999999999998        1.2227768952663722E-003
  0.16666666666666666       0.63333333333333330        6.9889985672510568E-004
  0.16666666666666666       0.66666666666666663        3.8901559857411295E-004
  0.16666666666666666       0.69999999999999996        2.1079918544230524E-004
  0.16666666666666666       0.73333333333333328        1.1117015944508487E-004
  0.16666666666666666       0.76666666666666661        5.7041746457917252E-005
  0.16666666666666666       0.80000000000000004        2.8467272811821924E-005
  0.16666666666666666       0.83333333333333337        1.3812753671637614E-005
  0.16666666666666666       0.86666666666666670        6.5110704209600170E-006
  0.16666666666666666       0.90000000000000002        2.9722514675901504E-006
  0.16666666666666666       0.93333333333333335        1.2913043000636486E-006
  0.16666666666666666       0.96666666666666667        4.7684881447052074E-007
  0.16666666666666666        1.0000000000000000        0.0000000000000000     

  0.20000000000000001        0.0000000000000000       0.58778525229247314     
  0.20000000000000001        3.3333333333333333E-002  0.49872875544062512     
  0.20000000000000001        6.6666666666666666E-002  0.41681843394029883     
  0.20000000000000001       0.10000000000000001       0.34270578580224786     
  0.20000000000000001       0.13333333333333333       0.27687893460564406     
  0.20000000000000001       0.16666666666666666       0.21958379913773840     
  0.20000000000000001       0.20000000000000001       0.17078284140621178     
  0.20000000000000001       0.23333333333333334       0.13015290562910561     
  0.20000000000000001       0.26666666666666666        9.7117621191869827E-002
  0.20000000000000001       0.29999999999999999        7.0905241497009414E-002
  0.20000000000000001       0.33333333333333331        5.0620360539986593E-002
  0.20000000000000001       0.36666666666666664        3.5317853612939952E-002
  0.20000000000000001       0.40000000000000002        2.4069264192700168E-002
  0.20000000000000001       0.43333333333333335        1.6014986758432628E-002
  0.20000000000000001       0.46666666666666667        1.0399133477220924E-002
  0.20000000000000001       0.50000000000000000        6.5871761317234075E-003
  0.20000000000000001       0.53333333333333333        4.0688221180763514E-003
  0.20000000000000001       0.56666666666666665        2.4499104925374514E-003
  0.20000000000000001       0.59999999999999998        1.4374604517631031E-003
  0.20000000000000001       0.63333333333333330        8.2160605722467910E-004
  0.20000000000000001       0.66666666666666663        4.5731526350718490E-004
  0.20000000000000001       0.69999999999999996        2.4780930479650643E-004
  0.20000000000000001       0.73333333333333328        1.3068836043364734E-004
  0.20000000000000001       0.76666666666666661        6.7056594665940367E-005
  0.20000000000000001       0.80000000000000004        3.3465286263550827E-005
  0.20000000000000001       0.83333333333333337        1.6237865803474597E-005
  0.20000000000000001       0.86666666666666670        7.6542223401560875E-006
  0.20000000000000001       0.90000000000000002        3.4940911575083008E-006
  0.20000000000000001       0.93333333333333335        1.5180192475985344E-006
  0.20000000000000001       0.96666666666666667        5.6056940143784334E-007
  0.20000000000000001        1.0000000000000000        0.0000000000000000     

  0.23333333333333334        0.0000000000000000       0.66913060635885824     
  0.23333333333333334        3.3333333333333333E-002  0.56774931530696648     
  0.23333333333333334        6.6666666666666666E-002  0.47450318012613635     
  0.23333333333333334       0.10000000000000001       0.39013386157984686     
  0.23333333333333334       0.13333333333333333       0.31519703612516392     
  0.23333333333333334       0.16666666666666666       0.24997265598373047     
  0.23333333333333334       0.20000000000000001       0.19441798816851766     
  0.23333333333333334       0.23333333333333334       0.14816515440512679     
  0.23333333333333334       0.26666666666666666       0.11055801843070148     
  0.23333333333333334       0.29999999999999999        8.0718029334474223E-002
  0.23333333333333334       0.33333333333333331        5.7625863204494351E-002
  0.23333333333333334       0.36666666666666664        4.0205596705854142E-002
  0.23333333333333334       0.40000000000000002        2.7400281448128564E-002
  0.23333333333333334       0.43333333333333335        1.8231348538780501E-002
  0.23333333333333334       0.46666666666666667        1.1838300573348092E-002
  0.23333333333333334       0.50000000000000000        7.4987950820846480E-003
  0.23333333333333334       0.53333333333333333        4.6319185457889831E-003
  0.23333333333333334       0.56666666666666665        2.7889609121748049E-003
  0.23333333333333334       0.59999999999999998        1.6363948907423789E-003
  0.23333333333333334       0.63333333333333330        9.3531056982917805E-004
  0.23333333333333334       0.66666666666666663        5.2060448671390077E-004
  0.23333333333333334       0.69999999999999996        2.8210437354992622E-004
  0.23333333333333334       0.73333333333333328        1.4877471239700118E-004
  0.23333333333333334       0.76666666666666661        7.6336756790308842E-005
  0.23333333333333334       0.80000000000000004        3.8096647035914887E-005
  0.23333333333333334       0.83333333333333337        1.8485072479576841E-005
  0.23333333333333334       0.86666666666666670        8.7135129976444042E-006
  0.23333333333333334       0.90000000000000002        3.9776488535192074E-006
  0.23333333333333334       0.93333333333333335        1.7281024585907803E-006
  0.23333333333333334       0.96666666666666667        6.3814827273632432E-007
  0.23333333333333334        1.0000000000000000        0.0000000000000000     

  0.26666666666666666        0.0000000000000000       0.74314482547739413     
  0.26666666666666666        3.3333333333333333E-002  0.63054949486562251     
  0.26666666666666666        6.6666666666666666E-002  0.52698917017433766     
  0.26666666666666666       0.10000000000000001       0.43328754912921796     
  0.26666666666666666       0.13333333333333333       0.35006177295767626     
  0.26666666666666666       0.16666666666666666       0.27762276010062364     
  0.26666666666666666       0.20000000000000001       0.21592305076786969     
  0.26666666666666666       0.23333333333333334       0.16455407474393355     
  0.26666666666666666       0.26666666666666666       0.12278711888385363     
  0.26666666666666666       0.29999999999999999        8.9646453551216990E-002
  0.26666666666666666       0.33333333333333331        6.4000004852746512E-002
  0.26666666666666666       0.36666666666666664        4.4652838867696984E-002
  0.26666666666666666       0.40000000000000002        3.0431095486133736E-002
  0.26666666666666666       0.43333333333333335        2.0247963849382544E-002
  0.26666666666666666       0.46666666666666667        1.3147764771070002E-002
  0.26666666666666666       0.50000000000000000        8.3282556643028156E-003
  0.26666666666666666       0.53333333333333333        5.1442667046226803E-003
  0.26666666666666666       0.56666666666666665        3.0974548924307794E-003
  0.26666666666666666       0.59999999999999998        1.8174006448610361E-003
  0.26666666666666666       0.63333333333333330        1.0387676241043089E-003
  0.26666666666666666       0.66666666666666663        5.7818985822068636E-004
  0.26666666666666666       0.69999999999999996        3.1330864775259759E-004
  0.26666666666666666       0.73333333333333328        1.6523105747822338E-004
  0.26666666666666666       0.76666666666666661        8.4780557432789379E-005
  0.26666666666666666       0.80000000000000004        4.2310612971117549E-005
  0.26666666666666666       0.83333333333333337        2.0529752833342740E-005
  0.26666666666666666       0.86666666666666670        9.6773365833107111E-006
  0.26666666666666666       0.90000000000000002        4.4176265963144222E-006
  0.26666666666666666       0.93333333333333335        1.9192522174180177E-006
  0.26666666666666666       0.96666666666666667        7.0873545801759485E-007
  0.26666666666666666        1.0000000000000000        0.0000000000000000     

  0.29999999999999999        0.0000000000000000       0.80901699437494745     
  0.29999999999999999        3.3333333333333333E-002  0.68644124220756586     
  0.29999999999999999        6.6666666666666666E-002  0.57370135659453558     
  0.29999999999999999       0.10000000000000001       0.47169404761908051     
  0.29999999999999999       0.13333333333333333       0.38109115975052887     
  0.29999999999999999       0.16666666666666666       0.30223117116155684     
  0.29999999999999999       0.20000000000000001       0.23506241523820567     
  0.29999999999999999       0.23333333333333334       0.17914010620469178     
  0.29999999999999999       0.26666666666666666       0.13367093796765775     
  0.29999999999999999       0.29999999999999999        9.7592692463126157E-002
  0.29999999999999999       0.33333333333333331        6.9672949054969957E-002
  0.29999999999999999       0.36666666666666664        4.8610855182698059E-002
  0.29999999999999999       0.40000000000000002        3.3128500073876709E-002
  0.29999999999999999       0.43333333333333335        2.2042738230891912E-002
  0.29999999999999999       0.46666666666666667        1.4313179306613409E-002
  0.29999999999999999       0.50000000000000000        9.0664701346633396E-003
  0.29999999999999999       0.53333333333333333        5.6002532009335158E-003
  0.29999999999999999       0.56666666666666665        3.3720125087011751E-003
  0.29999999999999999       0.59999999999999998        1.9784945771990602E-003
  0.29999999999999999       0.63333333333333330        1.1308437229136526E-003
  0.29999999999999999       0.66666666666666663        6.2944046064679978E-004
  0.29999999999999999       0.69999999999999996        3.4108024684644195E-004
  0.29999999999999999       0.73333333333333328        1.7987709651689246E-004
  0.29999999999999999       0.76666666666666661        9.2295484546564042E-005
  0.29999999999999999       0.80000000000000004        4.6061014976543665E-005
  0.29999999999999999       0.83333333333333337        2.2349504918939557E-005
  0.29999999999999999       0.86666666666666670        1.0535133244257394E-005
  0.29999999999999999       0.90000000000000002        4.8092038976726201E-006
  0.29999999999999999       0.93333333333333335        2.0893742473218760E-006
  0.29999999999999999       0.96666666666666667        7.7155758930839511E-007
  0.29999999999999999        1.0000000000000000        0.0000000000000000     

  0.33333333333333331        0.0000000000000000       0.86602540378443860     
  0.33333333333333331        3.3333333333333333E-002  0.73481219565281819     
  0.33333333333333331        6.6666666666666666E-002  0.61412795089715655     
  0.33333333333333331       0.10000000000000001       0.50493256741490311     
  0.33333333333333331       0.13333333333333333       0.40794523204870248     
  0.33333333333333331       0.16666666666666666       0.32352827426530545     
  0.33333333333333331       0.20000000000000001       0.25162638669721910     
  0.33333333333333331       0.23333333333333334       0.19176344117439420     
  0.33333333333333331       0.26666666666666666       0.14309023028264611     
  0.33333333333333331       0.29999999999999999       0.10446968541382547     
  0.33333333333333331       0.33333333333333331        7.4582541847345238E-002
  0.33333333333333331       0.36666666666666664        5.2036280795842091E-002
  0.33333333333333331       0.40000000000000002        3.5462941882225950E-002
  0.33333333333333331       0.43333333333333335        2.3596007759604107E-002
  0.33333333333333331       0.46666666666666667        1.5321775654448228E-002
  0.33333333333333331       0.50000000000000000        9.7053504609476426E-003
  0.33333333333333331       0.53333333333333333        5.9948821512466003E-003
  0.33333333333333331       0.56666666666666665        3.6096256502872589E-003
  0.33333333333333331       0.59999999999999998        2.1179117089226837E-003
  0.33333333333333331       0.63333333333333330        1.2105300612504919E-003
  0.33333333333333331       0.66666666666666663        6.7379478166718250E-004
  0.33333333333333331       0.69999999999999996        3.6511489938020631E-004
  0.33333333333333331       0.73333333333333328        1.9255236444442011E-004
  0.33333333333333331       0.76666666666666661        9.8799203017574730E-005
  0.33333333333333331       0.80000000000000004        4.9306762862999711E-005
  0.33333333333333331       0.83333333333333337        2.3924391151709899E-005
  0.33333333333333331       0.86666666666666670        1.1277504780761626E-005
  0.33333333333333331       0.90000000000000002        5.1480905547373017E-006
  0.33333333333333331       0.93333333333333335        2.2366046557424065E-006
  0.33333333333333331       0.96666666666666667        8.2592637419192704E-007
  0.33333333333333331        1.0000000000000000        0.0000000000000000     

  0.36666666666666664        0.0000000000000000       0.91354545764260087     
  0.36666666666666664        3.3333333333333333E-002  0.77513239291316094     
  0.36666666666666664        6.6666666666666666E-002  0.64782603085521251     
  0.36666666666666664       0.10000000000000001       0.53263894033819537     
  0.36666666666666664       0.13333333333333333       0.43032977101652253     
  0.36666666666666664       0.16666666666666666       0.34128073389355940     
  0.36666666666666664       0.20000000000000001       0.26543348680737117     
  0.36666666666666664       0.23333333333333334       0.20228577575351001     
  0.36666666666666664       0.26666666666666666       0.15094179609110209     
  0.36666666666666664       0.29999999999999999       0.11020208662944378     
  0.36666666666666664       0.33333333333333331        7.8674992703840735E-002
  0.36666666666666664       0.36666666666666664        5.4891586027295047E-002
  0.36666666666666664       0.40000000000000002        3.7408844278215843E-002
  0.36666666666666664       0.43333333333333335        2.4890754489520012E-002
  0.36666666666666664       0.46666666666666667        1.6162503421925226E-002
  0.36666666666666664       0.50000000000000000        1.0237896936606650E-002
  0.36666666666666664       0.53333333333333333        6.3238299182008855E-003
  0.36666666666666664       0.56666666666666665        3.8076909778860671E-003
  0.36666666666666664       0.59999999999999998        2.2341245567618333E-003
  0.36666666666666664       0.63333333333333330        1.2769535789165696E-003
  0.36666666666666664       0.66666666666666663        7.1076686605899670E-004
  0.36666666666666664       0.69999999999999996        3.8514927667115647E-004
  0.36666666666666664       0.73333333333333328        2.0311798837292195E-004
  0.36666666666666664       0.76666666666666661        1.0422045674526245E-004
  0.36666666666666664       0.80000000000000004        5.2012295537425264E-005
  0.36666666666666664       0.83333333333333337        2.5237156748521395E-005
  0.36666666666666664       0.86666666666666670        1.1896317614918242E-005
  0.36666666666666664       0.90000000000000002        5.4305736543770733E-006
  0.36666666666666664       0.93333333333333335        2.3593303555150084E-006
  0.36666666666666664       0.96666666666666667        8.7124613688360697E-007
  0.36666666666666664        1.0000000000000000        0.0000000000000000     

  0.40000000000000002        0.0000000000000000       0.95105651629515353     
  0.40000000000000002        3.3333333333333333E-002  0.80696007746986542     
  0.40000000000000002        6.6666666666666666E-002  0.67442639325290632     
  0.40000000000000002       0.10000000000000001       0.55450960956927808     
  0.40000000000000002       0.13333333333333333       0.44799952696079154     
  0.40000000000000002       0.16666666666666666       0.35529405038369061     
  0.40000000000000002       0.20000000000000001       0.27633244209053354     
  0.40000000000000002       0.23333333333333334       0.21059182504245039     
  0.40000000000000002       0.26666666666666666       0.15713961199498244     
  0.40000000000000002       0.29999999999999999       0.11472709072268070     
  0.40000000000000002       0.33333333333333331        8.1905463876472295E-002
  0.40000000000000002       0.36666666666666664        5.7145487555430113E-002
  0.40000000000000002       0.40000000000000002        3.8944887547989665E-002
  0.40000000000000002       0.43333333333333335        2.5912792904523491E-002
  0.40000000000000002       0.46666666666666667        1.6826151419690332E-002
  0.40000000000000002       0.50000000000000000        1.0658274871010526E-002
  0.40000000000000002       0.53333333333333333        6.5834924812248749E-003
  0.40000000000000002       0.56666666666666665        3.9640384463205921E-003
  0.40000000000000002       0.59999999999999998        2.3258598684364794E-003
  0.40000000000000002       0.63333333333333330        1.3293865259523220E-003
  0.40000000000000002       0.66666666666666663        7.3995163992873953E-004
  0.40000000000000002       0.69999999999999996        4.0096387788922979E-004
  0.40000000000000002       0.73333333333333328        2.1145820911563836E-004
  0.40000000000000002       0.76666666666666661        1.0849984933931640E-004
  0.40000000000000002       0.80000000000000004        5.4147970617670203E-005
  0.40000000000000002       0.83333333333333337        2.6273418774781519E-005
  0.40000000000000002       0.86666666666666670        1.2384791903821305E-005
  0.40000000000000002       0.90000000000000002        5.6535582526388925E-006
  0.40000000000000002       0.93333333333333335        2.4562067381909707E-006
  0.40000000000000002       0.96666666666666667        9.0702034457961475E-007
  0.40000000000000002        1.0000000000000000        0.0000000000000000     

  0.43333333333333335        0.0000000000000000       0.97814760073380569     
  0.43333333333333335        3.3333333333333333E-002  0.82994653855055778     
  0.43333333333333335        6.6666666666666666E-002  0.69363759895332522     
  0.43333333333333335       0.10000000000000001       0.57030495547932414     
  0.43333333333333335       0.13333333333333333       0.46076090633775008     
  0.43333333333333335       0.16666666666666666       0.36541469090775813     
  0.43333333333333335       0.20000000000000001       0.28420384131187104     
  0.43333333333333335       0.23333333333333334       0.21659058622705310     
  0.43333333333333335       0.26666666666666666       0.16161577342626793     
  0.43333333333333335       0.29999999999999999       0.11799512080177271     
  0.43333333333333335       0.33333333333333331        8.4238561647052998E-002
  0.43333333333333335       0.36666666666666664        5.8773291163445818E-002
  0.43333333333333335       0.40000000000000002        4.0054242480046055E-002
  0.43333333333333335       0.43333333333333335        2.6650925337864485E-002
  0.43333333333333335       0.46666666666666667        1.7305448581402760E-002
  0.43333333333333335       0.50000000000000000        1.0961878515540207E-002
  0.43333333333333335       0.53333333333333333        6.7710249229401926E-003
  0.43333333333333335       0.56666666666666665        4.0769550800088530E-003
  0.43333333333333335       0.59999999999999998        2.3921125726750676E-003
  0.43333333333333335       0.63333333333333330        1.3672544360177252E-003
  0.43333333333333335       0.66666666666666663        7.6102934878658770E-004
  0.43333333333333335       0.69999999999999996        4.1238543495406292E-004
  0.43333333333333335       0.73333333333333328        2.1748164946880876E-004
  0.43333333333333335       0.76666666666666661        1.1159049487895564E-004
  0.43333333333333335       0.80000000000000004        5.5690389200636621E-005
  0.43333333333333335       0.83333333333333337        2.7021823726878788E-005
  0.43333333333333335       0.86666666666666670        1.2737575820941779E-005
  0.43333333333333335       0.90000000000000002        5.8146012836016770E-006
  0.43333333333333335       0.93333333333333335        2.5261724058490080E-006
  0.43333333333333335       0.96666666666666667        9.3285704757419880E-007
  0.43333333333333335        1.0000000000000000        0.0000000000000000     

  0.46666666666666667        0.0000000000000000       0.99452189536827329     
  0.46666666666666667        3.3333333333333333E-002  0.84383993167741134     
  0.46666666666666667        6.6666666666666666E-002  0.70524916596661225     
  0.46666666666666667       0.10000000000000001       0.57985192095315441     
  0.46666666666666667       0.13333333333333333       0.46847409280445373     
  0.46666666666666667       0.16666666666666666       0.37153177161030027     
  0.46666666666666667       0.20000000000000001       0.28896144377431832     
  0.46666666666666667       0.23333333333333334       0.22021633562445822     
  0.46666666666666667       0.26666666666666666       0.16432123862362033     
  0.46666666666666667       0.29999999999999999       0.11997037164529406     
  0.46666666666666667       0.33333333333333331        8.5648724108176283E-002
  0.46666666666666667       0.36666666666666664        5.9757162294372938E-002
  0.46666666666666667       0.40000000000000002        4.0724754749601966E-002
  0.46666666666666667       0.43333333333333335        2.7097064656139164E-002
  0.46666666666666667       0.46666666666666667        1.7595143627059408E-002
  0.46666666666666667       0.50000000000000000        1.1145381525133075E-002
  0.46666666666666667       0.53333333333333333        6.8843725986717187E-003
  0.46666666666666667       0.56666666666666665        4.1452037406828398E-003
  0.46666666666666667       0.59999999999999998        2.4321567909856901E-003
  0.46666666666666667       0.63333333333333330        1.3901424203657336E-003
  0.46666666666666667       0.66666666666666663        7.7376906084350027E-004
  0.46666666666666667       0.69999999999999996        4.1928881089633904E-004
  0.46666666666666667       0.73333333333333328        2.2112231535943789E-004
  0.46666666666666667       0.76666666666666661        1.1345853160488871E-004
  0.46666666666666667       0.80000000000000004        5.6622652225557716E-005
  0.46666666666666667       0.83333333333333337        2.7474171923544227E-005
  0.46666666666666667       0.86666666666666670        1.2950804191858915E-005
  0.46666666666666667       0.90000000000000002        5.9119383261177770E-006
  0.46666666666666667       0.93333333333333335        2.5684607999930028E-006
  0.46666666666666667       0.96666666666666667        9.4847317354267261E-007
  0.46666666666666667        1.0000000000000000        0.0000000000000000     

  0.50000000000000000        0.0000000000000000        1.0000000000000000     
  0.50000000000000000        3.3333333333333333E-002  0.84848803792794925     
  0.50000000000000000        6.6666666666666666E-002  0.70913387553469320     
  0.50000000000000000       0.10000000000000001       0.58304590743920648     
  0.50000000000000000       0.13333333333333333       0.47105457907588544     
  0.50000000000000000       0.16666666666666666       0.37357827247505832     
  0.50000000000000000       0.20000000000000001       0.29055312418970458     
  0.50000000000000000       0.23333333333333334       0.22142934876553091     
  0.50000000000000000       0.26666666666666666       0.16522636594418252     
  0.50000000000000000       0.29999999999999999       0.12063120199165529     
  0.50000000000000000       0.33333333333333331        8.6120501224822607E-002
  0.50000000000000000       0.36666666666666664        6.0086321450212768E-002
  0.50000000000000000       0.40000000000000002        4.0949078083918414E-002
  0.50000000000000000       0.43333333333333335        2.7246322863615859E-002
  0.50000000000000000       0.46666666666666667        1.7692062597117478E-002
  0.50000000000000000       0.50000000000000000        1.1206773402415559E-002
  0.50000000000000000       0.53333333333333333        6.9222936475646151E-003
  0.50000000000000000       0.56666666666666665        4.1680366817342541E-003
  0.50000000000000000       0.59999999999999998        2.4455537905327444E-003
  0.50000000000000000       0.63333333333333330        1.3977997134502112E-003
  0.50000000000000000       0.66666666666666663        7.7803119714822590E-004
  0.50000000000000000       0.69999999999999996        4.2159837088461048E-004
  0.50000000000000000       0.73333333333333328        2.2234031889016974E-004
  0.50000000000000000       0.76666666666666661        1.1408349291583450E-004
  0.50000000000000000       0.80000000000000004        5.6934545623643849E-005
  0.50000000000000000       0.83333333333333337        2.7625507343275224E-005
  0.50000000000000000       0.86666666666666670        1.3022140841920031E-005
  0.50000000000000000       0.90000000000000002        5.9445029351803009E-006
  0.50000000000000000       0.93333333333333335        2.5826086001272975E-006
  0.50000000000000000       0.96666666666666667        9.5369762894104126E-007
  0.50000000000000000        1.0000000000000000        0.0000000000000000     

  0.53333333333333333        0.0000000000000000       0.99452189536827340     
  0.53333333333333333        3.3333333333333333E-002  0.84383993167741145     
  0.53333333333333333        6.6666666666666666E-002  0.70524916596661236     
  0.53333333333333333       0.10000000000000001       0.57985192095315452     
  0.53333333333333333       0.13333333333333333       0.46847409280445385     
  0.53333333333333333       0.16666666666666666       0.37153177161030027     
  0.53333333333333333       0.20000000000000001       0.28896144377431832     
  0.53333333333333333       0.23333333333333334       0.22021633562445822     
  0.53333333333333333       0.26666666666666666       0.16432123862362033     
  0.53333333333333333       0.29999999999999999       0.11997037164529406     
  0.53333333333333333       0.33333333333333331        8.5648724108176283E-002
  0.53333333333333333       0.36666666666666664        5.9757162294372938E-002
  0.53333333333333333       0.40000000000000002        4.0724754749601966E-002
  0.53333333333333333       0.43333333333333335        2.7097064656139164E-002
  0.53333333333333333       0.46666666666666667        1.7595143627059408E-002
  0.53333333333333333       0.50000000000000000        1.1145381525133075E-002
  0.53333333333333333       0.53333333333333333        6.8843725986717196E-003
  0.53333333333333333       0.56666666666666665        4.1452037406828398E-003
  0.53333333333333333       0.59999999999999998        2.4321567909856901E-003
  0.53333333333333333       0.63333333333333330        1.3901424203657336E-003
  0.53333333333333333       0.66666666666666663        7.7376906084350027E-004
  0.53333333333333333       0.69999999999999996        4.1928881089633904E-004
  0.53333333333333333       0.73333333333333328        2.2112231535943789E-004
  0.53333333333333333       0.76666666666666661        1.1345853160488871E-004
  0.53333333333333333       0.80000000000000004        5.6622652225557716E-005
  0.53333333333333333       0.83333333333333337        2.7474171923544227E-005
  0.53333333333333333       0.86666666666666670        1.2950804191858915E-005
  0.53333333333333333       0.90000000000000002        5.9119383261177770E-006
  0.53333333333333333       0.93333333333333335        2.5684607999930028E-006
  0.53333333333333333       0.96666666666666667        9.4847317354267272E-007
  0.53333333333333333        1.0000000000000000        0.0000000000000000     

  0.56666666666666665        0.0000000000000000       0.97814760073380569     
  0.56666666666666665        3.3333333333333333E-002  0.82994653855055789     
  0.56666666666666665        6.6666666666666666E-002  0.69363759895332533     
  0.56666666666666665       0.10000000000000001       0.57030495547932425     
  0.56666666666666665       0.13333333333333333       0.46076090633775008     
  0.56666666666666665       0.16666666666666666       0.36541469090775819     
  0.56666666666666665       0.20000000000000001       0.28420384131187099     
  0.56666666666666665       0.23333333333333334       0.21659058622705313     
  0.56666666666666665       0.26666666666666666       0.16161577342626793     
  0.56666666666666665       0.29999999999999999       0.11799512080177271     
  0.56666666666666665       0.33333333333333331        8.4238561647053012E-002
  0.56666666666666665       0.36666666666666664        5.8773291163445825E-002
  0.56666666666666665       0.40000000000000002        4.0054242480046055E-002
  0.56666666666666665       0.43333333333333335        2.6650925337864485E-002
  0.56666666666666665       0.46666666666666667        1.7305448581402760E-002
  0.56666666666666665       0.50000000000000000        1.0961878515540207E-002
  0.56666666666666665       0.53333333333333333        6.7710249229401926E-003
  0.56666666666666665       0.56666666666666665        4.0769550800088539E-003
  0.56666666666666665       0.59999999999999998        2.3921125726750676E-003
  0.56666666666666665       0.63333333333333330        1.3672544360177252E-003
  0.56666666666666665       0.66666666666666663        7.6102934878658759E-004
  0.56666666666666665       0.69999999999999996        4.1238543495406292E-004
  0.56666666666666665       0.73333333333333328        2.1748164946880876E-004
  0.56666666666666665       0.76666666666666661        1.1159049487895564E-004
  0.56666666666666665       0.80000000000000004        5.5690389200636621E-005
  0.56666666666666665       0.83333333333333337        2.7021823726878788E-005
  0.56666666666666665       0.86666666666666670        1.2737575820941781E-005
  0.56666666666666665       0.90000000000000002        5.8146012836016770E-006
  0.56666666666666665       0.93333333333333335        2.5261724058490085E-006
  0.56666666666666665       0.96666666666666667        9.3285704757419880E-007
  0.56666666666666665        1.0000000000000000        0.0000000000000000     

  0.59999999999999998        0.0000000000000000       0.95105651629515364     
  0.59999999999999998        3.3333333333333333E-002  0.80696007746986564     
  0.59999999999999998        6.6666666666666666E-002  0.67442639325290643     
  0.59999999999999998       0.10000000000000001       0.55450960956927819     
  0.59999999999999998       0.13333333333333333       0.44799952696079159     
  0.59999999999999998       0.16666666666666666       0.35529405038369061     
  0.59999999999999998       0.20000000000000001       0.27633244209053359     
  0.59999999999999998       0.23333333333333334       0.21059182504245039     
  0.59999999999999998       0.26666666666666666       0.15713961199498247     
  0.59999999999999998       0.29999999999999999       0.11472709072268071     
  0.59999999999999998       0.33333333333333331        8.1905463876472309E-002
  0.59999999999999998       0.36666666666666664        5.7145487555430120E-002
  0.59999999999999998       0.40000000000000002        3.8944887547989672E-002
  0.59999999999999998       0.43333333333333335        2.5912792904523495E-002
  0.59999999999999998       0.46666666666666667        1.6826151419690336E-002
  0.59999999999999998       0.50000000000000000        1.0658274871010528E-002
  0.59999999999999998       0.53333333333333333        6.5834924812248749E-003
  0.59999999999999998       0.56666666666666665        3.9640384463205921E-003
  0.59999999999999998       0.59999999999999998        2.3258598684364794E-003
  0.59999999999999998       0.63333333333333330        1.3293865259523220E-003
  0.59999999999999998       0.66666666666666663        7.3995163992873953E-004
  0.59999999999999998       0.69999999999999996        4.0096387788922979E-004
  0.59999999999999998       0.73333333333333328        2.1145820911563836E-004
  0.59999999999999998       0.76666666666666661        1.0849984933931640E-004
  0.59999999999999998       0.80000000000000004        5.4147970617670203E-005
  0.59999999999999998       0.83333333333333337        2.6273418774781519E-005
  0.59999999999999998       0.86666666666666670        1.2384791903821305E-005
  0.59999999999999998       0.90000000000000002        5.6535582526388925E-006
  0.59999999999999998       0.93333333333333335        2.4562067381909707E-006
  0.59999999999999998       0.96666666666666667        9.0702034457961486E-007
  0.59999999999999998        1.0000000000000000        0.0000000000000000     

  0.63333333333333330        0.0000000000000000       0.91354545764260098     
  0.63333333333333330        3.3333333333333333E-002  0.77513239291316094     
  0.63333333333333330        6.6666666666666666E-002  0.64782603085521262     
  0.63333333333333330       0.10000000000000001       0.53263894033819537     
  0.63333333333333330       0.13333333333333333       0.43032977101652253     
  0.63333333333333330       0.16666666666666666       0.34128073389355940     
  0.63333333333333330       0.20000000000000001       0.26543348680737117     
  0.63333333333333330       0.23333333333333334       0.20228577575351003     
  0.63333333333333330       0.26666666666666666       0.15094179609110209     
  0.63333333333333330       0.29999999999999999       0.11020208662944379     
  0.63333333333333330       0.33333333333333331        7.8674992703840749E-002
  0.63333333333333330       0.36666666666666664        5.4891586027295061E-002
  0.63333333333333330       0.40000000000000002        3.7408844278215850E-002
  0.63333333333333330       0.43333333333333335        2.4890754489520016E-002
  0.63333333333333330       0.46666666666666667        1.6162503421925229E-002
  0.63333333333333330       0.50000000000000000        1.0237896936606651E-002
  0.63333333333333330       0.53333333333333333        6.3238299182008855E-003
  0.63333333333333330       0.56666666666666665        3.8076909778860676E-003
  0.63333333333333330       0.59999999999999998        2.2341245567618333E-003
  0.63333333333333330       0.63333333333333330        1.2769535789165698E-003
  0.63333333333333330       0.66666666666666663        7.1076686605899681E-004
  0.63333333333333330       0.69999999999999996        3.8514927667115647E-004
  0.63333333333333330       0.73333333333333328        2.0311798837292195E-004
  0.63333333333333330       0.76666666666666661        1.0422045674526246E-004
  0.63333333333333330       0.80000000000000004        5.2012295537425264E-005
  0.63333333333333330       0.83333333333333337        2.5237156748521395E-005
  0.63333333333333330       0.86666666666666670        1.1896317614918242E-005
  0.63333333333333330       0.90000000000000002        5.4305736543770733E-006
  0.63333333333333330       0.93333333333333335        2.3593303555150093E-006
  0.63333333333333330       0.96666666666666667        8.7124613688360697E-007
  0.63333333333333330        1.0000000000000000        0.0000000000000000     

  0.66666666666666663        0.0000000000000000       0.86602540378443871     
  0.66666666666666663        3.3333333333333333E-002  0.73481219565281841     
  0.66666666666666663        6.6666666666666666E-002  0.61412795089715666     
  0.66666666666666663       0.10000000000000001       0.50493256741490322     
  0.66666666666666663       0.13333333333333333       0.40794523204870248     
  0.66666666666666663       0.16666666666666666       0.32352827426530545     
  0.66666666666666663       0.20000000000000001       0.25162638669721910     
  0.66666666666666663       0.23333333333333334       0.19176344117439423     
  0.66666666666666663       0.26666666666666666       0.14309023028264614     
  0.66666666666666663       0.29999999999999999       0.10446968541382548     
  0.66666666666666663       0.33333333333333331        7.4582541847345252E-002
  0.66666666666666663       0.36666666666666664        5.2036280795842098E-002
  0.66666666666666663       0.40000000000000002        3.5462941882225957E-002
  0.66666666666666663       0.43333333333333335        2.3596007759604111E-002
  0.66666666666666663       0.46666666666666667        1.5321775654448228E-002
  0.66666666666666663       0.50000000000000000        9.7053504609476444E-003
  0.66666666666666663       0.53333333333333333        5.9948821512466012E-003
  0.66666666666666663       0.56666666666666665        3.6096256502872598E-003
  0.66666666666666663       0.59999999999999998        2.1179117089226850E-003
  0.66666666666666663       0.63333333333333330        1.2105300612504921E-003
  0.66666666666666663       0.66666666666666663        6.7379478166718261E-004
  0.66666666666666663       0.69999999999999996        3.6511489938020642E-004
  0.66666666666666663       0.73333333333333328        1.9255236444442011E-004
  0.66666666666666663       0.76666666666666661        9.8799203017574730E-005
  0.66666666666666663       0.80000000000000004        4.9306762862999711E-005
  0.66666666666666663       0.83333333333333337        2.3924391151709899E-005
  0.66666666666666663       0.86666666666666670        1.1277504780761627E-005
  0.66666666666666663       0.90000000000000002        5.1480905547373008E-006
  0.66666666666666663       0.93333333333333335        2.2366046557424061E-006
  0.66666666666666663       0.96666666666666667        8.2592637419192714E-007
  0.66666666666666663        1.0000000000000000        0.0000000000000000     

  0.69999999999999996        0.0000000000000000       0.80901699437494745     
  0.69999999999999996        3.3333333333333333E-002  0.68644124220756586     
  0.69999999999999996        6.6666666666666666E-002  0.57370135659453569     
  0.69999999999999996       0.10000000000000001       0.47169404761908057     
  0.69999999999999996       0.13333333333333333       0.38109115975052887     
  0.69999999999999996       0.16666666666666666       0.30223117116155684     
  0.69999999999999996       0.20000000000000001       0.23506241523820567     
  0.69999999999999996       0.23333333333333334       0.17914010620469181     
  0.69999999999999996       0.26666666666666666       0.13367093796765775     
  0.69999999999999996       0.29999999999999999        9.7592692463126157E-002
  0.69999999999999996       0.33333333333333331        6.9672949054969971E-002
  0.69999999999999996       0.36666666666666664        4.8610855182698073E-002
  0.69999999999999996       0.40000000000000002        3.3128500073876709E-002
  0.69999999999999996       0.43333333333333335        2.2042738230891916E-002
  0.69999999999999996       0.46666666666666667        1.4313179306613409E-002
  0.69999999999999996       0.50000000000000000        9.0664701346633413E-003
  0.69999999999999996       0.53333333333333333        5.6002532009335176E-003
  0.69999999999999996       0.56666666666666665        3.3720125087011760E-003
  0.69999999999999996       0.59999999999999998        1.9784945771990606E-003
  0.69999999999999996       0.63333333333333330        1.1308437229136529E-003
  0.69999999999999996       0.66666666666666663        6.2944046064679999E-004
  0.69999999999999996       0.69999999999999996        3.4108024684644195E-004
  0.69999999999999996       0.73333333333333328        1.7987709651689249E-004
  0.69999999999999996       0.76666666666666661        9.2295484546564042E-005
  0.69999999999999996       0.80000000000000004        4.6061014976543665E-005
  0.69999999999999996       0.83333333333333337        2.2349504918939561E-005
  0.69999999999999996       0.86666666666666670        1.0535133244257392E-005
  0.69999999999999996       0.90000000000000002        4.8092038976726201E-006
  0.69999999999999996       0.93333333333333335        2.0893742473218765E-006
  0.69999999999999996       0.96666666666666667        7.7155758930839522E-007
  0.69999999999999996        1.0000000000000000        0.0000000000000000     

  0.73333333333333328        0.0000000000000000       0.74314482547739447     
  0.73333333333333328        3.3333333333333333E-002  0.63054949486562262     
  0.73333333333333328        6.6666666666666666E-002  0.52698917017433788     
  0.73333333333333328       0.10000000000000001       0.43328754912921807     
  0.73333333333333328       0.13333333333333333       0.35006177295767632     
  0.73333333333333328       0.16666666666666666       0.27762276010062364     
  0.73333333333333328       0.20000000000000001       0.21592305076786972     
  0.73333333333333328       0.23333333333333334       0.16455407474393355     
  0.73333333333333328       0.26666666666666666       0.12278711888385364     
  0.73333333333333328       0.29999999999999999        8.9646453551216990E-002
  0.73333333333333328       0.33333333333333331        6.4000004852746525E-002
  0.73333333333333328       0.36666666666666664        4.4652838867696984E-002
  0.73333333333333328       0.40000000000000002        3.0431095486133739E-002
  0.73333333333333328       0.43333333333333335        2.0247963849382548E-002
  0.73333333333333328       0.46666666666666667        1.3147764771070002E-002
  0.73333333333333328       0.50000000000000000        8.3282556643028156E-003
  0.73333333333333328       0.53333333333333333        5.1442667046226812E-003
  0.73333333333333328       0.56666666666666665        3.0974548924307802E-003
  0.73333333333333328       0.59999999999999998        1.8174006448610364E-003
  0.73333333333333328       0.63333333333333330        1.0387676241043089E-003
  0.73333333333333328       0.66666666666666663        5.7818985822068636E-004
  0.73333333333333328       0.69999999999999996        3.1330864775259759E-004
  0.73333333333333328       0.73333333333333328        1.6523105747822338E-004
  0.73333333333333328       0.76666666666666661        8.4780557432789379E-005
  0.73333333333333328       0.80000000000000004        4.2310612971117555E-005
  0.73333333333333328       0.83333333333333337        2.0529752833342736E-005
  0.73333333333333328       0.86666666666666670        9.6773365833107111E-006
  0.73333333333333328       0.90000000000000002        4.4176265963144231E-006
  0.73333333333333328       0.93333333333333335        1.9192522174180177E-006
  0.73333333333333328       0.96666666666666667        7.0873545801759485E-007
  0.73333333333333328        1.0000000000000000        0.0000000000000000     

  0.76666666666666661        0.0000000000000000       0.66913060635885835     
  0.76666666666666661        3.3333333333333333E-002  0.56774931530696660     
  0.76666666666666661        6.6666666666666666E-002  0.47450318012613640     
  0.76666666666666661       0.10000000000000001       0.39013386157984692     
  0.76666666666666661       0.13333333333333333       0.31519703612516403     
  0.76666666666666661       0.16666666666666666       0.24997265598373053     
  0.76666666666666661       0.20000000000000001       0.19441798816851771     
  0.76666666666666661       0.23333333333333334       0.14816515440512681     
  0.76666666666666661       0.26666666666666666       0.11055801843070148     
  0.76666666666666661       0.29999999999999999        8.0718029334474237E-002
  0.76666666666666661       0.33333333333333331        5.7625863204494351E-002
  0.76666666666666661       0.36666666666666664        4.0205596705854142E-002
  0.76666666666666661       0.40000000000000002        2.7400281448128564E-002
  0.76666666666666661       0.43333333333333335        1.8231348538780504E-002
  0.76666666666666661       0.46666666666666667        1.1838300573348094E-002
  0.76666666666666661       0.50000000000000000        7.4987950820846480E-003
  0.76666666666666661       0.53333333333333333        4.6319185457889839E-003
  0.76666666666666661       0.56666666666666665        2.7889609121748054E-003
  0.76666666666666661       0.59999999999999998        1.6363948907423794E-003
  0.76666666666666661       0.63333333333333330        9.3531056982917805E-004
  0.76666666666666661       0.66666666666666663        5.2060448671390077E-004
  0.76666666666666661       0.69999999999999996        2.8210437354992622E-004
  0.76666666666666661       0.73333333333333328        1.4877471239700118E-004
  0.76666666666666661       0.76666666666666661        7.6336756790308842E-005
  0.76666666666666661       0.80000000000000004        3.8096647035914887E-005
  0.76666666666666661       0.83333333333333337        1.8485072479576841E-005
  0.76666666666666661       0.86666666666666670        8.7135129976444042E-006
  0.76666666666666661       0.90000000000000002        3.9776488535192074E-006
  0.76666666666666661       0.93333333333333335        1.7281024585907805E-006
  0.76666666666666661       0.96666666666666667        6.3814827273632432E-007
  0.76666666666666661        1.0000000000000000        0.0000000000000000     

  0.80000000000000004        0.0000000000000000       0.58778525229247325     
  0.80000000000000004        3.3333333333333333E-002  0.49872875544062517     
  0.80000000000000004        6.6666666666666666E-002  0.41681843394029894     
  0.80000000000000004       0.10000000000000001       0.34270578580224792     
  0.80000000000000004       0.13333333333333333       0.27687893460564411     
  0.80000000000000004       0.16666666666666666       0.21958379913773846     
  0.80000000000000004       0.20000000000000001       0.17078284140621183     
  0.80000000000000004       0.23333333333333334       0.13015290562910564     
  0.80000000000000004       0.26666666666666666        9.7117621191869841E-002
  0.80000000000000004       0.29999999999999999        7.0905241497009427E-002
  0.80000000000000004       0.33333333333333331        5.0620360539986600E-002
  0.80000000000000004       0.36666666666666664        3.5317853612939952E-002
  0.80000000000000004       0.40000000000000002        2.4069264192700168E-002
  0.80000000000000004       0.43333333333333335        1.6014986758432631E-002
  0.80000000000000004       0.46666666666666667        1.0399133477220922E-002
  0.80000000000000004       0.50000000000000000        6.5871761317234075E-003
  0.80000000000000004       0.53333333333333333        4.0688221180763514E-003
  0.80000000000000004       0.56666666666666665        2.4499104925374514E-003
  0.80000000000000004       0.59999999999999998        1.4374604517631031E-003
  0.80000000000000004       0.63333333333333330        8.2160605722467910E-004
  0.80000000000000004       0.66666666666666663        4.5731526350718490E-004
  0.80000000000000004       0.69999999999999996        2.4780930479650643E-004
  0.80000000000000004       0.73333333333333328        1.3068836043364734E-004
  0.80000000000000004       0.76666666666666661        6.7056594665940367E-005
  0.80000000000000004       0.80000000000000004        3.3465286263550820E-005
  0.80000000000000004       0.83333333333333337        1.6237865803474597E-005
  0.80000000000000004       0.86666666666666670        7.6542223401560858E-006
  0.80000000000000004       0.90000000000000002        3.4940911575083008E-006
  0.80000000000000004       0.93333333333333335        1.5180192475985344E-006
  0.80000000000000004       0.96666666666666667        5.6056940143784345E-007
  0.80000000000000004        1.0000000000000000        0.0000000000000000     

  0.83333333333333337        0.0000000000000000       0.49999999999999994     
  0.83333333333333337        3.3333333333333333E-002  0.42424401896397462     
  0.83333333333333337        6.6666666666666666E-002  0.35456693776734666     
  0.83333333333333337       0.10000000000000001       0.29152295371960329     
  0.83333333333333337       0.13333333333333333       0.23552728953794275     
  0.83333333333333337       0.16666666666666666       0.18678913623752916     
  0.83333333333333337       0.20000000000000001       0.14527656209485232     
  0.83333333333333337       0.23333333333333334       0.11071467438276549     
  0.83333333333333337       0.26666666666666666        8.2613182972091276E-002
  0.83333333333333337       0.29999999999999999        6.0315600995827667E-002
  0.83333333333333337       0.33333333333333331        4.3060250612411310E-002
  0.83333333333333337       0.36666666666666664        3.0043160725106387E-002
  0.83333333333333337       0.40000000000000002        2.0474539041959207E-002
  0.83333333333333337       0.43333333333333335        1.3623161431807931E-002
  0.83333333333333337       0.46666666666666667        8.8460312985587392E-003
  0.83333333333333337       0.50000000000000000        5.6033867012077795E-003
  0.83333333333333337       0.53333333333333333        3.4611468237823080E-003
  0.83333333333333337       0.56666666666666665        2.0840183408671270E-003
  0.83333333333333337       0.59999999999999998        1.2227768952663722E-003
  0.83333333333333337       0.63333333333333330        6.9889985672510568E-004
  0.83333333333333337       0.66666666666666663        3.8901559857411301E-004
  0.83333333333333337       0.69999999999999996        2.1079918544230524E-004
  0.83333333333333337       0.73333333333333328        1.1117015944508487E-004
  0.83333333333333337       0.76666666666666661        5.7041746457917252E-005
  0.83333333333333337       0.80000000000000004        2.8467272811821924E-005
  0.83333333333333337       0.83333333333333337        1.3812753671637614E-005
  0.83333333333333337       0.86666666666666670        6.5110704209600170E-006
  0.83333333333333337       0.90000000000000002        2.9722514675901509E-006
  0.83333333333333337       0.93333333333333335        1.2913043000636488E-006
  0.83333333333333337       0.96666666666666667        4.7684881447052074E-007
  0.83333333333333337        1.0000000000000000        0.0000000000000000     

  0.86666666666666670        0.0000000000000000       0.40673664307580004     
  0.86666666666666670        3.3333333333333333E-002  0.34511117623678628     
  0.86666666666666670        6.6666666666666666E-002  0.28843073202631347     
  0.86666666666666670       0.10000000000000001       0.23714613515090657     
  0.86666666666666670       0.13333333333333333       0.19159515819880976     
  0.86666666666666670       0.16666666666666666       0.15194797247256184     
  0.86666666666666670       0.20000000000000001       0.11817860236810655     
  0.86666666666666670       0.23333333333333334        9.0063429995352634E-002
  0.86666666666666670       0.26666666666666666        6.7203617431750531E-002
  0.86666666666666670       0.29999999999999999        4.9065130148284675E-002
  0.86666666666666670       0.33333333333333331        3.5028363568189690E-002
  0.86666666666666670       0.36666666666666664        2.4439308681432990E-002
  0.86666666666666670       0.40000000000000002        1.6655490556901797E-002
  0.86666666666666670       0.43333333333333335        1.1082077897706540E-002
  0.86666666666666670       0.46666666666666667        7.1960101498384863E-003
  0.86666666666666670       0.50000000000000000        4.5582053934096695E-003
  0.86666666666666670       0.53333333333333333        2.8155504805953682E-003
  0.86666666666666670       0.56666666666666665        1.6952932481453882E-003
  0.86666666666666670       0.59999999999999998        9.9469633922258708E-004
  0.86666666666666670       0.63333333333333330        5.6853636314105446E-004
  0.86666666666666670       0.66666666666666663        3.1645379733631553E-004
  0.86666666666666670       0.69999999999999996        1.7147950609983266E-004
  0.86666666666666670       0.73333333333333328        9.0433954925790575E-005
  0.86666666666666670       0.76666666666666661        4.6401936938948360E-005
  0.86666666666666670       0.80000000000000004        2.3157365962006896E-005
  0.86666666666666670       0.83333333333333337        1.1236306120069633E-005
  0.86666666666666670       0.86666666666666670        5.2965818517028296E-006
  0.86666666666666670       0.90000000000000002        2.4178471686094774E-006
  0.86666666666666670       0.93333333333333335        1.0504415523944686E-006
  0.86666666666666670       0.96666666666666667        3.8790377210482927E-007
  0.86666666666666670        1.0000000000000000        0.0000000000000000     

  0.90000000000000002        0.0000000000000000       0.30901699437494751     
  0.90000000000000002        3.3333333333333333E-002  0.26219722324359129     
  0.90000000000000002        6.6666666666666666E-002  0.21913441882718898     
  0.90000000000000002       0.10000000000000001       0.18017109389947739     
  0.90000000000000002       0.13333333333333333       0.14556387021258615     
  0.90000000000000002       0.16666666666666666       0.11544203492402767     
  0.90000000000000002       0.20000000000000001        8.9785853143353356E-002
  0.90000000000000002       0.23333333333333334        6.8425431821926341E-002
  0.90000000000000002       0.26666666666666666        5.1057754995566466E-002
  0.90000000000000002       0.29999999999999999        3.7277091467298504E-002
  0.90000000000000002       0.33333333333333331        2.6612698442558664E-002
  0.90000000000000002       0.36666666666666664        1.8567694457591682E-002
  0.90000000000000002       0.40000000000000002        1.2653961031917500E-002
  0.90000000000000002       0.43333333333333335        8.4195767990839845E-003
  0.90000000000000002       0.46666666666666667        5.4671480080546696E-003
  0.90000000000000002       0.50000000000000000        3.4630834334555601E-003
  0.90000000000000002       0.53333333333333333        2.1391063771512091E-003
  0.90000000000000002       0.56666666666666665        1.2879941678340485E-003
  0.90000000000000002       0.59999999999999998        7.5571768193268842E-004
  0.90000000000000002       0.63333333333333330        4.3194386618854711E-004
  0.90000000000000002       0.66666666666666663        2.4042486207268693E-004
  0.90000000000000002       0.69999999999999996        1.3028106140413668E-004
  0.90000000000000002       0.73333333333333328        6.8706937071807603E-005
  0.90000000000000002       0.76666666666666661        3.5253738088646790E-005
  0.90000000000000002       0.80000000000000004        1.7593742164721737E-005
  0.90000000000000002       0.83333333333333337        8.5367512473019486E-006
  0.90000000000000002       0.86666666666666670        4.0240628232973760E-006
  0.90000000000000002       0.90000000000000002        1.8369524300824696E-006
  0.90000000000000002       0.93333333333333335        7.9806994725822791E-007
  0.90000000000000002       0.96666666666666667        2.9470877483787448E-007
  0.90000000000000002        1.0000000000000000        0.0000000000000000     

  0.93333333333333335        0.0000000000000000       0.20791169081775931     
  0.93333333333333335        3.3333333333333333E-002  0.17641058260424305     
  0.93333333333333335        6.6666666666666666E-002  0.14743722307856857     
  0.93333333333333335       0.10000000000000001       0.12122206044006023     
  0.93333333333333335       0.13333333333333333        9.7937754003115274E-002
  0.93333333333333335       0.16666666666666666        7.7671290283066977E-002
  0.93333333333333335       0.20000000000000001        6.0409391322663909E-002
  0.93333333333333335       0.23333333333333334        4.6037750298516866E-002
  0.93333333333333335       0.26666666666666666        3.4352493111128847E-002
  0.93333333333333335       0.29999999999999999        2.5080637171463718E-002
  0.93333333333333335       0.33333333333333331        1.7905459023725784E-002
  0.93333333333333335       0.36666666666666664        1.2492648687733140E-002
  0.93333333333333335       0.40000000000000002        8.5137920618559310E-003
  0.93333333333333335       0.43333333333333335        5.6648290551409488E-003
  0.93333333333333335       0.46666666666666667        3.6783866486203333E-003
  0.93333333333333335       0.50000000000000000        2.3300192067077130E-003
  0.93333333333333335       0.53333333333333333        1.4392257766021939E-003
  0.93333333333333335       0.56666666666666665        8.6658355388981182E-004
  0.93333333333333335       0.59999999999999998        5.0845922357544337E-004
  0.93333333333333335       0.63333333333333330        2.9061890184801296E-004
  0.93333333333333335       0.66666666666666663        1.6176178170805312E-004
  0.93333333333333335       0.69999999999999996        8.7655230136632163E-005
  0.93333333333333335       0.73333333333333328        4.6227151637414989E-005
  0.93333333333333335       0.76666666666666661        2.3719291906527021E-005
  0.93333333333333335       0.80000000000000004        1.1837357646552655E-005
  0.93333333333333335       0.83333333333333337        5.7436659414387789E-006
  0.93333333333333335       0.86666666666666670        2.7074553205105945E-006
  0.93333333333333335       0.90000000000000002        1.2359316563244695E-006
  0.93333333333333335       0.93333333333333335        5.3695452077295291E-007
  0.93333333333333335       0.96666666666666667        1.9828488656201995E-007
  0.93333333333333335        1.0000000000000000        0.0000000000000000     

  0.96666666666666667        0.0000000000000000       0.10452846326765373     
  0.96666666666666667        3.3333333333333333E-002   8.8691150705595093E-002
  0.96666666666666667        6.6666666666666666E-002   7.4124674260676954E-002
  0.96666666666666667       0.10000000000000001        6.0944892719114789E-002
  0.96666666666666667       0.13333333333333333        4.9238611265993666E-002
  0.96666666666666667       0.16666666666666666        3.9049562732002580E-002
  0.96666666666666667       0.20000000000000001        3.0371071569165495E-002
  0.96666666666666667       0.23333333333333334        2.3145669548818231E-002
  0.96666666666666667       0.26666666666666666        1.7270858123444359E-002
  0.96666666666666667       0.29999999999999999        1.2609394166317631E-002
  0.96666666666666667       0.33333333333333331        9.0020436488707778E-003
  0.96666666666666667       0.36666666666666664        6.2807308445969852E-003
  0.96666666666666667       0.40000000000000002        4.2803442043391404E-003
  0.96666666666666667       0.43333333333333335        2.8480162586280978E-003
  0.96666666666666667       0.46666666666666667        1.8493241153118203E-003
  0.96666666666666667       0.50000000000000000        1.1714268019433107E-003
  0.96666666666666667       0.53333333333333333        7.2357671726736884E-004
  0.96666666666666667       0.56666666666666665        4.3567846918489135E-004
  0.96666666666666667       0.59999999999999998        2.5562997956277269E-004
  0.96666666666666667       0.63333333333333330        1.4610985600291697E-004
  0.96666666666666667       0.66666666666666663        8.1326405412196788E-005
  0.96666666666666667       0.69999999999999996        4.4069029824714558E-005
  0.96666666666666667       0.73333333333333328        2.3240891856029466E-005
  0.96666666666666667       0.76666666666666661        1.1924972198698414E-005
  0.96666666666666667       0.80000000000000004        5.9512805608815977E-006
  0.96666666666666667       0.83333333333333337        2.8876518295818354E-006
  0.96666666666666667       0.86666666666666670        1.3611843706608484E-006
  0.96666666666666667       0.90000000000000002        6.2136975670445239E-007
  0.96666666666666667       0.93333333333333335        2.6995610819313217E-007
  0.96666666666666667       0.96666666666666667        9.9688547575211867E-008
  0.96666666666666667        1.0000000000000000        0.0000000000000000     

   1.0000000000000000        0.0000000000000000        1.2246467991473532E-016
   1.0000000000000000        3.3333333333333333E-002   0.0000000000000000     
   1.0000000000000000        6.6666666666666666E-002   0.0000000000000000     
   1.0000000000000000       0.10000000000000001        0.0000000000000000     
   1.0000000000000000       0.13333333333333333        0.0000000000000000     
   1.0000000000000000       0.16666666666666666        0.0000000000000000     
   1.0000000000000000       0.20000000000000001        0.0000000000000000     
   1.0000000000000000       0.23333333333333334        0.0000000000000000     
   1.0000000000000000       0.26666666666666666        0.0000000000000000     
   1.0000000000000000       0.29999999999999999        0.0000000000000000     
   1.0000000000000000       0.33333333333333331        0.0000000000000000     
   1.0000000000000000       0.36666666666666664        0.0000000000000000     
   1.0000000000000000       0.40000000000000002        0.0000000000000000     
   1.0000000000000000       0.43333333333333335        0.0000000000000000     
   1.0000000000000000       0.46666666666666667        0.0000000000000000     
   1.0000000000000000       0.50000000000000000        0.0000000000000000     
   1.0000000000000000       0.53333333333333333        0.0000000000000000     
   1.0000000000000000       0.56666666666666665        0.0000000000000000     
   1.0000000000000000       0.59999999999999998        0.0000000000000000     
   1.0000000000000000       0.63333333333333330        0.0000000000000000     
   1.0000000000000000       0.66666666666666663        0.0000000000000000     
   1.0000000000000000       0.69999999999999996        0.0000000000000000     
   1.0000000000000000       0.73333333333333328        0.0000000000000000     
   1.0000000000000000       0.76666666666666661        0.0000000000000000     
   1.0000000000000000       0.80000000000000004        0.0000000000000000     
   1.0000000000000000       0.83333333333333337        0.0000000000000000     
   1.0000000000000000       0.86666666666666670        0.0000000000000000     
   1.0000000000000000       0.90000000000000002        0.0000000000000000     
   1.0000000000000000       0.93333333333333335        0.0000000000000000     
   1.0000000000000000       0.96666666666666667        0.0000000000000000     
   1.0000000000000000        1.0000000000000000        0.0000000000000000     

