   0.0000000000000000        0.0000000000000000        0.0000000000000000     
   0.0000000000000000        3.3333333333333333E-002   0.0000000000000000     
   0.0000000000000000        6.6666666666666666E-002   0.0000000000000000     
   0.0000000000000000       0.10000000000000001        0.0000000000000000     
   0.0000000000000000       0.13333333333333333        0.0000000000000000     
   0.0000000000000000       0.16666666666666666        0.0000000000000000     
   0.0000000000000000       0.20000000000000001        0.0000000000000000     
   0.0000000000000000       0.23333333333333334        0.0000000000000000     
   0.0000000000000000       0.26666666666666666        0.0000000000000000     
   0.0000000000000000       0.29999999999999999        0.0000000000000000     
   0.0000000000000000       0.33333333333333331        0.0000000000000000     
   0.0000000000000000       0.36666666666666664        0.0000000000000000     
   0.0000000000000000       0.40000000000000002        0.0000000000000000     
   0.0000000000000000       0.43333333333333335        0.0000000000000000     
   0.0000000000000000       0.46666666666666667        0.0000000000000000     
   0.0000000000000000       0.50000000000000000        0.0000000000000000     
   0.0000000000000000       0.53333333333333333        0.0000000000000000     
   0.0000000000000000       0.56666666666666665        0.0000000000000000     
   0.0000000000000000       0.59999999999999998        0.0000000000000000     
   0.0000000000000000       0.63333333333333330        0.0000000000000000     
   0.0000000000000000       0.66666666666666663        0.0000000000000000     
   0.0000000000000000       0.69999999999999996        0.0000000000000000     
   0.0000000000000000       0.73333333333333328        0.0000000000000000     
   0.0000000000000000       0.76666666666666661        0.0000000000000000     
   0.0000000000000000       0.80000000000000004        0.0000000000000000     
   0.0000000000000000       0.83333333333333337        0.0000000000000000     
   0.0000000000000000       0.86666666666666670        0.0000000000000000     
   0.0000000000000000       0.90000000000000002        0.0000000000000000     
   0.0000000000000000       0.93333333333333335        0.0000000000000000     
   0.0000000000000000       0.96666666666666667        0.0000000000000000     
   0.0000000000000000        1.0000000000000000        0.0000000000000000     

   3.3333333333333333E-002   0.0000000000000000       0.10452846326765346     
   3.3333333333333333E-002   3.3333333333333333E-002   8.9362761491068407E-002
   3.3333333333333333E-002   6.6666666666666666E-002   7.5417569501410375E-002
   3.3333333333333333E-002  0.10000000000000001        6.2764642575852653E-002
   3.3333333333333333E-002  0.13333333333333333        5.1458061417917325E-002
   3.3333333333333333E-002  0.16666666666666666        4.1523469139541337E-002
   3.3333333333333333E-002  0.20000000000000001        3.2951660684437035E-002
   3.3333333333333333E-002  0.23333333333333334        2.5696835238726144E-002
   3.3333333333333333E-002  0.26666666666666666        1.9679171696422759E-002
   3.3333333333333333E-002  0.29999999999999999        1.4790851316188654E-002
   3.3333333333333333E-002  0.33333333333333331        1.0904312422190022E-002
   3.3333333333333333E-002  0.36666666666666664        7.8814135241806332E-003
   3.3333333333333333E-002  0.40000000000000002        5.5822885374443550E-003
   3.3333333333333333E-002  0.43333333333333335        3.8729470281521510E-003
   3.3333333333333333E-002  0.46666666666666667        2.6310286064284254E-003
   3.3333333333333333E-002  0.50000000000000000        1.7494870155982320E-003
   3.3333333333333333E-002  0.53333333333333333        1.1382937262963560E-003
   3.3333333333333333E-002  0.56666666666666665        7.2447435813547149E-004
   3.3333333333333333E-002  0.59999999999999998        4.5091132899559191E-004
   3.3333333333333333E-002  0.63333333333333330        2.7437189278395465E-004
   3.3333333333333333E-002  0.66666666666666663        1.6317538852340729E-004
   3.3333333333333333E-002  0.69999999999999996        9.4825834307119756E-005
   3.3333333333333333E-002  0.73333333333333328        5.3833032542202343E-005
   3.3333333333333333E-002  0.76666666666666661        2.9847898112840005E-005
   3.3333333333333333E-002  0.80000000000000004        1.6158483305758055E-005
   3.3333333333333333E-002  0.83333333333333337        8.5372407442122815E-006
   3.3333333333333333E-002  0.86666666666666670        4.3967509724102812E-006
   3.3333333333333333E-002  0.90000000000000002        2.1962899334226422E-006
   3.3333333333333333E-002  0.93333333333333335        1.0396950789808554E-006
   3.3333333333333333E-002  0.96666666666666667        4.1061654894788337E-007
   3.3333333333333333E-002   1.0000000000000000        0.0000000000000000     

   6.6666666666666666E-002   0.0000000000000000       0.20791169081775931     
   6.6666666666666666E-002   3.3333333333333333E-002  0.17774644586688065     
   6.6666666666666666E-002   6.6666666666666666E-002  0.15000884832922223     
   6.6666666666666666E-002  0.10000000000000001       0.12484162259329842     
   6.6666666666666666E-002  0.13333333333333333       0.10235233754664831     
   6.6666666666666666E-002  0.16666666666666666        8.2591998461845326E-002
   6.6666666666666666E-002  0.20000000000000001        6.5542296078837062E-002
   6.6666666666666666E-002  0.23333333333333334        5.1112130573168317E-002
   6.6666666666666666E-002  0.26666666666666666        3.9142734269608077E-002
   6.6666666666666666E-002  0.29999999999999999        2.9419650970172521E-002
   6.6666666666666666E-002  0.33333333333333331        2.1689154915608459E-002
   6.6666666666666666E-002  0.36666666666666664        1.5676476632498531E-002
   6.6666666666666666E-002  0.40000000000000002        1.1103416353503492E-002
   6.6666666666666666E-002  0.43333333333333335        7.7034612381975971E-003
   6.6666666666666666E-002  0.46666666666666667        5.2332311128666879E-003
   6.6666666666666666E-002  0.50000000000000000        3.4798062853498755E-003
   6.6666666666666666E-002  0.53333333333333333        2.2641160683241329E-003
   6.6666666666666666E-002  0.56666666666666665        1.4410112235972048E-003
   6.6666666666666666E-002  0.59999999999999998        8.9688237911144623E-004
   6.6666666666666666E-002  0.63333333333333330        5.4573770969455846E-004
   6.6666666666666666E-002  0.66666666666666663        3.2456299334350682E-004
   6.6666666666666666E-002  0.69999999999999996        1.8861273692998915E-004
   6.6666666666666666E-002  0.73333333333333328        1.0707625911458602E-004
   6.6666666666666666E-002  0.76666666666666661        5.9368776407881500E-005
   6.6666666666666666E-002  0.80000000000000004        3.2139930887038207E-005
   6.6666666666666666E-002  0.83333333333333337        1.6980945692298495E-005
   6.6666666666666666E-002  0.86666666666666670        8.7453302210875419E-006
   6.6666666666666666E-002  0.90000000000000002        4.3685168547314893E-006
   6.6666666666666666E-002  0.93333333333333335        2.0679990411062134E-006
   6.6666666666666666E-002  0.96666666666666667        8.1673429705845666E-007
   6.6666666666666666E-002   1.0000000000000000        0.0000000000000000     

  0.10000000000000001        0.0000000000000000       0.30901699437494740     
  0.10000000000000001        3.3333333333333333E-002  0.26418270298594021     
  0.10000000000000001        6.6666666666666666E-002  0.22295659882336952     
  0.10000000000000001       0.10000000000000001       0.18555081166882292     
  0.10000000000000001       0.13333333333333333       0.15212522004661461     
  0.10000000000000001       0.16666666666666666       0.12275563256551450     
  0.10000000000000001       0.20000000000000001        9.7414836361790144E-002
  0.10000000000000001       0.23333333333333334        7.5967430709149922E-002
  0.10000000000000001       0.26666666666666666        5.8177440854991824E-002
  0.10000000000000001       0.29999999999999999        4.3726122771669429E-002
  0.10000000000000001       0.33333333333333331        3.2236366489024032E-002
  0.10000000000000001       0.36666666666666664        2.3299784982317138E-002
  0.10000000000000001       0.40000000000000002        1.6502892816454395E-002
  0.10000000000000001       0.43333333333333335        1.1449574714864448E-002
  0.10000000000000001       0.46666666666666667        7.7780972441083692E-003
  0.10000000000000001       0.50000000000000000        5.1720000692429451E-003
  0.10000000000000001       0.53333333333333333        3.3651322809106037E-003
  0.10000000000000001       0.56666666666666665        2.1417600685422217E-003
  0.10000000000000001       0.59999999999999998        1.3330269981970517E-003
  0.10000000000000001       0.63333333333333330        8.1112431005479107E-004
  0.10000000000000001       0.66666666666666663        4.8239461808936206E-004
  0.10000000000000001       0.69999999999999996        2.8033315893730094E-004
  0.10000000000000001       0.73333333333333328        1.5914633578496254E-004
  0.10000000000000001       0.76666666666666661        8.8239197964883073E-005
  0.10000000000000001       0.80000000000000004        4.7769246659807044E-005
  0.10000000000000001       0.83333333333333337        2.5238603845888549E-005
  0.10000000000000001       0.86666666666666670        1.2998093801784565E-005
  0.10000000000000001       0.90000000000000002        6.4928813912089758E-006
  0.10000000000000001       0.93333333333333335        3.0736455729805912E-006
  0.10000000000000001       0.96666666666666667        1.2139037332978181E-006
  0.10000000000000001        1.0000000000000000        0.0000000000000000     

  0.13333333333333333        0.0000000000000000       0.40673664307580015     
  0.13333333333333333        3.3333333333333333E-002  0.34772451912730112     
  0.13333333333333333        6.6666666666666666E-002  0.29346159016414020     
  0.13333333333333333       0.10000000000000001       0.24422706722270018     
  0.13333333333333333       0.13333333333333333       0.20023138680150132     
  0.13333333333333333       0.16666666666666666       0.16157433027052834     
  0.13333333333333333       0.20000000000000001       0.12822007931219839     
  0.13333333333333333       0.23333333333333334        9.9990415777075167E-002
  0.13333333333333333       0.26666666666666666        7.6574743223956118E-002
  0.13333333333333333       0.29999999999999999        5.7553522021800460E-002
  0.13333333333333333       0.33333333333333331        4.2430389685292488E-002
  0.13333333333333333       0.36666666666666664        3.0667816012076011E-002
  0.13333333333333333       0.40000000000000002        2.1721560132255884E-002
  0.13333333333333333       0.43333333333333335        1.5070244254977702E-002
  0.13333333333333333       0.46666666666666667        1.0237744914272108E-002
  0.13333333333333333       0.50000000000000000        6.8075283380667944E-003
  0.13333333333333333       0.53333333333333333        4.4292794000282158E-003
  0.13333333333333333       0.56666666666666665        2.8190433419841825E-003
  0.13333333333333333       0.59999999999999998        1.7545666945365773E-003
  0.13333333333333333       0.63333333333333330        1.0676240627353890E-003
  0.13333333333333333       0.66666666666666663        6.3494102645186672E-004
  0.13333333333333333       0.69999999999999996        3.6898219219181071E-004
  0.13333333333333333       0.73333333333333328        2.0947277189696718E-004
  0.13333333333333333       0.76666666666666661        1.1614285240374210E-004
  0.13333333333333333       0.80000000000000004        6.2875192569813513E-005
  0.13333333333333333       0.83333333333333337        3.3219742574225649E-005
  0.13333333333333333       0.86666666666666670        1.7108447546763239E-005
  0.13333333333333333       0.90000000000000002        8.5461085604415955E-006
  0.13333333333333333       0.93333333333333335        4.0456166007557066E-006
  0.13333333333333333       0.96666666666666667        1.5977733862094812E-006
  0.13333333333333333        1.0000000000000000        0.0000000000000000     

  0.16666666666666666        0.0000000000000000       0.49999999999999994     
  0.16666666666666666        3.3333333333333333E-002  0.42745659267106961     
  0.16666666666666666        6.6666666666666666E-002  0.36075135491228666     
  0.16666666666666666       0.10000000000000001       0.30022751992028612     
  0.16666666666666666       0.13333333333333333       0.24614377658147929     
  0.16666666666666666       0.16666666666666666       0.19862278580149592     
  0.16666666666666666       0.20000000000000001       0.15762051624188558     
  0.16666666666666666       0.23333333333333334       0.12291788492540708     
  0.16666666666666666       0.26666666666666666        9.4133076681863520E-002
  0.16666666666666666       0.29999999999999999        7.0750352840811881E-002
  0.16666666666666666       0.33333333333333331        5.2159536653038990E-002
  0.16666666666666666       0.36666666666666664        3.7699844031953492E-002
  0.16666666666666666       0.40000000000000002        2.6702241489719693E-002
  0.16666666666666666       0.43333333333333335        1.8525801045382064E-002
  0.16666666666666666       0.46666666666666667        1.2585225708769229E-002
  0.16666666666666666       0.50000000000000000        8.3684719018518958E-003
  0.16666666666666666       0.53333333333333333        5.4448984071528159E-003
  0.16666666666666666       0.56666666666666665        3.4654405866486196E-003
  0.16666666666666666       0.59999999999999998        2.1568829910040745E-003
  0.16666666666666666       0.63333333333333330        1.3124267027699601E-003
  0.16666666666666666       0.66666666666666663        7.8053088805861285E-004
  0.16666666666666666       0.69999999999999996        4.5358857933417926E-004
  0.16666666666666666       0.73333333333333328        2.5750418048507305E-004
  0.16666666666666666       0.76666666666666661        1.4277402144721136E-004
  0.16666666666666666       0.80000000000000004        7.7292264712545169E-005
  0.16666666666666666       0.83333333333333337        4.0836918851241479E-005
  0.16666666666666666       0.86666666666666670        2.1031357560246767E-005
  0.16666666666666666       0.90000000000000002        1.0505702775897825E-005
  0.16666666666666666       0.93333333333333335        4.9732630064532424E-006
  0.16666666666666666       0.96666666666666667        1.9641374995462572E-006
  0.16666666666666666        1.0000000000000000        0.0000000000000000     

  0.20000000000000001        0.0000000000000000       0.58778525229247314     
  0.20000000000000001        3.3333333333333333E-002  0.50250536233449117     
  0.20000000000000001        6.6666666666666666E-002  0.42408865232393989     
  0.20000000000000001       0.10000000000000001       0.35293861708297769     
  0.20000000000000001       0.13333333333333333       0.28935936363633391     
  0.20000000000000001       0.16666666666666666       0.23349508852673226     
  0.20000000000000001       0.20000000000000001       0.18529402981141319     
  0.20000000000000001       0.23333333333333334       0.14449864000427515     
  0.20000000000000001       0.26666666666666666       0.11066006845303174     
  0.20000000000000001       0.29999999999999999        8.3172027988636196E-002
  0.20000000000000001       0.33333333333333331        6.1317212822130041E-002
  0.20000000000000001       0.36666666666666664        4.4318824671417345E-002
  0.20000000000000001       0.40000000000000002        3.1390367501618867E-002
  0.20000000000000001       0.43333333333333335        2.1778385282760118E-002
  0.20000000000000001       0.46666666666666667        1.4794820136773280E-002
  0.20000000000000001       0.50000000000000000        9.8377287362649782E-003
  0.20000000000000001       0.53333333333333333        6.4008619679104062E-003
  0.20000000000000001       0.56666666666666665        4.0738697390556699E-003
  0.20000000000000001       0.59999999999999998        2.5355680260653480E-003
  0.20000000000000001       0.63333333333333330        1.5428501212060390E-003
  0.20000000000000001       0.66666666666666663        9.1756908991919950E-004
  0.20000000000000001       0.69999999999999996        5.3322535508185001E-004
  0.20000000000000001       0.73333333333333328        3.0271431938557044E-004
  0.20000000000000001       0.76666666666666661        1.6784092843432019E-004
  0.20000000000000001       0.80000000000000004        9.0862506628639972E-005
  0.20000000000000001       0.83333333333333337        4.8006677299648455E-005
  0.20000000000000001       0.86666666666666670        2.4723843619205712E-005
  0.20000000000000001       0.90000000000000002        1.2350194313281677E-005
  0.20000000000000001       0.93333333333333335        5.8464213019298852E-006
  0.20000000000000001       0.96666666666666667        2.3089821114158083E-006
  0.20000000000000001        1.0000000000000000        0.0000000000000000     

  0.23333333333333334        0.0000000000000000       0.66913060635885824     
  0.23333333333333334        3.3333333333333333E-002  0.57204857809216858     
  0.23333333333333334        6.6666666666666666E-002  0.48277954571447612     
  0.23333333333333334       0.10000000000000001       0.40178284489975447     
  0.23333333333333334       0.13333333333333333       0.32940466895084913     
  0.23333333333333334       0.16666666666666666       0.26580917020008116     
  0.23333333333333334       0.20000000000000001       0.21093742321505835     
  0.23333333333333334       0.23333333333333334       0.16449623774497199     
  0.23333333333333334       0.26666666666666666       0.12597464535712047     
  0.23333333333333334       0.29999999999999999        9.4682452992951235E-002
  0.23333333333333334       0.33333333333333331        6.9803084776090152E-002
  0.23333333333333334       0.36666666666666664        5.0452238993470844E-002
  0.23333333333333334       0.40000000000000002        3.5734574078313597E-002
  0.23333333333333334       0.43333333333333335        2.4792360973560138E-002
  0.23333333333333334       0.46666666666666667        1.6842319419343693E-002
  0.23333333333333334       0.50000000000000000        1.1199201355966451E-002
  0.23333333333333334       0.53333333333333333        7.2866963454810895E-003
  0.23333333333333334       0.56666666666666665        4.6376647220895762E-003
  0.23333333333333334       0.59999999999999998        2.8864728472313282E-003
  0.23333333333333334       0.63333333333333330        1.7563697508520407E-003
  0.23333333333333334       0.66666666666666663        1.0445542128169553E-003
  0.23333333333333334       0.69999999999999996        6.0702000225466477E-004
  0.23333333333333334       0.73333333333333328        3.4460785685583561E-004
  0.23333333333333334       0.76666666666666661        1.9106893508653031E-004
  0.23333333333333334       0.80000000000000004        1.0343723990790946E-004
  0.23333333333333334       0.83333333333333337        5.4650464545517397E-005
  0.23333333333333334       0.86666666666666670        2.8145450073675752E-005
  0.23333333333333334       0.90000000000000002        1.4059374537324905E-005
  0.23333333333333334       0.93333333333333335        6.6555249821802726E-006
  0.23333333333333334       0.96666666666666667        2.6285290320871175E-006
  0.23333333333333334        1.0000000000000000        0.0000000000000000     

  0.26666666666666666        0.0000000000000000       0.74314482547739413     
  0.26666666666666666        3.3333333333333333E-002  0.63532430991940725     
  0.26666666666666666        6.6666666666666666E-002  0.53618100537404956     
  0.26666666666666666       0.10000000000000001       0.44622505578934379     
  0.26666666666666666       0.13333333333333333       0.36584094777998033     
  0.26666666666666666       0.16666666666666666       0.29521099098057307     
  0.26666666666666666       0.20000000000000001       0.23426974206846571     
  0.26666666666666666       0.23333333333333334       0.18269158028188417     
  0.26666666666666666       0.26666666666666666       0.13990901768478728     
  0.26666666666666666       0.29999999999999999       0.10515551722869841     
  0.26666666666666666       0.33333333333333331        7.7524179526008818E-002
  0.26666666666666666       0.36666666666666664        5.6032888027302129E-002
  0.26666666666666666       0.40000000000000002        3.9687265183465957E-002
  0.26666666666666666       0.43333333333333335        2.7534706369398761E-002
  0.26666666666666666       0.46666666666666667        1.8705290725873850E-002
  0.26666666666666666       0.50000000000000000        1.2437973182028408E-002
  0.26666666666666666       0.53333333333333333        8.0926961530514412E-003
  0.26666666666666666       0.56666666666666665        5.1506484799345338E-003
  0.26666666666666666       0.59999999999999998        3.2057528678497661E-003
  0.26666666666666666       0.63333333333333330        1.9506462259637077E-003
  0.26666666666666666       0.66666666666666663        1.1600949811720665E-003
  0.26666666666666666       0.69999999999999996        6.7416401125567564E-004
  0.26666666666666666       0.73333333333333328        3.8272579853255810E-004
  0.26666666666666666       0.76666666666666661        2.1220355050218727E-004
  0.26666666666666666       0.80000000000000004        1.1487869314111389E-004
  0.26666666666666666       0.83333333333333337        6.0695489865480720E-005
  0.26666666666666666       0.86666666666666670        3.1258689087324512E-005
  0.26666666666666666       0.90000000000000002        1.5614517311823932E-005
  0.26666666666666666       0.93333333333333335        7.3917093379677514E-006
  0.26666666666666666       0.96666666666666667        2.9192772386278174E-006
  0.26666666666666666        1.0000000000000000        0.0000000000000000     

  0.29999999999999999        0.0000000000000000       0.80901699437494745     
  0.29999999999999999        3.3333333333333333E-002  0.69163929565700988     
  0.29999999999999999        6.6666666666666666E-002  0.58370795373565620     
  0.29999999999999999       0.10000000000000001       0.48577833158910905     
  0.29999999999999999       0.13333333333333333       0.39826899662809390     
  0.29999999999999999       0.16666666666666666       0.32137841836701048     
  0.29999999999999999       0.20000000000000001       0.25503535260367571     
  0.29999999999999999       0.23333333333333334       0.19888531563455700     
  0.29999999999999999       0.26666666666666666       0.15231051753685537     
  0.29999999999999999       0.29999999999999999       0.11447647561248131     
  0.29999999999999999       0.33333333333333331        8.4395903142063022E-002
  0.29999999999999999       0.36666666666666664        6.0999629014270640E-002
  0.29999999999999999       0.40000000000000002        4.3205134306174092E-002
  0.29999999999999999       0.43333333333333335        2.9975375760246510E-002
  0.29999999999999999       0.46666666666666667        2.0363322952877596E-002
  0.29999999999999999       0.50000000000000000        1.3540471971094838E-002
  0.29999999999999999       0.53333333333333333        8.8100306880634187E-003
  0.29999999999999999       0.56666666666666665        5.6072006551908414E-003
  0.29999999999999999       0.59999999999999998        3.4899099892011266E-003
  0.29999999999999999       0.63333333333333330        2.1235510128247512E-003
  0.29999999999999999       0.66666666666666663        1.2629255061479747E-003
  0.29999999999999999       0.69999999999999996        7.3392173827148009E-004
  0.29999999999999999       0.73333333333333328        4.1665051627003558E-004
  0.29999999999999999       0.76666666666666661        2.3101321941209442E-004
  0.29999999999999999       0.80000000000000004        1.2506151137235222E-004
  0.29999999999999999       0.83333333333333337        6.6075522697130025E-005
  0.29999999999999999       0.86666666666666670        3.4029451362031330E-005
  0.29999999999999999       0.90000000000000002        1.6998584167106800E-005
  0.29999999999999999       0.93333333333333335        8.0469085794338341E-006
  0.29999999999999999       0.96666666666666667        3.1780412328440751E-006
  0.29999999999999999        1.0000000000000000        0.0000000000000000     

  0.33333333333333331        0.0000000000000000       0.86602540378443860     
  0.33333333333333331        3.3333333333333333E-002  0.74037653653656665     
  0.33333333333333331        6.6666666666666666E-002  0.62483967560739284     
  0.33333333333333331       0.10000000000000001       0.52000931833233277     
  0.33333333333333331       0.13333333333333333       0.42633352700600458     
  0.33333333333333331       0.16666666666666666       0.34402475654906117     
  0.33333333333333331       0.20000000000000001       0.27300674244618128     
  0.33333333333333331       0.23333333333333334       0.21290002184970969     
  0.33333333333333331       0.26666666666666666       0.16304327148576478     
  0.33333333333333331       0.29999999999999999       0.12254320577371122     
  0.33333333333333331       0.33333333333333331        9.0342967582314651E-002
  0.33333333333333331       0.36666666666666664        6.5298045300765772E-002
  0.33333333333333331       0.40000000000000002        4.6249638936168173E-002
  0.33333333333333331       0.43333333333333335        3.2087628661514357E-002
  0.33333333333333331       0.46666666666666667        2.1798250352310339E-002
  0.33333333333333331       0.50000000000000000        1.4494618515720032E-002
  0.33333333333333331       0.53333333333333333        9.4308406832395268E-003
  0.33333333333333331       0.56666666666666665        6.0023191666867051E-003
  0.33333333333333331       0.59999999999999998        3.7358309264001826E-003
  0.33333333333333331       0.63333333333333330        2.2731897304076681E-003
  0.33333333333333331       0.66666666666666663        1.3519191549943731E-003
  0.33333333333333331       0.69999999999999996        7.8563846513978483E-004
  0.33333333333333331       0.73333333333333328        4.4601032376153271E-004
  0.33333333333333331       0.76666666666666661        2.4729185914749866E-004
  0.33333333333333331       0.80000000000000004        1.3387412951419134E-004
  0.33333333333333331       0.83333333333333337        7.0731618274917521E-005
  0.33333333333333331       0.86666666666666670        3.6427379846495222E-005
  0.33333333333333331       0.90000000000000002        1.8196410977072425E-005
  0.33333333333333331       0.93333333333333335        8.6139442065797596E-006
  0.33333333333333331       0.96666666666666667        3.4019859422654104E-006
  0.33333333333333331        1.0000000000000000        0.0000000000000000     

  0.36666666666666664        0.0000000000000000       0.91354545764260087     
  0.36666666666666664        3.3333333333333333E-002  0.78100205714807824     
  0.36666666666666664        6.6666666666666666E-002  0.65912552323706664     
  0.36666666666666664       0.10000000000000001       0.54854297416496167     
  0.36666666666666664       0.13333333333333333       0.44972705804601121     
  0.36666666666666664       0.16666666666666666       0.36290188750655178     
  0.36666666666666664       0.20000000000000001       0.28798701328811277     
  0.36666666666666664       0.23333333333333334       0.22458215087328312     
  0.36666666666666664       0.26666666666666666       0.17198968923327809     
  0.36666666666666664       0.29999999999999999       0.12926732692866993     
  0.36666666666666664       0.33333333333333331        9.5300215564253041E-002
  0.36666666666666664       0.36666666666666664        6.8881042538451259E-002
  0.36666666666666664       0.40000000000000002        4.8787422843618450E-002
  0.36666666666666664       0.43333333333333335        3.3848322788398659E-002
  0.36666666666666664       0.46666666666666667        2.2994351559306021E-002
  0.36666666666666664       0.50000000000000000        1.5289958986693070E-002
  0.36666666666666664       0.53333333333333333        9.9483244143597736E-003
  0.36666666666666664       0.56666666666666665        6.3316750133263124E-003
  0.36666666666666664       0.59999999999999998        3.9408213181967178E-003
  0.36666666666666664       0.63333333333333330        2.3979229056087059E-003
  0.36666666666666664       0.66666666666666663        1.4261008946713821E-003
  0.36666666666666664       0.69999999999999996        8.2874757257859989E-004
  0.36666666666666664       0.73333333333333328        4.7048354881223790E-004
  0.36666666666666664       0.76666666666666661        2.6086111752493443E-004
  0.36666666666666664       0.80000000000000004        1.4121999467811027E-004
  0.36666666666666664       0.83333333333333337        7.4612763441342313E-005
  0.36666666666666664       0.86666666666666670        3.8426202334441608E-005
  0.36666666666666664       0.90000000000000002        1.9194874100529438E-005
  0.36666666666666664       0.93333333333333335        9.0866036584146886E-006
  0.36666666666666664       0.96666666666666667        3.5886577817919581E-006
  0.36666666666666664        1.0000000000000000        0.0000000000000000     

  0.40000000000000002        0.0000000000000000       0.95105651629515353     
  0.40000000000000002        3.3333333333333333E-002  0.81307075578628796     
  0.40000000000000002        6.6666666666666666E-002  0.68618985370327190     
  0.40000000000000002       0.10000000000000001       0.57106667838264225     
  0.40000000000000002       0.13333333333333333       0.46819328532662863     
  0.40000000000000002       0.16666666666666666       0.37780298944241841     
  0.40000000000000002       0.20000000000000001       0.29981203814730273     
  0.40000000000000002       0.23333333333333334       0.23380371085505244     
  0.40000000000000002       0.26666666666666666       0.17905175195439535     
  0.40000000000000002       0.29999999999999999       0.13457516819887089     
  0.40000000000000002       0.33333333333333331        9.9213334441617271E-002
  0.40000000000000002       0.36666666666666664        7.1709364659800642E-002
  0.40000000000000002       0.40000000000000002        5.0790681536969438E-002
  0.40000000000000002       0.43333333333333335        3.5238167607596363E-002
  0.40000000000000002       0.46666666666666667        2.3938521838740533E-002
  0.40000000000000002       0.50000000000000000        1.5917779467378282E-002
  0.40000000000000002       0.53333333333333333        1.0356812221375574E-002
  0.40000000000000002       0.56666666666666665        6.5916597035317387E-003
  0.40000000000000002       0.59999999999999998        4.1026352469612131E-003
  0.40000000000000002       0.63333333333333330        2.4963839356582662E-003
  0.40000000000000002       0.66666666666666663        1.4846579745155736E-003
  0.40000000000000002       0.69999999999999996        8.6277674818566478E-004
  0.40000000000000002       0.73333333333333328        4.8980205764714412E-004
  0.40000000000000002       0.76666666666666661        2.7157232691006877E-004
  0.40000000000000002       0.80000000000000004        1.4701862402815210E-004
  0.40000000000000002       0.83333333333333337        7.7676435557779208E-005
  0.40000000000000002       0.86666666666666670        4.0004019308412052E-005
  0.40000000000000002       0.90000000000000002        1.9983034166555417E-005
  0.40000000000000002       0.93333333333333335        9.4597083790739649E-006
  0.40000000000000002       0.96666666666666667        3.7360115356862741E-006
  0.40000000000000002        1.0000000000000000        0.0000000000000000     

  0.43333333333333335        0.0000000000000000       0.97814760073380569     
  0.43333333333333335        3.3333333333333333E-002  0.83623128107810885     
  0.43333333333333335        6.6666666666666666E-002  0.70573614453784572     
  0.43333333333333335       0.10000000000000001       0.58733365656857739     
  0.43333333333333335       0.13333333333333333       0.48152988899746374     
  0.43333333333333335       0.16666666666666666       0.38856480276559563     
  0.43333333333333335       0.20000000000000001       0.30835225957684848     
  0.43333333333333335       0.23333333333333334       0.24046366845412187     
  0.43333333333333335       0.26666666666666666       0.18415208621211229     
  0.43333333333333335       0.29999999999999999       0.13840857576462065     
  0.43333333333333335       0.33333333333333331       0.10203945126511416     
  0.43333333333333335       0.36666666666666664        7.3752023975787978E-002
  0.43333333333333335       0.40000000000000002        5.2237466894767992E-002
  0.43333333333333335       0.43333333333333335        3.6241935688424591E-002
  0.43333333333333335       0.46666666666666667        2.4620416663452060E-002
  0.43333333333333335       0.50000000000000000        1.6371201425209394E-002
  0.43333333333333335       0.53333333333333333        1.0651828626391692E-002
  0.43333333333333335       0.56666666666666665        6.7794247906317988E-003
  0.43333333333333335       0.59999999999999998        4.2194998454283808E-003
  0.43333333333333335       0.63333333333333330        2.5674940609068317E-003
  0.43333333333333335       0.66666666666666663        1.5269488309063173E-003
  0.43333333333333335       0.69999999999999996        8.8735316119196582E-004
  0.43333333333333335       0.73333333333333328        5.0375419264079820E-004
  0.43333333333333335       0.76666666666666661        2.7930813305141340E-004
  0.43333333333333335       0.80000000000000004        1.5120648656771649E-004
  0.43333333333333335       0.83333333333333337        7.9889068391405935E-005
  0.43333333333333335       0.86666666666666670        4.1143543875460309E-005
  0.43333333333333335       0.90000000000000002        2.0552255928533878E-005
  0.43333333333333335       0.93333333333333335        9.7291705551608617E-006
  0.43333333333333335       0.96666666666666667        3.8424327653849350E-006
  0.43333333333333335        1.0000000000000000        0.0000000000000000     

  0.46666666666666667        0.0000000000000000       0.99452189536827329     
  0.46666666666666667        3.3333333333333333E-002  0.85022988146179224     
  0.46666666666666667        6.6666666666666666E-002  0.71755024248808008     
  0.46666666666666667       0.10000000000000001       0.59716568430567796     
  0.46666666666666667       0.13333333333333333       0.48959075043783523     
  0.46666666666666667       0.16666666666666666       0.39506941879726060     
  0.46666666666666667       0.20000000000000001       0.31351410912361150     
  0.46666666666666667       0.23333333333333334       0.24448905578135030     
  0.46666666666666667       0.26666666666666666       0.18723481167698783     
  0.46666666666666667       0.29999999999999999       0.14072555001043666     
  0.46666666666666667       0.33333333333333331       0.10374760250742250     
  0.46666666666666667       0.36666666666666664        7.4986640683493352E-002
  0.46666666666666667       0.40000000000000002        5.3111927633874741E-002
  0.46666666666666667       0.43333333333333335        3.6848629537737820E-002
  0.46666666666666667       0.46666666666666667        2.5032565051045386E-002
  0.46666666666666667       0.50000000000000000        1.6645257074331770E-002
  0.46666666666666667       0.53333333333333333        1.0830141367938620E-002
  0.46666666666666667       0.56666666666666665        6.8929130810398524E-003
  0.46666666666666667       0.59999999999999998        4.2901347206019264E-003
  0.46666666666666667       0.63333333333333330        2.6104741839414283E-003
  0.46666666666666667       0.66666666666666663        1.5525101163710664E-003
  0.46666666666666667       0.69999999999999996        9.0220754727366066E-004
  0.46666666666666667       0.73333333333333328        5.1218709128253762E-004
  0.46666666666666667       0.76666666666666661        2.8398378083806231E-004
  0.46666666666666667       0.80000000000000004        1.5373769919845346E-004
  0.46666666666666667       0.83333333333333337        8.1226419873874084E-005
  0.46666666666666667       0.86666666666666670        4.1832291165968948E-005
  0.46666666666666667       0.90000000000000002        2.0896302873723271E-005
  0.46666666666666667       0.93333333333333335        9.8920379026855910E-006
  0.46666666666666667       0.96666666666666667        3.9067554976252893E-006
  0.46666666666666667        1.0000000000000000        0.0000000000000000     

  0.50000000000000000        0.0000000000000000        1.0000000000000000     
  0.50000000000000000        3.3333333333333333E-002  0.85491318534213923     
  0.50000000000000000        6.6666666666666666E-002  0.72150270982457343     
  0.50000000000000000       0.10000000000000001       0.60045503984057214     
  0.50000000000000000       0.13333333333333333       0.49228755316295864     
  0.50000000000000000       0.16666666666666666       0.39724557160299179     
  0.50000000000000000       0.20000000000000001       0.31524103248377122     
  0.50000000000000000       0.23333333333333334       0.24583576985081415     
  0.50000000000000000       0.26666666666666666       0.18826615336372704     
  0.50000000000000000       0.29999999999999999       0.14150070568162373     
  0.50000000000000000       0.33333333333333331       0.10431907330607798     
  0.50000000000000000       0.36666666666666664        7.5399688063906969E-002
  0.50000000000000000       0.40000000000000002        5.3404482979439387E-002
  0.50000000000000000       0.43333333333333335        3.7051602090764121E-002
  0.50000000000000000       0.46666666666666667        2.5170451417538459E-002
  0.50000000000000000       0.50000000000000000        1.6736943803703788E-002
  0.50000000000000000       0.53333333333333333        1.0889796814305630E-002
  0.50000000000000000       0.56666666666666665        6.9308811732972393E-003
  0.50000000000000000       0.59999999999999998        4.3137659820081491E-003
  0.50000000000000000       0.63333333333333330        2.6248534055399201E-003
  0.50000000000000000       0.66666666666666663        1.5610617761172255E-003
  0.50000000000000000       0.69999999999999996        9.0717715866835851E-004
  0.50000000000000000       0.73333333333333328        5.1500836097014609E-004
  0.50000000000000000       0.76666666666666661        2.8554804289442271E-004
  0.50000000000000000       0.80000000000000004        1.5458452942509034E-004
  0.50000000000000000       0.83333333333333337        8.1673837702482972E-005
  0.50000000000000000       0.86666666666666670        4.2062715120493527E-005
  0.50000000000000000       0.90000000000000002        2.1011405551795650E-005
  0.50000000000000000       0.93333333333333335        9.9465260129064848E-006
  0.50000000000000000       0.96666666666666667        3.9282749990925144E-006
  0.50000000000000000        1.0000000000000000        0.0000000000000000     

  0.53333333333333333        0.0000000000000000       0.99452189536827340     
  0.53333333333333333        3.3333333333333333E-002  0.85022988146179235     
  0.53333333333333333        6.6666666666666666E-002  0.71755024248808008     
  0.53333333333333333       0.10000000000000001       0.59716568430567796     
  0.53333333333333333       0.13333333333333333       0.48959075043783518     
  0.53333333333333333       0.16666666666666666       0.39506941879726060     
  0.53333333333333333       0.20000000000000001       0.31351410912361150     
  0.53333333333333333       0.23333333333333334       0.24448905578135033     
  0.53333333333333333       0.26666666666666666       0.18723481167698783     
  0.53333333333333333       0.29999999999999999       0.14072555001043666     
  0.53333333333333333       0.33333333333333331       0.10374760250742251     
  0.53333333333333333       0.36666666666666664        7.4986640683493352E-002
  0.53333333333333333       0.40000000000000002        5.3111927633874748E-002
  0.53333333333333333       0.43333333333333335        3.6848629537737813E-002
  0.53333333333333333       0.46666666666666667        2.5032565051045390E-002
  0.53333333333333333       0.50000000000000000        1.6645257074331770E-002
  0.53333333333333333       0.53333333333333333        1.0830141367938622E-002
  0.53333333333333333       0.56666666666666665        6.8929130810398524E-003
  0.53333333333333333       0.59999999999999998        4.2901347206019255E-003
  0.53333333333333333       0.63333333333333330        2.6104741839414283E-003
  0.53333333333333333       0.66666666666666663        1.5525101163710664E-003
  0.53333333333333333       0.69999999999999996        9.0220754727366066E-004
  0.53333333333333333       0.73333333333333328        5.1218709128253762E-004
  0.53333333333333333       0.76666666666666661        2.8398378083806231E-004
  0.53333333333333333       0.80000000000000004        1.5373769919845348E-004
  0.53333333333333333       0.83333333333333337        8.1226419873874097E-005
  0.53333333333333333       0.86666666666666670        4.1832291165968955E-005
  0.53333333333333333       0.90000000000000002        2.0896302873723271E-005
  0.53333333333333333       0.93333333333333335        9.8920379026855927E-006
  0.53333333333333333       0.96666666666666667        3.9067554976252893E-006
  0.53333333333333333        1.0000000000000000        0.0000000000000000     

  0.56666666666666665        0.0000000000000000       0.97814760073380569     
  0.56666666666666665        3.3333333333333333E-002  0.83623128107810885     
  0.56666666666666665        6.6666666666666666E-002  0.70573614453784572     
  0.56666666666666665       0.10000000000000001       0.58733365656857739     
  0.56666666666666665       0.13333333333333333       0.48152988899746380     
  0.56666666666666665       0.16666666666666666       0.38856480276559568     
  0.56666666666666665       0.20000000000000001       0.30835225957684848     
  0.56666666666666665       0.23333333333333334       0.24046366845412190     
  0.56666666666666665       0.26666666666666666       0.18415208621211232     
  0.56666666666666665       0.29999999999999999       0.13840857576462065     
  0.56666666666666665       0.33333333333333331       0.10203945126511417     
  0.56666666666666665       0.36666666666666664        7.3752023975787978E-002
  0.56666666666666665       0.40000000000000002        5.2237466894767999E-002
  0.56666666666666665       0.43333333333333335        3.6241935688424591E-002
  0.56666666666666665       0.46666666666666667        2.4620416663452060E-002
  0.56666666666666665       0.50000000000000000        1.6371201425209394E-002
  0.56666666666666665       0.53333333333333333        1.0651828626391692E-002
  0.56666666666666665       0.56666666666666665        6.7794247906317988E-003
  0.56666666666666665       0.59999999999999998        4.2194998454283808E-003
  0.56666666666666665       0.63333333333333330        2.5674940609068317E-003
  0.56666666666666665       0.66666666666666663        1.5269488309063175E-003
  0.56666666666666665       0.69999999999999996        8.8735316119196582E-004
  0.56666666666666665       0.73333333333333328        5.0375419264079820E-004
  0.56666666666666665       0.76666666666666661        2.7930813305141340E-004
  0.56666666666666665       0.80000000000000004        1.5120648656771651E-004
  0.56666666666666665       0.83333333333333337        7.9889068391405935E-005
  0.56666666666666665       0.86666666666666670        4.1143543875460309E-005
  0.56666666666666665       0.90000000000000002        2.0552255928533881E-005
  0.56666666666666665       0.93333333333333335        9.7291705551608634E-006
  0.56666666666666665       0.96666666666666667        3.8424327653849358E-006
  0.56666666666666665        1.0000000000000000        0.0000000000000000     

  0.59999999999999998        0.0000000000000000       0.95105651629515364     
  0.59999999999999998        3.3333333333333333E-002  0.81307075578628796     
  0.59999999999999998        6.6666666666666666E-002  0.68618985370327190     
  0.59999999999999998       0.10000000000000001       0.57106667838264236     
  0.59999999999999998       0.13333333333333333       0.46819328532662868     
  0.59999999999999998       0.16666666666666666       0.37780298944241847     
  0.59999999999999998       0.20000000000000001       0.29981203814730278     
  0.59999999999999998       0.23333333333333334       0.23380371085505247     
  0.59999999999999998       0.26666666666666666       0.17905175195439538     
  0.59999999999999998       0.29999999999999999       0.13457516819887094     
  0.59999999999999998       0.33333333333333331        9.9213334441617285E-002
  0.59999999999999998       0.36666666666666664        7.1709364659800656E-002
  0.59999999999999998       0.40000000000000002        5.0790681536969445E-002
  0.59999999999999998       0.43333333333333335        3.5238167607596356E-002
  0.59999999999999998       0.46666666666666667        2.3938521838740536E-002
  0.59999999999999998       0.50000000000000000        1.5917779467378282E-002
  0.59999999999999998       0.53333333333333333        1.0356812221375576E-002
  0.59999999999999998       0.56666666666666665        6.5916597035317395E-003
  0.59999999999999998       0.59999999999999998        4.1026352469612122E-003
  0.59999999999999998       0.63333333333333330        2.4963839356582666E-003
  0.59999999999999998       0.66666666666666663        1.4846579745155736E-003
  0.59999999999999998       0.69999999999999996        8.6277674818566478E-004
  0.59999999999999998       0.73333333333333328        4.8980205764714412E-004
  0.59999999999999998       0.76666666666666661        2.7157232691006877E-004
  0.59999999999999998       0.80000000000000004        1.4701862402815210E-004
  0.59999999999999998       0.83333333333333337        7.7676435557779208E-005
  0.59999999999999998       0.86666666666666670        4.0004019308412059E-005
  0.59999999999999998       0.90000000000000002        1.9983034166555417E-005
  0.59999999999999998       0.93333333333333335        9.4597083790739649E-006
  0.59999999999999998       0.96666666666666667        3.7360115356862741E-006
  0.59999999999999998        1.0000000000000000        0.0000000000000000     

  0.63333333333333330        0.0000000000000000       0.91354545764260098     
  0.63333333333333330        3.3333333333333333E-002  0.78100205714807835     
  0.63333333333333330        6.6666666666666666E-002  0.65912552323706675     
  0.63333333333333330       0.10000000000000001       0.54854297416496178     
  0.63333333333333330       0.13333333333333333       0.44972705804601132     
  0.63333333333333330       0.16666666666666666       0.36290188750655178     
  0.63333333333333330       0.20000000000000001       0.28798701328811277     
  0.63333333333333330       0.23333333333333334       0.22458215087328318     
  0.63333333333333330       0.26666666666666666       0.17198968923327812     
  0.63333333333333330       0.29999999999999999       0.12926732692866996     
  0.63333333333333330       0.33333333333333331        9.5300215564253055E-002
  0.63333333333333330       0.36666666666666664        6.8881042538451273E-002
  0.63333333333333330       0.40000000000000002        4.8787422843618443E-002
  0.63333333333333330       0.43333333333333335        3.3848322788398659E-002
  0.63333333333333330       0.46666666666666667        2.2994351559306021E-002
  0.63333333333333330       0.50000000000000000        1.5289958986693072E-002
  0.63333333333333330       0.53333333333333333        9.9483244143597754E-003
  0.63333333333333330       0.56666666666666665        6.3316750133263133E-003
  0.63333333333333330       0.59999999999999998        3.9408213181967187E-003
  0.63333333333333330       0.63333333333333330        2.3979229056087059E-003
  0.63333333333333330       0.66666666666666663        1.4261008946713821E-003
  0.63333333333333330       0.69999999999999996        8.2874757257859989E-004
  0.63333333333333330       0.73333333333333328        4.7048354881223790E-004
  0.63333333333333330       0.76666666666666661        2.6086111752493443E-004
  0.63333333333333330       0.80000000000000004        1.4121999467811027E-004
  0.63333333333333330       0.83333333333333337        7.4612763441342313E-005
  0.63333333333333330       0.86666666666666670        3.8426202334441615E-005
  0.63333333333333330       0.90000000000000002        1.9194874100529438E-005
  0.63333333333333330       0.93333333333333335        9.0866036584146886E-006
  0.63333333333333330       0.96666666666666667        3.5886577817919581E-006
  0.63333333333333330        1.0000000000000000        0.0000000000000000     

  0.66666666666666663        0.0000000000000000       0.86602540378443871     
  0.66666666666666663        3.3333333333333333E-002  0.74037653653656677     
  0.66666666666666663        6.6666666666666666E-002  0.62483967560739295     
  0.66666666666666663       0.10000000000000001       0.52000931833233277     
  0.66666666666666663       0.13333333333333333       0.42633352700600458     
  0.66666666666666663       0.16666666666666666       0.34402475654906117     
  0.66666666666666663       0.20000000000000001       0.27300674244618134     
  0.66666666666666663       0.23333333333333334       0.21290002184970969     
  0.66666666666666663       0.26666666666666666       0.16304327148576481     
  0.66666666666666663       0.29999999999999999       0.12254320577371124     
  0.66666666666666663       0.33333333333333331        9.0342967582314651E-002
  0.66666666666666663       0.36666666666666664        6.5298045300765772E-002
  0.66666666666666663       0.40000000000000002        4.6249638936168180E-002
  0.66666666666666663       0.43333333333333335        3.2087628661514357E-002
  0.66666666666666663       0.46666666666666667        2.1798250352310342E-002
  0.66666666666666663       0.50000000000000000        1.4494618515720033E-002
  0.66666666666666663       0.53333333333333333        9.4308406832395286E-003
  0.66666666666666663       0.56666666666666665        6.0023191666867069E-003
  0.66666666666666663       0.59999999999999998        3.7358309264001834E-003
  0.66666666666666663       0.63333333333333330        2.2731897304076685E-003
  0.66666666666666663       0.66666666666666663        1.3519191549943733E-003
  0.66666666666666663       0.69999999999999996        7.8563846513978483E-004
  0.66666666666666663       0.73333333333333328        4.4601032376153271E-004
  0.66666666666666663       0.76666666666666661        2.4729185914749866E-004
  0.66666666666666663       0.80000000000000004        1.3387412951419134E-004
  0.66666666666666663       0.83333333333333337        7.0731618274917521E-005
  0.66666666666666663       0.86666666666666670        3.6427379846495222E-005
  0.66666666666666663       0.90000000000000002        1.8196410977072422E-005
  0.66666666666666663       0.93333333333333335        8.6139442065797596E-006
  0.66666666666666663       0.96666666666666667        3.4019859422654096E-006
  0.66666666666666663        1.0000000000000000        0.0000000000000000     

  0.69999999999999996        0.0000000000000000       0.80901699437494745     
  0.69999999999999996        3.3333333333333333E-002  0.69163929565700988     
  0.69999999999999996        6.6666666666666666E-002  0.58370795373565632     
  0.69999999999999996       0.10000000000000001       0.48577833158910910     
  0.69999999999999996       0.13333333333333333       0.39826899662809395     
  0.69999999999999996       0.16666666666666666       0.32137841836701048     
  0.69999999999999996       0.20000000000000001       0.25503535260367571     
  0.69999999999999996       0.23333333333333334       0.19888531563455702     
  0.69999999999999996       0.26666666666666666       0.15231051753685540     
  0.69999999999999996       0.29999999999999999       0.11447647561248132     
  0.69999999999999996       0.33333333333333331        8.4395903142063036E-002
  0.69999999999999996       0.36666666666666664        6.0999629014270640E-002
  0.69999999999999996       0.40000000000000002        4.3205134306174092E-002
  0.69999999999999996       0.43333333333333335        2.9975375760246517E-002
  0.69999999999999996       0.46666666666666667        2.0363322952877603E-002
  0.69999999999999996       0.50000000000000000        1.3540471971094842E-002
  0.69999999999999996       0.53333333333333333        8.8100306880634204E-003
  0.69999999999999996       0.56666666666666665        5.6072006551908431E-003
  0.69999999999999996       0.59999999999999998        3.4899099892011271E-003
  0.69999999999999996       0.63333333333333330        2.1235510128247517E-003
  0.69999999999999996       0.66666666666666663        1.2629255061479749E-003
  0.69999999999999996       0.69999999999999996        7.3392173827148020E-004
  0.69999999999999996       0.73333333333333328        4.1665051627003564E-004
  0.69999999999999996       0.76666666666666661        2.3101321941209444E-004
  0.69999999999999996       0.80000000000000004        1.2506151137235225E-004
  0.69999999999999996       0.83333333333333337        6.6075522697130025E-005
  0.69999999999999996       0.86666666666666670        3.4029451362031330E-005
  0.69999999999999996       0.90000000000000002        1.6998584167106800E-005
  0.69999999999999996       0.93333333333333335        8.0469085794338324E-006
  0.69999999999999996       0.96666666666666667        3.1780412328440746E-006
  0.69999999999999996        1.0000000000000000        0.0000000000000000     

  0.73333333333333328        0.0000000000000000       0.74314482547739447     
  0.73333333333333328        3.3333333333333333E-002  0.63532430991940736     
  0.73333333333333328        6.6666666666666666E-002  0.53618100537404967     
  0.73333333333333328       0.10000000000000001       0.44622505578934391     
  0.73333333333333328       0.13333333333333333       0.36584094777998039     
  0.73333333333333328       0.16666666666666666       0.29521099098057313     
  0.73333333333333328       0.20000000000000001       0.23426974206846574     
  0.73333333333333328       0.23333333333333334       0.18269158028188417     
  0.73333333333333328       0.26666666666666666       0.13990901768478728     
  0.73333333333333328       0.29999999999999999       0.10515551722869843     
  0.73333333333333328       0.33333333333333331        7.7524179526008832E-002
  0.73333333333333328       0.36666666666666664        5.6032888027302136E-002
  0.73333333333333328       0.40000000000000002        3.9687265183465964E-002
  0.73333333333333328       0.43333333333333335        2.7534706369398768E-002
  0.73333333333333328       0.46666666666666667        1.8705290725873850E-002
  0.73333333333333328       0.50000000000000000        1.2437973182028411E-002
  0.73333333333333328       0.53333333333333333        8.0926961530514430E-003
  0.73333333333333328       0.56666666666666665        5.1506484799345355E-003
  0.73333333333333328       0.59999999999999998        3.2057528678497665E-003
  0.73333333333333328       0.63333333333333330        1.9506462259637079E-003
  0.73333333333333328       0.66666666666666663        1.1600949811720667E-003
  0.73333333333333328       0.69999999999999996        6.7416401125567564E-004
  0.73333333333333328       0.73333333333333328        3.8272579853255810E-004
  0.73333333333333328       0.76666666666666661        2.1220355050218727E-004
  0.73333333333333328       0.80000000000000004        1.1487869314111390E-004
  0.73333333333333328       0.83333333333333337        6.0695489865480727E-005
  0.73333333333333328       0.86666666666666670        3.1258689087324512E-005
  0.73333333333333328       0.90000000000000002        1.5614517311823928E-005
  0.73333333333333328       0.93333333333333335        7.3917093379677506E-006
  0.73333333333333328       0.96666666666666667        2.9192772386278174E-006
  0.73333333333333328        1.0000000000000000        0.0000000000000000     

  0.76666666666666661        0.0000000000000000       0.66913060635885835     
  0.76666666666666661        3.3333333333333333E-002  0.57204857809216869     
  0.76666666666666661        6.6666666666666666E-002  0.48277954571447623     
  0.76666666666666661       0.10000000000000001       0.40178284489975452     
  0.76666666666666661       0.13333333333333333       0.32940466895084919     
  0.76666666666666661       0.16666666666666666       0.26580917020008121     
  0.76666666666666661       0.20000000000000001       0.21093742321505837     
  0.76666666666666661       0.23333333333333334       0.16449623774497202     
  0.76666666666666661       0.26666666666666666       0.12597464535712050     
  0.76666666666666661       0.29999999999999999        9.4682452992951249E-002
  0.76666666666666661       0.33333333333333331        6.9803084776090166E-002
  0.76666666666666661       0.36666666666666664        5.0452238993470858E-002
  0.76666666666666661       0.40000000000000002        3.5734574078313604E-002
  0.76666666666666661       0.43333333333333335        2.4792360973560145E-002
  0.76666666666666661       0.46666666666666667        1.6842319419343697E-002
  0.76666666666666661       0.50000000000000000        1.1199201355966455E-002
  0.76666666666666661       0.53333333333333333        7.2866963454810913E-003
  0.76666666666666661       0.56666666666666665        4.6376647220895770E-003
  0.76666666666666661       0.59999999999999998        2.8864728472313287E-003
  0.76666666666666661       0.63333333333333330        1.7563697508520407E-003
  0.76666666666666661       0.66666666666666663        1.0445542128169553E-003
  0.76666666666666661       0.69999999999999996        6.0702000225466477E-004
  0.76666666666666661       0.73333333333333328        3.4460785685583561E-004
  0.76666666666666661       0.76666666666666661        1.9106893508653034E-004
  0.76666666666666661       0.80000000000000004        1.0343723990790949E-004
  0.76666666666666661       0.83333333333333337        5.4650464545517403E-005
  0.76666666666666661       0.86666666666666670        2.8145450073675752E-005
  0.76666666666666661       0.90000000000000002        1.4059374537324903E-005
  0.76666666666666661       0.93333333333333335        6.6555249821802726E-006
  0.76666666666666661       0.96666666666666667        2.6285290320871175E-006
  0.76666666666666661        1.0000000000000000        0.0000000000000000     

  0.80000000000000004        0.0000000000000000       0.58778525229247325     
  0.80000000000000004        3.3333333333333333E-002  0.50250536233449128     
  0.80000000000000004        6.6666666666666666E-002  0.42408865232394000     
  0.80000000000000004       0.10000000000000001       0.35293861708297780     
  0.80000000000000004       0.13333333333333333       0.28935936363633397     
  0.80000000000000004       0.16666666666666666       0.23349508852673231     
  0.80000000000000004       0.20000000000000001       0.18529402981141321     
  0.80000000000000004       0.23333333333333334       0.14449864000427518     
  0.80000000000000004       0.26666666666666666       0.11066006845303175     
  0.80000000000000004       0.29999999999999999        8.3172027988636210E-002
  0.80000000000000004       0.33333333333333331        6.1317212822130054E-002
  0.80000000000000004       0.36666666666666664        4.4318824671417352E-002
  0.80000000000000004       0.40000000000000002        3.1390367501618874E-002
  0.80000000000000004       0.43333333333333335        2.1778385282760122E-002
  0.80000000000000004       0.46666666666666667        1.4794820136773284E-002
  0.80000000000000004       0.50000000000000000        9.8377287362649782E-003
  0.80000000000000004       0.53333333333333333        6.4008619679104062E-003
  0.80000000000000004       0.56666666666666665        4.0738697390556708E-003
  0.80000000000000004       0.59999999999999998        2.5355680260653484E-003
  0.80000000000000004       0.63333333333333330        1.5428501212060393E-003
  0.80000000000000004       0.66666666666666663        9.1756908991919961E-004
  0.80000000000000004       0.69999999999999996        5.3322535508185001E-004
  0.80000000000000004       0.73333333333333328        3.0271431938557044E-004
  0.80000000000000004       0.76666666666666661        1.6784092843432022E-004
  0.80000000000000004       0.80000000000000004        9.0862506628639985E-005
  0.80000000000000004       0.83333333333333337        4.8006677299648455E-005
  0.80000000000000004       0.86666666666666670        2.4723843619205712E-005
  0.80000000000000004       0.90000000000000002        1.2350194313281676E-005
  0.80000000000000004       0.93333333333333335        5.8464213019298852E-006
  0.80000000000000004       0.96666666666666667        2.3089821114158083E-006
  0.80000000000000004        1.0000000000000000        0.0000000000000000     

  0.83333333333333337        0.0000000000000000       0.49999999999999994     
  0.83333333333333337        3.3333333333333333E-002  0.42745659267106967     
  0.83333333333333337        6.6666666666666666E-002  0.36075135491228677     
  0.83333333333333337       0.10000000000000001       0.30022751992028618     
  0.83333333333333337       0.13333333333333333       0.24614377658147937     
  0.83333333333333337       0.16666666666666666       0.19862278580149598     
  0.83333333333333337       0.20000000000000001       0.15762051624188561     
  0.83333333333333337       0.23333333333333334       0.12291788492540709     
  0.83333333333333337       0.26666666666666666        9.4133076681863534E-002
  0.83333333333333337       0.29999999999999999        7.0750352840811881E-002
  0.83333333333333337       0.33333333333333331        5.2159536653038997E-002
  0.83333333333333337       0.36666666666666664        3.7699844031953499E-002
  0.83333333333333337       0.40000000000000002        2.6702241489719693E-002
  0.83333333333333337       0.43333333333333335        1.8525801045382068E-002
  0.83333333333333337       0.46666666666666667        1.2585225708769231E-002
  0.83333333333333337       0.50000000000000000        8.3684719018518958E-003
  0.83333333333333337       0.53333333333333333        5.4448984071528159E-003
  0.83333333333333337       0.56666666666666665        3.4654405866486201E-003
  0.83333333333333337       0.59999999999999998        2.1568829910040750E-003
  0.83333333333333337       0.63333333333333330        1.3124267027699601E-003
  0.83333333333333337       0.66666666666666663        7.8053088805861274E-004
  0.83333333333333337       0.69999999999999996        4.5358857933417926E-004
  0.83333333333333337       0.73333333333333328        2.5750418048507310E-004
  0.83333333333333337       0.76666666666666661        1.4277402144721138E-004
  0.83333333333333337       0.80000000000000004        7.7292264712545183E-005
  0.83333333333333337       0.83333333333333337        4.0836918851241486E-005
  0.83333333333333337       0.86666666666666670        2.1031357560246764E-005
  0.83333333333333337       0.90000000000000002        1.0505702775897827E-005
  0.83333333333333337       0.93333333333333335        4.9732630064532424E-006
  0.83333333333333337       0.96666666666666667        1.9641374995462576E-006
  0.83333333333333337        1.0000000000000000        0.0000000000000000     

  0.86666666666666670        0.0000000000000000       0.40673664307580004     
  0.86666666666666670        3.3333333333333333E-002  0.34772451912730112     
  0.86666666666666670        6.6666666666666666E-002  0.29346159016414025     
  0.86666666666666670       0.10000000000000001       0.24422706722270027     
  0.86666666666666670       0.13333333333333333       0.20023138680150135     
  0.86666666666666670       0.16666666666666666       0.16157433027052837     
  0.86666666666666670       0.20000000000000001       0.12822007931219839     
  0.86666666666666670       0.23333333333333334        9.9990415777075167E-002
  0.86666666666666670       0.26666666666666666        7.6574743223956118E-002
  0.86666666666666670       0.29999999999999999        5.7553522021800460E-002
  0.86666666666666670       0.33333333333333331        4.2430389685292481E-002
  0.86666666666666670       0.36666666666666664        3.0667816012076011E-002
  0.86666666666666670       0.40000000000000002        2.1721560132255888E-002
  0.86666666666666670       0.43333333333333335        1.5070244254977702E-002
  0.86666666666666670       0.46666666666666667        1.0237744914272109E-002
  0.86666666666666670       0.50000000000000000        6.8075283380667952E-003
  0.86666666666666670       0.53333333333333333        4.4292794000282167E-003
  0.86666666666666670       0.56666666666666665        2.8190433419841830E-003
  0.86666666666666670       0.59999999999999998        1.7545666945365775E-003
  0.86666666666666670       0.63333333333333330        1.0676240627353892E-003
  0.86666666666666670       0.66666666666666663        6.3494102645186682E-004
  0.86666666666666670       0.69999999999999996        3.6898219219181071E-004
  0.86666666666666670       0.73333333333333328        2.0947277189696718E-004
  0.86666666666666670       0.76666666666666661        1.1614285240374210E-004
  0.86666666666666670       0.80000000000000004        6.2875192569813513E-005
  0.86666666666666670       0.83333333333333337        3.3219742574225649E-005
  0.86666666666666670       0.86666666666666670        1.7108447546763239E-005
  0.86666666666666670       0.90000000000000002        8.5461085604415938E-006
  0.86666666666666670       0.93333333333333335        4.0456166007557075E-006
  0.86666666666666670       0.96666666666666667        1.5977733862094814E-006
  0.86666666666666670        1.0000000000000000        0.0000000000000000     

  0.90000000000000002        0.0000000000000000       0.30901699437494751     
  0.90000000000000002        3.3333333333333333E-002  0.26418270298594032     
  0.90000000000000002        6.6666666666666666E-002  0.22295659882336957     
  0.90000000000000002       0.10000000000000001       0.18555081166882298     
  0.90000000000000002       0.13333333333333333       0.15212522004661463     
  0.90000000000000002       0.16666666666666666       0.12275563256551453     
  0.90000000000000002       0.20000000000000001        9.7414836361790158E-002
  0.90000000000000002       0.23333333333333334        7.5967430709149908E-002
  0.90000000000000002       0.26666666666666666        5.8177440854991831E-002
  0.90000000000000002       0.29999999999999999        4.3726122771669422E-002
  0.90000000000000002       0.33333333333333331        3.2236366489024032E-002
  0.90000000000000002       0.36666666666666664        2.3299784982317141E-002
  0.90000000000000002       0.40000000000000002        1.6502892816454399E-002
  0.90000000000000002       0.43333333333333335        1.1449574714864449E-002
  0.90000000000000002       0.46666666666666667        7.7780972441083701E-003
  0.90000000000000002       0.50000000000000000        5.1720000692429460E-003
  0.90000000000000002       0.53333333333333333        3.3651322809106041E-003
  0.90000000000000002       0.56666666666666665        2.1417600685422222E-003
  0.90000000000000002       0.59999999999999998        1.3330269981970519E-003
  0.90000000000000002       0.63333333333333330        8.1112431005479107E-004
  0.90000000000000002       0.66666666666666663        4.8239461808936217E-004
  0.90000000000000002       0.69999999999999996        2.8033315893730094E-004
  0.90000000000000002       0.73333333333333328        1.5914633578496254E-004
  0.90000000000000002       0.76666666666666661        8.8239197964883073E-005
  0.90000000000000002       0.80000000000000004        4.7769246659807044E-005
  0.90000000000000002       0.83333333333333337        2.5238603845888549E-005
  0.90000000000000002       0.86666666666666670        1.2998093801784567E-005
  0.90000000000000002       0.90000000000000002        6.4928813912089758E-006
  0.90000000000000002       0.93333333333333335        3.0736455729805912E-006
  0.90000000000000002       0.96666666666666667        1.2139037332978181E-006
  0.90000000000000002        1.0000000000000000        0.0000000000000000     

  0.93333333333333335        0.0000000000000000       0.20791169081775931     
  0.93333333333333335        3.3333333333333333E-002  0.17774644586688068     
  0.93333333333333335        6.6666666666666666E-002  0.15000884832922226     
  0.93333333333333335       0.10000000000000001       0.12484162259329844     
  0.93333333333333335       0.13333333333333333       0.10235233754664833     
  0.93333333333333335       0.16666666666666666        8.2591998461845340E-002
  0.93333333333333335       0.20000000000000001        6.5542296078837076E-002
  0.93333333333333335       0.23333333333333334        5.1112130573168317E-002
  0.93333333333333335       0.26666666666666666        3.9142734269608084E-002
  0.93333333333333335       0.29999999999999999        2.9419650970172517E-002
  0.93333333333333335       0.33333333333333331        2.1689154915608459E-002
  0.93333333333333335       0.36666666666666664        1.5676476632498531E-002
  0.93333333333333335       0.40000000000000002        1.1103416353503495E-002
  0.93333333333333335       0.43333333333333335        7.7034612381975979E-003
  0.93333333333333335       0.46666666666666667        5.2332311128666887E-003
  0.93333333333333335       0.50000000000000000        3.4798062853498759E-003
  0.93333333333333335       0.53333333333333333        2.2641160683241333E-003
  0.93333333333333335       0.56666666666666665        1.4410112235972048E-003
  0.93333333333333335       0.59999999999999998        8.9688237911144644E-004
  0.93333333333333335       0.63333333333333330        5.4573770969455857E-004
  0.93333333333333335       0.66666666666666663        3.2456299334350687E-004
  0.93333333333333335       0.69999999999999996        1.8861273692998917E-004
  0.93333333333333335       0.73333333333333328        1.0707625911458603E-004
  0.93333333333333335       0.76666666666666661        5.9368776407881507E-005
  0.93333333333333335       0.80000000000000004        3.2139930887038214E-005
  0.93333333333333335       0.83333333333333337        1.6980945692298495E-005
  0.93333333333333335       0.86666666666666670        8.7453302210875419E-006
  0.93333333333333335       0.90000000000000002        4.3685168547314893E-006
  0.93333333333333335       0.93333333333333335        2.0679990411062139E-006
  0.93333333333333335       0.96666666666666667        8.1673429705845666E-007
  0.93333333333333335        1.0000000000000000        0.0000000000000000     

  0.96666666666666667        0.0000000000000000       0.10452846326765373     
  0.96666666666666667        3.3333333333333333E-002   8.9362761491068518E-002
  0.96666666666666667        6.6666666666666666E-002   7.5417569501410403E-002
  0.96666666666666667       0.10000000000000001        6.2764642575852667E-002
  0.96666666666666667       0.13333333333333333        5.1458061417917339E-002
  0.96666666666666667       0.16666666666666666        4.1523469139541344E-002
  0.96666666666666667       0.20000000000000001        3.2951660684437035E-002
  0.96666666666666667       0.23333333333333334        2.5696835238726141E-002
  0.96666666666666667       0.26666666666666666        1.9679171696422759E-002
  0.96666666666666667       0.29999999999999999        1.4790851316188656E-002
  0.96666666666666667       0.33333333333333331        1.0904312422190024E-002
  0.96666666666666667       0.36666666666666664        7.8814135241806332E-003
  0.96666666666666667       0.40000000000000002        5.5822885374443559E-003
  0.96666666666666667       0.43333333333333335        3.8729470281521510E-003
  0.96666666666666667       0.46666666666666667        2.6310286064284254E-003
  0.96666666666666667       0.50000000000000000        1.7494870155982320E-003
  0.96666666666666667       0.53333333333333333        1.1382937262963560E-003
  0.96666666666666667       0.56666666666666665        7.2447435813547160E-004
  0.96666666666666667       0.59999999999999998        4.5091132899559197E-004
  0.96666666666666667       0.63333333333333330        2.7437189278395471E-004
  0.96666666666666667       0.66666666666666663        1.6317538852340734E-004
  0.96666666666666667       0.69999999999999996        9.4825834307119756E-005
  0.96666666666666667       0.73333333333333328        5.3833032542202343E-005
  0.96666666666666667       0.76666666666666661        2.9847898112840005E-005
  0.96666666666666667       0.80000000000000004        1.6158483305758058E-005
  0.96666666666666667       0.83333333333333337        8.5372407442122832E-006
  0.96666666666666667       0.86666666666666670        4.3967509724102812E-006
  0.96666666666666667       0.90000000000000002        2.1962899334226418E-006
  0.96666666666666667       0.93333333333333335        1.0396950789808552E-006
  0.96666666666666667       0.96666666666666667        4.1061654894788337E-007
  0.96666666666666667        1.0000000000000000        0.0000000000000000     

   1.0000000000000000        0.0000000000000000        1.2246467991473532E-016
   1.0000000000000000        3.3333333333333333E-002   0.0000000000000000     
   1.0000000000000000        6.6666666666666666E-002   0.0000000000000000     
   1.0000000000000000       0.10000000000000001        0.0000000000000000     
   1.0000000000000000       0.13333333333333333        0.0000000000000000     
   1.0000000000000000       0.16666666666666666        0.0000000000000000     
   1.0000000000000000       0.20000000000000001        0.0000000000000000     
   1.0000000000000000       0.23333333333333334        0.0000000000000000     
   1.0000000000000000       0.26666666666666666        0.0000000000000000     
   1.0000000000000000       0.29999999999999999        0.0000000000000000     
   1.0000000000000000       0.33333333333333331        0.0000000000000000     
   1.0000000000000000       0.36666666666666664        0.0000000000000000     
   1.0000000000000000       0.40000000000000002        0.0000000000000000     
   1.0000000000000000       0.43333333333333335        0.0000000000000000     
   1.0000000000000000       0.46666666666666667        0.0000000000000000     
   1.0000000000000000       0.50000000000000000        0.0000000000000000     
   1.0000000000000000       0.53333333333333333        0.0000000000000000     
   1.0000000000000000       0.56666666666666665        0.0000000000000000     
   1.0000000000000000       0.59999999999999998        0.0000000000000000     
   1.0000000000000000       0.63333333333333330        0.0000000000000000     
   1.0000000000000000       0.66666666666666663        0.0000000000000000     
   1.0000000000000000       0.69999999999999996        0.0000000000000000     
   1.0000000000000000       0.73333333333333328        0.0000000000000000     
   1.0000000000000000       0.76666666666666661        0.0000000000000000     
   1.0000000000000000       0.80000000000000004        0.0000000000000000     
   1.0000000000000000       0.83333333333333337        0.0000000000000000     
   1.0000000000000000       0.86666666666666670        0.0000000000000000     
   1.0000000000000000       0.90000000000000002        0.0000000000000000     
   1.0000000000000000       0.93333333333333335        0.0000000000000000     
   1.0000000000000000       0.96666666666666667        0.0000000000000000     
   1.0000000000000000        1.0000000000000000        0.0000000000000000     

