   0.0000000000000000        0.0000000000000000        0.0000000000000000     
   0.0000000000000000        3.3333333333333333E-002   0.0000000000000000     
   0.0000000000000000        6.6666666666666666E-002   0.0000000000000000     
   0.0000000000000000       0.10000000000000001        0.0000000000000000     
   0.0000000000000000       0.13333333333333333        0.0000000000000000     
   0.0000000000000000       0.16666666666666666        0.0000000000000000     
   0.0000000000000000       0.20000000000000001        0.0000000000000000     
   0.0000000000000000       0.23333333333333334        0.0000000000000000     
   0.0000000000000000       0.26666666666666666        0.0000000000000000     
   0.0000000000000000       0.29999999999999999        0.0000000000000000     
   0.0000000000000000       0.33333333333333331        0.0000000000000000     
   0.0000000000000000       0.36666666666666664        0.0000000000000000     
   0.0000000000000000       0.40000000000000002        0.0000000000000000     
   0.0000000000000000       0.43333333333333335        0.0000000000000000     
   0.0000000000000000       0.46666666666666667        0.0000000000000000     
   0.0000000000000000       0.50000000000000000        0.0000000000000000     
   0.0000000000000000       0.53333333333333333        0.0000000000000000     
   0.0000000000000000       0.56666666666666665        0.0000000000000000     
   0.0000000000000000       0.59999999999999998        0.0000000000000000     
   0.0000000000000000       0.63333333333333330        0.0000000000000000     
   0.0000000000000000       0.66666666666666663        0.0000000000000000     
   0.0000000000000000       0.69999999999999996        0.0000000000000000     
   0.0000000000000000       0.73333333333333328        0.0000000000000000     
   0.0000000000000000       0.76666666666666661        0.0000000000000000     
   0.0000000000000000       0.80000000000000004        0.0000000000000000     
   0.0000000000000000       0.83333333333333337        0.0000000000000000     
   0.0000000000000000       0.86666666666666670        0.0000000000000000     
   0.0000000000000000       0.90000000000000002        0.0000000000000000     
   0.0000000000000000       0.93333333333333335        0.0000000000000000     
   0.0000000000000000       0.96666666666666667        0.0000000000000000     
   0.0000000000000000        1.0000000000000000        0.0000000000000000     

   3.3333333333333333E-002   0.0000000000000000       0.10452846326765346     
   3.3333333333333333E-002   3.3333333333333333E-002   8.9522788247112045E-002
   3.3333333333333333E-002   6.6666666666666666E-002   7.5726541672257439E-002
   3.3333333333333333E-002  0.10000000000000001        6.3201663292876381E-002
   3.3333333333333333E-002  0.13333333333333333        5.1994749534983287E-002
   3.3333333333333333E-002  0.16666666666666666        4.2126995536398044E-002
   3.3333333333333333E-002  0.20000000000000001        3.3588040139244428E-002
   3.3333333333333333E-002  0.23333333333333334        2.6334019837481265E-002
   3.3333333333333333E-002  0.26666666666666666        2.0289566192027184E-002
   3.3333333333333333E-002  0.29999999999999999        1.5353002278634365E-002
   3.3333333333333333E-002  0.33333333333333331        1.1403679693740704E-002
   3.3333333333333333E-002  0.36666666666666664        8.3102813964759017E-003
   3.3333333333333333E-002  0.40000000000000002        5.9389886277914144E-003
   3.3333333333333333E-002  0.43333333333333335        4.1606299215682452E-003
   3.3333333333333333E-002  0.46666666666666667        2.8562346555737060E-003
   3.3333333333333333E-002  0.50000000000000000        1.9207368314990115E-003
   3.3333333333333333E-002  0.53333333333333333        1.2648611303828403E-003
   3.3333333333333333E-002  0.56666666666666665        8.1543604165092219E-004
   3.3333333333333333E-002  0.59999999999999998        5.1450304441667349E-004
   3.3333333333333333E-002  0.63333333333333330        3.1763071249071671E-004
   3.3333333333333333E-002  0.66666666666666663        1.9181584266238314E-004
   3.3333333333333333E-002  0.69999999999999996        1.1328415213678454E-004
   3.3333333333333333E-002  0.73333333333333328        6.5414568616161813E-005
   3.3333333333333333E-002  0.76666666666666661        3.6922994907179167E-005
   3.3333333333333333E-002  0.80000000000000004        2.0366462932202230E-005
   3.3333333333333333E-002  0.83333333333333337        1.0972952360616466E-005
   3.3333333333333333E-002  0.86666666666666670        5.7666026166085832E-006
   3.3333333333333333E-002  0.90000000000000002        2.9398198974999873E-006
   3.3333333333333333E-002  0.93333333333333335        1.4183863220379418E-006
   3.3333333333333333E-002  0.96666666666666667        5.6834526537369421E-007
   3.3333333333333333E-002   1.0000000000000000        0.0000000000000000     

   6.6666666666666666E-002   0.0000000000000000       0.20791169081775931     
   6.6666666666666666E-002   3.3333333333333333E-002  0.17806474609234091     
   6.6666666666666666E-002   6.6666666666666666E-002  0.15062340750715603     
   6.6666666666666666E-002  0.10000000000000001       0.12571087593691768     
   6.6666666666666666E-002  0.13333333333333333       0.10341983371346047     
   6.6666666666666666E-002  0.16666666666666666        8.3792438894058754E-002
   6.6666666666666666E-002  0.20000000000000001        6.6808082681974024E-002
   6.6666666666666666E-002  0.23333333333333334        5.2379518642875149E-002
   6.6666666666666666E-002  0.26666666666666666        4.0356835650989825E-002
   6.6666666666666666E-002  0.29999999999999999        3.0537793851481740E-002
   6.6666666666666666E-002  0.33333333333333331        2.2682418286383389E-002
   6.6666666666666666E-002  0.36666666666666664        1.6529513610933827E-002
   6.6666666666666666E-002  0.40000000000000002        1.1812908453363476E-002
   6.6666666666666666E-002  0.43333333333333335        8.2756751110480038E-003
   6.6666666666666666E-002  0.46666666666666667        5.6811758065554189E-003
   6.6666666666666666E-002  0.50000000000000000        3.8204296683320969E-003
   6.6666666666666666E-002  0.53333333333333333        2.5158641775319978E-003
   6.6666666666666666E-002  0.56666666666666665        1.6219379953885547E-003
   6.6666666666666666E-002  0.59999999999999998        1.0233690858120342E-003
   6.6666666666666666E-002  0.63333333333333330        6.3178139642688545E-004
   6.6666666666666666E-002  0.66666666666666663        3.8153011081251155E-004
   6.6666666666666666E-002  0.69999999999999996        2.2532713939652559E-004
   6.6666666666666666E-002  0.73333333333333328        1.3011244152968645E-004
   6.6666666666666666E-002  0.76666666666666661        7.3441453755521848E-005
   6.6666666666666666E-002  0.80000000000000004        4.0509786634562896E-005
   6.6666666666666666E-002  0.83333333333333337        2.1825682758932113E-005
   6.6666666666666666E-002  0.86666666666666670        1.1470025128210426E-005
   6.6666666666666666E-002  0.90000000000000002        5.8474305130061005E-006
   6.6666666666666666E-002  0.93333333333333335        2.8212325067152157E-006
   6.6666666666666666E-002  0.96666666666666667        1.1304636210860614E-006
   6.6666666666666666E-002   1.0000000000000000        0.0000000000000000     

  0.10000000000000001        0.0000000000000000       0.30901699437494740     
  0.10000000000000001        3.3333333333333333E-002  0.26465578931693839     
  0.10000000000000001        6.6666666666666666E-002  0.22387001176943175     
  0.10000000000000001       0.10000000000000001       0.18684277391750209     
  0.10000000000000001       0.13333333333333333       0.15371182855178142     
  0.10000000000000001       0.16666666666666666       0.12453983475650103     
  0.10000000000000001       0.20000000000000001        9.9296161890349816E-002
  0.10000000000000001       0.23333333333333334        7.7851136480898739E-002
  0.10000000000000001       0.26666666666666666        5.9981947173349440E-002
  0.10000000000000001       0.29999999999999999        4.5388006964448079E-002
  0.10000000000000001       0.33333333333333331        3.3712643557679285E-002
  0.10000000000000001       0.36666666666666664        2.4567645015247264E-002
  0.10000000000000001       0.40000000000000002        1.7557403581910470E-002
  0.10000000000000001       0.43333333333333335        1.2300050272214764E-002
  0.10000000000000001       0.46666666666666667        8.4438728065380428E-003
  0.10000000000000001       0.50000000000000000        5.6782650782426312E-003
  0.10000000000000001       0.53333333333333333        3.7393028902736893E-003
  0.10000000000000001       0.56666666666666665        2.4106696570363644E-003
  0.10000000000000001       0.59999999999999998        1.5210228813494894E-003
  0.10000000000000001       0.63333333333333330        9.3901015117504438E-004
  0.10000000000000001       0.66666666666666663        5.6706425522826966E-004
  0.10000000000000001       0.69999999999999996        3.3490139536430295E-004
  0.10000000000000001       0.73333333333333328        1.9338477530603297E-004
  0.10000000000000001       0.76666666666666661        1.0915527266790682E-004
  0.10000000000000001       0.80000000000000004        6.0209276637337433E-005
  0.10000000000000001       0.83333333333333337        3.2439286409623156E-005
  0.10000000000000001       0.86666666666666670        1.7047779644250524E-005
  0.10000000000000001       0.90000000000000002        8.6909754561582183E-006
  0.10000000000000001       0.93333333333333335        4.1931686776680614E-006
  0.10000000000000001       0.96666666666666667        1.6801963808010882E-006
  0.10000000000000001        1.0000000000000000        0.0000000000000000     

  0.13333333333333333        0.0000000000000000       0.40673664307580015     
  0.13333333333333333        3.3333333333333333E-002  0.34834720833099508     
  0.13333333333333333        6.6666666666666666E-002  0.29466384933494988     
  0.13333333333333333       0.10000000000000001       0.24592758336768228     
  0.13333333333333333       0.13333333333333333       0.20231972443022100     
  0.13333333333333333       0.16666666666666666       0.16392274612771518     
  0.13333333333333333       0.20000000000000001       0.13069633156999722     
  0.13333333333333333       0.23333333333333334       0.10246980097623994     
  0.13333333333333333       0.26666666666666666        7.8949883930448425E-002
  0.13333333333333333       0.29999999999999999        5.9740939575060853E-002
  0.13333333333333333       0.33333333333333331        4.4373506051333021E-002
  0.13333333333333333       0.36666666666666664        3.2336608159663417E-002
  0.13333333333333333       0.40000000000000002        2.3109536122691149E-002
  0.13333333333333333       0.43333333333333335        1.6189663508648148E-002
  0.13333333333333333       0.46666666666666667        1.1114056969058253E-002
  0.13333333333333333       0.50000000000000000        7.4738882277025805E-003
  0.13333333333333333       0.53333333333333333        4.9217730180501056E-003
  0.13333333333333333       0.56666666666666665        3.1729895174566259E-003
  0.13333333333333333       0.59999999999999998        2.0020120319043785E-003
  0.13333333333333333       0.63333333333333330        1.2359509142064226E-003
  0.13333333333333333       0.66666666666666663        7.4638552499792243E-004
  0.13333333333333333       0.69999999999999996        4.4080640156184651E-004
  0.13333333333333333       0.73333333333333328        2.5453834501576071E-004
  0.13333333333333333       0.76666666666666661        1.4367316357073289E-004
  0.13333333333333333       0.80000000000000004        7.9249101205672165E-005
  0.13333333333333333       0.83333333333333337        4.2697478450053273E-005
  0.13333333333333333       0.86666666666666670        2.2438755119030978E-005
  0.13333333333333333       0.90000000000000002        1.1439300253509127E-005
  0.13333333333333333       0.93333333333333335        5.5191636151114182E-006
  0.13333333333333333       0.96666666666666667        2.2115205573643617E-006
  0.13333333333333333        1.0000000000000000        0.0000000000000000     

  0.16666666666666666        0.0000000000000000       0.49999999999999994     
  0.16666666666666666        3.3333333333333333E-002  0.42822206243423760     
  0.16666666666666666        6.6666666666666666E-002  0.36222928810477956     
  0.16666666666666666       0.10000000000000001       0.30231795875083073     
  0.16666666666666666       0.13333333333333333       0.24871096306967885     
  0.16666666666666666       0.16666666666666666       0.20150968558931415     
  0.16666666666666666       0.20000000000000001       0.16066456489099798     
  0.16666666666666666       0.23333333333333334       0.12596578488890106     
  0.16666666666666666       0.26666666666666666        9.7052829237880070E-002
  0.16666666666666666       0.29999999999999999        7.3439337950093914E-002
  0.16666666666666666       0.33333333333333331        5.4548203126935244E-002
  0.16666666666666666       0.36666666666666664        3.9751284658211997E-002
  0.16666666666666666       0.40000000000000002        2.8408475749730287E-002
  0.16666666666666666       0.43333333333333335        1.9901899403775888E-002
  0.16666666666666666       0.46666666666666667        1.3662473197659520E-002
  0.16666666666666666       0.50000000000000000        9.1876258937281588E-003
  0.16666666666666666       0.53333333333333333        6.0503191706935480E-003
  0.16666666666666666       0.56666666666666665        3.9005454407328890E-003
  0.16666666666666666       0.59999999999999998        2.4610667196897722E-003
  0.16666666666666666       0.63333333333333330        1.5193503403823990E-003
  0.16666666666666666       0.66666666666666663        9.1752923876448566E-004
  0.16666666666666666       0.69999999999999996        5.4188184057920869E-004
  0.16666666666666666       0.73333333333333328        3.1290313935192270E-004
  0.16666666666666666       0.76666666666666661        1.7661694122793562E-004
  0.16666666666666666       0.80000000000000004        9.7420656037256948E-005
  0.16666666666666666       0.83333333333333337        5.2487867981562819E-005
  0.16666666666666666       0.86666666666666670        2.7583886897115939E-005
  0.16666666666666666       0.90000000000000002        1.4062293683455119E-005
  0.16666666666666666       0.93333333333333335        6.7846894410283753E-006
  0.16666666666666666       0.96666666666666667        2.7186148519107221E-006
  0.16666666666666666        1.0000000000000000        0.0000000000000000     

  0.20000000000000001        0.0000000000000000       0.58778525229247314     
  0.20000000000000001        3.3333333333333333E-002  0.50340522601022308     
  0.20000000000000001        6.6666666666666666E-002  0.42582606699278164     
  0.20000000000000001       0.10000000000000001       0.35539607531380507     
  0.20000000000000001       0.13333333333333333       0.29237727235163025     
  0.20000000000000001       0.16666666666666666       0.23688884276698388     
  0.20000000000000001       0.20000000000000001       0.18887252361783136     
  0.20000000000000001       0.23333333333333334       0.14808166130228417     
  0.20000000000000001       0.26666666666666666       0.11409244343857131     
  0.20000000000000001       0.29999999999999999        8.6333119570376315E-002
  0.20000000000000001       0.33333333333333331        6.4125258674133406E-002
  0.20000000000000001       0.36666666666666664        4.6730437763554108E-002
  0.20000000000000001       0.40000000000000002        3.3396166171599649E-002
  0.20000000000000001       0.43333333333333335        2.3396085924295661E-002
  0.20000000000000001       0.46666666666666667        1.6061200510850904E-002
  0.20000000000000001       0.50000000000000000        1.0800702007827730E-002
  0.20000000000000001       0.53333333333333333        7.1125767603921882E-003
  0.20000000000000001       0.56666666666666665        4.5853661719188745E-003
  0.20000000000000001       0.59999999999999998        2.8931574454829235E-003
  0.20000000000000001       0.63333333333333330        1.7861034462846466E-003
  0.20000000000000001       0.66666666666666663        1.0786203101858080E-003
  0.20000000000000001       0.69999999999999996        6.3702030875511975E-004
  0.20000000000000001       0.73333333333333328        3.6783970141415355E-004
  0.20000000000000001       0.76666666666666661        2.0762566671757410E-004
  0.20000000000000001       0.80000000000000004        1.1452484977471464E-004
  0.20000000000000001       0.83333333333333337        6.1703189447673845E-005
  0.20000000000000001       0.86666666666666670        3.2426803838056676E-005
  0.20000000000000001       0.90000000000000002        1.6531217681081034E-005
  0.20000000000000001       0.93333333333333335        7.9758807896418839E-006
  0.20000000000000001       0.96666666666666667        3.1959234332328167E-006
  0.20000000000000001        1.0000000000000000        0.0000000000000000     

  0.23333333333333334        0.0000000000000000       0.66913060635885824     
  0.23333333333333334        3.3333333333333333E-002  0.57307297658572454     
  0.23333333333333334        6.6666666666666666E-002  0.48475740638097742     
  0.23333333333333334       0.10000000000000001       0.40458039810423130     
  0.23333333333333334       0.13333333333333333       0.33284023505381960     
  0.23333333333333334       0.16666666666666666       0.26967259621112127     
  0.23333333333333334       0.20000000000000001       0.21501115545179125     
  0.23333333333333334       0.23333333333333334       0.16857512404635971     
  0.23333333333333334       0.26666666666666666       0.12988203695357081     
  0.23333333333333334       0.29999999999999999        9.8281017466278917E-002
  0.23333333333333334       0.33333333333333331        7.2999744468224687E-002
  0.23333333333333334       0.36666666666666664        5.3197602413785940E-002
  0.23333333333333334       0.40000000000000002        3.8017961208295890E-002
  0.23333333333333334       0.43333333333333335        2.6633940031483117E-002
  0.23333333333333334       0.46666666666666667        1.8283957950223126E-002
  0.23333333333333334       0.50000000000000000        1.2295443370537340E-002
  0.23333333333333334       0.53333333333333333        8.0969074707015962E-003
  0.23333333333333334       0.56666666666666665        5.2199486717757560E-003
  0.23333333333333334       0.59999999999999998        3.2935501328712467E-003
  0.23333333333333334       0.63333333333333330        2.0332876290632242E-003
  0.23333333333333334       0.66666666666666663        1.2278937917729236E-003
  0.23333333333333334       0.69999999999999996        7.2517944912323996E-004
  0.23333333333333334       0.73333333333333328        4.1874613473228469E-004
  0.23333333333333334       0.76666666666666661        2.3635960195419076E-004
  0.23333333333333334       0.80000000000000004        1.3037428529217500E-004
  0.23333333333333334       0.83333333333333337        7.0242477857973659E-005
  0.23333333333333334       0.86666666666666670        3.6914445930402710E-005
  0.23333333333333334       0.90000000000000002        1.8819022198413328E-005
  0.23333333333333334       0.93333333333333335        9.0796867192637198E-006
  0.23333333333333334       0.96666666666666667        3.6382168086304379E-006
  0.23333333333333334        1.0000000000000000        0.0000000000000000     

  0.26666666666666666        0.0000000000000000       0.74314482547739413     
  0.26666666666666666        3.3333333333333333E-002  0.63646201970652272     
  0.26666666666666666        6.6666666666666666E-002  0.53837764218285433     
  0.26666666666666666       0.10000000000000001       0.44933205338913640     
  0.26666666666666666       0.13333333333333333       0.36965653048946229     
  0.26666666666666666       0.16666666666666666       0.29950176025855091     
  0.26666666666666666       0.20000000000000001       0.23879408007264438     
  0.26666666666666666       0.23333333333333334       0.18722164245477069     
  0.26666666666666666       0.26666666666666666       0.14424861569214345     
  0.26666666666666666       0.29999999999999999       0.10915212796819584     
  0.26666666666666666       0.33333333333333331        8.1074429785743501E-002
  0.26666666666666666       0.36666666666666664        5.9081922999658351E-002
  0.26666666666666666       0.40000000000000002        4.2223223506224206E-002
  0.26666666666666666       0.43333333333333335        2.9579987118175378E-002
  0.26666666666666666       0.46666666666666667        2.0306392520128516E-002
  0.26666666666666666       0.50000000000000000        1.3655473282692400E-002
  0.26666666666666666       0.53333333333333333        8.9925267683751767E-003
  0.26666666666666666       0.56666666666666665        5.7973403216401778E-003
  0.26666666666666666       0.59999999999999998        3.6578579957841570E-003
  0.26666666666666666       0.63333333333333330        2.2581946870849946E-003
  0.26666666666666666       0.66666666666666663        1.3637142120240800E-003
  0.26666666666666666       0.69999999999999996        8.0539337169321034E-004
  0.26666666666666666       0.73333333333333328        4.6506469777002671E-004
  0.26666666666666666       0.76666666666666661        2.6250393193037079E-004
  0.26666666666666666       0.80000000000000004        1.4479531285740112E-004
  0.26666666666666666       0.83333333333333337        7.8012174981678017E-005
  0.26666666666666666       0.86666666666666670        4.0997645628290814E-005
  0.26666666666666666       0.90000000000000002        2.0900641570406230E-005
  0.26666666666666666       0.93333333333333335        1.0084013701142702E-005
  0.26666666666666666       0.96666666666666667        4.0406491193268911E-006
  0.26666666666666666        1.0000000000000000        0.0000000000000000     

  0.29999999999999999        0.0000000000000000       0.80901699437494745     
  0.29999999999999999        3.3333333333333333E-002  0.69287785175117611     
  0.29999999999999999        6.6666666666666666E-002  0.58609929987421139     
  0.29999999999999999       0.10000000000000001       0.48916073266833282     
  0.29999999999999999       0.13333333333333333       0.40242279162146033     
  0.29999999999999999       0.16666666666666666       0.32604952034581514     
  0.29999999999999999       0.20000000000000001       0.25996072678134780     
  0.29999999999999999       0.23333333333333334       0.20381692136979979     
  0.29999999999999999       0.26666666666666666       0.15703477641122951     
  0.29999999999999999       0.29999999999999999       0.11882734491454201     
  0.29999999999999999       0.33333333333333331        8.8260846684614522E-002
  0.29999999999999999       0.36666666666666664        6.4318929673459271E-002
  0.29999999999999999       0.40000000000000002        4.5965879331640758E-002
  0.29999999999999999       0.43333333333333335        3.2201949675990653E-002
  0.29999999999999999       0.46666666666666667        2.2106346004197561E-002
  0.29999999999999999       0.50000000000000000        1.4865890971970790E-002
  0.29999999999999999       0.53333333333333333        9.7896220609672360E-003
  0.29999999999999999       0.56666666666666665        6.3112150977692521E-003
  0.29999999999999999       0.59999999999999998        3.9820896010392612E-003
  0.29999999999999999       0.63333333333333330        2.4583604915574433E-003
  0.29999999999999999       0.66666666666666663        1.4845934939927551E-003
  0.29999999999999999       0.69999999999999996        8.7678323594351159E-004
  0.29999999999999999       0.73333333333333328        5.0628791465795562E-004
  0.29999999999999999       0.76666666666666661        2.8577221389584245E-004
  0.29999999999999999       0.80000000000000004        1.5762993267459435E-004
  0.29999999999999999       0.83333333333333337        8.4927154391185961E-005
  0.29999999999999999       0.86666666666666670        4.4631666541366467E-005
  0.29999999999999999       0.90000000000000002        2.2753269139613333E-005
  0.29999999999999999       0.93333333333333335        1.0977858118696437E-005
  0.29999999999999999       0.96666666666666667        4.3988112327118103E-006
  0.29999999999999999        1.0000000000000000        0.0000000000000000     

  0.33333333333333331        0.0000000000000000       0.86602540378443860     
  0.33333333333333331        3.3333333333333333E-002  0.74170236905803144     
  0.33333333333333331        6.6666666666666666E-002  0.62739953098698298     
  0.33333333333333331       0.10000000000000001       0.52363006459695083     
  0.33333333333333331       0.13333333333333333       0.43078002443607050     
  0.33333333333333331       0.16666666666666666       0.34902501365792210     
  0.33333333333333331       0.20000000000000001       0.27827918936715534     
  0.33333333333333331       0.23333333333333334       0.21817913944286854     
  0.33333333333333331       0.26666666666666666       0.16810043125831453     
  0.33333333333333331       0.29999999999999999       0.12720066460378388     
  0.33333333333333331       0.33333333333333331        9.4480259277439360E-002
  0.33333333333333331       0.36666666666666664        6.8851244694156405E-002
  0.33333333333333331       0.40000000000000002        4.9204923364121217E-002
  0.33333333333333331       0.43333333333333335        3.4471100934464580E-002
  0.33333333333333331       0.46666666666666667        2.3664097735394310E-002
  0.33333333333333331       0.50000000000000000        1.5913434848872584E-002
  0.33333333333333331       0.53333333333333333        1.0479460205649219E-002
  0.33333333333333331       0.56666666666666665        6.7559428805805026E-003
  0.33333333333333331       0.59999999999999998        4.2626925993195577E-003
  0.33333333333333331       0.63333333333333330        2.6315919840393821E-003
  0.33333333333333331       0.66666666666666663        1.5892072589700843E-003
  0.33333333333333331       0.69999999999999996        9.3856687958212800E-004
  0.33333333333333331       0.73333333333333328        5.4196413520533459E-004
  0.33333333333333331       0.76666666666666661        3.0590951568419081E-004
  0.33333333333333331       0.80000000000000004        1.6873752596322072E-004
  0.33333333333333331       0.83333333333333337        9.0911654125034491E-005
  0.33333333333333331       0.86666666666666670        4.7776693576038234E-005
  0.33333333333333331       0.90000000000000002        2.4356607130699155E-005
  0.33333333333333331       0.93333333333333335        1.1751426825437231E-005
  0.33333333333333331       0.96666666666666667        4.7087790497207093E-006
  0.33333333333333331        1.0000000000000000        0.0000000000000000     

  0.36666666666666664        0.0000000000000000       0.91354545764260087     
  0.36666666666666664        3.3333333333333333E-002  0.78240063999828813     
  0.36666666666666664        6.6666666666666666E-002  0.66182584154646873     
  0.36666666666666664       0.10000000000000001       0.55236239596120917     
  0.36666666666666664       0.13333333333333333       0.45441754115644356     
  0.36666666666666664       0.16666666666666666       0.36817651588221317     
  0.36666666666666664       0.20000000000000001       0.29354876692059223     
  0.36666666666666664       0.23333333333333334       0.23015094120728105     
  0.36666666666666664       0.26666666666666666       0.17732434260325669     
  0.36666666666666664       0.29999999999999999       0.13418034719317637     
  0.36666666666666664       0.33333333333333331        9.9664526378355212E-002
  0.36666666666666664       0.36666666666666664        7.2629211069935154E-002
  0.36666666666666664       0.40000000000000002        5.1904867959432173E-002
  0.36666666666666664       0.43333333333333335        3.6362579597558897E-002
  0.36666666666666664       0.46666666666666667        2.4962580659771267E-002
  0.36666666666666664       0.50000000000000000        1.6786627803469803E-002
  0.36666666666666664       0.53333333333333333        1.1054483191350075E-002
  0.36666666666666664       0.56666666666666665        7.1266511394201754E-003
  0.36666666666666664       0.59999999999999998        4.4965926454559350E-003
  0.36666666666666664       0.63333333333333330        2.7759912040481597E-003
  0.36666666666666664       0.66666666666666663        1.6764093366551385E-003
  0.36666666666666664       0.69999999999999996        9.9006738808029627E-004
  0.36666666666666664       0.73333333333333328        5.7170248327411744E-004
  0.36666666666666664       0.76666666666666661        3.2269520880302160E-004
  0.36666666666666664       0.80000000000000004        1.7799639560679662E-004
  0.36666666666666664       0.83333333333333337        9.5900106751802439E-005
  0.36666666666666664       0.86666666666666670        5.0398269157975050E-005
  0.36666666666666664       0.90000000000000002        2.5693089037113321E-005
  0.36666666666666664       0.93333333333333335        1.2396244440734375E-005
  0.36666666666666664       0.96666666666666667        4.9671564980855038E-006
  0.36666666666666664        1.0000000000000000        0.0000000000000000     

  0.40000000000000002        0.0000000000000000       0.95105651629515353     
  0.40000000000000002        3.3333333333333333E-002  0.81452676579886363     
  0.40000000000000002        6.6666666666666666E-002  0.68900104969001041     
  0.40000000000000002       0.10000000000000001       0.57504292932605405     
  0.40000000000000002       0.13333333333333333       0.47307636420292276     
  0.40000000000000002       0.16666666666666666       0.38329419915260965     
  0.40000000000000002       0.20000000000000001       0.30560216275461838     
  0.40000000000000002       0.23333333333333334       0.23960116109764582     
  0.40000000000000002       0.26666666666666666       0.18460545134313325     
  0.40000000000000002       0.29999999999999999       0.13968992181967757     
  0.40000000000000002       0.33333333333333331       0.10375684807212686     
  0.40000000000000002       0.36666666666666664        7.5611436610592178E-002
  0.40000000000000002       0.40000000000000002        5.4036131959587674E-002
  0.40000000000000002       0.43333333333333335        3.7855662229223375E-002
  0.40000000000000002       0.46666666666666667        2.5987568326683936E-002
  0.40000000000000002       0.50000000000000000        1.7475902951024497E-002
  0.40000000000000002       0.53333333333333333        1.1508390945907176E-002
  0.40000000000000002       0.56666666666666665        7.4192783170287319E-003
  0.40000000000000002       0.59999999999999998        4.6812270815961921E-003
  0.40000000000000002       0.63333333333333330        2.8899760835118800E-003
  0.40000000000000002       0.66666666666666663        1.7452443228365918E-003
  0.40000000000000002       0.69999999999999996        1.0307205110897360E-003
  0.40000000000000002       0.73333333333333328        5.9517713929971305E-004
  0.40000000000000002       0.76666666666666661        3.3594538568589266E-004
  0.40000000000000002       0.80000000000000004        1.8530509949196401E-004
  0.40000000000000002       0.83333333333333337        9.9837857740610133E-005
  0.40000000000000002       0.86666666666666670        5.2467670756501236E-005
  0.40000000000000002       0.90000000000000002        2.6748072083412331E-005
  0.40000000000000002       0.93333333333333335        1.2905246207857917E-005
  0.40000000000000002       0.96666666666666667        5.1711127404129518E-006
  0.40000000000000002        1.0000000000000000        0.0000000000000000     

  0.43333333333333335        0.0000000000000000       0.97814760073380569     
  0.43333333333333335        3.3333333333333333E-002  0.83772876590266299     
  0.43333333333333335        6.6666666666666666E-002  0.70862741815040919     
  0.43333333333333335       0.10000000000000001       0.59142317202173345     
  0.43333333333333335       0.13333333333333333       0.48655206360560105     
  0.43333333333333335       0.16666666666666666       0.39421243096762232     
  0.43333333333333335       0.20000000000000001       0.31430731734214101     
  0.43333333333333335       0.23333333333333334       0.24642626052725844     
  0.43333333333333335       0.26666666666666666       0.18986398412692027     
  0.43333333333333335       0.29999999999999999       0.14366902443072696     
  0.43333333333333335       0.33333333333333331       0.10671238802590396     
  0.43333333333333335       0.36666666666666664        7.7765247429033194E-002
  0.43333333333333335       0.40000000000000002        5.5575364790206361E-002
  0.43333333333333335       0.43333333333333335        3.8933990303697881E-002
  0.43333333333333335       0.46666666666666667        2.6727830756761165E-002
  0.43333333333333335       0.50000000000000000        1.7973708448779969E-002
  0.43333333333333335       0.53333333333333333        1.1836210360975286E-002
  0.43333333333333335       0.56666666666666665        7.6306183288121204E-003
  0.43333333333333335       0.59999999999999998        4.8145730142207356E-003
  0.43333333333333335       0.63333333333333330        2.9722977802382686E-003
  0.43333333333333335       0.66666666666666663        1.7949580470011934E-003
  0.43333333333333335       0.69999999999999996        1.0600808444875432E-003
  0.43333333333333335       0.73333333333333328        6.1213091003831772E-004
  0.43333333333333335       0.76666666666666661        3.4551487462209762E-004
  0.43333333333333335       0.80000000000000004        1.9058356192951242E-004
  0.43333333333333335       0.83333333333333337        1.0268176426759679E-004
  0.43333333333333335       0.86666666666666670        5.3962225574653231E-005
  0.43333333333333335       0.90000000000000002        2.7509997654571538E-005
  0.43333333333333335       0.93333333333333335        1.3272855396931779E-005
  0.43333333333333335       0.96666666666666667        5.3184131894315252E-006
  0.43333333333333335        1.0000000000000000        0.0000000000000000     

  0.46666666666666667        0.0000000000000000       0.99452189536827329     
  0.46666666666666667        3.3333333333333333E-002  0.85175243434121817     
  0.46666666666666667        6.6666666666666666E-002  0.72048991632773152     
  0.46666666666666667       0.10000000000000001       0.60132365868148729     
  0.46666666666666667       0.13333333333333333       0.49469699678185131     
  0.46666666666666667       0.16666666666666666       0.40081158889469903     
  0.46666666666666667       0.20000000000000001       0.31956885518782852     
  0.46666666666666667       0.23333333333333334       0.25055146227852410     
  0.46666666666666667       0.26666666666666666       0.19304232736901972     
  0.46666666666666667       0.29999999999999999       0.14607405914543714     
  0.46666666666666667       0.33333333333333331       0.10849876472546642     
  0.46666666666666667       0.36666666666666664        7.9067045923217519E-002
  0.46666666666666667       0.40000000000000002        5.6505702294290791E-002
  0.46666666666666667       0.43333333333333335        3.9585749432943802E-002
  0.46666666666666667       0.46666666666666667        2.7175257479909155E-002
  0.46666666666666667       0.50000000000000000        1.8274590235530311E-002
  0.46666666666666667       0.53333333333333333        1.2034349778442293E-002
  0.46666666666666667       0.56666666666666665        7.7583556893755009E-003
  0.46666666666666667       0.59999999999999998        4.8951694773873029E-003
  0.46666666666666667       0.63333333333333330        3.0220543604910694E-003
  0.46666666666666667       0.66666666666666663        1.8250058351837305E-003
  0.46666666666666667       0.69999999999999996        1.0778267103169663E-003
  0.46666666666666667       0.73333333333333328        6.2237804642991431E-004
  0.46666666666666667       0.76666666666666661        3.5129883028830696E-004
  0.46666666666666667       0.80000000000000004        1.9377395098038678E-004
  0.46666666666666667       0.83333333333333337        1.0440066789772710E-004
  0.46666666666666667       0.86666666666666670        5.4865558957087644E-005
  0.46666666666666667       0.90000000000000002        2.7970517934590156E-005
  0.46666666666666667       0.93333333333333335        1.3495044404753302E-005
  0.46666666666666667       0.96666666666666667        5.4074439905971775E-006
  0.46666666666666667        1.0000000000000000        0.0000000000000000     

  0.50000000000000000        0.0000000000000000        1.0000000000000000     
  0.50000000000000000        3.3333333333333333E-002  0.85644412486847532     
  0.50000000000000000        6.6666666666666666E-002  0.72445857620955911     
  0.50000000000000000       0.10000000000000001       0.60463591750166146     
  0.50000000000000000       0.13333333333333333       0.49742192613935771     
  0.50000000000000000       0.16666666666666666       0.40301937117862824     
  0.50000000000000000       0.20000000000000001       0.32132912978199596     
  0.50000000000000000       0.23333333333333334       0.25193156977780207     
  0.50000000000000000       0.26666666666666666       0.19410565847576011     
  0.50000000000000000       0.29999999999999999       0.14687867590018783     
  0.50000000000000000       0.33333333333333331       0.10909640625387049     
  0.50000000000000000       0.36666666666666664        7.9502569316423979E-002
  0.50000000000000000       0.40000000000000002        5.6816951499460568E-002
  0.50000000000000000       0.43333333333333335        3.9803798807551770E-002
  0.50000000000000000       0.46666666666666667        2.7324946395319037E-002
  0.50000000000000000       0.50000000000000000        1.8375251787456318E-002
  0.50000000000000000       0.53333333333333333        1.2100638341387096E-002
  0.50000000000000000       0.56666666666666665        7.8010908814657789E-003
  0.50000000000000000       0.59999999999999998        4.9221334393795444E-003
  0.50000000000000000       0.63333333333333330        3.0387006807647979E-003
  0.50000000000000000       0.66666666666666663        1.8350584775289713E-003
  0.50000000000000000       0.69999999999999996        1.0837636811584174E-003
  0.50000000000000000       0.73333333333333328        6.2580627870384539E-004
  0.50000000000000000       0.76666666666666661        3.5323388245587123E-004
  0.50000000000000000       0.80000000000000004        1.9484131207451390E-004
  0.50000000000000000       0.83333333333333337        1.0497573596312561E-004
  0.50000000000000000       0.86666666666666670        5.5167773794231878E-005
  0.50000000000000000       0.90000000000000002        2.8124587366910230E-005
  0.50000000000000000       0.93333333333333335        1.3569378882056749E-005
  0.50000000000000000       0.96666666666666667        5.4372297038214442E-006
  0.50000000000000000        1.0000000000000000        0.0000000000000000     

  0.53333333333333333        0.0000000000000000       0.99452189536827340     
  0.53333333333333333        3.3333333333333333E-002  0.85175243434121817     
  0.53333333333333333        6.6666666666666666E-002  0.72048991632773152     
  0.53333333333333333       0.10000000000000001       0.60132365868148729     
  0.53333333333333333       0.13333333333333333       0.49469699678185131     
  0.53333333333333333       0.16666666666666666       0.40081158889469909     
  0.53333333333333333       0.20000000000000001       0.31956885518782857     
  0.53333333333333333       0.23333333333333334       0.25055146227852415     
  0.53333333333333333       0.26666666666666666       0.19304232736901972     
  0.53333333333333333       0.29999999999999999       0.14607405914543714     
  0.53333333333333333       0.33333333333333331       0.10849876472546643     
  0.53333333333333333       0.36666666666666664        7.9067045923217519E-002
  0.53333333333333333       0.40000000000000002        5.6505702294290791E-002
  0.53333333333333333       0.43333333333333335        3.9585749432943802E-002
  0.53333333333333333       0.46666666666666667        2.7175257479909155E-002
  0.53333333333333333       0.50000000000000000        1.8274590235530307E-002
  0.53333333333333333       0.53333333333333333        1.2034349778442293E-002
  0.53333333333333333       0.56666666666666665        7.7583556893755009E-003
  0.53333333333333333       0.59999999999999998        4.8951694773873029E-003
  0.53333333333333333       0.63333333333333330        3.0220543604910690E-003
  0.53333333333333333       0.66666666666666663        1.8250058351837305E-003
  0.53333333333333333       0.69999999999999996        1.0778267103169663E-003
  0.53333333333333333       0.73333333333333328        6.2237804642991431E-004
  0.53333333333333333       0.76666666666666661        3.5129883028830696E-004
  0.53333333333333333       0.80000000000000004        1.9377395098038681E-004
  0.53333333333333333       0.83333333333333337        1.0440066789772710E-004
  0.53333333333333333       0.86666666666666670        5.4865558957087644E-005
  0.53333333333333333       0.90000000000000002        2.7970517934590159E-005
  0.53333333333333333       0.93333333333333335        1.3495044404753300E-005
  0.53333333333333333       0.96666666666666667        5.4074439905971775E-006
  0.53333333333333333        1.0000000000000000        0.0000000000000000     

  0.56666666666666665        0.0000000000000000       0.97814760073380569     
  0.56666666666666665        3.3333333333333333E-002  0.83772876590266299     
  0.56666666666666665        6.6666666666666666E-002  0.70862741815040919     
  0.56666666666666665       0.10000000000000001       0.59142317202173345     
  0.56666666666666665       0.13333333333333333       0.48655206360560105     
  0.56666666666666665       0.16666666666666666       0.39421243096762232     
  0.56666666666666665       0.20000000000000001       0.31430731734214101     
  0.56666666666666665       0.23333333333333334       0.24642626052725847     
  0.56666666666666665       0.26666666666666666       0.18986398412692027     
  0.56666666666666665       0.29999999999999999       0.14366902443072699     
  0.56666666666666665       0.33333333333333331       0.10671238802590396     
  0.56666666666666665       0.36666666666666664        7.7765247429033207E-002
  0.56666666666666665       0.40000000000000002        5.5575364790206361E-002
  0.56666666666666665       0.43333333333333335        3.8933990303697888E-002
  0.56666666666666665       0.46666666666666667        2.6727830756761165E-002
  0.56666666666666665       0.50000000000000000        1.7973708448779969E-002
  0.56666666666666665       0.53333333333333333        1.1836210360975286E-002
  0.56666666666666665       0.56666666666666665        7.6306183288121204E-003
  0.56666666666666665       0.59999999999999998        4.8145730142207356E-003
  0.56666666666666665       0.63333333333333330        2.9722977802382686E-003
  0.56666666666666665       0.66666666666666663        1.7949580470011934E-003
  0.56666666666666665       0.69999999999999996        1.0600808444875432E-003
  0.56666666666666665       0.73333333333333328        6.1213091003831772E-004
  0.56666666666666665       0.76666666666666661        3.4551487462209762E-004
  0.56666666666666665       0.80000000000000004        1.9058356192951244E-004
  0.56666666666666665       0.83333333333333337        1.0268176426759680E-004
  0.56666666666666665       0.86666666666666670        5.3962225574653231E-005
  0.56666666666666665       0.90000000000000002        2.7509997654571542E-005
  0.56666666666666665       0.93333333333333335        1.3272855396931780E-005
  0.56666666666666665       0.96666666666666667        5.3184131894315261E-006
  0.56666666666666665        1.0000000000000000        0.0000000000000000     

  0.59999999999999998        0.0000000000000000       0.95105651629515364     
  0.59999999999999998        3.3333333333333333E-002  0.81452676579886363     
  0.59999999999999998        6.6666666666666666E-002  0.68900104969001041     
  0.59999999999999998       0.10000000000000001       0.57504292932605405     
  0.59999999999999998       0.13333333333333333       0.47307636420292276     
  0.59999999999999998       0.16666666666666666       0.38329419915260965     
  0.59999999999999998       0.20000000000000001       0.30560216275461843     
  0.59999999999999998       0.23333333333333334       0.23960116109764587     
  0.59999999999999998       0.26666666666666666       0.18460545134313330     
  0.59999999999999998       0.29999999999999999       0.13968992181967757     
  0.59999999999999998       0.33333333333333331       0.10375684807212689     
  0.59999999999999998       0.36666666666666664        7.5611436610592164E-002
  0.59999999999999998       0.40000000000000002        5.4036131959587681E-002
  0.59999999999999998       0.43333333333333335        3.7855662229223382E-002
  0.59999999999999998       0.46666666666666667        2.5987568326683936E-002
  0.59999999999999998       0.50000000000000000        1.7475902951024497E-002
  0.59999999999999998       0.53333333333333333        1.1508390945907176E-002
  0.59999999999999998       0.56666666666666665        7.4192783170287319E-003
  0.59999999999999998       0.59999999999999998        4.6812270815961921E-003
  0.59999999999999998       0.63333333333333330        2.8899760835118804E-003
  0.59999999999999998       0.66666666666666663        1.7452443228365921E-003
  0.59999999999999998       0.69999999999999996        1.0307205110897360E-003
  0.59999999999999998       0.73333333333333328        5.9517713929971316E-004
  0.59999999999999998       0.76666666666666661        3.3594538568589266E-004
  0.59999999999999998       0.80000000000000004        1.8530509949196401E-004
  0.59999999999999998       0.83333333333333337        9.9837857740610133E-005
  0.59999999999999998       0.86666666666666670        5.2467670756501236E-005
  0.59999999999999998       0.90000000000000002        2.6748072083412327E-005
  0.59999999999999998       0.93333333333333335        1.2905246207857918E-005
  0.59999999999999998       0.96666666666666667        5.1711127404129518E-006
  0.59999999999999998        1.0000000000000000        0.0000000000000000     

  0.63333333333333330        0.0000000000000000       0.91354545764260098     
  0.63333333333333330        3.3333333333333333E-002  0.78240063999828813     
  0.63333333333333330        6.6666666666666666E-002  0.66182584154646884     
  0.63333333333333330       0.10000000000000001       0.55236239596120928     
  0.63333333333333330       0.13333333333333333       0.45441754115644362     
  0.63333333333333330       0.16666666666666666       0.36817651588221323     
  0.63333333333333330       0.20000000000000001       0.29354876692059229     
  0.63333333333333330       0.23333333333333334       0.23015094120728108     
  0.63333333333333330       0.26666666666666666       0.17732434260325669     
  0.63333333333333330       0.29999999999999999       0.13418034719317640     
  0.63333333333333330       0.33333333333333331        9.9664526378355225E-002
  0.63333333333333330       0.36666666666666664        7.2629211069935168E-002
  0.63333333333333330       0.40000000000000002        5.1904867959432173E-002
  0.63333333333333330       0.43333333333333335        3.6362579597558904E-002
  0.63333333333333330       0.46666666666666667        2.4962580659771267E-002
  0.63333333333333330       0.50000000000000000        1.6786627803469803E-002
  0.63333333333333330       0.53333333333333333        1.1054483191350077E-002
  0.63333333333333330       0.56666666666666665        7.1266511394201763E-003
  0.63333333333333330       0.59999999999999998        4.4965926454559350E-003
  0.63333333333333330       0.63333333333333330        2.7759912040481605E-003
  0.63333333333333330       0.66666666666666663        1.6764093366551387E-003
  0.63333333333333330       0.69999999999999996        9.9006738808029627E-004
  0.63333333333333330       0.73333333333333328        5.7170248327411755E-004
  0.63333333333333330       0.76666666666666661        3.2269520880302165E-004
  0.63333333333333330       0.80000000000000004        1.7799639560679662E-004
  0.63333333333333330       0.83333333333333337        9.5900106751802439E-005
  0.63333333333333330       0.86666666666666670        5.0398269157975043E-005
  0.63333333333333330       0.90000000000000002        2.5693089037113321E-005
  0.63333333333333330       0.93333333333333335        1.2396244440734375E-005
  0.63333333333333330       0.96666666666666667        4.9671564980855038E-006
  0.63333333333333330        1.0000000000000000        0.0000000000000000     

  0.66666666666666663        0.0000000000000000       0.86602540378443871     
  0.66666666666666663        3.3333333333333333E-002  0.74170236905803155     
  0.66666666666666663        6.6666666666666666E-002  0.62739953098698309     
  0.66666666666666663       0.10000000000000001       0.52363006459695094     
  0.66666666666666663       0.13333333333333333       0.43078002443607050     
  0.66666666666666663       0.16666666666666666       0.34902501365792216     
  0.66666666666666663       0.20000000000000001       0.27827918936715540     
  0.66666666666666663       0.23333333333333334       0.21817913944286857     
  0.66666666666666663       0.26666666666666666       0.16810043125831453     
  0.66666666666666663       0.29999999999999999       0.12720066460378388     
  0.66666666666666663       0.33333333333333331        9.4480259277439360E-002
  0.66666666666666663       0.36666666666666664        6.8851244694156419E-002
  0.66666666666666663       0.40000000000000002        4.9204923364121224E-002
  0.66666666666666663       0.43333333333333335        3.4471100934464587E-002
  0.66666666666666663       0.46666666666666667        2.3664097735394313E-002
  0.66666666666666663       0.50000000000000000        1.5913434848872587E-002
  0.66666666666666663       0.53333333333333333        1.0479460205649221E-002
  0.66666666666666663       0.56666666666666665        6.7559428805805044E-003
  0.66666666666666663       0.59999999999999998        4.2626925993195586E-003
  0.66666666666666663       0.63333333333333330        2.6315919840393829E-003
  0.66666666666666663       0.66666666666666663        1.5892072589700846E-003
  0.66666666666666663       0.69999999999999996        9.3856687958212811E-004
  0.66666666666666663       0.73333333333333328        5.4196413520533470E-004
  0.66666666666666663       0.76666666666666661        3.0590951568419081E-004
  0.66666666666666663       0.80000000000000004        1.6873752596322072E-004
  0.66666666666666663       0.83333333333333337        9.0911654125034491E-005
  0.66666666666666663       0.86666666666666670        4.7776693576038241E-005
  0.66666666666666663       0.90000000000000002        2.4356607130699158E-005
  0.66666666666666663       0.93333333333333335        1.1751426825437231E-005
  0.66666666666666663       0.96666666666666667        4.7087790497207093E-006
  0.66666666666666663        1.0000000000000000        0.0000000000000000     

  0.69999999999999996        0.0000000000000000       0.80901699437494745     
  0.69999999999999996        3.3333333333333333E-002  0.69287785175117600     
  0.69999999999999996        6.6666666666666666E-002  0.58609929987421139     
  0.69999999999999996       0.10000000000000001       0.48916073266833288     
  0.69999999999999996       0.13333333333333333       0.40242279162146033     
  0.69999999999999996       0.16666666666666666       0.32604952034581519     
  0.69999999999999996       0.20000000000000001       0.25996072678134785     
  0.69999999999999996       0.23333333333333334       0.20381692136979979     
  0.69999999999999996       0.26666666666666666       0.15703477641122954     
  0.69999999999999996       0.29999999999999999       0.11882734491454201     
  0.69999999999999996       0.33333333333333331        8.8260846684614536E-002
  0.69999999999999996       0.36666666666666664        6.4318929673459271E-002
  0.69999999999999996       0.40000000000000002        4.5965879331640765E-002
  0.69999999999999996       0.43333333333333335        3.2201949675990660E-002
  0.69999999999999996       0.46666666666666667        2.2106346004197565E-002
  0.69999999999999996       0.50000000000000000        1.4865890971970793E-002
  0.69999999999999996       0.53333333333333333        9.7896220609672395E-003
  0.69999999999999996       0.56666666666666665        6.3112150977692539E-003
  0.69999999999999996       0.59999999999999998        3.9820896010392621E-003
  0.69999999999999996       0.63333333333333330        2.4583604915574438E-003
  0.69999999999999996       0.66666666666666663        1.4845934939927555E-003
  0.69999999999999996       0.69999999999999996        8.7678323594351170E-004
  0.69999999999999996       0.73333333333333328        5.0628791465795562E-004
  0.69999999999999996       0.76666666666666661        2.8577221389584245E-004
  0.69999999999999996       0.80000000000000004        1.5762993267459438E-004
  0.69999999999999996       0.83333333333333337        8.4927154391185975E-005
  0.69999999999999996       0.86666666666666670        4.4631666541366467E-005
  0.69999999999999996       0.90000000000000002        2.2753269139613333E-005
  0.69999999999999996       0.93333333333333335        1.0977858118696435E-005
  0.69999999999999996       0.96666666666666667        4.3988112327118103E-006
  0.69999999999999996        1.0000000000000000        0.0000000000000000     

  0.73333333333333328        0.0000000000000000       0.74314482547739447     
  0.73333333333333328        3.3333333333333333E-002  0.63646201970652283     
  0.73333333333333328        6.6666666666666666E-002  0.53837764218285444     
  0.73333333333333328       0.10000000000000001       0.44933205338913640     
  0.73333333333333328       0.13333333333333333       0.36965653048946234     
  0.73333333333333328       0.16666666666666666       0.29950176025855096     
  0.73333333333333328       0.20000000000000001       0.23879408007264441     
  0.73333333333333328       0.23333333333333334       0.18722164245477074     
  0.73333333333333328       0.26666666666666666       0.14424861569214345     
  0.73333333333333328       0.29999999999999999       0.10915212796819587     
  0.73333333333333328       0.33333333333333331        8.1074429785743501E-002
  0.73333333333333328       0.36666666666666664        5.9081922999658365E-002
  0.73333333333333328       0.40000000000000002        4.2223223506224213E-002
  0.73333333333333328       0.43333333333333335        2.9579987118175385E-002
  0.73333333333333328       0.46666666666666667        2.0306392520128523E-002
  0.73333333333333328       0.50000000000000000        1.3655473282692404E-002
  0.73333333333333328       0.53333333333333333        8.9925267683751801E-003
  0.73333333333333328       0.56666666666666665        5.7973403216401796E-003
  0.73333333333333328       0.59999999999999998        3.6578579957841583E-003
  0.73333333333333328       0.63333333333333330        2.2581946870849951E-003
  0.73333333333333328       0.66666666666666663        1.3637142120240802E-003
  0.73333333333333328       0.69999999999999996        8.0539337169321045E-004
  0.73333333333333328       0.73333333333333328        4.6506469777002677E-004
  0.73333333333333328       0.76666666666666661        2.6250393193037085E-004
  0.73333333333333328       0.80000000000000004        1.4479531285740114E-004
  0.73333333333333328       0.83333333333333337        7.8012174981678030E-005
  0.73333333333333328       0.86666666666666670        4.0997645628290821E-005
  0.73333333333333328       0.90000000000000002        2.0900641570406230E-005
  0.73333333333333328       0.93333333333333335        1.0084013701142702E-005
  0.73333333333333328       0.96666666666666667        4.0406491193268902E-006
  0.73333333333333328        1.0000000000000000        0.0000000000000000     

  0.76666666666666661        0.0000000000000000       0.66913060635885835     
  0.76666666666666661        3.3333333333333333E-002  0.57307297658572465     
  0.76666666666666661        6.6666666666666666E-002  0.48475740638097753     
  0.76666666666666661       0.10000000000000001       0.40458039810423141     
  0.76666666666666661       0.13333333333333333       0.33284023505381971     
  0.76666666666666661       0.16666666666666666       0.26967259621112133     
  0.76666666666666661       0.20000000000000001       0.21501115545179128     
  0.76666666666666661       0.23333333333333334       0.16857512404635971     
  0.76666666666666661       0.26666666666666666       0.12988203695357084     
  0.76666666666666661       0.29999999999999999        9.8281017466278917E-002
  0.76666666666666661       0.33333333333333331        7.2999744468224700E-002
  0.76666666666666661       0.36666666666666664        5.3197602413785954E-002
  0.76666666666666661       0.40000000000000002        3.8017961208295897E-002
  0.76666666666666661       0.43333333333333335        2.6633940031483123E-002
  0.76666666666666661       0.46666666666666667        1.8283957950223129E-002
  0.76666666666666661       0.50000000000000000        1.2295443370537340E-002
  0.76666666666666661       0.53333333333333333        8.0969074707015979E-003
  0.76666666666666661       0.56666666666666665        5.2199486717757568E-003
  0.76666666666666661       0.59999999999999998        3.2935501328712471E-003
  0.76666666666666661       0.63333333333333330        2.0332876290632246E-003
  0.76666666666666661       0.66666666666666663        1.2278937917729238E-003
  0.76666666666666661       0.69999999999999996        7.2517944912324007E-004
  0.76666666666666661       0.73333333333333328        4.1874613473228474E-004
  0.76666666666666661       0.76666666666666661        2.3635960195419082E-004
  0.76666666666666661       0.80000000000000004        1.3037428529217502E-004
  0.76666666666666661       0.83333333333333337        7.0242477857973646E-005
  0.76666666666666661       0.86666666666666670        3.6914445930402710E-005
  0.76666666666666661       0.90000000000000002        1.8819022198413328E-005
  0.76666666666666661       0.93333333333333335        9.0796867192637198E-006
  0.76666666666666661       0.96666666666666667        3.6382168086304379E-006
  0.76666666666666661        1.0000000000000000        0.0000000000000000     

  0.80000000000000004        0.0000000000000000       0.58778525229247325     
  0.80000000000000004        3.3333333333333333E-002  0.50340522601022319     
  0.80000000000000004        6.6666666666666666E-002  0.42582606699278175     
  0.80000000000000004       0.10000000000000001       0.35539607531380513     
  0.80000000000000004       0.13333333333333333       0.29237727235163036     
  0.80000000000000004       0.16666666666666666       0.23688884276698394     
  0.80000000000000004       0.20000000000000001       0.18887252361783138     
  0.80000000000000004       0.23333333333333334       0.14808166130228423     
  0.80000000000000004       0.26666666666666666       0.11409244343857131     
  0.80000000000000004       0.29999999999999999        8.6333119570376329E-002
  0.80000000000000004       0.33333333333333331        6.4125258674133406E-002
  0.80000000000000004       0.36666666666666664        4.6730437763554115E-002
  0.80000000000000004       0.40000000000000002        3.3396166171599656E-002
  0.80000000000000004       0.43333333333333335        2.3396085924295665E-002
  0.80000000000000004       0.46666666666666667        1.6061200510850908E-002
  0.80000000000000004       0.50000000000000000        1.0800702007827732E-002
  0.80000000000000004       0.53333333333333333        7.1125767603921891E-003
  0.80000000000000004       0.56666666666666665        4.5853661719188745E-003
  0.80000000000000004       0.59999999999999998        2.8931574454829244E-003
  0.80000000000000004       0.63333333333333330        1.7861034462846466E-003
  0.80000000000000004       0.66666666666666663        1.0786203101858082E-003
  0.80000000000000004       0.69999999999999996        6.3702030875511986E-004
  0.80000000000000004       0.73333333333333328        3.6783970141415355E-004
  0.80000000000000004       0.76666666666666661        2.0762566671757413E-004
  0.80000000000000004       0.80000000000000004        1.1452484977471466E-004
  0.80000000000000004       0.83333333333333337        6.1703189447673845E-005
  0.80000000000000004       0.86666666666666670        3.2426803838056676E-005
  0.80000000000000004       0.90000000000000002        1.6531217681081034E-005
  0.80000000000000004       0.93333333333333335        7.9758807896418839E-006
  0.80000000000000004       0.96666666666666667        3.1959234332328163E-006
  0.80000000000000004        1.0000000000000000        0.0000000000000000     

  0.83333333333333337        0.0000000000000000       0.49999999999999994     
  0.83333333333333337        3.3333333333333333E-002  0.42822206243423766     
  0.83333333333333337        6.6666666666666666E-002  0.36222928810477967     
  0.83333333333333337       0.10000000000000001       0.30231795875083084     
  0.83333333333333337       0.13333333333333333       0.24871096306967891     
  0.83333333333333337       0.16666666666666666       0.20150968558931417     
  0.83333333333333337       0.20000000000000001       0.16066456489099804     
  0.83333333333333337       0.23333333333333334       0.12596578488890106     
  0.83333333333333337       0.26666666666666666        9.7052829237880070E-002
  0.83333333333333337       0.29999999999999999        7.3439337950093928E-002
  0.83333333333333337       0.33333333333333331        5.4548203126935250E-002
  0.83333333333333337       0.36666666666666664        3.9751284658212004E-002
  0.83333333333333337       0.40000000000000002        2.8408475749730291E-002
  0.83333333333333337       0.43333333333333335        1.9901899403775888E-002
  0.83333333333333337       0.46666666666666667        1.3662473197659520E-002
  0.83333333333333337       0.50000000000000000        9.1876258937281605E-003
  0.83333333333333337       0.53333333333333333        6.0503191706935489E-003
  0.83333333333333337       0.56666666666666665        3.9005454407328899E-003
  0.83333333333333337       0.59999999999999998        2.4610667196897727E-003
  0.83333333333333337       0.63333333333333330        1.5193503403823990E-003
  0.83333333333333337       0.66666666666666663        9.1752923876448566E-004
  0.83333333333333337       0.69999999999999996        5.4188184057920869E-004
  0.83333333333333337       0.73333333333333328        3.1290313935192275E-004
  0.83333333333333337       0.76666666666666661        1.7661694122793564E-004
  0.83333333333333337       0.80000000000000004        9.7420656037256961E-005
  0.83333333333333337       0.83333333333333337        5.2487867981562819E-005
  0.83333333333333337       0.86666666666666670        2.7583886897115942E-005
  0.83333333333333337       0.90000000000000002        1.4062293683455117E-005
  0.83333333333333337       0.93333333333333335        6.7846894410283753E-006
  0.83333333333333337       0.96666666666666667        2.7186148519107221E-006
  0.83333333333333337        1.0000000000000000        0.0000000000000000     

  0.86666666666666670        0.0000000000000000       0.40673664307580004     
  0.86666666666666670        3.3333333333333333E-002  0.34834720833099508     
  0.86666666666666670        6.6666666666666666E-002  0.29466384933494993     
  0.86666666666666670       0.10000000000000001       0.24592758336768231     
  0.86666666666666670       0.13333333333333333       0.20231972443022103     
  0.86666666666666670       0.16666666666666666       0.16392274612771518     
  0.86666666666666670       0.20000000000000001       0.13069633156999724     
  0.86666666666666670       0.23333333333333334       0.10246980097623995     
  0.86666666666666670       0.26666666666666666        7.8949883930448425E-002
  0.86666666666666670       0.29999999999999999        5.9740939575060846E-002
  0.86666666666666670       0.33333333333333331        4.4373506051333021E-002
  0.86666666666666670       0.36666666666666664        3.2336608159663417E-002
  0.86666666666666670       0.40000000000000002        2.3109536122691149E-002
  0.86666666666666670       0.43333333333333335        1.6189663508648151E-002
  0.86666666666666670       0.46666666666666667        1.1114056969058254E-002
  0.86666666666666670       0.50000000000000000        7.4738882277025813E-003
  0.86666666666666670       0.53333333333333333        4.9217730180501074E-003
  0.86666666666666670       0.56666666666666665        3.1729895174566264E-003
  0.86666666666666670       0.59999999999999998        2.0020120319043789E-003
  0.86666666666666670       0.63333333333333330        1.2359509142064228E-003
  0.86666666666666670       0.66666666666666663        7.4638552499792254E-004
  0.86666666666666670       0.69999999999999996        4.4080640156184662E-004
  0.86666666666666670       0.73333333333333328        2.5453834501576076E-004
  0.86666666666666670       0.76666666666666661        1.4367316357073289E-004
  0.86666666666666670       0.80000000000000004        7.9249101205672165E-005
  0.86666666666666670       0.83333333333333337        4.2697478450053273E-005
  0.86666666666666670       0.86666666666666670        2.2438755119030978E-005
  0.86666666666666670       0.90000000000000002        1.1439300253509127E-005
  0.86666666666666670       0.93333333333333335        5.5191636151114173E-006
  0.86666666666666670       0.96666666666666667        2.2115205573643617E-006
  0.86666666666666670        1.0000000000000000        0.0000000000000000     

  0.90000000000000002        0.0000000000000000       0.30901699437494751     
  0.90000000000000002        3.3333333333333333E-002  0.26465578931693845     
  0.90000000000000002        6.6666666666666666E-002  0.22387001176943180     
  0.90000000000000002       0.10000000000000001       0.18684277391750215     
  0.90000000000000002       0.13333333333333333       0.15371182855178148     
  0.90000000000000002       0.16666666666666666       0.12453983475650104     
  0.90000000000000002       0.20000000000000001        9.9296161890349829E-002
  0.90000000000000002       0.23333333333333334        7.7851136480898753E-002
  0.90000000000000002       0.26666666666666666        5.9981947173349433E-002
  0.90000000000000002       0.29999999999999999        4.5388006964448079E-002
  0.90000000000000002       0.33333333333333331        3.3712643557679285E-002
  0.90000000000000002       0.36666666666666664        2.4567645015247264E-002
  0.90000000000000002       0.40000000000000002        1.7557403581910474E-002
  0.90000000000000002       0.43333333333333335        1.2300050272214766E-002
  0.90000000000000002       0.46666666666666667        8.4438728065380428E-003
  0.90000000000000002       0.50000000000000000        5.6782650782426320E-003
  0.90000000000000002       0.53333333333333333        3.7393028902736897E-003
  0.90000000000000002       0.56666666666666665        2.4106696570363644E-003
  0.90000000000000002       0.59999999999999998        1.5210228813494892E-003
  0.90000000000000002       0.63333333333333330        9.3901015117504438E-004
  0.90000000000000002       0.66666666666666663        5.6706425522826977E-004
  0.90000000000000002       0.69999999999999996        3.3490139536430301E-004
  0.90000000000000002       0.73333333333333328        1.9338477530603300E-004
  0.90000000000000002       0.76666666666666661        1.0915527266790683E-004
  0.90000000000000002       0.80000000000000004        6.0209276637337433E-005
  0.90000000000000002       0.83333333333333337        3.2439286409623163E-005
  0.90000000000000002       0.86666666666666670        1.7047779644250528E-005
  0.90000000000000002       0.90000000000000002        8.6909754561582166E-006
  0.90000000000000002       0.93333333333333335        4.1931686776680614E-006
  0.90000000000000002       0.96666666666666667        1.6801963808010882E-006
  0.90000000000000002        1.0000000000000000        0.0000000000000000     

  0.93333333333333335        0.0000000000000000       0.20791169081775931     
  0.93333333333333335        3.3333333333333333E-002  0.17806474609234094     
  0.93333333333333335        6.6666666666666666E-002  0.15062340750715605     
  0.93333333333333335       0.10000000000000001       0.12571087593691771     
  0.93333333333333335       0.13333333333333333       0.10341983371346049     
  0.93333333333333335       0.16666666666666666        8.3792438894058768E-002
  0.93333333333333335       0.20000000000000001        6.6808082681974038E-002
  0.93333333333333335       0.23333333333333334        5.2379518642875156E-002
  0.93333333333333335       0.26666666666666666        4.0356835650989832E-002
  0.93333333333333335       0.29999999999999999        3.0537793851481740E-002
  0.93333333333333335       0.33333333333333331        2.2682418286383389E-002
  0.93333333333333335       0.36666666666666664        1.6529513610933830E-002
  0.93333333333333335       0.40000000000000002        1.1812908453363477E-002
  0.93333333333333335       0.43333333333333335        8.2756751110480038E-003
  0.93333333333333335       0.46666666666666667        5.6811758065554198E-003
  0.93333333333333335       0.50000000000000000        3.8204296683320977E-003
  0.93333333333333335       0.53333333333333333        2.5158641775319983E-003
  0.93333333333333335       0.56666666666666665        1.6219379953885547E-003
  0.93333333333333335       0.59999999999999998        1.0233690858120342E-003
  0.93333333333333335       0.63333333333333330        6.3178139642688545E-004
  0.93333333333333335       0.66666666666666663        3.8153011081251172E-004
  0.93333333333333335       0.69999999999999996        2.2532713939652562E-004
  0.93333333333333335       0.73333333333333328        1.3011244152968645E-004
  0.93333333333333335       0.76666666666666661        7.3441453755521862E-005
  0.93333333333333335       0.80000000000000004        4.0509786634562896E-005
  0.93333333333333335       0.83333333333333337        2.1825682758932116E-005
  0.93333333333333335       0.86666666666666670        1.1470025128210428E-005
  0.93333333333333335       0.90000000000000002        5.8474305130061013E-006
  0.93333333333333335       0.93333333333333335        2.8212325067152157E-006
  0.93333333333333335       0.96666666666666667        1.1304636210860614E-006
  0.93333333333333335        1.0000000000000000        0.0000000000000000     

  0.96666666666666667        0.0000000000000000       0.10452846326765373     
  0.96666666666666667        3.3333333333333333E-002   8.9522788247112128E-002
  0.96666666666666667        6.6666666666666666E-002   7.5726541672257480E-002
  0.96666666666666667       0.10000000000000001        6.3201663292876395E-002
  0.96666666666666667       0.13333333333333333        5.1994749534983301E-002
  0.96666666666666667       0.16666666666666666        4.2126995536398051E-002
  0.96666666666666667       0.20000000000000001        3.3588040139244428E-002
  0.96666666666666667       0.23333333333333334        2.6334019837481265E-002
  0.96666666666666667       0.26666666666666666        2.0289566192027181E-002
  0.96666666666666667       0.29999999999999999        1.5353002278634365E-002
  0.96666666666666667       0.33333333333333331        1.1403679693740702E-002
  0.96666666666666667       0.36666666666666664        8.3102813964758999E-003
  0.96666666666666667       0.40000000000000002        5.9389886277914144E-003
  0.96666666666666667       0.43333333333333335        4.1606299215682461E-003
  0.96666666666666667       0.46666666666666667        2.8562346555737065E-003
  0.96666666666666667       0.50000000000000000        1.9207368314990117E-003
  0.96666666666666667       0.53333333333333333        1.2648611303828405E-003
  0.96666666666666667       0.56666666666666665        8.1543604165092208E-004
  0.96666666666666667       0.59999999999999998        5.1450304441667360E-004
  0.96666666666666667       0.63333333333333330        3.1763071249071677E-004
  0.96666666666666667       0.66666666666666663        1.9181584266238322E-004
  0.96666666666666667       0.69999999999999996        1.1328415213678454E-004
  0.96666666666666667       0.73333333333333328        6.5414568616161827E-005
  0.96666666666666667       0.76666666666666661        3.6922994907179174E-005
  0.96666666666666667       0.80000000000000004        2.0366462932202234E-005
  0.96666666666666667       0.83333333333333337        1.0972952360616470E-005
  0.96666666666666667       0.86666666666666670        5.7666026166085840E-006
  0.96666666666666667       0.90000000000000002        2.9398198974999873E-006
  0.96666666666666667       0.93333333333333335        1.4183863220379418E-006
  0.96666666666666667       0.96666666666666667        5.6834526537369411E-007
  0.96666666666666667        1.0000000000000000        0.0000000000000000     

   1.0000000000000000        0.0000000000000000        1.2246467991473532E-016
   1.0000000000000000        3.3333333333333333E-002   0.0000000000000000     
   1.0000000000000000        6.6666666666666666E-002   0.0000000000000000     
   1.0000000000000000       0.10000000000000001        0.0000000000000000     
   1.0000000000000000       0.13333333333333333        0.0000000000000000     
   1.0000000000000000       0.16666666666666666        0.0000000000000000     
   1.0000000000000000       0.20000000000000001        0.0000000000000000     
   1.0000000000000000       0.23333333333333334        0.0000000000000000     
   1.0000000000000000       0.26666666666666666        0.0000000000000000     
   1.0000000000000000       0.29999999999999999        0.0000000000000000     
   1.0000000000000000       0.33333333333333331        0.0000000000000000     
   1.0000000000000000       0.36666666666666664        0.0000000000000000     
   1.0000000000000000       0.40000000000000002        0.0000000000000000     
   1.0000000000000000       0.43333333333333335        0.0000000000000000     
   1.0000000000000000       0.46666666666666667        0.0000000000000000     
   1.0000000000000000       0.50000000000000000        0.0000000000000000     
   1.0000000000000000       0.53333333333333333        0.0000000000000000     
   1.0000000000000000       0.56666666666666665        0.0000000000000000     
   1.0000000000000000       0.59999999999999998        0.0000000000000000     
   1.0000000000000000       0.63333333333333330        0.0000000000000000     
   1.0000000000000000       0.66666666666666663        0.0000000000000000     
   1.0000000000000000       0.69999999999999996        0.0000000000000000     
   1.0000000000000000       0.73333333333333328        0.0000000000000000     
   1.0000000000000000       0.76666666666666661        0.0000000000000000     
   1.0000000000000000       0.80000000000000004        0.0000000000000000     
   1.0000000000000000       0.83333333333333337        0.0000000000000000     
   1.0000000000000000       0.86666666666666670        0.0000000000000000     
   1.0000000000000000       0.90000000000000002        0.0000000000000000     
   1.0000000000000000       0.93333333333333335        0.0000000000000000     
   1.0000000000000000       0.96666666666666667        0.0000000000000000     
   1.0000000000000000        1.0000000000000000        0.0000000000000000     

