   0.0000000000000000        0.0000000000000000        0.0000000000000000     
   0.0000000000000000        3.3333333333333333E-002   0.0000000000000000     
   0.0000000000000000        6.6666666666666666E-002   0.0000000000000000     
   0.0000000000000000       0.10000000000000001        0.0000000000000000     
   0.0000000000000000       0.13333333333333333        0.0000000000000000     
   0.0000000000000000       0.16666666666666666        0.0000000000000000     
   0.0000000000000000       0.20000000000000001        0.0000000000000000     
   0.0000000000000000       0.23333333333333334        0.0000000000000000     
   0.0000000000000000       0.26666666666666666        0.0000000000000000     
   0.0000000000000000       0.29999999999999999        0.0000000000000000     
   0.0000000000000000       0.33333333333333331        0.0000000000000000     
   0.0000000000000000       0.36666666666666664        0.0000000000000000     
   0.0000000000000000       0.40000000000000002        0.0000000000000000     
   0.0000000000000000       0.43333333333333335        0.0000000000000000     
   0.0000000000000000       0.46666666666666667        0.0000000000000000     
   0.0000000000000000       0.50000000000000000        0.0000000000000000     
   0.0000000000000000       0.53333333333333333        0.0000000000000000     
   0.0000000000000000       0.56666666666666665        0.0000000000000000     
   0.0000000000000000       0.59999999999999998        0.0000000000000000     
   0.0000000000000000       0.63333333333333330        0.0000000000000000     
   0.0000000000000000       0.66666666666666663        0.0000000000000000     
   0.0000000000000000       0.69999999999999996        0.0000000000000000     
   0.0000000000000000       0.73333333333333328        0.0000000000000000     
   0.0000000000000000       0.76666666666666661        0.0000000000000000     
   0.0000000000000000       0.80000000000000004        0.0000000000000000     
   0.0000000000000000       0.83333333333333337        0.0000000000000000     
   0.0000000000000000       0.86666666666666670        0.0000000000000000     
   0.0000000000000000       0.90000000000000002        0.0000000000000000     
   0.0000000000000000       0.93333333333333335        0.0000000000000000     
   0.0000000000000000       0.96666666666666667        0.0000000000000000     
   0.0000000000000000        1.0000000000000000        0.0000000000000000     

   3.3333333333333333E-002   0.0000000000000000       0.10452846326765346     
   3.3333333333333333E-002   3.3333333333333333E-002   8.9674380865797640E-002
   3.3333333333333333E-002   6.6666666666666666E-002   7.6019547637474608E-002
   3.3333333333333333E-002  0.10000000000000001        6.3616851951393855E-002
   3.3333333333333333E-002  0.13333333333333333        5.2505921393428079E-002
   3.3333333333333333E-002  0.16666666666666666        4.2703706848343237E-002
   3.3333333333333333E-002  0.20000000000000001        3.4198577310321089E-002
   3.3333333333333333E-002  0.23333333333333334        2.6948223576535941E-002
   3.3333333333333333E-002  0.26666666666666666        2.0881165441579249E-002
   3.3333333333333333E-002  0.29999999999999999        1.5901228351059976E-002
   3.3333333333333333E-002  0.33333333333333331        1.1894065528261661E-002
   3.3333333333333333E-002  0.36666666666666664        8.7346815558764328E-003
   3.3333333333333333E-002  0.40000000000000002        6.2949594212898851E-003
   3.3333333333333333E-002  0.43333333333333335        4.4503718249930746E-003
   3.3333333333333333E-002  0.46666666666666667        3.0853175753615819E-003
   3.3333333333333333E-002  0.50000000000000000        2.0968086663834527E-003
   3.3333333333333333E-002  0.53333333333333333        1.3964936450012737E-003
   3.3333333333333333E-002  0.56666666666666665        9.1120364661119186E-004
   3.3333333333333333E-002  0.59999999999999998        5.8233274891192441E-004
   3.3333333333333333E-002  0.63333333333333330        3.6441467905540503E-004
   3.3333333333333333E-002  0.66666666666666663        2.2324643079042883E-004
   3.3333333333333333E-002  0.69999999999999996        1.3385564090966234E-004
   3.3333333333333333E-002  0.73333333333333328        7.8533381250077706E-005
   3.3333333333333333E-002  0.76666666666666661        4.5075103895955544E-005
   3.3333333333333333E-002  0.80000000000000004        2.5302377433601689E-005
   3.3333333333333333E-002  0.83333333333333337        1.3883610181106077E-005
   3.3333333333333333E-002  0.86666666666666670        7.4350814154380492E-006
   3.3333333333333333E-002  0.90000000000000002        3.8627101503472590E-006
   3.3333333333333333E-002  0.93333333333333335        1.8965669609865433E-006
   3.3333333333333333E-002  0.96666666666666667        7.7004489394180815E-007
   3.3333333333333333E-002   1.0000000000000000        0.0000000000000000     

   6.6666666666666666E-002   0.0000000000000000       0.20791169081775931     
   6.6666666666666666E-002   3.3333333333333333E-002  0.17836627044925898     
   6.6666666666666666E-002   6.6666666666666666E-002  0.15120620920291999     
   6.6666666666666666E-002  0.10000000000000001       0.12653670436012610     
   6.6666666666666666E-002  0.13333333333333333       0.10443657692449933     
   6.6666666666666666E-002  0.16666666666666666        8.4939542948130872E-002
   6.6666666666666666E-002  0.20000000000000001        6.8022467851117929E-002
   6.6666666666666666E-002  0.23333333333333334        5.3601196776289030E-002
   6.6666666666666666E-002  0.26666666666666666        4.1533552464915767E-002
   6.6666666666666666E-002  0.29999999999999999        3.1628239516759776E-002
   6.6666666666666666E-002  0.33333333333333331        2.3657817185602462E-002
   6.6666666666666666E-002  0.36666666666666664        1.7373664112777052E-002
   6.6666666666666666E-002  0.40000000000000002        1.2520949949855170E-002
   6.6666666666666666E-002  0.43333333333333335        8.8519844449713465E-003
   6.6666666666666666E-002  0.46666666666666667        6.1368317657232918E-003
   6.6666666666666666E-002  0.50000000000000000        4.1706442582325857E-003
   6.6666666666666666E-002  0.53333333333333333        2.7776870133928307E-003
   6.6666666666666666E-002  0.56666666666666665        1.8124239553884900E-003
   6.6666666666666666E-002  0.59999999999999998        1.1582853383658080E-003
   6.6666666666666666E-002  0.63333333333333330        7.2483675462840487E-004
   6.6666666666666666E-002  0.66666666666666663        4.4404692696779866E-004
   6.6666666666666666E-002  0.69999999999999996        2.6624473140642475E-004
   6.6666666666666666E-002  0.73333333333333328        1.5620633434101303E-004
   6.6666666666666666E-002  0.76666666666666661        8.9656355521055097E-005
   6.6666666666666666E-002  0.80000000000000004        5.0327536725177955E-005
   6.6666666666666666E-002  0.83333333333333337        2.7615108623735748E-005
   6.6666666666666666E-002  0.86666666666666670        1.4788702522997746E-005
   6.6666666666666666E-002  0.90000000000000002        7.6830996399632478E-006
   6.6666666666666666E-002  0.93333333333333335        3.7723547374663659E-006
   6.6666666666666666E-002  0.96666666666666667        1.5316530148833360E-006
   6.6666666666666666E-002   1.0000000000000000        0.0000000000000000     

  0.10000000000000001        0.0000000000000000       0.30901699437494740     
  0.10000000000000001        3.3333333333333333E-002  0.26510394184813657     
  0.10000000000000001        6.6666666666666666E-002  0.22473622389840467     
  0.10000000000000001       0.10000000000000001       0.18807019415638110     
  0.10000000000000001       0.13333333333333333       0.15522300346402704     
  0.10000000000000001       0.16666666666666666       0.12624476364063669     
  0.10000000000000001       0.20000000000000001       0.10110108999952136     
  0.10000000000000001       0.23333333333333334        7.9666904047389561E-002
  0.10000000000000001       0.26666666666666666        6.1730889195992053E-002
  0.10000000000000001       0.29999999999999999        4.7008725071679337E-002
  0.10000000000000001       0.33333333333333331        3.5162368847141280E-002
  0.10000000000000001       0.36666666666666664        2.5822297169985142E-002
  0.10000000000000001       0.40000000000000002        1.8609758330592616E-002
  0.10000000000000001       0.43333333333333335        1.3156612870973680E-002
  0.10000000000000001       0.46666666666666667        9.1211095430451285E-003
  0.10000000000000001       0.50000000000000000        6.1987853988251023E-003
  0.10000000000000001       0.53333333333333333        4.1284474615972790E-003
  0.10000000000000001       0.56666666666666665        2.6937869680364558E-003
  0.10000000000000001       0.59999999999999998        1.7215475112657658E-003
  0.10000000000000001       0.63333333333333330        1.0773173670358535E-003
  0.10000000000000001       0.66666666666666663        6.5998235209051596E-004
  0.10000000000000001       0.69999999999999996        3.9571678891060650E-004
  0.10000000000000001       0.73333333333333328        2.3216785814463120E-004
  0.10000000000000001       0.76666666666666661        1.3325531335326742E-004
  0.10000000000000001       0.80000000000000004        7.4801296992679043E-005
  0.10000000000000001       0.83333333333333337        4.1044050157450779E-005
  0.10000000000000001       0.86666666666666670        2.1980295510980516E-005
  0.10000000000000001       0.90000000000000002        1.1419311482131837E-005
  0.10000000000000001       0.93333333333333335        5.6068118060265283E-006
  0.10000000000000001       0.96666666666666667        2.2764800248748030E-006
  0.10000000000000001        1.0000000000000000        0.0000000000000000     

  0.13333333333333333        0.0000000000000000       0.40673664307580015     
  0.13333333333333333        3.3333333333333333E-002  0.34893707898355952     
  0.13333333333333333        6.6666666666666666E-002  0.29580398149578013     
  0.13333333333333333       0.10000000000000001       0.24754314754924048     
  0.13333333333333333       0.13333333333333333       0.20430877429510108     
  0.13333333333333333       0.16666666666666666       0.16616682028428048     
  0.13333333333333333       0.20000000000000001       0.13307202744912680     
  0.13333333333333333       0.23333333333333334       0.10485976404637541     
  0.13333333333333333       0.26666666666666666        8.1251889387017995E-002
  0.13333333333333333       0.29999999999999999        6.1874173197505433E-002
  0.13333333333333333       0.33333333333333331        4.6281674237392080E-002
  0.13333333333333333       0.36666666666666664        3.3988015735735788E-002
  0.13333333333333333       0.40000000000000002        2.4494674304717797E-002
  0.13333333333333333       0.43333333333333335        1.7317094693163382E-002
  0.13333333333333333       0.46666666666666667        1.2005454535498483E-002
  0.13333333333333333       0.50000000000000000        8.1590113494088515E-003
  0.13333333333333333       0.53333333333333333        5.4339757754792951E-003
  0.13333333333333333       0.56666666666666665        3.5456362869514509E-003
  0.13333333333333333       0.59999999999999998        2.2659480493753183E-003
  0.13333333333333333       0.63333333333333330        1.4179946649269051E-003
  0.13333333333333333       0.66666666666666663        8.6868687245354357E-004
  0.13333333333333333       0.69999999999999996        5.2085329046642180E-004
  0.13333333333333333       0.73333333333333328        3.0558570231016915E-004
  0.13333333333333333       0.76666666666666661        1.7539429808691425E-004
  0.13333333333333333       0.80000000000000004        9.8455518597150634E-005
  0.13333333333333333       0.83333333333333337        5.4023304488621092E-005
  0.13333333333333333       0.86666666666666670        2.8931067781672447E-005
  0.13333333333333333       0.90000000000000002        1.5030410958057635E-005
  0.13333333333333333       0.93333333333333335        7.3798394711390622E-006
  0.13333333333333333       0.96666666666666667        2.9963654433296702E-006
  0.13333333333333333        1.0000000000000000        0.0000000000000000     

  0.16666666666666666        0.0000000000000000       0.49999999999999994     
  0.16666666666666666        3.3333333333333333E-002  0.42894718846186053     
  0.16666666666666666        6.6666666666666666E-002  0.36363084877092516     
  0.16666666666666666       0.10000000000000001       0.30430396641581647     
  0.16666666666666666       0.13333333333333333       0.25115609544063838     
  0.16666666666666666       0.16666666666666666       0.20426831847224705     
  0.16666666666666666       0.20000000000000001       0.16358499991888764     
  0.16666666666666666       0.23333333333333334       0.12890375852715286     
  0.16666666666666666       0.26666666666666666        9.9882676874868806E-002
  0.16666666666666666       0.29999999999999999        7.6061714933776503E-002
  0.16666666666666666       0.33333333333333331        5.6893907919635042E-002
  0.16666666666666666       0.36666666666666664        4.1781354488636173E-002
  0.16666666666666666       0.40000000000000002        3.0111221501320357E-002
  0.16666666666666666       0.43333333333333335        2.1287846802059751E-002
  0.16666666666666666       0.46666666666666667        1.4758265255758039E-002
  0.16666666666666666       0.50000000000000000        1.0029845464265589E-002
  0.16666666666666666       0.53333333333333333        6.6799683136326239E-003
  0.16666666666666666       0.56666666666666665        4.3586388727345120E-003
  0.16666666666666666       0.59999999999999998        2.7855223864758014E-003
  0.16666666666666666       0.63333333333333330        1.7431361165345567E-003
  0.16666666666666666       0.66666666666666663        1.0678738776575551E-003
  0.16666666666666666       0.69999999999999996        6.4028321437632882E-004
  0.16666666666666666       0.73333333333333328        3.7565548557327741E-004
  0.16666666666666666       0.76666666666666661        2.1561162618710439E-004
  0.16666666666666666       0.80000000000000004        1.2103104093673000E-004
  0.16666666666666666       0.83333333333333337        6.6410668190710834E-005
  0.16666666666666666       0.86666666666666670        3.5564865219533213E-005
  0.16666666666666666       0.90000000000000002        1.8476834106211252E-005
  0.16666666666666666       0.93333333333333335        9.0720120706751044E-006
  0.16666666666666666       0.96666666666666667        3.6834220549576376E-006
  0.16666666666666666        1.0000000000000000        0.0000000000000000     

  0.20000000000000001        0.0000000000000000       0.58778525229247314     
  0.20000000000000001        3.3333333333333333E-002  0.50425766278040351     
  0.20000000000000001        6.6666666666666666E-002  0.42747370037228877     
  0.20000000000000001       0.10000000000000001       0.35773076734664189     
  0.20000000000000001       0.13333333333333333       0.29525169784673622     
  0.20000000000000001       0.16666666666666666       0.24013181021713798     
  0.20000000000000001       0.20000000000000001       0.19230570089717514     
  0.20000000000000001       0.23333333333333334       0.15153545645466115     
  0.20000000000000001       0.26666666666666666       0.11741912885308466     
  0.20000000000000001       0.29999999999999999        8.9415908604295977E-002
  0.20000000000000001       0.33333333333333331        6.6882800040894835E-002
  0.20000000000000001       0.36666666666666664        4.9116927978448535E-002
  0.20000000000000001       0.40000000000000002        3.5397863853976252E-002
  0.20000000000000001       0.43333333333333335        2.5025364806624414E-002
  0.20000000000000001       0.46666666666666667        1.7349381333509963E-002
  0.20000000000000001       0.50000000000000000        1.1790790493335732E-002
  0.20000000000000001       0.53333333333333333        7.8527737210685560E-003
  0.20000000000000001       0.56666666666666665        5.1238872989240718E-003
  0.20000000000000001       0.59999999999999998        3.2745779574020221E-003
  0.20000000000000001       0.63333333333333330        2.0491794040747723E-003
  0.20000000000000001       0.66666666666666663        1.2553610331909751E-003
  0.20000000000000001       0.69999999999999996        7.5269806140165210E-004
  0.20000000000000001       0.73333333333333328        4.4160950872548072E-004
  0.20000000000000001       0.76666666666666661        2.5346666819115512E-004
  0.20000000000000001       0.80000000000000004        1.4228052186443296E-004
  0.20000000000000001       0.83333333333333337        7.8070422714777369E-005
  0.20000000000000001       0.86666666666666670        4.1809006551622267E-005
  0.20000000000000001       0.90000000000000002        2.1720821193371108E-005
  0.20000000000000001       0.93333333333333335        1.0664789807524256E-005
  0.20000000000000001       0.96666666666666667        4.3301223237458693E-006
  0.20000000000000001        1.0000000000000000        0.0000000000000000     

  0.23333333333333334        0.0000000000000000       0.66913060635885824     
  0.23333333333333334        3.3333333333333333E-002  0.57404338462282434     
  0.23333333333333334        6.6666666666666666E-002  0.48663306065775080     
  0.23333333333333334       0.10000000000000001       0.40723819513044179     
  0.23333333333333334       0.13333333333333333       0.33611246086583524     
  0.23333333333333334       0.16666666666666666       0.27336436759847810     
  0.23333333333333334       0.20000000000000001       0.21891946037387811     
  0.23333333333333334       0.23333333333333334       0.17250690021041923     
  0.23333333333333334       0.26666666666666666       0.13366911228405373     
  0.23333333333333334       0.29999999999999999       0.10179044286866498     
  0.23333333333333334       0.33333333333333331        7.6138910208780886E-002
  0.23333333333333334       0.36666666666666664        5.5914366126951054E-002
  0.23333333333333334       0.40000000000000002        4.0296679802768756E-002
  0.23333333333333334       0.43333333333333335        2.8488699677473445E-002
  0.23333333333333334       0.46666666666666667        1.9750413958780497E-002
  0.23333333333333334       0.50000000000000000        1.3422553154379353E-002
  0.23333333333333334       0.53333333333333333        8.9395424963179138E-003
  0.23333333333333334       0.56666666666666665        5.8329973436242683E-003
  0.23333333333333334       0.59999999999999998        3.7277565669774537E-003
  0.23333333333333334       0.63333333333333330        2.3327714532455864E-003
  0.23333333333333334       0.66666666666666663        1.4290941905435700E-003
  0.23333333333333334       0.69999999999999996        8.5686619095406329E-004
  0.23333333333333334       0.73333333333333328        5.0272516568735683E-004
  0.23333333333333334       0.76666666666666661        2.8854467633719324E-004
  0.23333333333333334       0.80000000000000004        1.6197114762047586E-004
  0.23333333333333334       0.83333333333333337        8.8874821350294530E-005
  0.23333333333333334       0.86666666666666670        4.7595079658834658E-005
  0.23333333333333334       0.90000000000000002        2.4726830418162335E-005
  0.23333333333333334       0.93333333333333335        1.2140721875491426E-005
  0.23333333333333334       0.96666666666666667        4.9293808662187908E-006
  0.23333333333333334        1.0000000000000000        0.0000000000000000     

  0.26666666666666666        0.0000000000000000       0.74314482547739413     
  0.26666666666666666        3.3333333333333333E-002  0.63753976701701653     
  0.26666666666666666        6.6666666666666666E-002  0.54046076729613179     
  0.26666666666666666       0.10000000000000001       0.45228383602832151     
  0.26666666666666666       0.13333333333333333       0.37329070542763398     
  0.26666666666666666       0.16666666666666666       0.30360188776323765     
  0.26666666666666666       0.20000000000000001       0.24313469243088262     
  0.26666666666666666       0.23333333333333334       0.19158832226808234     
  0.26666666666666666       0.26666666666666666       0.14845458894877867     
  0.26666666666666666       0.29999999999999999       0.11304973973994531     
  0.26666666666666666       0.33333333333333331        8.4560826543328235E-002
  0.26666666666666666       0.36666666666666664        6.2099194779333351E-002
  0.26666666666666666       0.40000000000000002        4.4753996895019750E-002
  0.26666666666666666       0.43333333333333335        3.1639906393012396E-002
  0.26666666666666666       0.46666666666666667        2.1935056915678798E-002
  0.26666666666666666       0.50000000000000000        1.4907255514213768E-002
  0.26666666666666666       0.53333333333333333        9.9283677732580778E-003
  0.26666666666666666       0.56666666666666665        6.4781998487945499E-003
  0.26666666666666666       0.59999999999999998        4.1400930955218683E-003
  0.26666666666666666       0.63333333333333330        2.5908051702108314E-003
  0.26666666666666666       0.66666666666666663        1.5871698928873839E-003
  0.26666666666666666       0.69999999999999996        9.5164631520760362E-004
  0.26666666666666666       0.73333333333333328        5.5833286053195801E-004
  0.26666666666666666       0.76666666666666661        3.2046132862742569E-004
  0.26666666666666666       0.80000000000000004        1.7988718358854708E-004
  0.26666666666666666       0.83333333333333337        9.8705488844845867E-005
  0.26666666666666666       0.86666666666666670        5.2859691113394124E-005
  0.26666666666666666       0.90000000000000002        2.7461927314470247E-005
  0.26666666666666666       0.93333333333333335        1.3483637653981328E-005
  0.26666666666666666       0.96666666666666667        5.4746320803821554E-006
  0.26666666666666666        1.0000000000000000        0.0000000000000000     

  0.29999999999999999        0.0000000000000000       0.80901699437494745     
  0.29999999999999999        3.3333333333333333E-002  0.69405113030999721     
  0.29999999999999999        6.6666666666666666E-002  0.58836707266932997     
  0.29999999999999999       0.10000000000000001       0.49237416057219757     
  0.29999999999999999       0.13333333333333333       0.40637909890466539     
  0.29999999999999999       0.16666666666666666       0.33051308211288372     
  0.29999999999999999       0.20000000000000001       0.26468608991840897     
  0.29999999999999999       0.23333333333333334       0.20857066257454240     
  0.29999999999999999       0.26666666666666666       0.16161356607086089     
  0.29999999999999999       0.29999999999999999       0.12307044000545585     
  0.29999999999999999       0.33333333333333331        9.2056276766776329E-002
  0.29999999999999999       0.36666666666666664        6.7603651658621311E-002
  0.29999999999999999       0.40000000000000002        4.8720979831912974E-002
  0.29999999999999999       0.43333333333333335        3.4444459673033431E-002
  0.29999999999999999       0.46666666666666667        2.3879374798803168E-002
  0.29999999999999999       0.50000000000000000        1.6228630863090690E-002
  0.29999999999999999       0.53333333333333333        1.0808415775229901E-002
  0.29999999999999999       0.56666666666666665        7.0524258407709669E-003
  0.29999999999999999       0.59999999999999998        4.5070698977415667E-003
  0.29999999999999999       0.63333333333333330        2.8204534835704100E-003
  0.29999999999999999       0.66666666666666663        1.7278562297480711E-003
  0.29999999999999999       0.69999999999999996        1.0360000032869352E-003
  0.29999999999999999       0.73333333333333328        6.0782334371790858E-004
  0.29999999999999999       0.76666666666666661        3.4886693954037175E-004
  0.29999999999999999       0.80000000000000004        1.9583233792940899E-004
  0.29999999999999999       0.83333333333333337        1.0745471834816160E-004
  0.29999999999999999       0.86666666666666670        5.7545160730513729E-005
  0.29999999999999999       0.90000000000000002        2.9896145588343088E-005
  0.29999999999999999       0.93333333333333335        1.4678823876701630E-005
  0.29999999999999999       0.96666666666666667        5.9599020798324402E-006
  0.29999999999999999        1.0000000000000000        0.0000000000000000     

  0.33333333333333331        0.0000000000000000       0.86602540378443860     
  0.33333333333333331        3.3333333333333333E-002  0.74295832417976504     
  0.33333333333333331        6.6666666666666666E-002  0.62982710527063723     
  0.33333333333333331       0.10000000000000001       0.52706993077692743     
  0.33333333333333331       0.13333333333333333       0.43501511793380371     
  0.33333333333333331       0.16666666666666666       0.35380310597059217     
  0.33333333333333331       0.20000000000000001       0.28333753121566407     
  0.33333333333333331       0.23333333333333334       0.22326785905561863     
  0.33333333333333331       0.26666666666666666       0.17300187114325774     
  0.33333333333333331       0.29999999999999999       0.13174275477612132     
  0.33333333333333331       0.33333333333333331        9.8543139157953222E-002
  0.33333333333333331       0.36666666666666664        7.2367428783363830E-002
  0.33333333333333331       0.40000000000000002        5.2154165518247267E-002
  0.33333333333333331       0.43333333333333335        3.6871632244910135E-002
  0.33333333333333331       0.46666666666666667        2.5562065254551417E-002
  0.33333333333333331       0.50000000000000000        1.7372201936172251E-002
  0.33333333333333331       0.53333333333333333        1.1570044512161896E-002
  0.33333333333333331       0.56666666666666665        7.5493839794209113E-003
  0.33333333333333331       0.59999999999999998        4.8246662989965983E-003
  0.33333333333333331       0.63333333333333330        3.0192003183461555E-003
  0.33333333333333331       0.66666666666666663        1.8496118121784767E-003
  0.33333333333333331       0.69999999999999996        1.1090030585333170E-003
  0.33333333333333331       0.73333333333333328        6.5065438715487388E-004
  0.33333333333333331       0.76666666666666661        3.7345029125861304E-004
  0.33333333333333331       0.80000000000000004        2.0963191219536498E-004
  0.33333333333333331       0.83333333333333337        1.1502665147090942E-004
  0.33333333333333331       0.86666666666666670        6.1600153524570789E-005
  0.33333333333333331       0.90000000000000002        3.2002815434979369E-005
  0.33333333333333331       0.93333333333333335        1.5713185833287418E-005
  0.33333333333333331       0.96666666666666667        6.3798741449063887E-006
  0.33333333333333331        1.0000000000000000        0.0000000000000000     

  0.36666666666666664        0.0000000000000000       0.91354545764260087     
  0.36666666666666664        3.3333333333333333E-002  0.78372551117579470     
  0.36666666666666664        6.6666666666666666E-002  0.66438662030680440     
  0.36666666666666664       0.10000000000000001       0.55599101252359140     
  0.36666666666666664       0.13333333333333333       0.45888502029809342     
  0.36666666666666664       0.16666666666666666       0.37321678896122701     
  0.36666666666666664       0.20000000000000001       0.29888466722873008     
  0.36666666666666664       0.23333333333333334       0.23551888615107835     
  0.36666666666666664       0.26666666666666666       0.18249473151244011     
  0.36666666666666664       0.29999999999999999       0.13897166835651581     
  0.36666666666666664       0.33333333333333331       0.10395034229503797     
  0.36666666666666664       0.36666666666666664        7.6338333214497747E-002
  0.36666666666666664       0.40000000000000002        5.5015939253202861E-002
  0.36666666666666664       0.43333333333333335        3.8894831498026507E-002
  0.36666666666666664       0.46666666666666667        2.6964692374164750E-002
  0.36666666666666664       0.50000000000000000        1.8325439529474144E-002
  0.36666666666666664       0.53333333333333333        1.2204909420231174E-002
  0.36666666666666664       0.56666666666666665        7.9636294873821588E-003
  0.36666666666666664       0.59999999999999998        5.0894026466534919E-003
  0.36666666666666664       0.63333333333333330        3.1848681626258151E-003
  0.36666666666666664       0.66666666666666663        1.9511026605385001E-003
  0.36666666666666664       0.69999999999999996        1.1698556441965976E-003
  0.36666666666666664       0.73333333333333328        6.8635672496798641E-004
  0.36666666666666664       0.76666666666666661        3.9394204343632728E-004
  0.36666666666666664       0.80000000000000004        2.2113471536301069E-004
  0.36666666666666664       0.83333333333333337        1.2133832852926768E-004
  0.36666666666666664       0.86666666666666670        6.4980242145951786E-005
  0.36666666666666664       0.90000000000000002        3.3758855738690342E-005
  0.36666666666666664       0.93333333333333335        1.6575390837688175E-005
  0.36666666666666664       0.96666666666666667        6.7299469737742480E-006
  0.36666666666666664        1.0000000000000000        0.0000000000000000     

  0.40000000000000002        0.0000000000000000       0.95105651629515353     
  0.40000000000000002        3.3333333333333333E-002  0.81590603746627566     
  0.40000000000000002        6.6666666666666666E-002  0.69166697649905196     
  0.40000000000000002       0.10000000000000001       0.57882054038844766     
  0.40000000000000002       0.13333333333333333       0.47772728235213330     
  0.40000000000000002       0.16666666666666666       0.38854143071136854     
  0.40000000000000002       0.20000000000000001       0.31115716028200058     
  0.40000000000000002       0.23333333333333334       0.24518951904437136     
  0.40000000000000002       0.26666666666666666       0.18998814141369447     
  0.40000000000000002       0.29999999999999999       0.14467797925670506     
  0.40000000000000002       0.33333333333333331       0.10821864372893070     
  0.40000000000000002       0.36666666666666664        7.9472858892110393E-002
  0.40000000000000002       0.40000000000000002        5.7274946844874920E-002
  0.40000000000000002       0.43333333333333335        4.0491890837983741E-002
  0.40000000000000002       0.46666666666666667        2.8071888681402091E-002
  0.40000000000000002       0.50000000000000000        1.9077899772446352E-002
  0.40000000000000002       0.53333333333333333        1.2706054786650909E-002
  0.40000000000000002       0.56666666666666665        8.2906238041830400E-003
  0.40000000000000002       0.59999999999999998        5.2983784338876761E-003
  0.40000000000000002       0.63333333333333330        3.3156419248392367E-003
  0.40000000000000002       0.66666666666666663        2.0312168198551826E-003
  0.40000000000000002       0.69999999999999996        1.2178910466140286E-003
  0.40000000000000002       0.73333333333333328        7.1453919487297120E-004
  0.40000000000000002       0.76666666666666661        4.1011768414848080E-004
  0.40000000000000002       0.80000000000000004        2.3021472031372508E-004
  0.40000000000000002       0.83333333333333337        1.2632059746858160E-004
  0.40000000000000002       0.86666666666666670        6.7648393636391874E-005
  0.40000000000000002       0.90000000000000002        3.5145026954433500E-005
  0.40000000000000002       0.93333333333333335        1.7255992391447695E-005
  0.40000000000000002       0.96666666666666667        7.0062850952654914E-006
  0.40000000000000002        1.0000000000000000        0.0000000000000000     

  0.43333333333333335        0.0000000000000000       0.97814760073380569     
  0.43333333333333335        3.3333333333333333E-002  0.83914732647096102     
  0.43333333333333335        6.6666666666666666E-002  0.71136928455615567     
  0.43333333333333335       0.10000000000000001       0.59530838928682295     
  0.43333333333333335       0.13333333333333333       0.49133546432986230     
  0.43333333333333335       0.16666666666666666       0.39960913123911473     
  0.43333333333333335       0.20000000000000001       0.32002055037339949     
  0.43333333333333335       0.23333333333333334       0.25217380425780878     
  0.43333333333333335       0.26666666666666666       0.19540000148004577     
  0.43333333333333335       0.29999999999999999       0.14879916794034431     
  0.43333333333333335       0.33333333333333331       0.11130127905592214     
  0.43333333333333335       0.36666666666666664        8.1736663296936185E-002
  0.43333333333333335       0.40000000000000002        5.8906438133361369E-002
  0.43333333333333335       0.43333333333333335        4.1645312548447125E-002
  0.43333333333333335       0.46666666666666667        2.8871523501825619E-002
  0.43333333333333335       0.50000000000000000        1.9621338553204453E-002
  0.43333333333333335       0.53333333333333333        1.3067989957915194E-002
  0.43333333333333335       0.56666666666666665        8.5267843116607241E-003
  0.43333333333333335       0.59999999999999998        5.4493040782432195E-003
  0.43333333333333335       0.63333333333333330        3.4100888202814403E-003
  0.43333333333333335       0.66666666666666663        2.0890765426340861E-003
  0.43333333333333335       0.69999999999999996        1.2525829798646700E-003
  0.43333333333333335       0.73333333333333328        7.3489302383198817E-004
  0.43333333333333335       0.76666666666666661        4.2179998969046065E-004
  0.43333333333333335       0.80000000000000004        2.3677244461315489E-004
  0.43333333333333335       0.83333333333333337        1.2991887150774534E-004
  0.43333333333333335       0.86666666666666670        6.9575375169815174E-005
  0.43333333333333335       0.90000000000000002        3.6146141900294164E-005
  0.43333333333333335       0.93333333333333335        1.7747533681517952E-005
  0.43333333333333335       0.96666666666666667        7.2058608910935925E-006
  0.43333333333333335        1.0000000000000000        0.0000000000000000     

  0.46666666666666667        0.0000000000000000       0.99452189536827329     
  0.46666666666666667        3.3333333333333333E-002  0.85319474176396304     
  0.46666666666666667        6.6666666666666666E-002  0.72327768186806896     
  0.46666666666666667       0.10000000000000001       0.60527391489588245     
  0.46666666666666667       0.13333333333333333       0.49956047214183730     
  0.46666666666666667       0.16666666666666666       0.40629863050141846     
  0.46666666666666667       0.20000000000000001       0.32537772834630196     
  0.46666666666666667       0.23333333333333334       0.25639522050103652     
  0.46666666666666667       0.26666666666666666       0.19867101824010264     
  0.46666666666666667       0.29999999999999999       0.15129008180180142     
  0.46666666666666667       0.33333333333333331       0.11316447427828691     
  0.46666666666666667       0.36666666666666664        8.3104943714184323E-002
  0.46666666666666667       0.40000000000000002        5.9892538158694046E-002
  0.46666666666666667       0.43333333333333335        4.2342459499787793E-002
  0.46666666666666667       0.46666666666666667        2.9354835869008441E-002
  0.46666666666666667       0.50000000000000000        1.9949801842744586E-002
  0.46666666666666667       0.53333333333333333        1.3286749496547850E-002
  0.46666666666666667       0.56666666666666665        8.6695235858755219E-003
  0.46666666666666667       0.59999999999999998        5.5405260067773405E-003
  0.46666666666666667       0.63333333333333330        3.4671740690016772E-003
  0.46666666666666667       0.66666666666666663        2.1240479056445190E-003
  0.46666666666666667       0.69999999999999996        1.2735513518680739E-003
  0.46666666666666667       0.73333333333333328        7.4719521103564987E-004
  0.46666666666666667       0.76666666666666661        4.2886096627806942E-004
  0.46666666666666667       0.80000000000000004        2.4073604046158357E-004
  0.46666666666666667       0.83333333333333337        1.3209372720339847E-004
  0.46666666666666667       0.86666666666666670        7.0740074333294718E-005
  0.46666666666666667       0.90000000000000002        3.6751232151428731E-005
  0.46666666666666667       0.93333333333333335        1.8044629278663315E-005
  0.46666666666666667       0.96666666666666667        7.3264877670755387E-006
  0.46666666666666667        1.0000000000000000        0.0000000000000000     

  0.50000000000000000        0.0000000000000000        1.0000000000000000     
  0.50000000000000000        3.3333333333333333E-002  0.85789437692372106     
  0.50000000000000000        6.6666666666666666E-002  0.72726169754185033     
  0.50000000000000000       0.10000000000000001       0.60860793283163306     
  0.50000000000000000       0.13333333333333333       0.50231219088127677     
  0.50000000000000000       0.16666666666666666       0.40853663694449410     
  0.50000000000000000       0.20000000000000001       0.32716999983777528     
  0.50000000000000000       0.23333333333333334       0.25780751705430571     
  0.50000000000000000       0.26666666666666666       0.19976535374973758     
  0.50000000000000000       0.29999999999999999       0.15212342986755298     
  0.50000000000000000       0.33333333333333331       0.11378781583927007     
  0.50000000000000000       0.36666666666666664        8.3562708977272346E-002
  0.50000000000000000       0.40000000000000002        6.0222443002640701E-002
  0.50000000000000000       0.43333333333333335        4.2575693604119495E-002
  0.50000000000000000       0.46666666666666667        2.9516530511516075E-002
  0.50000000000000000       0.50000000000000000        2.0059690928531174E-002
  0.50000000000000000       0.53333333333333333        1.3359936627265249E-002
  0.50000000000000000       0.56666666666666665        8.7172777454690240E-003
  0.50000000000000000       0.59999999999999998        5.5710447729516027E-003
  0.50000000000000000       0.63333333333333330        3.4862722330691134E-003
  0.50000000000000000       0.66666666666666663        2.1357477553151103E-003
  0.50000000000000000       0.69999999999999996        1.2805664287526579E-003
  0.50000000000000000       0.73333333333333328        7.5131097114655482E-004
  0.50000000000000000       0.76666666666666661        4.3122325237420877E-004
  0.50000000000000000       0.80000000000000004        2.4206208187345997E-004
  0.50000000000000000       0.83333333333333337        1.3282133638142167E-004
  0.50000000000000000       0.86666666666666670        7.1129730439066426E-005
  0.50000000000000000       0.90000000000000002        3.6953668212422498E-005
  0.50000000000000000       0.93333333333333335        1.8144024141350205E-005
  0.50000000000000000       0.96666666666666667        7.3668441099152743E-006
  0.50000000000000000        1.0000000000000000        0.0000000000000000     

  0.53333333333333333        0.0000000000000000       0.99452189536827340     
  0.53333333333333333        3.3333333333333333E-002  0.85319474176396304     
  0.53333333333333333        6.6666666666666666E-002  0.72327768186806896     
  0.53333333333333333       0.10000000000000001       0.60527391489588234     
  0.53333333333333333       0.13333333333333333       0.49956047214183730     
  0.53333333333333333       0.16666666666666666       0.40629863050141846     
  0.53333333333333333       0.20000000000000001       0.32537772834630196     
  0.53333333333333333       0.23333333333333334       0.25639522050103658     
  0.53333333333333333       0.26666666666666666       0.19867101824010266     
  0.53333333333333333       0.29999999999999999       0.15129008180180142     
  0.53333333333333333       0.33333333333333331       0.11316447427828691     
  0.53333333333333333       0.36666666666666664        8.3104943714184323E-002
  0.53333333333333333       0.40000000000000002        5.9892538158694053E-002
  0.53333333333333333       0.43333333333333335        4.2342459499787793E-002
  0.53333333333333333       0.46666666666666667        2.9354835869008441E-002
  0.53333333333333333       0.50000000000000000        1.9949801842744586E-002
  0.53333333333333333       0.53333333333333333        1.3286749496547850E-002
  0.53333333333333333       0.56666666666666665        8.6695235858755219E-003
  0.53333333333333333       0.59999999999999998        5.5405260067773405E-003
  0.53333333333333333       0.63333333333333330        3.4671740690016772E-003
  0.53333333333333333       0.66666666666666663        2.1240479056445190E-003
  0.53333333333333333       0.69999999999999996        1.2735513518680739E-003
  0.53333333333333333       0.73333333333333328        7.4719521103564987E-004
  0.53333333333333333       0.76666666666666661        4.2886096627806942E-004
  0.53333333333333333       0.80000000000000004        2.4073604046158357E-004
  0.53333333333333333       0.83333333333333337        1.3209372720339845E-004
  0.53333333333333333       0.86666666666666670        7.0740074333294718E-005
  0.53333333333333333       0.90000000000000002        3.6751232151428738E-005
  0.53333333333333333       0.93333333333333335        1.8044629278663315E-005
  0.53333333333333333       0.96666666666666667        7.3264877670755395E-006
  0.53333333333333333        1.0000000000000000        0.0000000000000000     

  0.56666666666666665        0.0000000000000000       0.97814760073380569     
  0.56666666666666665        3.3333333333333333E-002  0.83914732647096102     
  0.56666666666666665        6.6666666666666666E-002  0.71136928455615567     
  0.56666666666666665       0.10000000000000001       0.59530838928682295     
  0.56666666666666665       0.13333333333333333       0.49133546432986236     
  0.56666666666666665       0.16666666666666666       0.39960913123911479     
  0.56666666666666665       0.20000000000000001       0.32002055037339949     
  0.56666666666666665       0.23333333333333334       0.25217380425780878     
  0.56666666666666665       0.26666666666666666       0.19540000148004580     
  0.56666666666666665       0.29999999999999999       0.14879916794034431     
  0.56666666666666665       0.33333333333333331       0.11130127905592214     
  0.56666666666666665       0.36666666666666664        8.1736663296936185E-002
  0.56666666666666665       0.40000000000000002        5.8906438133361376E-002
  0.56666666666666665       0.43333333333333335        4.1645312548447125E-002
  0.56666666666666665       0.46666666666666667        2.8871523501825622E-002
  0.56666666666666665       0.50000000000000000        1.9621338553204457E-002
  0.56666666666666665       0.53333333333333333        1.3067989957915194E-002
  0.56666666666666665       0.56666666666666665        8.5267843116607241E-003
  0.56666666666666665       0.59999999999999998        5.4493040782432195E-003
  0.56666666666666665       0.63333333333333330        3.4100888202814399E-003
  0.56666666666666665       0.66666666666666663        2.0890765426340861E-003
  0.56666666666666665       0.69999999999999996        1.2525829798646700E-003
  0.56666666666666665       0.73333333333333328        7.3489302383198817E-004
  0.56666666666666665       0.76666666666666661        4.2179998969046065E-004
  0.56666666666666665       0.80000000000000004        2.3677244461315489E-004
  0.56666666666666665       0.83333333333333337        1.2991887150774531E-004
  0.56666666666666665       0.86666666666666670        6.9575375169815174E-005
  0.56666666666666665       0.90000000000000002        3.6146141900294164E-005
  0.56666666666666665       0.93333333333333335        1.7747533681517952E-005
  0.56666666666666665       0.96666666666666667        7.2058608910935942E-006
  0.56666666666666665        1.0000000000000000        0.0000000000000000     

  0.59999999999999998        0.0000000000000000       0.95105651629515364     
  0.59999999999999998        3.3333333333333333E-002  0.81590603746627566     
  0.59999999999999998        6.6666666666666666E-002  0.69166697649905196     
  0.59999999999999998       0.10000000000000001       0.57882054038844766     
  0.59999999999999998       0.13333333333333333       0.47772728235213335     
  0.59999999999999998       0.16666666666666666       0.38854143071136860     
  0.59999999999999998       0.20000000000000001       0.31115716028200052     
  0.59999999999999998       0.23333333333333334       0.24518951904437139     
  0.59999999999999998       0.26666666666666666       0.18998814141369444     
  0.59999999999999998       0.29999999999999999       0.14467797925670509     
  0.59999999999999998       0.33333333333333331       0.10821864372893070     
  0.59999999999999998       0.36666666666666664        7.9472858892110407E-002
  0.59999999999999998       0.40000000000000002        5.7274946844874920E-002
  0.59999999999999998       0.43333333333333335        4.0491890837983741E-002
  0.59999999999999998       0.46666666666666667        2.8071888681402091E-002
  0.59999999999999998       0.50000000000000000        1.9077899772446356E-002
  0.59999999999999998       0.53333333333333333        1.2706054786650909E-002
  0.59999999999999998       0.56666666666666665        8.2906238041830400E-003
  0.59999999999999998       0.59999999999999998        5.2983784338876761E-003
  0.59999999999999998       0.63333333333333330        3.3156419248392371E-003
  0.59999999999999998       0.66666666666666663        2.0312168198551831E-003
  0.59999999999999998       0.69999999999999996        1.2178910466140286E-003
  0.59999999999999998       0.73333333333333328        7.1453919487297120E-004
  0.59999999999999998       0.76666666666666661        4.1011768414848080E-004
  0.59999999999999998       0.80000000000000004        2.3021472031372508E-004
  0.59999999999999998       0.83333333333333337        1.2632059746858160E-004
  0.59999999999999998       0.86666666666666670        6.7648393636391874E-005
  0.59999999999999998       0.90000000000000002        3.5145026954433500E-005
  0.59999999999999998       0.93333333333333335        1.7255992391447695E-005
  0.59999999999999998       0.96666666666666667        7.0062850952654914E-006
  0.59999999999999998        1.0000000000000000        0.0000000000000000     

  0.63333333333333330        0.0000000000000000       0.91354545764260098     
  0.63333333333333330        3.3333333333333333E-002  0.78372551117579481     
  0.63333333333333330        6.6666666666666666E-002  0.66438662030680451     
  0.63333333333333330       0.10000000000000001       0.55599101252359140     
  0.63333333333333330       0.13333333333333333       0.45888502029809353     
  0.63333333333333330       0.16666666666666666       0.37321678896122701     
  0.63333333333333330       0.20000000000000001       0.29888466722873014     
  0.63333333333333330       0.23333333333333334       0.23551888615107835     
  0.63333333333333330       0.26666666666666666       0.18249473151244011     
  0.63333333333333330       0.29999999999999999       0.13897166835651581     
  0.63333333333333330       0.33333333333333331       0.10395034229503798     
  0.63333333333333330       0.36666666666666664        7.6338333214497747E-002
  0.63333333333333330       0.40000000000000002        5.5015939253202861E-002
  0.63333333333333330       0.43333333333333335        3.8894831498026507E-002
  0.63333333333333330       0.46666666666666667        2.6964692374164753E-002
  0.63333333333333330       0.50000000000000000        1.8325439529474144E-002
  0.63333333333333330       0.53333333333333333        1.2204909420231178E-002
  0.63333333333333330       0.56666666666666665        7.9636294873821605E-003
  0.63333333333333330       0.59999999999999998        5.0894026466534927E-003
  0.63333333333333330       0.63333333333333330        3.1848681626258151E-003
  0.63333333333333330       0.66666666666666663        1.9511026605385003E-003
  0.63333333333333330       0.69999999999999996        1.1698556441965976E-003
  0.63333333333333330       0.73333333333333328        6.8635672496798641E-004
  0.63333333333333330       0.76666666666666661        3.9394204343632739E-004
  0.63333333333333330       0.80000000000000004        2.2113471536301072E-004
  0.63333333333333330       0.83333333333333337        1.2133832852926768E-004
  0.63333333333333330       0.86666666666666670        6.4980242145951786E-005
  0.63333333333333330       0.90000000000000002        3.3758855738690342E-005
  0.63333333333333330       0.93333333333333335        1.6575390837688175E-005
  0.63333333333333330       0.96666666666666667        6.7299469737742480E-006
  0.63333333333333330        1.0000000000000000        0.0000000000000000     

  0.66666666666666663        0.0000000000000000       0.86602540378443871     
  0.66666666666666663        3.3333333333333333E-002  0.74295832417976504     
  0.66666666666666663        6.6666666666666666E-002  0.62982710527063734     
  0.66666666666666663       0.10000000000000001       0.52706993077692743     
  0.66666666666666663       0.13333333333333333       0.43501511793380376     
  0.66666666666666663       0.16666666666666666       0.35380310597059217     
  0.66666666666666663       0.20000000000000001       0.28333753121566413     
  0.66666666666666663       0.23333333333333334       0.22326785905561869     
  0.66666666666666663       0.26666666666666666       0.17300187114325777     
  0.66666666666666663       0.29999999999999999       0.13174275477612132     
  0.66666666666666663       0.33333333333333331        9.8543139157953222E-002
  0.66666666666666663       0.36666666666666664        7.2367428783363844E-002
  0.66666666666666663       0.40000000000000002        5.2154165518247267E-002
  0.66666666666666663       0.43333333333333335        3.6871632244910142E-002
  0.66666666666666663       0.46666666666666667        2.5562065254551420E-002
  0.66666666666666663       0.50000000000000000        1.7372201936172255E-002
  0.66666666666666663       0.53333333333333333        1.1570044512161898E-002
  0.66666666666666663       0.56666666666666665        7.5493839794209131E-003
  0.66666666666666663       0.59999999999999998        4.8246662989965992E-003
  0.66666666666666663       0.63333333333333330        3.0192003183461560E-003
  0.66666666666666663       0.66666666666666663        1.8496118121784770E-003
  0.66666666666666663       0.69999999999999996        1.1090030585333170E-003
  0.66666666666666663       0.73333333333333328        6.5065438715487388E-004
  0.66666666666666663       0.76666666666666661        3.7345029125861304E-004
  0.66666666666666663       0.80000000000000004        2.0963191219536501E-004
  0.66666666666666663       0.83333333333333337        1.1502665147090944E-004
  0.66666666666666663       0.86666666666666670        6.1600153524570789E-005
  0.66666666666666663       0.90000000000000002        3.2002815434979369E-005
  0.66666666666666663       0.93333333333333335        1.5713185833287415E-005
  0.66666666666666663       0.96666666666666667        6.3798741449063887E-006
  0.66666666666666663        1.0000000000000000        0.0000000000000000     

  0.69999999999999996        0.0000000000000000       0.80901699437494745     
  0.69999999999999996        3.3333333333333333E-002  0.69405113030999721     
  0.69999999999999996        6.6666666666666666E-002  0.58836707266932997     
  0.69999999999999996       0.10000000000000001       0.49237416057219763     
  0.69999999999999996       0.13333333333333333       0.40637909890466545     
  0.69999999999999996       0.16666666666666666       0.33051308211288377     
  0.69999999999999996       0.20000000000000001       0.26468608991840903     
  0.69999999999999996       0.23333333333333334       0.20857066257454246     
  0.69999999999999996       0.26666666666666666       0.16161356607086089     
  0.69999999999999996       0.29999999999999999       0.12307044000545585     
  0.69999999999999996       0.33333333333333331        9.2056276766776329E-002
  0.69999999999999996       0.36666666666666664        6.7603651658621325E-002
  0.69999999999999996       0.40000000000000002        4.8720979831912981E-002
  0.69999999999999996       0.43333333333333335        3.4444459673033438E-002
  0.69999999999999996       0.46666666666666667        2.3879374798803171E-002
  0.69999999999999996       0.50000000000000000        1.6228630863090693E-002
  0.69999999999999996       0.53333333333333333        1.0808415775229905E-002
  0.69999999999999996       0.56666666666666665        7.0524258407709687E-003
  0.69999999999999996       0.59999999999999998        4.5070698977415684E-003
  0.69999999999999996       0.63333333333333330        2.8204534835704104E-003
  0.69999999999999996       0.66666666666666663        1.7278562297480713E-003
  0.69999999999999996       0.69999999999999996        1.0360000032869354E-003
  0.69999999999999996       0.73333333333333328        6.0782334371790869E-004
  0.69999999999999996       0.76666666666666661        3.4886693954037180E-004
  0.69999999999999996       0.80000000000000004        1.9583233792940902E-004
  0.69999999999999996       0.83333333333333337        1.0745471834816160E-004
  0.69999999999999996       0.86666666666666670        5.7545160730513736E-005
  0.69999999999999996       0.90000000000000002        2.9896145588343088E-005
  0.69999999999999996       0.93333333333333335        1.4678823876701632E-005
  0.69999999999999996       0.96666666666666667        5.9599020798324402E-006
  0.69999999999999996        1.0000000000000000        0.0000000000000000     

  0.73333333333333328        0.0000000000000000       0.74314482547739447     
  0.73333333333333328        3.3333333333333333E-002  0.63753976701701676     
  0.73333333333333328        6.6666666666666666E-002  0.54046076729613191     
  0.73333333333333328       0.10000000000000001       0.45228383602832156     
  0.73333333333333328       0.13333333333333333       0.37329070542763404     
  0.73333333333333328       0.16666666666666666       0.30360188776323771     
  0.73333333333333328       0.20000000000000001       0.24313469243088268     
  0.73333333333333328       0.23333333333333334       0.19158832226808237     
  0.73333333333333328       0.26666666666666666       0.14845458894877869     
  0.73333333333333328       0.29999999999999999       0.11304973973994531     
  0.73333333333333328       0.33333333333333331        8.4560826543328249E-002
  0.73333333333333328       0.36666666666666664        6.2099194779333351E-002
  0.73333333333333328       0.40000000000000002        4.4753996895019757E-002
  0.73333333333333328       0.43333333333333335        3.1639906393012403E-002
  0.73333333333333328       0.46666666666666667        2.1935056915678802E-002
  0.73333333333333328       0.50000000000000000        1.4907255514213772E-002
  0.73333333333333328       0.53333333333333333        9.9283677732580813E-003
  0.73333333333333328       0.56666666666666665        6.4781998487945516E-003
  0.73333333333333328       0.59999999999999998        4.1400930955218691E-003
  0.73333333333333328       0.63333333333333330        2.5908051702108323E-003
  0.73333333333333328       0.66666666666666663        1.5871698928873843E-003
  0.73333333333333328       0.69999999999999996        9.5164631520760384E-004
  0.73333333333333328       0.73333333333333328        5.5833286053195812E-004
  0.73333333333333328       0.76666666666666661        3.2046132862742575E-004
  0.73333333333333328       0.80000000000000004        1.7988718358854714E-004
  0.73333333333333328       0.83333333333333337        9.8705488844845880E-005
  0.73333333333333328       0.86666666666666670        5.2859691113394130E-005
  0.73333333333333328       0.90000000000000002        2.7461927314470251E-005
  0.73333333333333328       0.93333333333333335        1.3483637653981328E-005
  0.73333333333333328       0.96666666666666667        5.4746320803821554E-006
  0.73333333333333328        1.0000000000000000        0.0000000000000000     

  0.76666666666666661        0.0000000000000000       0.66913060635885835     
  0.76666666666666661        3.3333333333333333E-002  0.57404338462282456     
  0.76666666666666661        6.6666666666666666E-002  0.48663306065775097     
  0.76666666666666661       0.10000000000000001       0.40723819513044185     
  0.76666666666666661       0.13333333333333333       0.33611246086583529     
  0.76666666666666661       0.16666666666666666       0.27336436759847815     
  0.76666666666666661       0.20000000000000001       0.21891946037387816     
  0.76666666666666661       0.23333333333333334       0.17250690021041928     
  0.76666666666666661       0.26666666666666666       0.13366911228405376     
  0.76666666666666661       0.29999999999999999       0.10179044286866500     
  0.76666666666666661       0.33333333333333331        7.6138910208780899E-002
  0.76666666666666661       0.36666666666666664        5.5914366126951061E-002
  0.76666666666666661       0.40000000000000002        4.0296679802768763E-002
  0.76666666666666661       0.43333333333333335        2.8488699677473445E-002
  0.76666666666666661       0.46666666666666667        1.9750413958780501E-002
  0.76666666666666661       0.50000000000000000        1.3422553154379355E-002
  0.76666666666666661       0.53333333333333333        8.9395424963179173E-003
  0.76666666666666661       0.56666666666666665        5.8329973436242692E-003
  0.76666666666666661       0.59999999999999998        3.7277565669774546E-003
  0.76666666666666661       0.63333333333333330        2.3327714532455869E-003
  0.76666666666666661       0.66666666666666663        1.4290941905435702E-003
  0.76666666666666661       0.69999999999999996        8.5686619095406340E-004
  0.76666666666666661       0.73333333333333328        5.0272516568735694E-004
  0.76666666666666661       0.76666666666666661        2.8854467633719329E-004
  0.76666666666666661       0.80000000000000004        1.6197114762047589E-004
  0.76666666666666661       0.83333333333333337        8.8874821350294571E-005
  0.76666666666666661       0.86666666666666670        4.7595079658834658E-005
  0.76666666666666661       0.90000000000000002        2.4726830418162335E-005
  0.76666666666666661       0.93333333333333335        1.2140721875491426E-005
  0.76666666666666661       0.96666666666666667        4.9293808662187908E-006
  0.76666666666666661        1.0000000000000000        0.0000000000000000     

  0.80000000000000004        0.0000000000000000       0.58778525229247325     
  0.80000000000000004        3.3333333333333333E-002  0.50425766278040363     
  0.80000000000000004        6.6666666666666666E-002  0.42747370037228888     
  0.80000000000000004       0.10000000000000001       0.35773076734664200     
  0.80000000000000004       0.13333333333333333       0.29525169784673627     
  0.80000000000000004       0.16666666666666666       0.24013181021713803     
  0.80000000000000004       0.20000000000000001       0.19230570089717516     
  0.80000000000000004       0.23333333333333334       0.15153545645466118     
  0.80000000000000004       0.26666666666666666       0.11741912885308468     
  0.80000000000000004       0.29999999999999999        8.9415908604295991E-002
  0.80000000000000004       0.33333333333333331        6.6882800040894835E-002
  0.80000000000000004       0.36666666666666664        4.9116927978448542E-002
  0.80000000000000004       0.40000000000000002        3.5397863853976252E-002
  0.80000000000000004       0.43333333333333335        2.5025364806624418E-002
  0.80000000000000004       0.46666666666666667        1.7349381333509963E-002
  0.80000000000000004       0.50000000000000000        1.1790790493335734E-002
  0.80000000000000004       0.53333333333333333        7.8527737210685577E-003
  0.80000000000000004       0.56666666666666665        5.1238872989240727E-003
  0.80000000000000004       0.59999999999999998        3.2745779574020225E-003
  0.80000000000000004       0.63333333333333330        2.0491794040747727E-003
  0.80000000000000004       0.66666666666666663        1.2553610331909756E-003
  0.80000000000000004       0.69999999999999996        7.5269806140165220E-004
  0.80000000000000004       0.73333333333333328        4.4160950872548077E-004
  0.80000000000000004       0.76666666666666661        2.5346666819115517E-004
  0.80000000000000004       0.80000000000000004        1.4228052186443296E-004
  0.80000000000000004       0.83333333333333337        7.8070422714777369E-005
  0.80000000000000004       0.86666666666666670        4.1809006551622281E-005
  0.80000000000000004       0.90000000000000002        2.1720821193371104E-005
  0.80000000000000004       0.93333333333333335        1.0664789807524256E-005
  0.80000000000000004       0.96666666666666667        4.3301223237458693E-006
  0.80000000000000004        1.0000000000000000        0.0000000000000000     

  0.83333333333333337        0.0000000000000000       0.49999999999999994     
  0.83333333333333337        3.3333333333333333E-002  0.42894718846186058     
  0.83333333333333337        6.6666666666666666E-002  0.36363084877092527     
  0.83333333333333337       0.10000000000000001       0.30430396641581647     
  0.83333333333333337       0.13333333333333333       0.25115609544063844     
  0.83333333333333337       0.16666666666666666       0.20426831847224711     
  0.83333333333333337       0.20000000000000001       0.16358499991888770     
  0.83333333333333337       0.23333333333333334       0.12890375852715288     
  0.83333333333333337       0.26666666666666666        9.9882676874868834E-002
  0.83333333333333337       0.29999999999999999        7.6061714933776503E-002
  0.83333333333333337       0.33333333333333331        5.6893907919635042E-002
  0.83333333333333337       0.36666666666666664        4.1781354488636180E-002
  0.83333333333333337       0.40000000000000002        3.0111221501320357E-002
  0.83333333333333337       0.43333333333333335        2.1287846802059751E-002
  0.83333333333333337       0.46666666666666667        1.4758265255758043E-002
  0.83333333333333337       0.50000000000000000        1.0029845464265589E-002
  0.83333333333333337       0.53333333333333333        6.6799683136326256E-003
  0.83333333333333337       0.56666666666666665        4.3586388727345129E-003
  0.83333333333333337       0.59999999999999998        2.7855223864758018E-003
  0.83333333333333337       0.63333333333333330        1.7431361165345567E-003
  0.83333333333333337       0.66666666666666663        1.0678738776575551E-003
  0.83333333333333337       0.69999999999999996        6.4028321437632893E-004
  0.83333333333333337       0.73333333333333328        3.7565548557327746E-004
  0.83333333333333337       0.76666666666666661        2.1561162618710441E-004
  0.83333333333333337       0.80000000000000004        1.2103104093673000E-004
  0.83333333333333337       0.83333333333333337        6.6410668190710847E-005
  0.83333333333333337       0.86666666666666670        3.5564865219533220E-005
  0.83333333333333337       0.90000000000000002        1.8476834106211252E-005
  0.83333333333333337       0.93333333333333335        9.0720120706751044E-006
  0.83333333333333337       0.96666666666666667        3.6834220549576372E-006
  0.83333333333333337        1.0000000000000000        0.0000000000000000     

  0.86666666666666670        0.0000000000000000       0.40673664307580004     
  0.86666666666666670        3.3333333333333333E-002  0.34893707898355958     
  0.86666666666666670        6.6666666666666666E-002  0.29580398149578019     
  0.86666666666666670       0.10000000000000001       0.24754314754924053     
  0.86666666666666670       0.13333333333333333       0.20430877429510111     
  0.86666666666666670       0.16666666666666666       0.16616682028428054     
  0.86666666666666670       0.20000000000000001       0.13307202744912686     
  0.86666666666666670       0.23333333333333334       0.10485976404637544     
  0.86666666666666670       0.26666666666666666        8.1251889387017995E-002
  0.86666666666666670       0.29999999999999999        6.1874173197505433E-002
  0.86666666666666670       0.33333333333333331        4.6281674237392087E-002
  0.86666666666666670       0.36666666666666664        3.3988015735735788E-002
  0.86666666666666670       0.40000000000000002        2.4494674304717801E-002
  0.86666666666666670       0.43333333333333335        1.7317094693163382E-002
  0.86666666666666670       0.46666666666666667        1.2005454535498483E-002
  0.86666666666666670       0.50000000000000000        8.1590113494088533E-003
  0.86666666666666670       0.53333333333333333        5.4339757754792960E-003
  0.86666666666666670       0.56666666666666665        3.5456362869514509E-003
  0.86666666666666670       0.59999999999999998        2.2659480493753188E-003
  0.86666666666666670       0.63333333333333330        1.4179946649269051E-003
  0.86666666666666670       0.66666666666666663        8.6868687245354346E-004
  0.86666666666666670       0.69999999999999996        5.2085329046642180E-004
  0.86666666666666670       0.73333333333333328        3.0558570231016915E-004
  0.86666666666666670       0.76666666666666661        1.7539429808691428E-004
  0.86666666666666670       0.80000000000000004        9.8455518597150634E-005
  0.86666666666666670       0.83333333333333337        5.4023304488621099E-005
  0.86666666666666670       0.86666666666666670        2.8931067781672451E-005
  0.86666666666666670       0.90000000000000002        1.5030410958057637E-005
  0.86666666666666670       0.93333333333333335        7.3798394711390614E-006
  0.86666666666666670       0.96666666666666667        2.9963654433296702E-006
  0.86666666666666670        1.0000000000000000        0.0000000000000000     

  0.90000000000000002        0.0000000000000000       0.30901699437494751     
  0.90000000000000002        3.3333333333333333E-002  0.26510394184813663     
  0.90000000000000002        6.6666666666666666E-002  0.22473622389840472     
  0.90000000000000002       0.10000000000000001       0.18807019415638113     
  0.90000000000000002       0.13333333333333333       0.15522300346402707     
  0.90000000000000002       0.16666666666666666       0.12624476364063672     
  0.90000000000000002       0.20000000000000001       0.10110108999952137     
  0.90000000000000002       0.23333333333333334        7.9666904047389561E-002
  0.90000000000000002       0.26666666666666666        6.1730889195992060E-002
  0.90000000000000002       0.29999999999999999        4.7008725071679337E-002
  0.90000000000000002       0.33333333333333331        3.5162368847141273E-002
  0.90000000000000002       0.36666666666666664        2.5822297169985138E-002
  0.90000000000000002       0.40000000000000002        1.8609758330592620E-002
  0.90000000000000002       0.43333333333333335        1.3156612870973682E-002
  0.90000000000000002       0.46666666666666667        9.1211095430451285E-003
  0.90000000000000002       0.50000000000000000        6.1987853988251032E-003
  0.90000000000000002       0.53333333333333333        4.1284474615972790E-003
  0.90000000000000002       0.56666666666666665        2.6937869680364558E-003
  0.90000000000000002       0.59999999999999998        1.7215475112657660E-003
  0.90000000000000002       0.63333333333333330        1.0773173670358535E-003
  0.90000000000000002       0.66666666666666663        6.5998235209051607E-004
  0.90000000000000002       0.69999999999999996        3.9571678891060655E-004
  0.90000000000000002       0.73333333333333328        2.3216785814463123E-004
  0.90000000000000002       0.76666666666666661        1.3325531335326742E-004
  0.90000000000000002       0.80000000000000004        7.4801296992679043E-005
  0.90000000000000002       0.83333333333333337        4.1044050157450786E-005
  0.90000000000000002       0.86666666666666670        2.1980295510980523E-005
  0.90000000000000002       0.90000000000000002        1.1419311482131837E-005
  0.90000000000000002       0.93333333333333335        5.6068118060265283E-006
  0.90000000000000002       0.96666666666666667        2.2764800248748030E-006
  0.90000000000000002        1.0000000000000000        0.0000000000000000     

  0.93333333333333335        0.0000000000000000       0.20791169081775931     
  0.93333333333333335        3.3333333333333333E-002  0.17836627044925904     
  0.93333333333333335        6.6666666666666666E-002  0.15120620920292002     
  0.93333333333333335       0.10000000000000001       0.12653670436012612     
  0.93333333333333335       0.13333333333333333       0.10443657692449934     
  0.93333333333333335       0.16666666666666666        8.4939542948130886E-002
  0.93333333333333335       0.20000000000000001        6.8022467851117915E-002
  0.93333333333333335       0.23333333333333334        5.3601196776289044E-002
  0.93333333333333335       0.26666666666666666        4.1533552464915767E-002
  0.93333333333333335       0.29999999999999999        3.1628239516759776E-002
  0.93333333333333335       0.33333333333333331        2.3657817185602462E-002
  0.93333333333333335       0.36666666666666664        1.7373664112777052E-002
  0.93333333333333335       0.40000000000000002        1.2520949949855172E-002
  0.93333333333333335       0.43333333333333335        8.8519844449713465E-003
  0.93333333333333335       0.46666666666666667        6.1368317657232926E-003
  0.93333333333333335       0.50000000000000000        4.1706442582325866E-003
  0.93333333333333335       0.53333333333333333        2.7776870133928312E-003
  0.93333333333333335       0.56666666666666665        1.8124239553884900E-003
  0.93333333333333335       0.59999999999999998        1.1582853383658080E-003
  0.93333333333333335       0.63333333333333330        7.2483675462840498E-004
  0.93333333333333335       0.66666666666666663        4.4404692696779877E-004
  0.93333333333333335       0.69999999999999996        2.6624473140642480E-004
  0.93333333333333335       0.73333333333333328        1.5620633434101306E-004
  0.93333333333333335       0.76666666666666661        8.9656355521055111E-005
  0.93333333333333335       0.80000000000000004        5.0327536725177961E-005
  0.93333333333333335       0.83333333333333337        2.7615108623735751E-005
  0.93333333333333335       0.86666666666666670        1.4788702522997747E-005
  0.93333333333333335       0.90000000000000002        7.6830996399632495E-006
  0.93333333333333335       0.93333333333333335        3.7723547374663663E-006
  0.93333333333333335       0.96666666666666667        1.5316530148833360E-006
  0.93333333333333335        1.0000000000000000        0.0000000000000000     

  0.96666666666666667        0.0000000000000000       0.10452846326765373     
  0.96666666666666667        3.3333333333333333E-002   8.9674380865797737E-002
  0.96666666666666667        6.6666666666666666E-002   7.6019547637474649E-002
  0.96666666666666667       0.10000000000000001        6.3616851951393882E-002
  0.96666666666666667       0.13333333333333333        5.2505921393428086E-002
  0.96666666666666667       0.16666666666666666        4.2703706848343244E-002
  0.96666666666666667       0.20000000000000001        3.4198577310321089E-002
  0.96666666666666667       0.23333333333333334        2.6948223576535944E-002
  0.96666666666666667       0.26666666666666666        2.0881165441579252E-002
  0.96666666666666667       0.29999999999999999        1.5901228351059976E-002
  0.96666666666666667       0.33333333333333331        1.1894065528261661E-002
  0.96666666666666667       0.36666666666666664        8.7346815558764310E-003
  0.96666666666666667       0.40000000000000002        6.2949594212898851E-003
  0.96666666666666667       0.43333333333333335        4.4503718249930746E-003
  0.96666666666666667       0.46666666666666667        3.0853175753615819E-003
  0.96666666666666667       0.50000000000000000        2.0968086663834527E-003
  0.96666666666666667       0.53333333333333333        1.3964936450012739E-003
  0.96666666666666667       0.56666666666666665        9.1120364661119208E-004
  0.96666666666666667       0.59999999999999998        5.8233274891192463E-004
  0.96666666666666667       0.63333333333333330        3.6441467905540508E-004
  0.96666666666666667       0.66666666666666663        2.2324643079042888E-004
  0.96666666666666667       0.69999999999999996        1.3385564090966239E-004
  0.96666666666666667       0.73333333333333328        7.8533381250077720E-005
  0.96666666666666667       0.76666666666666661        4.5075103895955551E-005
  0.96666666666666667       0.80000000000000004        2.5302377433601692E-005
  0.96666666666666667       0.83333333333333337        1.3883610181106081E-005
  0.96666666666666667       0.86666666666666670        7.4350814154380492E-006
  0.96666666666666667       0.90000000000000002        3.8627101503472590E-006
  0.96666666666666667       0.93333333333333335        1.8965669609865433E-006
  0.96666666666666667       0.96666666666666667        7.7004489394180825E-007
  0.96666666666666667        1.0000000000000000        0.0000000000000000     

   1.0000000000000000        0.0000000000000000        1.2246467991473532E-016
   1.0000000000000000        3.3333333333333333E-002   0.0000000000000000     
   1.0000000000000000        6.6666666666666666E-002   0.0000000000000000     
   1.0000000000000000       0.10000000000000001        0.0000000000000000     
   1.0000000000000000       0.13333333333333333        0.0000000000000000     
   1.0000000000000000       0.16666666666666666        0.0000000000000000     
   1.0000000000000000       0.20000000000000001        0.0000000000000000     
   1.0000000000000000       0.23333333333333334        0.0000000000000000     
   1.0000000000000000       0.26666666666666666        0.0000000000000000     
   1.0000000000000000       0.29999999999999999        0.0000000000000000     
   1.0000000000000000       0.33333333333333331        0.0000000000000000     
   1.0000000000000000       0.36666666666666664        0.0000000000000000     
   1.0000000000000000       0.40000000000000002        0.0000000000000000     
   1.0000000000000000       0.43333333333333335        0.0000000000000000     
   1.0000000000000000       0.46666666666666667        0.0000000000000000     
   1.0000000000000000       0.50000000000000000        0.0000000000000000     
   1.0000000000000000       0.53333333333333333        0.0000000000000000     
   1.0000000000000000       0.56666666666666665        0.0000000000000000     
   1.0000000000000000       0.59999999999999998        0.0000000000000000     
   1.0000000000000000       0.63333333333333330        0.0000000000000000     
   1.0000000000000000       0.66666666666666663        0.0000000000000000     
   1.0000000000000000       0.69999999999999996        0.0000000000000000     
   1.0000000000000000       0.73333333333333328        0.0000000000000000     
   1.0000000000000000       0.76666666666666661        0.0000000000000000     
   1.0000000000000000       0.80000000000000004        0.0000000000000000     
   1.0000000000000000       0.83333333333333337        0.0000000000000000     
   1.0000000000000000       0.86666666666666670        0.0000000000000000     
   1.0000000000000000       0.90000000000000002        0.0000000000000000     
   1.0000000000000000       0.93333333333333335        0.0000000000000000     
   1.0000000000000000       0.96666666666666667        0.0000000000000000     
   1.0000000000000000        1.0000000000000000        0.0000000000000000     

