   0.0000000000000000        0.0000000000000000        0.0000000000000000     
   0.0000000000000000        3.3333333333333333E-002   0.0000000000000000     
   0.0000000000000000        6.6666666666666666E-002   0.0000000000000000     
   0.0000000000000000       0.10000000000000001        0.0000000000000000     
   0.0000000000000000       0.13333333333333333        0.0000000000000000     
   0.0000000000000000       0.16666666666666666        0.0000000000000000     
   0.0000000000000000       0.20000000000000001        0.0000000000000000     
   0.0000000000000000       0.23333333333333334        0.0000000000000000     
   0.0000000000000000       0.26666666666666666        0.0000000000000000     
   0.0000000000000000       0.29999999999999999        0.0000000000000000     
   0.0000000000000000       0.33333333333333331        0.0000000000000000     
   0.0000000000000000       0.36666666666666664        0.0000000000000000     
   0.0000000000000000       0.40000000000000002        0.0000000000000000     
   0.0000000000000000       0.43333333333333335        0.0000000000000000     
   0.0000000000000000       0.46666666666666667        0.0000000000000000     
   0.0000000000000000       0.50000000000000000        0.0000000000000000     
   0.0000000000000000       0.53333333333333333        0.0000000000000000     
   0.0000000000000000       0.56666666666666665        0.0000000000000000     
   0.0000000000000000       0.59999999999999998        0.0000000000000000     
   0.0000000000000000       0.63333333333333330        0.0000000000000000     
   0.0000000000000000       0.66666666666666663        0.0000000000000000     
   0.0000000000000000       0.69999999999999996        0.0000000000000000     
   0.0000000000000000       0.73333333333333328        0.0000000000000000     
   0.0000000000000000       0.76666666666666661        0.0000000000000000     
   0.0000000000000000       0.80000000000000004        0.0000000000000000     
   0.0000000000000000       0.83333333333333337        0.0000000000000000     
   0.0000000000000000       0.86666666666666670        0.0000000000000000     
   0.0000000000000000       0.90000000000000002        0.0000000000000000     
   0.0000000000000000       0.93333333333333335        0.0000000000000000     
   0.0000000000000000       0.96666666666666667        0.0000000000000000     
   0.0000000000000000        1.0000000000000000        0.0000000000000000     

   3.3333333333333333E-002   0.0000000000000000       0.10452846326765346     
   3.3333333333333333E-002   3.3333333333333333E-002   8.9723151393633335E-002
   3.3333333333333333E-002   6.6666666666666666E-002   7.6113879222753061E-002
   3.3333333333333333E-002  0.10000000000000001        6.3750674214477082E-002
   3.3333333333333333E-002  0.13333333333333333        5.2670947685134327E-002
   3.3333333333333333E-002  0.16666666666666666        4.2890280065369081E-002
   3.3333333333333333E-002  0.20000000000000001        3.4396597352536903E-002
   3.3333333333333333E-002  0.23333333333333334        2.7148033760986678E-002
   3.3333333333333333E-002  0.26666666666666666        2.1074292541646097E-002
   3.3333333333333333E-002  0.29999999999999999        1.6080903703125274E-002
   3.3333333333333333E-002  0.33333333333333331        1.2055495156314908E-002
   3.3333333333333333E-002  0.36666666666666664        8.8750732012798234E-003
   3.3333333333333333E-002  0.40000000000000002        6.4133466971651350E-003
   3.3333333333333333E-002  0.43333333333333335        4.5472960114680923E-003
   3.3333333333333333E-002  0.46666666666666667        3.1624345190464755E-003
   3.3333333333333333E-002  0.50000000000000000        2.1564833521567151E-003
   3.3333333333333333E-002  0.53333333333333333        1.4414317150717531E-003
   3.3333333333333333E-002  0.56666666666666665        9.4415169481894723E-004
   3.3333333333333333E-002  0.59999999999999998        6.0586160041604400E-004
   3.3333333333333333E-002  0.63333333333333330        3.8078505390751216E-004
   3.3333333333333333E-002  0.66666666666666663        2.3434602416614011E-004
   3.3333333333333333E-002  0.69999999999999996        1.4119108671494071E-004
   3.3333333333333333E-002  0.73333333333333328        8.3259181157463173E-005
   3.3333333333333333E-002  0.76666666666666661        4.8043236226639528E-005
   3.3333333333333333E-002  0.80000000000000004        2.7119644260179611E-005
   3.3333333333333333E-002  0.83333333333333337        1.4967688750976060E-005
   3.3333333333333333E-002  0.86666666666666670        8.0638883136620226E-006
   3.3333333333333333E-002  0.90000000000000002        4.2145893354353531E-006
   3.3333333333333333E-002  0.93333333333333335        2.0808064057445304E-006
   3.3333333333333333E-002  0.96666666666666667        8.4835398768438595E-007
   3.3333333333333333E-002   1.0000000000000000        0.0000000000000000     

   6.6666666666666666E-002   0.0000000000000000       0.20791169081775931     
   6.6666666666666666E-002   3.3333333333333333E-002  0.17846327716482152     
   6.6666666666666666E-002   6.6666666666666666E-002  0.15139383885688840     
   6.6666666666666666E-002  0.10000000000000001       0.12680288270157411     
   6.6666666666666666E-002  0.13333333333333333       0.10476482144532594     
   6.6666666666666666E-002  0.16666666666666666        8.5310645246973862E-002
   6.6666666666666666E-002  0.20000000000000001        6.8416338386528677E-002
   6.6666666666666666E-002  0.23333333333333334        5.3998627982996684E-002
   6.6666666666666666E-002  0.26666666666666666        4.1917690724126690E-002
   6.6666666666666666E-002  0.29999999999999999        3.1985621660133669E-002
   6.6666666666666666E-002  0.33333333333333331        2.3978907784922676E-002
   6.6666666666666666E-002  0.36666666666666664        1.7652909243337959E-002
   6.6666666666666666E-002  0.40000000000000002        1.2756427425837049E-002
   6.6666666666666666E-002  0.43333333333333335        9.0447708962516724E-003
   6.6666666666666666E-002  0.46666666666666667        6.2902207437203093E-003
   6.6666666666666666E-002  0.50000000000000000        4.2893398214340472E-003
   6.6666666666666666E-002  0.53333333333333333        2.8670708026342015E-003
   6.6666666666666666E-002  0.56666666666666665        1.8779590660930141E-003
   6.6666666666666666E-002  0.59999999999999998        1.2050852543532390E-003
   6.6666666666666666E-002  0.63333333333333330        7.5739814708001825E-004
   6.6666666666666666E-002  0.66666666666666663        4.6612450425145770E-004
   6.6666666666666666E-002  0.69999999999999996        2.8083525433769820E-004
   6.6666666666666666E-002  0.73333333333333328        1.6560615730306136E-004
   6.6666666666666666E-002  0.76666666666666661        9.5560100703486497E-005
   6.6666666666666666E-002  0.80000000000000004        5.3942160022694287E-005
   6.6666666666666666E-002  0.83333333333333337        2.9771388371806188E-005
   6.6666666666666666E-002  0.86666666666666670        1.6039426979482448E-005
   6.6666666666666666E-002  0.90000000000000002        8.3830027481521587E-006
   6.6666666666666666E-002  0.93333333333333335        4.1388150610709894E-006
   6.6666666666666666E-002  0.96666666666666667        1.6874132315502165E-006
   6.6666666666666666E-002   1.0000000000000000        0.0000000000000000     

  0.10000000000000001        0.0000000000000000       0.30901699437494740     
  0.10000000000000001        3.3333333333333333E-002  0.26524812192555020     
  0.10000000000000001        6.6666666666666666E-002  0.22501509591131019     
  0.10000000000000001       0.10000000000000001       0.18846581227058357     
  0.10000000000000001       0.13333333333333333       0.15571086989831420     
  0.10000000000000001       0.16666666666666666       0.12679632914685257     
  0.10000000000000001       0.20000000000000001       0.10168649570011838     
  0.10000000000000001       0.23333333333333334        8.0257601936885609E-002
  0.10000000000000001       0.26666666666666666        6.2301829915193035E-002
  0.10000000000000001       0.29999999999999999        4.7539898452811986E-002
  0.10000000000000001       0.33333333333333331        3.5639602481929787E-002
  0.10000000000000001       0.36666666666666664        2.6237336317617332E-002
  0.10000000000000001       0.40000000000000002        1.8959746066177438E-002
  0.10000000000000001       0.43333333333333335        1.3443149378355928E-002
  0.10000000000000001       0.46666666666666667        9.3490899936126276E-003
  0.10000000000000001       0.50000000000000000        6.3752013860256841E-003
  0.10000000000000001       0.53333333333333333        4.2612976625098524E-003
  0.10000000000000001       0.56666666666666665        2.7911911248507666E-003
  0.10000000000000001       0.59999999999999998        1.7911057420634381E-003
  0.10000000000000001       0.63333333333333330        1.1257130276573640E-003
  0.10000000000000001       0.66666666666666663        6.9279602672537297E-004
  0.10000000000000001       0.69999999999999996        4.1740253214537669E-004
  0.10000000000000001       0.73333333333333328        2.4613871773393096E-004
  0.10000000000000001       0.76666666666666661        1.4202998871978937E-004
  0.10000000000000001       0.80000000000000004        8.0173674191877638E-005
  0.10000000000000001       0.83333333333333337        4.4248906431571261E-005
  0.10000000000000001       0.86666666666666670        2.3839234326849787E-005
  0.10000000000000001       0.90000000000000002        1.2459570228504105E-005
  0.10000000000000001       0.93333333333333335        6.1514779924856227E-006
  0.10000000000000001       0.96666666666666667        2.5079848229372629E-006
  0.10000000000000001        1.0000000000000000        0.0000000000000000     

  0.13333333333333333        0.0000000000000000       0.40673664307580015     
  0.13333333333333333        3.3333333333333333E-002  0.34912685275572464     
  0.13333333333333333        6.6666666666666666E-002  0.29617104048749154     
  0.13333333333333333       0.10000000000000001       0.24806387096134980     
  0.13333333333333333       0.13333333333333333       0.20495091747610220     
  0.13333333333333333       0.16666666666666666       0.16689280593076064     
  0.13333333333333333       0.20000000000000001       0.13384255448755034     
  0.13333333333333333       0.23333333333333334       0.10563725680897108     
  0.13333333333333333       0.26666666666666666        8.2003377220212434E-002
  0.13333333333333333       0.29999999999999999        6.2573318169677969E-002
  0.13333333333333333       0.33333333333333331        4.6909822236078584E-002
  0.13333333333333333       0.36666666666666664        3.4534301644685281E-002
  0.13333333333333333       0.40000000000000002        2.4955337761034851E-002
  0.13333333333333333       0.43333333333333335        1.7694241902711055E-002
  0.13333333333333333       0.46666666666666667        1.2305528657112069E-002
  0.13333333333333333       0.50000000000000000        8.3912149101353674E-003
  0.13333333333333333       0.53333333333333333        5.6088368534611809E-003
  0.13333333333333333       0.56666666666666665        3.6738423095503598E-003
  0.13333333333333333       0.59999999999999998        2.3575025004506176E-003
  0.13333333333333333       0.63333333333333330        1.4816943607330996E-003
  0.13333333333333333       0.66666666666666663        9.1187713095359601E-004
  0.13333333333333333       0.69999999999999996        5.4939666046377521E-004
  0.13333333333333333       0.73333333333333328        3.2397453086546941E-004
  0.13333333333333333       0.76666666666666661        1.8694376645799230E-004
  0.13333333333333333       0.80000000000000004        1.0552678880919485E-004
  0.13333333333333333       0.83333333333333337        5.8241624212793095E-005
  0.13333333333333333       0.86666666666666670        3.1377854034251652E-005
  0.13333333333333333       0.90000000000000002        1.6399628050099869E-005
  0.13333333333333333       0.93333333333333335        8.0967440437350557E-006
  0.13333333333333333       0.96666666666666667        3.3010784077746436E-006
  0.13333333333333333        1.0000000000000000        0.0000000000000000     

  0.16666666666666666        0.0000000000000000       0.49999999999999994     
  0.16666666666666666        3.3333333333333333E-002  0.42918047672761650     
  0.16666666666666666        6.6666666666666666E-002  0.36408207316631735     
  0.16666666666666666       0.10000000000000001       0.30494408997116118     
  0.16666666666666666       0.13333333333333333       0.25194547991328525     
  0.16666666666666666       0.16666666666666666       0.20516077020832640     
  0.16666666666666666       0.20000000000000001       0.16453220623966155     
  0.16666666666666666       0.23333333333333334       0.12985952778944032     
  0.16666666666666666       0.26666666666666666       0.10080647836409730     
  0.16666666666666666       0.29999999999999999        7.6921171518368317E-002
  0.16666666666666666       0.33333333333333331        5.7666088161297500E-002
  0.16666666666666666       0.36666666666666664        4.2452901936166847E-002
  0.16666666666666666       0.40000000000000002        3.0677513553142209E-002
  0.16666666666666666       0.43333333333333335        2.1751472610021912E-002
  0.16666666666666666       0.46666666666666667        1.5127145373546771E-002
  0.16666666666666666       0.50000000000000000        1.0315292527714997E-002
  0.16666666666666666       0.53333333333333333        6.8949244541214203E-003
  0.16666666666666666       0.56666666666666665        4.5162421091055911E-003
  0.16666666666666666       0.59999999999999998        2.8980699681037453E-003
  0.16666666666666666       0.63333333333333330        1.8214419403281652E-003
  0.16666666666666666       0.66666666666666663        1.1209675185125340E-003
  0.16666666666666666       0.69999999999999996        6.7537148400149017E-004
  0.16666666666666666       0.73333333333333328        3.9826081124081676E-004
  0.16666666666666666       0.76666666666666661        2.2980934917038334E-004
  0.16666666666666666       0.80000000000000004        1.2972372984541828E-004
  0.16666666666666666       0.83333333333333337        7.1596234571296141E-005
  0.16666666666666666       0.86666666666666670        3.8572691406616167E-005
  0.16666666666666666       0.90000000000000002        2.0160008114935936E-005
  0.16666666666666666       0.93333333333333335        9.9533004728887079E-006
  0.16666666666666666       0.96666666666666667        4.0580046867813779E-006
  0.16666666666666666        1.0000000000000000        0.0000000000000000     

  0.20000000000000001        0.0000000000000000       0.58778525229247314     
  0.20000000000000001        3.3333333333333333E-002  0.50453190958469185     
  0.20000000000000001        6.6666666666666666E-002  0.42800414646246104     
  0.20000000000000001       0.10000000000000001       0.35848327771759525     
  0.20000000000000001       0.13333333333333333       0.29617967494955716     
  0.20000000000000001       0.16666666666666666       0.24118095015483848     
  0.20000000000000001       0.20000000000000001       0.19341920870963339     
  0.20000000000000001       0.23333333333333334       0.15265903060859518     
  0.20000000000000001       0.26666666666666666       0.11850512263591333     
  0.20000000000000001       0.29999999999999999        9.0426260415113452E-002
  0.20000000000000001       0.33333333333333331        6.7790552357216496E-002
  0.20000000000000001       0.36666666666666664        4.9906379350194902E-002
  0.20000000000000001       0.40000000000000002        3.6063580087078911E-002
  0.20000000000000001       0.43333333333333335        2.5570389631629095E-002
  0.20000000000000001       0.46666666666666667        1.7783025919710212E-002
  0.20000000000000001       0.50000000000000000        1.2126353641747245E-002
  0.20000000000000001       0.53333333333333333        8.1054698196066019E-003
  0.20000000000000001       0.56666666666666665        5.3091610150290420E-003
  0.20000000000000001       0.59999999999999998        3.4068855747261986E-003
  0.20000000000000001       0.63333333333333330        2.1412334208637646E-003
  0.20000000000000001       0.66666666666666663        1.3177763513611146E-003
  0.20000000000000001       0.69999999999999996        7.9394679622991568E-004
  0.20000000000000001       0.73333333333333328        4.6818366282677692E-004
  0.20000000000000001       0.76666666666666661        2.7015709256256567E-004
  0.20000000000000001       0.80000000000000004        1.5249939055101962E-004
  0.20000000000000001       0.83333333333333337        8.4166421601360763E-005
  0.20000000000000001       0.86666666666666670        4.5344918300075194E-005
  0.20000000000000001       0.90000000000000002        2.3699510912111850E-005
  0.20000000000000001       0.93333333333333335        1.1700806459199364E-005
  0.20000000000000001       0.96666666666666667        4.7704706172476614E-006
  0.20000000000000001        1.0000000000000000        0.0000000000000000     

  0.23333333333333334        0.0000000000000000       0.66913060635885824     
  0.23333333333333334        3.3333333333333333E-002  0.57435558526026775     
  0.23333333333333334        6.6666666666666666E-002  0.48723691676433623     
  0.23333333333333334       0.10000000000000001       0.40809484765590659     
  0.23333333333333334       0.13333333333333333       0.33716886348750025     
  0.23333333333333334       0.16666666666666666       0.27455870114109560     
  0.23333333333333334       0.20000000000000001       0.22018706985341094     
  0.23333333333333334       0.23333333333333334       0.17378596914244640     
  0.23333333333333334       0.26666666666666666       0.13490539998533907     
  0.23333333333333334       0.29999999999999999       0.10294062027983908     
  0.23333333333333334       0.33333333333333331        7.7172289075424755E-002
  0.23333333333333334       0.36666666666666664        5.6813072028480939E-002
  0.23333333333333334       0.40000000000000002        4.1054526490792269E-002
  0.23333333333333334       0.43333333333333335        2.9109152113484117E-002
  0.23333333333333334       0.46666666666666667        2.0244071912559895E-002
  0.23333333333333334       0.50000000000000000        1.3804555887677870E-002
  0.23333333333333334       0.53333333333333333        9.2272099615695706E-003
  0.23333333333333334       0.56666666666666665        6.0439116418584656E-003
  0.23333333333333334       0.59999999999999998        3.8783746300553117E-003
  0.23333333333333334       0.63333333333333330        2.4375650999584808E-003
  0.23333333333333334       0.66666666666666663        1.5001473507417528E-003
  0.23333333333333334       0.69999999999999996        9.0382346121479801E-004
  0.23333333333333334       0.73333333333333328        5.3297699622907688E-004
  0.23333333333333334       0.76666666666666661        3.0754493831462634E-004
  0.23333333333333334       0.80000000000000004        1.7360423602119486E-004
  0.23333333333333334       0.83333333333333337        9.5814463703404844E-005
  0.23333333333333334       0.86666666666666670        5.1620336779604398E-005
  0.23333333333333334       0.90000000000000002        2.6979356908293169E-005
  0.23333333333333334       0.93333333333333335        1.3320115961391862E-005
  0.23333333333333334       0.96666666666666667        5.4306702733462234E-006
  0.23333333333333334        1.0000000000000000        0.0000000000000000     

  0.26666666666666666        0.0000000000000000       0.74314482547739413     
  0.26666666666666666        3.3333333333333333E-002  0.63788650095209887     
  0.26666666666666666        6.6666666666666666E-002  0.54113141744526150     
  0.26666666666666666       0.10000000000000001       0.45323524504396279     
  0.26666666666666666       0.13333333333333333       0.37446395939995342     
  0.26666666666666666       0.16666666666666666       0.30492832954254900     
  0.26666666666666666       0.20000000000000001       0.24454251538276786     
  0.26666666666666666       0.23333333333333334       0.19300887223132090     
  0.26666666666666666       0.26666666666666666       0.14982762554175560     
  0.26666666666666666       0.29999999999999999       0.11432714116706909     
  0.26666666666666666       0.33333333333333331        8.5708510045182942E-002
  0.26666666666666666       0.36666666666666664        6.3097308800723284E-002
  0.26666666666666666       0.40000000000000002        4.5595670911060524E-002
  0.26666666666666666       0.43333333333333335        3.2328988633302108E-002
  0.26666666666666666       0.46666666666666667        2.2483319617191171E-002
  0.26666666666666666       0.50000000000000000        1.5331512530514060E-002
  0.26666666666666666       0.53333333333333333        1.0247854860275759E-002
  0.26666666666666666       0.56666666666666665        6.7124439079698662E-003
  0.26666666666666666       0.59999999999999998        4.3073714013354700E-003
  0.26666666666666666       0.63333333333333330        2.7071903057247610E-003
  0.26666666666666666       0.66666666666666663        1.6660824218216494E-003
  0.26666666666666666       0.69999999999999996        1.0037976472213922E-003
  0.26666666666666666       0.73333333333333328        5.9193092212808435E-004
  0.26666666666666666       0.76666666666666661        3.4156325736459613E-004
  0.26666666666666666       0.80000000000000004        1.9280703715249999E-004
  0.26666666666666666       0.83333333333333337        1.0641274249064888E-004
  0.26666666666666666       0.86666666666666670        5.7330192047126318E-005
  0.26666666666666666       0.90000000000000002        2.9963611424393833E-005
  0.26666666666666666       0.93333333333333335        1.4793487485697887E-005
  0.26666666666666666       0.96666666666666667        6.0313703694891903E-006
  0.26666666666666666        1.0000000000000000        0.0000000000000000     

  0.29999999999999999        0.0000000000000000       0.80901699437494745     
  0.29999999999999999        3.3333333333333333E-002  0.69442859865316686     
  0.29999999999999999        6.6666666666666666E-002  0.58909716907762755     
  0.29999999999999999       0.10000000000000001       0.49340990224174486     
  0.29999999999999999       0.13333333333333333       0.40765634981159948     
  0.29999999999999999       0.16666666666666666       0.33195709935517898     
  0.29999999999999999       0.20000000000000001       0.26621870193977992     
  0.29999999999999999       0.23333333333333334       0.21011712972632593     
  0.29999999999999999       0.26666666666666666       0.16310830827929032     
  0.29999999999999999       0.29999999999999999       0.12446106997118032     
  0.29999999999999999       0.33333333333333331        9.3305690643227288E-002
  0.29999999999999999       0.36666666666666664        6.8690238253784175E-002
  0.29999999999999999       0.40000000000000002        4.9637259619319647E-002
  0.29999999999999999       0.43333333333333335        3.5194621988377840E-002
  0.29999999999999999       0.46666666666666667        2.4476235367159396E-002
  0.29999999999999999       0.50000000000000000        1.6690493913740681E-002
  0.29999999999999999       0.53333333333333333        1.1156222116631271E-002
  0.29999999999999999       0.56666666666666665        7.3074332339563564E-003
  0.29999999999999999       0.59999999999999998        4.6891757101671823E-003
  0.29999999999999999       0.63333333333333330        2.9471549679855290E-003
  0.29999999999999999       0.66666666666666663        1.8137635452379068E-003
  0.29999999999999999       0.69999999999999996        1.0927740161468670E-003
  0.29999999999999999       0.73333333333333328        6.4439952897474761E-004
  0.29999999999999999       0.76666666666666661        3.7183933789017266E-004
  0.29999999999999999       0.80000000000000004        2.0989740403729588E-004
  0.29999999999999999       0.83333333333333337        1.1584514100286738E-004
  0.29999999999999999       0.86666666666666670        6.2411925733465954E-005
  0.29999999999999999       0.90000000000000002        3.2619578343440040E-005
  0.29999999999999999       0.93333333333333335        1.6104778465374330E-005
  0.29999999999999999       0.96666666666666667        6.5659895097186400E-006
  0.29999999999999999        1.0000000000000000        0.0000000000000000     

  0.33333333333333331        0.0000000000000000       0.86602540378443860     
  0.33333333333333331        3.3333333333333333E-002  0.74336239130886395     
  0.33333333333333331        6.6666666666666666E-002  0.63060864884907109     
  0.33333333333333331       0.10000000000000001       0.52817865729790614     
  0.33333333333333331       0.13333333333333333       0.43638237194713408     
  0.33333333333333331       0.16666666666666666       0.35534887772078461     
  0.33333333333333331       0.20000000000000001       0.28497814068849486     
  0.33333333333333331       0.23333333333333334       0.22492329997821314     
  0.33333333333333331       0.26666666666666666       0.17460194225870929     
  0.33333333333333331       0.29999999999999999       0.13323137724753401     
  0.33333333333333331       0.33333333333333331        9.9880594569113426E-002
  0.33333333333333331       0.36666666666666664        7.3530583082180148E-002
  0.33333333333333331       0.40000000000000002        5.3135012123925143E-002
  0.33333333333333331       0.43333333333333335        3.7674655700000767E-002
  0.33333333333333331       0.46666666666666667        2.6200984360463489E-002
  0.33333333333333331       0.50000000000000000        1.7866610752937967E-002
  0.33333333333333331       0.53333333333333333        1.1942359468887404E-002
  0.33333333333333331       0.56666666666666665        7.8223607922529078E-003
  0.33333333333333331       0.59999999999999998        5.0196044286452014E-003
  0.33333333333333331       0.63333333333333330        3.1548299836852214E-003
  0.33333333333333331       0.66666666666666663        1.9415726956981149E-003
  0.33333333333333331       0.69999999999999996        1.1697777242737719E-003
  0.33333333333333331       0.73333333333333328        6.8980795973269280E-004
  0.33333333333333331       0.76666666666666661        3.9804146881744051E-004
  0.33333333333333331       0.80000000000000004        2.2468809103960358E-004
  0.33333333333333331       0.83333333333333337        1.2400831590810422E-004
  0.33333333333333331       0.86666666666666670        6.6809861300934630E-005
  0.33333333333333331       0.90000000000000002        3.4918158336069902E-005
  0.33333333333333331       0.93333333333333335        1.7239622122042574E-005
  0.33333333333333331       0.96666666666666667        7.0286702948579751E-006
  0.33333333333333331        1.0000000000000000        0.0000000000000000     

  0.36666666666666664        0.0000000000000000       0.91354545764260087     
  0.36666666666666664        3.3333333333333333E-002  0.78415175004680016     
  0.36666666666666664        6.6666666666666666E-002  0.66521104830038058     
  0.36666666666666664       0.10000000000000001       0.55716057645622186     
  0.36666666666666664       0.13333333333333333       0.46032729749673379     
  0.36666666666666664       0.16666666666666666       0.37484737942054802     
  0.36666666666666664       0.20000000000000001       0.30061529929231690     
  0.36666666666666664       0.23333333333333334       0.23726516348731261     
  0.36666666666666664       0.26666666666666666       0.18418260082093643     
  0.36666666666666664       0.29999999999999999       0.14054197367430557     
  0.36666666666666664       0.33333333333333331       0.10536118579954219     
  0.36666666666666664       0.36666666666666664        7.7565311455063998E-002
  0.36666666666666664       0.40000000000000002        5.6050606316484779E-002
  0.36666666666666664       0.43333333333333335        3.9741917999845937E-002
  0.36666666666666664       0.46666666666666667        2.7638669886205870E-002
  0.36666666666666664       0.50000000000000000        1.8846977265897395E-002
  0.36666666666666664       0.53333333333333333        1.2597653831703024E-002
  0.36666666666666664       0.56666666666666665        8.2515849287753042E-003
  0.36666666666666664       0.59999999999999998        5.2950373105832274E-003
  0.36666666666666664       0.63333333333333330        3.3279400218930414E-003
  0.36666666666666664       0.66666666666666663        2.0481095694040467E-003
  0.36666666666666664       0.69999999999999996        1.2339651028618077E-003
  0.36666666666666664       0.73333333333333328        7.2765871013221080E-004
  0.36666666666666664       0.76666666666666661        4.1988257411681225E-004
  0.36666666666666664       0.80000000000000004        2.3701704829747551E-004
  0.36666666666666664       0.83333333333333337        1.3081282975384344E-004
  0.36666666666666664       0.86666666666666670        7.0475814047127983E-005
  0.36666666666666664       0.90000000000000002        3.6834167678875396E-005
  0.36666666666666664       0.93333333333333335        1.8185584871118861E-005
  0.36666666666666664       0.96666666666666667        7.4143434974030259E-006
  0.36666666666666664        1.0000000000000000        0.0000000000000000     

  0.40000000000000002        0.0000000000000000       0.95105651629515353     
  0.40000000000000002        3.3333333333333333E-002  0.81634977811692033     
  0.40000000000000002        6.6666666666666666E-002  0.69252525630215001     
  0.40000000000000002       0.10000000000000001       0.58003812774553687     
  0.40000000000000002       0.13333333333333333       0.47922878084527937     
  0.40000000000000002       0.16666666666666666       0.39023897478952291     
  0.40000000000000002       0.20000000000000001       0.31295885376929655     
  0.40000000000000002       0.23333333333333334       0.24700750021431758     
  0.40000000000000002       0.26666666666666666       0.19174531626588229     
  0.40000000000000002       0.29999999999999999       0.14631276282720274     
  0.40000000000000002       0.33333333333333331       0.10968741783010559     
  0.40000000000000002       0.36666666666666664        8.0750218044061239E-002
  0.40000000000000002       0.40000000000000002        5.8352098336897570E-002
  0.40000000000000002       0.43333333333333335        4.1373759529553786E-002
  0.40000000000000002       0.46666666666666667        2.8773540360911478E-002
  0.40000000000000002       0.50000000000000000        1.9620852351948104E-002
  0.40000000000000002       0.53333333333333333        1.3114925662909961E-002
  0.40000000000000002       0.56666666666666665        8.5904029740628812E-003
  0.40000000000000002       0.59999999999999998        5.5124566556887088E-003
  0.40000000000000002       0.63333333333333330        3.4645884528047791E-003
  0.40000000000000002       0.66666666666666663        2.1322069260731073E-003
  0.40000000000000002       0.69999999999999996        1.2846329015590906E-003
  0.40000000000000002       0.73333333333333328        7.5753707943114587E-004
  0.40000000000000002       0.76666666666666661        4.3712335806808265E-004
  0.40000000000000002       0.80000000000000004        2.4674919717519430E-004
  0.40000000000000002       0.83333333333333337        1.3618413086245509E-004
  0.40000000000000002       0.86666666666666670        7.3369619026608762E-005
  0.40000000000000002       0.90000000000000002        3.8346614172545993E-005
  0.40000000000000002       0.93333333333333335        1.8932302546768879E-005
  0.40000000000000002       0.96666666666666667        7.7187836010394055E-006
  0.40000000000000002        1.0000000000000000        0.0000000000000000     

  0.43333333333333335        0.0000000000000000       0.97814760073380569     
  0.43333333333333335        3.3333333333333333E-002  0.83960370718581812     
  0.43333333333333335        6.6666666666666666E-002  0.71225201267564642     
  0.43333333333333335       0.10000000000000001       0.59656065992649021     
  0.43333333333333335       0.13333333333333333       0.49287973338581442     
  0.43333333333333335       0.16666666666666666       0.40135503028794817     
  0.43333333333333335       0.20000000000000001       0.32187356555352931     
  0.43333333333333335       0.23333333333333334       0.25404357107933201     
  0.43333333333333335       0.26666666666666666       0.19720722990053213     
  0.43333333333333335       0.29999999999999999       0.15048051873265106     
  0.43333333333333335       0.33333333333333331       0.11281189155735452     
  0.43333333333333335       0.36666666666666664        8.3050408346098253E-002
  0.43333333333333335       0.40000000000000002        6.0014272556969714E-002
  0.43333333333333335       0.43333333333333335        4.2552301491840042E-002
  0.43333333333333335       0.46666666666666667        2.9593161906172522E-002
  0.43333333333333335       0.50000000000000000        2.0179757273703552E-002
  0.43333333333333335       0.53333333333333333        1.3488507624079422E-002
  0.43333333333333335       0.56666666666666665        8.8351027667092318E-003
  0.43333333333333335       0.59999999999999998        5.6694803721187501E-003
  0.43333333333333335       0.63333333333333330        3.5632781276158450E-003
  0.43333333333333335       0.66666666666666663        2.1929433774671263E-003
  0.43333333333333335       0.69999999999999996        1.3212259933601748E-003
  0.43333333333333335       0.73333333333333328        7.7911571396300800E-004
  0.43333333333333335       0.76666666666666661        4.4957492703441576E-004
  0.43333333333333335       0.80000000000000004        2.5377791021307251E-004
  0.43333333333333335       0.83333333333333337        1.4006337013497611E-004
  0.43333333333333335       0.86666666666666670        7.5459571106454185E-005
  0.43333333333333335       0.90000000000000002        3.9438927136797264E-005
  0.43333333333333335       0.93333333333333335        1.9471593953877479E-005
  0.43333333333333335       0.96666666666666667        7.9386550962834863E-006
  0.43333333333333335        1.0000000000000000        0.0000000000000000     

  0.46666666666666667        0.0000000000000000       0.99452189536827329     
  0.46666666666666667        3.3333333333333333E-002  0.85365876234041660     
  0.46666666666666667        6.6666666666666666E-002  0.72417518694995264     
  0.46666666666666667       0.10000000000000001       0.60654714867894521     
  0.46666666666666667       0.13333333333333333       0.50113059242565949     
  0.46666666666666667       0.16666666666666666       0.40807375608559909     
  0.46666666666666667       0.20000000000000001       0.32726176319718375     
  0.46666666666666667       0.23333333333333334       0.25829628741756627     
  0.46666666666666667       0.26666666666666666       0.20050849985612576     
  0.46666666666666667       0.29999999999999999       0.15299957858479143     
  0.46666666666666667       0.33333333333333331       0.11470037459329507     
  0.46666666666666667       0.36666666666666664        8.4440680994880182E-002
  0.46666666666666667       0.40000000000000002        6.1018917848113759E-002
  0.46666666666666667       0.43333333333333335        4.3264631534340146E-002
  0.46666666666666667       0.46666666666666667        3.0088554576822277E-002
  0.46666666666666667       0.50000000000000000        2.0517568551882609E-002
  0.46666666666666667       0.53333333333333333        1.3714306673067783E-002
  0.46666666666666667       0.56666666666666665        8.9830033245794014E-003
  0.46666666666666667       0.59999999999999998        5.7643880751768167E-003
  0.46666666666666667       0.63333333333333330        3.6229277815968647E-003
  0.46666666666666667       0.66666666666666663        2.2296534823147106E-003
  0.46666666666666667       0.69999999999999996        1.3433434566936910E-003
  0.46666666666666667       0.73333333333333328        7.9215819369224632E-004
  0.46666666666666667       0.76666666666666661        4.5710085902055792E-004
  0.46666666666666667       0.80000000000000004        2.5802617936021446E-004
  0.46666666666666667       0.83333333333333337        1.4240804581415386E-004
  0.46666666666666667       0.86666666666666670        7.6722772334326852E-005
  0.46666666666666667       0.90000000000000002        4.0099138962211716E-005
  0.46666666666666667       0.93333333333333335        1.9797550502934413E-005
  0.46666666666666667       0.96666666666666667        8.0715490250223032E-006
  0.46666666666666667        1.0000000000000000        0.0000000000000000     

  0.50000000000000000        0.0000000000000000        1.0000000000000000     
  0.50000000000000000        3.3333333333333333E-002  0.85836095345523300     
  0.50000000000000000        6.6666666666666666E-002  0.72816414633263471     
  0.50000000000000000       0.10000000000000001       0.60988817994232247     
  0.50000000000000000       0.13333333333333333       0.50389095982657062     
  0.50000000000000000       0.16666666666666666       0.41032154041665281     
  0.50000000000000000       0.20000000000000001       0.32906441247932311     
  0.50000000000000000       0.23333333333333334       0.25971905557888059     
  0.50000000000000000       0.26666666666666666       0.20161295672819460     
  0.50000000000000000       0.29999999999999999       0.15384234303673666     
  0.50000000000000000       0.33333333333333331       0.11533217632259500     
  0.50000000000000000       0.36666666666666664        8.4905803872333693E-002
  0.50000000000000000       0.40000000000000002        6.1355027106284411E-002
  0.50000000000000000       0.43333333333333335        4.3502945220043818E-002
  0.50000000000000000       0.46666666666666667        3.0254290747093536E-002
  0.50000000000000000       0.50000000000000000        2.0630585055429994E-002
  0.50000000000000000       0.53333333333333333        1.3789848908242839E-002
  0.50000000000000000       0.56666666666666665        9.0324842182111821E-003
  0.50000000000000000       0.59999999999999998        5.7961399362074905E-003
  0.50000000000000000       0.63333333333333330        3.6428838806563300E-003
  0.50000000000000000       0.66666666666666663        2.2419350370250679E-003
  0.50000000000000000       0.69999999999999996        1.3507429680029801E-003
  0.50000000000000000       0.73333333333333328        7.9652162248163353E-004
  0.50000000000000000       0.76666666666666661        4.5961869834076669E-004
  0.50000000000000000       0.80000000000000004        2.5944745969083656E-004
  0.50000000000000000       0.83333333333333337        1.4319246914259228E-004
  0.50000000000000000       0.86666666666666670        7.7145382813232334E-005
  0.50000000000000000       0.90000000000000002        4.0320016229871864E-005
  0.50000000000000000       0.93333333333333335        1.9906600945777412E-005
  0.50000000000000000       0.96666666666666667        8.1160093735627559E-006
  0.50000000000000000        1.0000000000000000        0.0000000000000000     

  0.53333333333333333        0.0000000000000000       0.99452189536827340     
  0.53333333333333333        3.3333333333333333E-002  0.85365876234041660     
  0.53333333333333333        6.6666666666666666E-002  0.72417518694995264     
  0.53333333333333333       0.10000000000000001       0.60654714867894510     
  0.53333333333333333       0.13333333333333333       0.50113059242565938     
  0.53333333333333333       0.16666666666666666       0.40807375608559909     
  0.53333333333333333       0.20000000000000001       0.32726176319718375     
  0.53333333333333333       0.23333333333333334       0.25829628741756627     
  0.53333333333333333       0.26666666666666666       0.20050849985612579     
  0.53333333333333333       0.29999999999999999       0.15299957858479143     
  0.53333333333333333       0.33333333333333331       0.11470037459329507     
  0.53333333333333333       0.36666666666666664        8.4440680994880182E-002
  0.53333333333333333       0.40000000000000002        6.1018917848113759E-002
  0.53333333333333333       0.43333333333333335        4.3264631534340146E-002
  0.53333333333333333       0.46666666666666667        3.0088554576822277E-002
  0.53333333333333333       0.50000000000000000        2.0517568551882609E-002
  0.53333333333333333       0.53333333333333333        1.3714306673067783E-002
  0.53333333333333333       0.56666666666666665        8.9830033245794014E-003
  0.53333333333333333       0.59999999999999998        5.7643880751768167E-003
  0.53333333333333333       0.63333333333333330        3.6229277815968647E-003
  0.53333333333333333       0.66666666666666663        2.2296534823147106E-003
  0.53333333333333333       0.69999999999999996        1.3433434566936910E-003
  0.53333333333333333       0.73333333333333328        7.9215819369224632E-004
  0.53333333333333333       0.76666666666666661        4.5710085902055792E-004
  0.53333333333333333       0.80000000000000004        2.5802617936021446E-004
  0.53333333333333333       0.83333333333333337        1.4240804581415386E-004
  0.53333333333333333       0.86666666666666670        7.6722772334326852E-005
  0.53333333333333333       0.90000000000000002        4.0099138962211709E-005
  0.53333333333333333       0.93333333333333335        1.9797550502934416E-005
  0.53333333333333333       0.96666666666666667        8.0715490250223049E-006
  0.53333333333333333        1.0000000000000000        0.0000000000000000     

  0.56666666666666665        0.0000000000000000       0.97814760073380569     
  0.56666666666666665        3.3333333333333333E-002  0.83960370718581812     
  0.56666666666666665        6.6666666666666666E-002  0.71225201267564642     
  0.56666666666666665       0.10000000000000001       0.59656065992649021     
  0.56666666666666665       0.13333333333333333       0.49287973338581448     
  0.56666666666666665       0.16666666666666666       0.40135503028794822     
  0.56666666666666665       0.20000000000000001       0.32187356555352931     
  0.56666666666666665       0.23333333333333334       0.25404357107933201     
  0.56666666666666665       0.26666666666666666       0.19720722990053210     
  0.56666666666666665       0.29999999999999999       0.15048051873265106     
  0.56666666666666665       0.33333333333333331       0.11281189155735452     
  0.56666666666666665       0.36666666666666664        8.3050408346098253E-002
  0.56666666666666665       0.40000000000000002        6.0014272556969707E-002
  0.56666666666666665       0.43333333333333335        4.2552301491840042E-002
  0.56666666666666665       0.46666666666666667        2.9593161906172519E-002
  0.56666666666666665       0.50000000000000000        2.0179757273703556E-002
  0.56666666666666665       0.53333333333333333        1.3488507624079422E-002
  0.56666666666666665       0.56666666666666665        8.8351027667092318E-003
  0.56666666666666665       0.59999999999999998        5.6694803721187501E-003
  0.56666666666666665       0.63333333333333330        3.5632781276158446E-003
  0.56666666666666665       0.66666666666666663        2.1929433774671258E-003
  0.56666666666666665       0.69999999999999996        1.3212259933601748E-003
  0.56666666666666665       0.73333333333333328        7.7911571396300800E-004
  0.56666666666666665       0.76666666666666661        4.4957492703441576E-004
  0.56666666666666665       0.80000000000000004        2.5377791021307251E-004
  0.56666666666666665       0.83333333333333337        1.4006337013497611E-004
  0.56666666666666665       0.86666666666666670        7.5459571106454185E-005
  0.56666666666666665       0.90000000000000002        3.9438927136797278E-005
  0.56666666666666665       0.93333333333333335        1.9471593953877483E-005
  0.56666666666666665       0.96666666666666667        7.9386550962834863E-006
  0.56666666666666665        1.0000000000000000        0.0000000000000000     

  0.59999999999999998        0.0000000000000000       0.95105651629515364     
  0.59999999999999998        3.3333333333333333E-002  0.81634977811692044     
  0.59999999999999998        6.6666666666666666E-002  0.69252525630215012     
  0.59999999999999998       0.10000000000000001       0.58003812774553698     
  0.59999999999999998       0.13333333333333333       0.47922878084527942     
  0.59999999999999998       0.16666666666666666       0.39023897478952291     
  0.59999999999999998       0.20000000000000001       0.31295885376929655     
  0.59999999999999998       0.23333333333333334       0.24700750021431758     
  0.59999999999999998       0.26666666666666666       0.19174531626588229     
  0.59999999999999998       0.29999999999999999       0.14631276282720274     
  0.59999999999999998       0.33333333333333331       0.10968741783010560     
  0.59999999999999998       0.36666666666666664        8.0750218044061239E-002
  0.59999999999999998       0.40000000000000002        5.8352098336897570E-002
  0.59999999999999998       0.43333333333333335        4.1373759529553786E-002
  0.59999999999999998       0.46666666666666667        2.8773540360911481E-002
  0.59999999999999998       0.50000000000000000        1.9620852351948107E-002
  0.59999999999999998       0.53333333333333333        1.3114925662909963E-002
  0.59999999999999998       0.56666666666666665        8.5904029740628812E-003
  0.59999999999999998       0.59999999999999998        5.5124566556887097E-003
  0.59999999999999998       0.63333333333333330        3.4645884528047796E-003
  0.59999999999999998       0.66666666666666663        2.1322069260731073E-003
  0.59999999999999998       0.69999999999999996        1.2846329015590906E-003
  0.59999999999999998       0.73333333333333328        7.5753707943114587E-004
  0.59999999999999998       0.76666666666666661        4.3712335806808271E-004
  0.59999999999999998       0.80000000000000004        2.4674919717519430E-004
  0.59999999999999998       0.83333333333333337        1.3618413086245509E-004
  0.59999999999999998       0.86666666666666670        7.3369619026608762E-005
  0.59999999999999998       0.90000000000000002        3.8346614172545993E-005
  0.59999999999999998       0.93333333333333335        1.8932302546768879E-005
  0.59999999999999998       0.96666666666666667        7.7187836010394072E-006
  0.59999999999999998        1.0000000000000000        0.0000000000000000     

  0.63333333333333330        0.0000000000000000       0.91354545764260098     
  0.63333333333333330        3.3333333333333333E-002  0.78415175004680016     
  0.63333333333333330        6.6666666666666666E-002  0.66521104830038069     
  0.63333333333333330       0.10000000000000001       0.55716057645622186     
  0.63333333333333330       0.13333333333333333       0.46032729749673384     
  0.63333333333333330       0.16666666666666666       0.37484737942054808     
  0.63333333333333330       0.20000000000000001       0.30061529929231684     
  0.63333333333333330       0.23333333333333334       0.23726516348731264     
  0.63333333333333330       0.26666666666666666       0.18418260082093643     
  0.63333333333333330       0.29999999999999999       0.14054197367430560     
  0.63333333333333330       0.33333333333333331       0.10536118579954221     
  0.63333333333333330       0.36666666666666664        7.7565311455063998E-002
  0.63333333333333330       0.40000000000000002        5.6050606316484779E-002
  0.63333333333333330       0.43333333333333335        3.9741917999845937E-002
  0.63333333333333330       0.46666666666666667        2.7638669886205874E-002
  0.63333333333333330       0.50000000000000000        1.8846977265897399E-002
  0.63333333333333330       0.53333333333333333        1.2597653831703024E-002
  0.63333333333333330       0.56666666666666665        8.2515849287753060E-003
  0.63333333333333330       0.59999999999999998        5.2950373105832274E-003
  0.63333333333333330       0.63333333333333330        3.3279400218930414E-003
  0.63333333333333330       0.66666666666666663        2.0481095694040471E-003
  0.63333333333333330       0.69999999999999996        1.2339651028618077E-003
  0.63333333333333330       0.73333333333333328        7.2765871013221080E-004
  0.63333333333333330       0.76666666666666661        4.1988257411681225E-004
  0.63333333333333330       0.80000000000000004        2.3701704829747551E-004
  0.63333333333333330       0.83333333333333337        1.3081282975384344E-004
  0.63333333333333330       0.86666666666666670        7.0475814047127983E-005
  0.63333333333333330       0.90000000000000002        3.6834167678875396E-005
  0.63333333333333330       0.93333333333333335        1.8185584871118861E-005
  0.63333333333333330       0.96666666666666667        7.4143434974030259E-006
  0.63333333333333330        1.0000000000000000        0.0000000000000000     

  0.66666666666666663        0.0000000000000000       0.86602540378443871     
  0.66666666666666663        3.3333333333333333E-002  0.74336239130886395     
  0.66666666666666663        6.6666666666666666E-002  0.63060864884907109     
  0.66666666666666663       0.10000000000000001       0.52817865729790625     
  0.66666666666666663       0.13333333333333333       0.43638237194713408     
  0.66666666666666663       0.16666666666666666       0.35534887772078461     
  0.66666666666666663       0.20000000000000001       0.28497814068849492     
  0.66666666666666663       0.23333333333333334       0.22492329997821320     
  0.66666666666666663       0.26666666666666666       0.17460194225870929     
  0.66666666666666663       0.29999999999999999       0.13323137724753401     
  0.66666666666666663       0.33333333333333331        9.9880594569113426E-002
  0.66666666666666663       0.36666666666666664        7.3530583082180148E-002
  0.66666666666666663       0.40000000000000002        5.3135012123925150E-002
  0.66666666666666663       0.43333333333333335        3.7674655700000774E-002
  0.66666666666666663       0.46666666666666667        2.6200984360463492E-002
  0.66666666666666663       0.50000000000000000        1.7866610752937970E-002
  0.66666666666666663       0.53333333333333333        1.1942359468887408E-002
  0.66666666666666663       0.56666666666666665        7.8223607922529095E-003
  0.66666666666666663       0.59999999999999998        5.0196044286452031E-003
  0.66666666666666663       0.63333333333333330        3.1548299836852219E-003
  0.66666666666666663       0.66666666666666663        1.9415726956981151E-003
  0.66666666666666663       0.69999999999999996        1.1697777242737721E-003
  0.66666666666666663       0.73333333333333328        6.8980795973269280E-004
  0.66666666666666663       0.76666666666666661        3.9804146881744062E-004
  0.66666666666666663       0.80000000000000004        2.2468809103960360E-004
  0.66666666666666663       0.83333333333333337        1.2400831590810425E-004
  0.66666666666666663       0.86666666666666670        6.6809861300934630E-005
  0.66666666666666663       0.90000000000000002        3.4918158336069902E-005
  0.66666666666666663       0.93333333333333335        1.7239622122042571E-005
  0.66666666666666663       0.96666666666666667        7.0286702948579742E-006
  0.66666666666666663        1.0000000000000000        0.0000000000000000     

  0.69999999999999996        0.0000000000000000       0.80901699437494745     
  0.69999999999999996        3.3333333333333333E-002  0.69442859865316686     
  0.69999999999999996        6.6666666666666666E-002  0.58909716907762755     
  0.69999999999999996       0.10000000000000001       0.49340990224174486     
  0.69999999999999996       0.13333333333333333       0.40765634981159954     
  0.69999999999999996       0.16666666666666666       0.33195709935517903     
  0.69999999999999996       0.20000000000000001       0.26621870193977998     
  0.69999999999999996       0.23333333333333334       0.21011712972632596     
  0.69999999999999996       0.26666666666666666       0.16310830827929035     
  0.69999999999999996       0.29999999999999999       0.12446106997118032     
  0.69999999999999996       0.33333333333333331        9.3305690643227301E-002
  0.69999999999999996       0.36666666666666664        6.8690238253784189E-002
  0.69999999999999996       0.40000000000000002        4.9637259619319654E-002
  0.69999999999999996       0.43333333333333335        3.5194621988377847E-002
  0.69999999999999996       0.46666666666666667        2.4476235367159399E-002
  0.69999999999999996       0.50000000000000000        1.6690493913740685E-002
  0.69999999999999996       0.53333333333333333        1.1156222116631273E-002
  0.69999999999999996       0.56666666666666665        7.3074332339563581E-003
  0.69999999999999996       0.59999999999999998        4.6891757101671840E-003
  0.69999999999999996       0.63333333333333330        2.9471549679855294E-003
  0.69999999999999996       0.66666666666666663        1.8137635452379070E-003
  0.69999999999999996       0.69999999999999996        1.0927740161468672E-003
  0.69999999999999996       0.73333333333333328        6.4439952897474761E-004
  0.69999999999999996       0.76666666666666661        3.7183933789017266E-004
  0.69999999999999996       0.80000000000000004        2.0989740403729590E-004
  0.69999999999999996       0.83333333333333337        1.1584514100286741E-004
  0.69999999999999996       0.86666666666666670        6.2411925733465954E-005
  0.69999999999999996       0.90000000000000002        3.2619578343440040E-005
  0.69999999999999996       0.93333333333333335        1.6104778465374330E-005
  0.69999999999999996       0.96666666666666667        6.5659895097186408E-006
  0.69999999999999996        1.0000000000000000        0.0000000000000000     

  0.73333333333333328        0.0000000000000000       0.74314482547739447     
  0.73333333333333328        3.3333333333333333E-002  0.63788650095209898     
  0.73333333333333328        6.6666666666666666E-002  0.54113141744526172     
  0.73333333333333328       0.10000000000000001       0.45323524504396284     
  0.73333333333333328       0.13333333333333333       0.37446395939995347     
  0.73333333333333328       0.16666666666666666       0.30492832954254906     
  0.73333333333333328       0.20000000000000001       0.24454251538276792     
  0.73333333333333328       0.23333333333333334       0.19300887223132093     
  0.73333333333333328       0.26666666666666666       0.14982762554175563     
  0.73333333333333328       0.29999999999999999       0.11432714116706909     
  0.73333333333333328       0.33333333333333331        8.5708510045182928E-002
  0.73333333333333328       0.36666666666666664        6.3097308800723298E-002
  0.73333333333333328       0.40000000000000002        4.5595670911060530E-002
  0.73333333333333328       0.43333333333333335        3.2328988633302115E-002
  0.73333333333333328       0.46666666666666667        2.2483319617191175E-002
  0.73333333333333328       0.50000000000000000        1.5331512530514063E-002
  0.73333333333333328       0.53333333333333333        1.0247854860275763E-002
  0.73333333333333328       0.56666666666666665        6.7124439079698679E-003
  0.73333333333333328       0.59999999999999998        4.3073714013354709E-003
  0.73333333333333328       0.63333333333333330        2.7071903057247619E-003
  0.73333333333333328       0.66666666666666663        1.6660824218216498E-003
  0.73333333333333328       0.69999999999999996        1.0037976472213924E-003
  0.73333333333333328       0.73333333333333328        5.9193092212808445E-004
  0.73333333333333328       0.76666666666666661        3.4156325736459618E-004
  0.73333333333333328       0.80000000000000004        1.9280703715250002E-004
  0.73333333333333328       0.83333333333333337        1.0641274249064890E-004
  0.73333333333333328       0.86666666666666670        5.7330192047126318E-005
  0.73333333333333328       0.90000000000000002        2.9963611424393839E-005
  0.73333333333333328       0.93333333333333335        1.4793487485697888E-005
  0.73333333333333328       0.96666666666666667        6.0313703694891903E-006
  0.73333333333333328        1.0000000000000000        0.0000000000000000     

  0.76666666666666661        0.0000000000000000       0.66913060635885835     
  0.76666666666666661        3.3333333333333333E-002  0.57435558526026786     
  0.76666666666666661        6.6666666666666666E-002  0.48723691676433634     
  0.76666666666666661       0.10000000000000001       0.40809484765590670     
  0.76666666666666661       0.13333333333333333       0.33716886348750030     
  0.76666666666666661       0.16666666666666666       0.27455870114109565     
  0.76666666666666661       0.20000000000000001       0.22018706985341097     
  0.76666666666666661       0.23333333333333334       0.17378596914244640     
  0.76666666666666661       0.26666666666666666       0.13490539998533913     
  0.76666666666666661       0.29999999999999999       0.10294062027983908     
  0.76666666666666661       0.33333333333333331        7.7172289075424755E-002
  0.76666666666666661       0.36666666666666664        5.6813072028480939E-002
  0.76666666666666661       0.40000000000000002        4.1054526490792276E-002
  0.76666666666666661       0.43333333333333335        2.9109152113484121E-002
  0.76666666666666661       0.46666666666666667        2.0244071912559895E-002
  0.76666666666666661       0.50000000000000000        1.3804555887677874E-002
  0.76666666666666661       0.53333333333333333        9.2272099615695723E-003
  0.76666666666666661       0.56666666666666665        6.0439116418584665E-003
  0.76666666666666661       0.59999999999999998        3.8783746300553126E-003
  0.76666666666666661       0.63333333333333330        2.4375650999584812E-003
  0.76666666666666661       0.66666666666666663        1.5001473507417532E-003
  0.76666666666666661       0.69999999999999996        9.0382346121479812E-004
  0.76666666666666661       0.73333333333333328        5.3297699622907699E-004
  0.76666666666666661       0.76666666666666661        3.0754493831462639E-004
  0.76666666666666661       0.80000000000000004        1.7360423602119491E-004
  0.76666666666666661       0.83333333333333337        9.5814463703404858E-005
  0.76666666666666661       0.86666666666666670        5.1620336779604405E-005
  0.76666666666666661       0.90000000000000002        2.6979356908293169E-005
  0.76666666666666661       0.93333333333333335        1.3320115961391862E-005
  0.76666666666666661       0.96666666666666667        5.4306702733462234E-006
  0.76666666666666661        1.0000000000000000        0.0000000000000000     

  0.80000000000000004        0.0000000000000000       0.58778525229247325     
  0.80000000000000004        3.3333333333333333E-002  0.50453190958469196     
  0.80000000000000004        6.6666666666666666E-002  0.42800414646246115     
  0.80000000000000004       0.10000000000000001       0.35848327771759531     
  0.80000000000000004       0.13333333333333333       0.29617967494955727     
  0.80000000000000004       0.16666666666666666       0.24118095015483854     
  0.80000000000000004       0.20000000000000001       0.19341920870963342     
  0.80000000000000004       0.23333333333333334       0.15265903060859520     
  0.80000000000000004       0.26666666666666666       0.11850512263591335     
  0.80000000000000004       0.29999999999999999        9.0426260415113466E-002
  0.80000000000000004       0.33333333333333331        6.7790552357216510E-002
  0.80000000000000004       0.36666666666666664        4.9906379350194909E-002
  0.80000000000000004       0.40000000000000002        3.6063580087078918E-002
  0.80000000000000004       0.43333333333333335        2.5570389631629099E-002
  0.80000000000000004       0.46666666666666667        1.7783025919710212E-002
  0.80000000000000004       0.50000000000000000        1.2126353641747247E-002
  0.80000000000000004       0.53333333333333333        8.1054698196066036E-003
  0.80000000000000004       0.56666666666666665        5.3091610150290429E-003
  0.80000000000000004       0.59999999999999998        3.4068855747261995E-003
  0.80000000000000004       0.63333333333333330        2.1412334208637650E-003
  0.80000000000000004       0.66666666666666663        1.3177763513611148E-003
  0.80000000000000004       0.69999999999999996        7.9394679622991589E-004
  0.80000000000000004       0.73333333333333328        4.6818366282677703E-004
  0.80000000000000004       0.76666666666666661        2.7015709256256572E-004
  0.80000000000000004       0.80000000000000004        1.5249939055101964E-004
  0.80000000000000004       0.83333333333333337        8.4166421601360777E-005
  0.80000000000000004       0.86666666666666670        4.5344918300075200E-005
  0.80000000000000004       0.90000000000000002        2.3699510912111854E-005
  0.80000000000000004       0.93333333333333335        1.1700806459199362E-005
  0.80000000000000004       0.96666666666666667        4.7704706172476614E-006
  0.80000000000000004        1.0000000000000000        0.0000000000000000     

  0.83333333333333337        0.0000000000000000       0.49999999999999994     
  0.83333333333333337        3.3333333333333333E-002  0.42918047672761656     
  0.83333333333333337        6.6666666666666666E-002  0.36408207316631741     
  0.83333333333333337       0.10000000000000001       0.30494408997116129     
  0.83333333333333337       0.13333333333333333       0.25194547991328531     
  0.83333333333333337       0.16666666666666666       0.20516077020832646     
  0.83333333333333337       0.20000000000000001       0.16453220623966161     
  0.83333333333333337       0.23333333333333334       0.12985952778944035     
  0.83333333333333337       0.26666666666666666       0.10080647836409731     
  0.83333333333333337       0.29999999999999999        7.6921171518368345E-002
  0.83333333333333337       0.33333333333333331        5.7666088161297507E-002
  0.83333333333333337       0.36666666666666664        4.2452901936166847E-002
  0.83333333333333337       0.40000000000000002        3.0677513553142209E-002
  0.83333333333333337       0.43333333333333335        2.1751472610021916E-002
  0.83333333333333337       0.46666666666666667        1.5127145373546771E-002
  0.83333333333333337       0.50000000000000000        1.0315292527715000E-002
  0.83333333333333337       0.53333333333333333        6.8949244541214212E-003
  0.83333333333333337       0.56666666666666665        4.5162421091055919E-003
  0.83333333333333337       0.59999999999999998        2.8980699681037457E-003
  0.83333333333333337       0.63333333333333330        1.8214419403281654E-003
  0.83333333333333337       0.66666666666666663        1.1209675185125340E-003
  0.83333333333333337       0.69999999999999996        6.7537148400149028E-004
  0.83333333333333337       0.73333333333333328        3.9826081124081682E-004
  0.83333333333333337       0.76666666666666661        2.2980934917038337E-004
  0.83333333333333337       0.80000000000000004        1.2972372984541828E-004
  0.83333333333333337       0.83333333333333337        7.1596234571296127E-005
  0.83333333333333337       0.86666666666666670        3.8572691406616174E-005
  0.83333333333333337       0.90000000000000002        2.0160008114935939E-005
  0.83333333333333337       0.93333333333333335        9.9533004728887079E-006
  0.83333333333333337       0.96666666666666667        4.0580046867813779E-006
  0.83333333333333337        1.0000000000000000        0.0000000000000000     

  0.86666666666666670        0.0000000000000000       0.40673664307580004     
  0.86666666666666670        3.3333333333333333E-002  0.34912685275572464     
  0.86666666666666670        6.6666666666666666E-002  0.29617104048749165     
  0.86666666666666670       0.10000000000000001       0.24806387096134985     
  0.86666666666666670       0.13333333333333333       0.20495091747610225     
  0.86666666666666670       0.16666666666666666       0.16689280593076067     
  0.86666666666666670       0.20000000000000001       0.13384255448755039     
  0.86666666666666670       0.23333333333333334       0.10563725680897111     
  0.86666666666666670       0.26666666666666666        8.2003377220212462E-002
  0.86666666666666670       0.29999999999999999        6.2573318169677969E-002
  0.86666666666666670       0.33333333333333331        4.6909822236078577E-002
  0.86666666666666670       0.36666666666666664        3.4534301644685288E-002
  0.86666666666666670       0.40000000000000002        2.4955337761034851E-002
  0.86666666666666670       0.43333333333333335        1.7694241902711055E-002
  0.86666666666666670       0.46666666666666667        1.2305528657112069E-002
  0.86666666666666670       0.50000000000000000        8.3912149101353674E-003
  0.86666666666666670       0.53333333333333333        5.6088368534611809E-003
  0.86666666666666670       0.56666666666666665        3.6738423095503603E-003
  0.86666666666666670       0.59999999999999998        2.3575025004506176E-003
  0.86666666666666670       0.63333333333333330        1.4816943607330998E-003
  0.86666666666666670       0.66666666666666663        9.1187713095359601E-004
  0.86666666666666670       0.69999999999999996        5.4939666046377521E-004
  0.86666666666666670       0.73333333333333328        3.2397453086546941E-004
  0.86666666666666670       0.76666666666666661        1.8694376645799233E-004
  0.86666666666666670       0.80000000000000004        1.0552678880919485E-004
  0.86666666666666670       0.83333333333333337        5.8241624212793095E-005
  0.86666666666666670       0.86666666666666670        3.1377854034251658E-005
  0.86666666666666670       0.90000000000000002        1.6399628050099869E-005
  0.86666666666666670       0.93333333333333335        8.0967440437350557E-006
  0.86666666666666670       0.96666666666666667        3.3010784077746436E-006
  0.86666666666666670        1.0000000000000000        0.0000000000000000     

  0.90000000000000002        0.0000000000000000       0.30901699437494751     
  0.90000000000000002        3.3333333333333333E-002  0.26524812192555031     
  0.90000000000000002        6.6666666666666666E-002  0.22501509591131022     
  0.90000000000000002       0.10000000000000001       0.18846581227058362     
  0.90000000000000002       0.13333333333333333       0.15571086989831423     
  0.90000000000000002       0.16666666666666666       0.12679632914685257     
  0.90000000000000002       0.20000000000000001       0.10168649570011841     
  0.90000000000000002       0.23333333333333334        8.0257601936885622E-002
  0.90000000000000002       0.26666666666666666        6.2301829915193035E-002
  0.90000000000000002       0.29999999999999999        4.7539898452811986E-002
  0.90000000000000002       0.33333333333333331        3.5639602481929787E-002
  0.90000000000000002       0.36666666666666664        2.6237336317617328E-002
  0.90000000000000002       0.40000000000000002        1.8959746066177438E-002
  0.90000000000000002       0.43333333333333335        1.3443149378355928E-002
  0.90000000000000002       0.46666666666666667        9.3490899936126293E-003
  0.90000000000000002       0.50000000000000000        6.3752013860256859E-003
  0.90000000000000002       0.53333333333333333        4.2612976625098524E-003
  0.90000000000000002       0.56666666666666665        2.7911911248507662E-003
  0.90000000000000002       0.59999999999999998        1.7911057420634381E-003
  0.90000000000000002       0.63333333333333330        1.1257130276573640E-003
  0.90000000000000002       0.66666666666666663        6.9279602672537286E-004
  0.90000000000000002       0.69999999999999996        4.1740253214537674E-004
  0.90000000000000002       0.73333333333333328        2.4613871773393096E-004
  0.90000000000000002       0.76666666666666661        1.4202998871978937E-004
  0.90000000000000002       0.80000000000000004        8.0173674191877638E-005
  0.90000000000000002       0.83333333333333337        4.4248906431571268E-005
  0.90000000000000002       0.86666666666666670        2.3839234326849787E-005
  0.90000000000000002       0.90000000000000002        1.2459570228504107E-005
  0.90000000000000002       0.93333333333333335        6.1514779924856227E-006
  0.90000000000000002       0.96666666666666667        2.5079848229372629E-006
  0.90000000000000002        1.0000000000000000        0.0000000000000000     

  0.93333333333333335        0.0000000000000000       0.20791169081775931     
  0.93333333333333335        3.3333333333333333E-002  0.17846327716482155     
  0.93333333333333335        6.6666666666666666E-002  0.15139383885688845     
  0.93333333333333335       0.10000000000000001       0.12680288270157414     
  0.93333333333333335       0.13333333333333333       0.10476482144532595     
  0.93333333333333335       0.16666666666666666        8.5310645246973876E-002
  0.93333333333333335       0.20000000000000001        6.8416338386528663E-002
  0.93333333333333335       0.23333333333333334        5.3998627982996691E-002
  0.93333333333333335       0.26666666666666666        4.1917690724126697E-002
  0.93333333333333335       0.29999999999999999        3.1985621660133669E-002
  0.93333333333333335       0.33333333333333331        2.3978907784922676E-002
  0.93333333333333335       0.36666666666666664        1.7652909243337955E-002
  0.93333333333333335       0.40000000000000002        1.2756427425837050E-002
  0.93333333333333335       0.43333333333333335        9.0447708962516742E-003
  0.93333333333333335       0.46666666666666667        6.2902207437203093E-003
  0.93333333333333335       0.50000000000000000        4.2893398214340480E-003
  0.93333333333333335       0.53333333333333333        2.8670708026342019E-003
  0.93333333333333335       0.56666666666666665        1.8779590660930141E-003
  0.93333333333333335       0.59999999999999998        1.2050852543532393E-003
  0.93333333333333335       0.63333333333333330        7.5739814708001836E-004
  0.93333333333333335       0.66666666666666663        4.6612450425145775E-004
  0.93333333333333335       0.69999999999999996        2.8083525433769826E-004
  0.93333333333333335       0.73333333333333328        1.6560615730306142E-004
  0.93333333333333335       0.76666666666666661        9.5560100703486497E-005
  0.93333333333333335       0.80000000000000004        5.3942160022694287E-005
  0.93333333333333335       0.83333333333333337        2.9771388371806191E-005
  0.93333333333333335       0.86666666666666670        1.6039426979482451E-005
  0.93333333333333335       0.90000000000000002        8.3830027481521604E-006
  0.93333333333333335       0.93333333333333335        4.1388150610709902E-006
  0.93333333333333335       0.96666666666666667        1.6874132315502165E-006
  0.93333333333333335        1.0000000000000000        0.0000000000000000     

  0.96666666666666667        0.0000000000000000       0.10452846326765373     
  0.96666666666666667        3.3333333333333333E-002   8.9723151393633419E-002
  0.96666666666666667        6.6666666666666666E-002   7.6113879222753103E-002
  0.96666666666666667       0.10000000000000001        6.3750674214477096E-002
  0.96666666666666667       0.13333333333333333        5.2670947685134341E-002
  0.96666666666666667       0.16666666666666666        4.2890280065369088E-002
  0.96666666666666667       0.20000000000000001        3.4396597352536903E-002
  0.96666666666666667       0.23333333333333334        2.7148033760986678E-002
  0.96666666666666667       0.26666666666666666        2.1074292541646101E-002
  0.96666666666666667       0.29999999999999999        1.6080903703125274E-002
  0.96666666666666667       0.33333333333333331        1.2055495156314907E-002
  0.96666666666666667       0.36666666666666664        8.8750732012798216E-003
  0.96666666666666667       0.40000000000000002        6.4133466971651341E-003
  0.96666666666666667       0.43333333333333335        4.5472960114680923E-003
  0.96666666666666667       0.46666666666666667        3.1624345190464755E-003
  0.96666666666666667       0.50000000000000000        2.1564833521567151E-003
  0.96666666666666667       0.53333333333333333        1.4414317150717533E-003
  0.96666666666666667       0.56666666666666665        9.4415169481894734E-004
  0.96666666666666667       0.59999999999999998        6.0586160041604400E-004
  0.96666666666666667       0.63333333333333330        3.8078505390751221E-004
  0.96666666666666667       0.66666666666666663        2.3434602416614017E-004
  0.96666666666666667       0.69999999999999996        1.4119108671494077E-004
  0.96666666666666667       0.73333333333333328        8.3259181157463186E-005
  0.96666666666666667       0.76666666666666661        4.8043236226639535E-005
  0.96666666666666667       0.80000000000000004        2.7119644260179618E-005
  0.96666666666666667       0.83333333333333337        1.4967688750976060E-005
  0.96666666666666667       0.86666666666666670        8.0638883136620226E-006
  0.96666666666666667       0.90000000000000002        4.2145893354353540E-006
  0.96666666666666667       0.93333333333333335        2.0808064057445304E-006
  0.96666666666666667       0.96666666666666667        8.4835398768438585E-007
  0.96666666666666667        1.0000000000000000        0.0000000000000000     

   1.0000000000000000        0.0000000000000000        1.2246467991473532E-016
   1.0000000000000000        3.3333333333333333E-002   0.0000000000000000     
   1.0000000000000000        6.6666666666666666E-002   0.0000000000000000     
   1.0000000000000000       0.10000000000000001        0.0000000000000000     
   1.0000000000000000       0.13333333333333333        0.0000000000000000     
   1.0000000000000000       0.16666666666666666        0.0000000000000000     
   1.0000000000000000       0.20000000000000001        0.0000000000000000     
   1.0000000000000000       0.23333333333333334        0.0000000000000000     
   1.0000000000000000       0.26666666666666666        0.0000000000000000     
   1.0000000000000000       0.29999999999999999        0.0000000000000000     
   1.0000000000000000       0.33333333333333331        0.0000000000000000     
   1.0000000000000000       0.36666666666666664        0.0000000000000000     
   1.0000000000000000       0.40000000000000002        0.0000000000000000     
   1.0000000000000000       0.43333333333333335        0.0000000000000000     
   1.0000000000000000       0.46666666666666667        0.0000000000000000     
   1.0000000000000000       0.50000000000000000        0.0000000000000000     
   1.0000000000000000       0.53333333333333333        0.0000000000000000     
   1.0000000000000000       0.56666666666666665        0.0000000000000000     
   1.0000000000000000       0.59999999999999998        0.0000000000000000     
   1.0000000000000000       0.63333333333333330        0.0000000000000000     
   1.0000000000000000       0.66666666666666663        0.0000000000000000     
   1.0000000000000000       0.69999999999999996        0.0000000000000000     
   1.0000000000000000       0.73333333333333328        0.0000000000000000     
   1.0000000000000000       0.76666666666666661        0.0000000000000000     
   1.0000000000000000       0.80000000000000004        0.0000000000000000     
   1.0000000000000000       0.83333333333333337        0.0000000000000000     
   1.0000000000000000       0.86666666666666670        0.0000000000000000     
   1.0000000000000000       0.90000000000000002        0.0000000000000000     
   1.0000000000000000       0.93333333333333335        0.0000000000000000     
   1.0000000000000000       0.96666666666666667        0.0000000000000000     
   1.0000000000000000        1.0000000000000000        0.0000000000000000     

