  0.0000E+00  0.0000E+00
  0.5000E-01  0.4574E-01
  0.1000E+00  0.9062E-01
  0.1500E+00  0.1338E+00
  0.2000E+00  0.1742E+00
  0.2500E+00  0.2109E+00
  0.3000E+00  0.2429E+00
  0.3500E+00  0.2690E+00
  0.4000E+00  0.2885E+00
  0.4500E+00  0.3005E+00
  0.5000E+00  0.3046E+00
  0.5500E+00  0.3005E+00
  0.6000E+00  0.2885E+00
  0.6500E+00  0.2690E+00
  0.7000E+00  0.2429E+00
  0.7500E+00  0.2109E+00
  0.8000E+00  0.1742E+00
  0.8500E+00  0.1338E+00
  0.9000E+00  0.9062E-01
  0.9500E+00  0.4574E-01
  0.1000E+01  0.3577E-16
