   0.0000000000000000        0.0000000000000000        0.0000000000000000     
   0.0000000000000000        3.3333333333333333E-002   0.0000000000000000     
   0.0000000000000000        6.6666666666666666E-002   0.0000000000000000     
   0.0000000000000000       0.10000000000000001        0.0000000000000000     
   0.0000000000000000       0.13333333333333333        0.0000000000000000     
   0.0000000000000000       0.16666666666666666        0.0000000000000000     
   0.0000000000000000       0.20000000000000001        0.0000000000000000     
   0.0000000000000000       0.23333333333333334        0.0000000000000000     
   0.0000000000000000       0.26666666666666666        0.0000000000000000     
   0.0000000000000000       0.29999999999999999        0.0000000000000000     
   0.0000000000000000       0.33333333333333331        0.0000000000000000     
   0.0000000000000000       0.36666666666666664        0.0000000000000000     
   0.0000000000000000       0.40000000000000002        0.0000000000000000     
   0.0000000000000000       0.43333333333333335        0.0000000000000000     
   0.0000000000000000       0.46666666666666667        0.0000000000000000     
   0.0000000000000000       0.50000000000000000        0.0000000000000000     
   0.0000000000000000       0.53333333333333333        0.0000000000000000     
   0.0000000000000000       0.56666666666666665        0.0000000000000000     
   0.0000000000000000       0.59999999999999998        0.0000000000000000     
   0.0000000000000000       0.63333333333333330        0.0000000000000000     
   0.0000000000000000       0.66666666666666663        0.0000000000000000     
   0.0000000000000000       0.69999999999999996        0.0000000000000000     
   0.0000000000000000       0.73333333333333328        0.0000000000000000     
   0.0000000000000000       0.76666666666666661        0.0000000000000000     
   0.0000000000000000       0.80000000000000004        0.0000000000000000     
   0.0000000000000000       0.83333333333333337        0.0000000000000000     
   0.0000000000000000       0.86666666666666670        0.0000000000000000     
   0.0000000000000000       0.90000000000000002        0.0000000000000000     
   0.0000000000000000       0.93333333333333335        0.0000000000000000     
   0.0000000000000000       0.96666666666666667        0.0000000000000000     
   0.0000000000000000        1.0000000000000000        0.0000000000000000     

   3.3333333333333333E-002   0.0000000000000000       0.10452846326765346     
   3.3333333333333333E-002   3.3333333333333333E-002   5.0454142435470146E-002
   3.3333333333333333E-002   6.6666666666666666E-002   1.6381697787807573E-002
   3.3333333333333333E-002  0.10000000000000001        3.1464030262288675E-003
   3.3333333333333333E-002  0.13333333333333333        2.6789506945165193E-004
   3.3333333333333333E-002  0.16666666666666666        0.0000000000000000     
   3.3333333333333333E-002  0.20000000000000001        0.0000000000000000     
   3.3333333333333333E-002  0.23333333333333334        0.0000000000000000     
   3.3333333333333333E-002  0.26666666666666666        0.0000000000000000     
   3.3333333333333333E-002  0.29999999999999999        0.0000000000000000     
   3.3333333333333333E-002  0.33333333333333331        0.0000000000000000     
   3.3333333333333333E-002  0.36666666666666664        0.0000000000000000     
   3.3333333333333333E-002  0.40000000000000002        0.0000000000000000     
   3.3333333333333333E-002  0.43333333333333335        0.0000000000000000     
   3.3333333333333333E-002  0.46666666666666667        0.0000000000000000     
   3.3333333333333333E-002  0.50000000000000000        0.0000000000000000     
   3.3333333333333333E-002  0.53333333333333333        0.0000000000000000     
   3.3333333333333333E-002  0.56666666666666665        0.0000000000000000     
   3.3333333333333333E-002  0.59999999999999998        0.0000000000000000     
   3.3333333333333333E-002  0.63333333333333330        0.0000000000000000     
   3.3333333333333333E-002  0.66666666666666663        0.0000000000000000     
   3.3333333333333333E-002  0.69999999999999996        0.0000000000000000     
   3.3333333333333333E-002  0.73333333333333328        0.0000000000000000     
   3.3333333333333333E-002  0.76666666666666661        0.0000000000000000     
   3.3333333333333333E-002  0.80000000000000004        0.0000000000000000     
   3.3333333333333333E-002  0.83333333333333337        0.0000000000000000     
   3.3333333333333333E-002  0.86666666666666670        0.0000000000000000     
   3.3333333333333333E-002  0.90000000000000002        0.0000000000000000     
   3.3333333333333333E-002  0.93333333333333335        0.0000000000000000     
   3.3333333333333333E-002  0.96666666666666667        0.0000000000000000     
   3.3333333333333333E-002   1.0000000000000000        0.0000000000000000     

   6.6666666666666666E-002   0.0000000000000000       0.20791169081775931     
   6.6666666666666666E-002   3.3333333333333333E-002  0.10035549872820920     
   6.6666666666666666E-002   6.6666666666666666E-002   3.2583914266561279E-002
   6.6666666666666666E-002  0.10000000000000001        6.2583334024752090E-003
   6.6666666666666666E-002  0.13333333333333333        5.3285502446174420E-004
   6.6666666666666666E-002  0.16666666666666666        0.0000000000000000     
   6.6666666666666666E-002  0.20000000000000001        0.0000000000000000     
   6.6666666666666666E-002  0.23333333333333334        0.0000000000000000     
   6.6666666666666666E-002  0.26666666666666666        0.0000000000000000     
   6.6666666666666666E-002  0.29999999999999999        0.0000000000000000     
   6.6666666666666666E-002  0.33333333333333331        0.0000000000000000     
   6.6666666666666666E-002  0.36666666666666664        0.0000000000000000     
   6.6666666666666666E-002  0.40000000000000002        0.0000000000000000     
   6.6666666666666666E-002  0.43333333333333335        0.0000000000000000     
   6.6666666666666666E-002  0.46666666666666667        0.0000000000000000     
   6.6666666666666666E-002  0.50000000000000000        0.0000000000000000     
   6.6666666666666666E-002  0.53333333333333333        0.0000000000000000     
   6.6666666666666666E-002  0.56666666666666665        0.0000000000000000     
   6.6666666666666666E-002  0.59999999999999998        0.0000000000000000     
   6.6666666666666666E-002  0.63333333333333330        0.0000000000000000     
   6.6666666666666666E-002  0.66666666666666663        0.0000000000000000     
   6.6666666666666666E-002  0.69999999999999996        0.0000000000000000     
   6.6666666666666666E-002  0.73333333333333328        0.0000000000000000     
   6.6666666666666666E-002  0.76666666666666661        0.0000000000000000     
   6.6666666666666666E-002  0.80000000000000004        0.0000000000000000     
   6.6666666666666666E-002  0.83333333333333337        0.0000000000000000     
   6.6666666666666666E-002  0.86666666666666670        0.0000000000000000     
   6.6666666666666666E-002  0.90000000000000002        0.0000000000000000     
   6.6666666666666666E-002  0.93333333333333335        0.0000000000000000     
   6.6666666666666666E-002  0.96666666666666667        0.0000000000000000     
   6.6666666666666666E-002   1.0000000000000000        0.0000000000000000     

  0.10000000000000001        0.0000000000000000       0.30901699437494740     
  0.10000000000000001        3.3333333333333333E-002  0.14915733917614379     
  0.10000000000000001        6.6666666666666666E-002   4.8429134561988108E-002
  0.10000000000000001       0.10000000000000001        9.3016961683235738E-003
  0.10000000000000001       0.13333333333333333        7.9197690831675114E-004
  0.10000000000000001       0.16666666666666666        0.0000000000000000     
  0.10000000000000001       0.20000000000000001        0.0000000000000000     
  0.10000000000000001       0.23333333333333334        0.0000000000000000     
  0.10000000000000001       0.26666666666666666        0.0000000000000000     
  0.10000000000000001       0.29999999999999999        0.0000000000000000     
  0.10000000000000001       0.33333333333333331        0.0000000000000000     
  0.10000000000000001       0.36666666666666664        0.0000000000000000     
  0.10000000000000001       0.40000000000000002        0.0000000000000000     
  0.10000000000000001       0.43333333333333335        0.0000000000000000     
  0.10000000000000001       0.46666666666666667        0.0000000000000000     
  0.10000000000000001       0.50000000000000000        0.0000000000000000     
  0.10000000000000001       0.53333333333333333        0.0000000000000000     
  0.10000000000000001       0.56666666666666665        0.0000000000000000     
  0.10000000000000001       0.59999999999999998        0.0000000000000000     
  0.10000000000000001       0.63333333333333330        0.0000000000000000     
  0.10000000000000001       0.66666666666666663        0.0000000000000000     
  0.10000000000000001       0.69999999999999996        0.0000000000000000     
  0.10000000000000001       0.73333333333333328        0.0000000000000000     
  0.10000000000000001       0.76666666666666661        0.0000000000000000     
  0.10000000000000001       0.80000000000000004        0.0000000000000000     
  0.10000000000000001       0.83333333333333337        0.0000000000000000     
  0.10000000000000001       0.86666666666666670        0.0000000000000000     
  0.10000000000000001       0.90000000000000002        0.0000000000000000     
  0.10000000000000001       0.93333333333333335        0.0000000000000000     
  0.10000000000000001       0.96666666666666667        0.0000000000000000     
  0.10000000000000001        1.0000000000000000        0.0000000000000000     

  0.13333333333333333        0.0000000000000000       0.40673664307580015     
  0.13333333333333333        3.3333333333333333E-002  0.19632498060288461     
  0.13333333333333333        6.6666666666666666E-002   6.3743755124705870E-002
  0.13333333333333333       0.10000000000000001        1.2243147604446719E-002
  0.13333333333333333       0.13333333333333333        1.0424217274324168E-003
  0.13333333333333333       0.16666666666666666        0.0000000000000000     
  0.13333333333333333       0.20000000000000001        0.0000000000000000     
  0.13333333333333333       0.23333333333333334        0.0000000000000000     
  0.13333333333333333       0.26666666666666666        0.0000000000000000     
  0.13333333333333333       0.29999999999999999        0.0000000000000000     
  0.13333333333333333       0.33333333333333331        0.0000000000000000     
  0.13333333333333333       0.36666666666666664        0.0000000000000000     
  0.13333333333333333       0.40000000000000002        0.0000000000000000     
  0.13333333333333333       0.43333333333333335        0.0000000000000000     
  0.13333333333333333       0.46666666666666667        0.0000000000000000     
  0.13333333333333333       0.50000000000000000        0.0000000000000000     
  0.13333333333333333       0.53333333333333333        0.0000000000000000     
  0.13333333333333333       0.56666666666666665        0.0000000000000000     
  0.13333333333333333       0.59999999999999998        0.0000000000000000     
  0.13333333333333333       0.63333333333333330        0.0000000000000000     
  0.13333333333333333       0.66666666666666663        0.0000000000000000     
  0.13333333333333333       0.69999999999999996        0.0000000000000000     
  0.13333333333333333       0.73333333333333328        0.0000000000000000     
  0.13333333333333333       0.76666666666666661        0.0000000000000000     
  0.13333333333333333       0.80000000000000004        0.0000000000000000     
  0.13333333333333333       0.83333333333333337        0.0000000000000000     
  0.13333333333333333       0.86666666666666670        0.0000000000000000     
  0.13333333333333333       0.90000000000000002        0.0000000000000000     
  0.13333333333333333       0.93333333333333335        0.0000000000000000     
  0.13333333333333333       0.96666666666666667        0.0000000000000000     
  0.13333333333333333        1.0000000000000000        0.0000000000000000     

  0.16666666666666666        0.0000000000000000       0.49999999999999994     
  0.16666666666666666        3.3333333333333333E-002  0.24134164445849687     
  0.16666666666666666        6.6666666666666666E-002   7.8359985767039023E-002
  0.16666666666666666       0.10000000000000001        1.5050460553372204E-002
  0.16666666666666666       0.13333333333333333        1.2814455559615624E-003
  0.16666666666666666       0.16666666666666666        0.0000000000000000     
  0.16666666666666666       0.20000000000000001        0.0000000000000000     
  0.16666666666666666       0.23333333333333334        0.0000000000000000     
  0.16666666666666666       0.26666666666666666        0.0000000000000000     
  0.16666666666666666       0.29999999999999999        0.0000000000000000     
  0.16666666666666666       0.33333333333333331        0.0000000000000000     
  0.16666666666666666       0.36666666666666664        0.0000000000000000     
  0.16666666666666666       0.40000000000000002        0.0000000000000000     
  0.16666666666666666       0.43333333333333335        0.0000000000000000     
  0.16666666666666666       0.46666666666666667        0.0000000000000000     
  0.16666666666666666       0.50000000000000000        0.0000000000000000     
  0.16666666666666666       0.53333333333333333        0.0000000000000000     
  0.16666666666666666       0.56666666666666665        0.0000000000000000     
  0.16666666666666666       0.59999999999999998        0.0000000000000000     
  0.16666666666666666       0.63333333333333330        0.0000000000000000     
  0.16666666666666666       0.66666666666666663        0.0000000000000000     
  0.16666666666666666       0.69999999999999996        0.0000000000000000     
  0.16666666666666666       0.73333333333333328        0.0000000000000000     
  0.16666666666666666       0.76666666666666661        0.0000000000000000     
  0.16666666666666666       0.80000000000000004        0.0000000000000000     
  0.16666666666666666       0.83333333333333337        0.0000000000000000     
  0.16666666666666666       0.86666666666666670        0.0000000000000000     
  0.16666666666666666       0.90000000000000002        0.0000000000000000     
  0.16666666666666666       0.93333333333333335        0.0000000000000000     
  0.16666666666666666       0.96666666666666667        0.0000000000000000     
  0.16666666666666666        1.0000000000000000        0.0000000000000000     

  0.20000000000000001        0.0000000000000000       0.58778525229247314     
  0.20000000000000001        3.3333333333333333E-002  0.28371411875343588     
  0.20000000000000001        6.6666666666666666E-002   9.2117688007427270E-002
  0.20000000000000001       0.10000000000000001        1.7692877506963592E-002
  0.20000000000000001       0.13333333333333333        1.5064295988198712E-003
  0.20000000000000001       0.16666666666666666        0.0000000000000000     
  0.20000000000000001       0.20000000000000001        0.0000000000000000     
  0.20000000000000001       0.23333333333333334        0.0000000000000000     
  0.20000000000000001       0.26666666666666666        0.0000000000000000     
  0.20000000000000001       0.29999999999999999        0.0000000000000000     
  0.20000000000000001       0.33333333333333331        0.0000000000000000     
  0.20000000000000001       0.36666666666666664        0.0000000000000000     
  0.20000000000000001       0.40000000000000002        0.0000000000000000     
  0.20000000000000001       0.43333333333333335        0.0000000000000000     
  0.20000000000000001       0.46666666666666667        0.0000000000000000     
  0.20000000000000001       0.50000000000000000        0.0000000000000000     
  0.20000000000000001       0.53333333333333333        0.0000000000000000     
  0.20000000000000001       0.56666666666666665        0.0000000000000000     
  0.20000000000000001       0.59999999999999998        0.0000000000000000     
  0.20000000000000001       0.63333333333333330        0.0000000000000000     
  0.20000000000000001       0.66666666666666663        0.0000000000000000     
  0.20000000000000001       0.69999999999999996        0.0000000000000000     
  0.20000000000000001       0.73333333333333328        0.0000000000000000     
  0.20000000000000001       0.76666666666666661        0.0000000000000000     
  0.20000000000000001       0.80000000000000004        0.0000000000000000     
  0.20000000000000001       0.83333333333333337        0.0000000000000000     
  0.20000000000000001       0.86666666666666670        0.0000000000000000     
  0.20000000000000001       0.90000000000000002        0.0000000000000000     
  0.20000000000000001       0.93333333333333335        0.0000000000000000     
  0.20000000000000001       0.96666666666666667        0.0000000000000000     
  0.20000000000000001        1.0000000000000000        0.0000000000000000     

  0.23333333333333334        0.0000000000000000       0.66913060635885824     
  0.23333333333333334        3.3333333333333333E-002  0.32297816179231598     
  0.23333333333333334        6.6666666666666666E-002  0.10486612958114064     
  0.23333333333333334       0.10000000000000001        2.0141447592116037E-002
  0.23333333333333334       0.13333333333333333        1.7149088837528493E-003
  0.23333333333333334       0.16666666666666666        0.0000000000000000     
  0.23333333333333334       0.20000000000000001        0.0000000000000000     
  0.23333333333333334       0.23333333333333334        0.0000000000000000     
  0.23333333333333334       0.26666666666666666        0.0000000000000000     
  0.23333333333333334       0.29999999999999999        0.0000000000000000     
  0.23333333333333334       0.33333333333333331        0.0000000000000000     
  0.23333333333333334       0.36666666666666664        0.0000000000000000     
  0.23333333333333334       0.40000000000000002        0.0000000000000000     
  0.23333333333333334       0.43333333333333335        0.0000000000000000     
  0.23333333333333334       0.46666666666666667        0.0000000000000000     
  0.23333333333333334       0.50000000000000000        0.0000000000000000     
  0.23333333333333334       0.53333333333333333        0.0000000000000000     
  0.23333333333333334       0.56666666666666665        0.0000000000000000     
  0.23333333333333334       0.59999999999999998        0.0000000000000000     
  0.23333333333333334       0.63333333333333330        0.0000000000000000     
  0.23333333333333334       0.66666666666666663        0.0000000000000000     
  0.23333333333333334       0.69999999999999996        0.0000000000000000     
  0.23333333333333334       0.73333333333333328        0.0000000000000000     
  0.23333333333333334       0.76666666666666661        0.0000000000000000     
  0.23333333333333334       0.80000000000000004        0.0000000000000000     
  0.23333333333333334       0.83333333333333337        0.0000000000000000     
  0.23333333333333334       0.86666666666666670        0.0000000000000000     
  0.23333333333333334       0.90000000000000002        0.0000000000000000     
  0.23333333333333334       0.93333333333333335        0.0000000000000000     
  0.23333333333333334       0.96666666666666667        0.0000000000000000     
  0.23333333333333334        1.0000000000000000        0.0000000000000000     

  0.26666666666666666        0.0000000000000000       0.74314482547739413     
  0.26666666666666666        3.3333333333333333E-002  0.35870358850307393     
  0.26666666666666666        6.6666666666666666E-002  0.11646563589451461     
  0.26666666666666666       0.10000000000000001        2.2369343762580384E-002
  0.26666666666666666       0.13333333333333333        1.9045992680876754E-003
  0.26666666666666666       0.16666666666666666        0.0000000000000000     
  0.26666666666666666       0.20000000000000001        0.0000000000000000     
  0.26666666666666666       0.23333333333333334        0.0000000000000000     
  0.26666666666666666       0.26666666666666666        0.0000000000000000     
  0.26666666666666666       0.29999999999999999        0.0000000000000000     
  0.26666666666666666       0.33333333333333331        0.0000000000000000     
  0.26666666666666666       0.36666666666666664        0.0000000000000000     
  0.26666666666666666       0.40000000000000002        0.0000000000000000     
  0.26666666666666666       0.43333333333333335        0.0000000000000000     
  0.26666666666666666       0.46666666666666667        0.0000000000000000     
  0.26666666666666666       0.50000000000000000        0.0000000000000000     
  0.26666666666666666       0.53333333333333333        0.0000000000000000     
  0.26666666666666666       0.56666666666666665        0.0000000000000000     
  0.26666666666666666       0.59999999999999998        0.0000000000000000     
  0.26666666666666666       0.63333333333333330        0.0000000000000000     
  0.26666666666666666       0.66666666666666663        0.0000000000000000     
  0.26666666666666666       0.69999999999999996        0.0000000000000000     
  0.26666666666666666       0.73333333333333328        0.0000000000000000     
  0.26666666666666666       0.76666666666666661        0.0000000000000000     
  0.26666666666666666       0.80000000000000004        0.0000000000000000     
  0.26666666666666666       0.83333333333333337        0.0000000000000000     
  0.26666666666666666       0.86666666666666670        0.0000000000000000     
  0.26666666666666666       0.90000000000000002        0.0000000000000000     
  0.26666666666666666       0.93333333333333335        0.0000000000000000     
  0.26666666666666666       0.96666666666666667        0.0000000000000000     
  0.26666666666666666        1.0000000000000000        0.0000000000000000     

  0.29999999999999999        0.0000000000000000       0.80901699437494745     
  0.29999999999999999        3.3333333333333333E-002  0.39049898363464064     
  0.29999999999999999        6.6666666666666666E-002  0.12678912032902712     
  0.29999999999999999       0.10000000000000001        2.4352156721695776E-002
  0.29999999999999999       0.13333333333333333        2.0734224642783143E-003
  0.29999999999999999       0.16666666666666666        0.0000000000000000     
  0.29999999999999999       0.20000000000000001        0.0000000000000000     
  0.29999999999999999       0.23333333333333334        0.0000000000000000     
  0.29999999999999999       0.26666666666666666        0.0000000000000000     
  0.29999999999999999       0.29999999999999999        0.0000000000000000     
  0.29999999999999999       0.33333333333333331        0.0000000000000000     
  0.29999999999999999       0.36666666666666664        0.0000000000000000     
  0.29999999999999999       0.40000000000000002        0.0000000000000000     
  0.29999999999999999       0.43333333333333335        0.0000000000000000     
  0.29999999999999999       0.46666666666666667        0.0000000000000000     
  0.29999999999999999       0.50000000000000000        0.0000000000000000     
  0.29999999999999999       0.53333333333333333        0.0000000000000000     
  0.29999999999999999       0.56666666666666665        0.0000000000000000     
  0.29999999999999999       0.59999999999999998        0.0000000000000000     
  0.29999999999999999       0.63333333333333330        0.0000000000000000     
  0.29999999999999999       0.66666666666666663        0.0000000000000000     
  0.29999999999999999       0.69999999999999996        0.0000000000000000     
  0.29999999999999999       0.73333333333333328        0.0000000000000000     
  0.29999999999999999       0.76666666666666661        0.0000000000000000     
  0.29999999999999999       0.80000000000000004        0.0000000000000000     
  0.29999999999999999       0.83333333333333337        0.0000000000000000     
  0.29999999999999999       0.86666666666666670        0.0000000000000000     
  0.29999999999999999       0.90000000000000002        0.0000000000000000     
  0.29999999999999999       0.93333333333333335        0.0000000000000000     
  0.29999999999999999       0.96666666666666667        0.0000000000000000     
  0.29999999999999999        1.0000000000000000        0.0000000000000000     

  0.33333333333333331        0.0000000000000000       0.86602540378443860     
  0.33333333333333331        3.3333333333333333E-002  0.41801599018434032     
  0.33333333333333331        6.6666666666666666E-002  0.13572347662888568     
  0.33333333333333331       0.10000000000000001        2.6068162355751857E-002
  0.33333333333333331       0.13333333333333333        2.2195288100587737E-003
  0.33333333333333331       0.16666666666666666        0.0000000000000000     
  0.33333333333333331       0.20000000000000001        0.0000000000000000     
  0.33333333333333331       0.23333333333333334        0.0000000000000000     
  0.33333333333333331       0.26666666666666666        0.0000000000000000     
  0.33333333333333331       0.29999999999999999        0.0000000000000000     
  0.33333333333333331       0.33333333333333331        0.0000000000000000     
  0.33333333333333331       0.36666666666666664        0.0000000000000000     
  0.33333333333333331       0.40000000000000002        0.0000000000000000     
  0.33333333333333331       0.43333333333333335        0.0000000000000000     
  0.33333333333333331       0.46666666666666667        0.0000000000000000     
  0.33333333333333331       0.50000000000000000        0.0000000000000000     
  0.33333333333333331       0.53333333333333333        0.0000000000000000     
  0.33333333333333331       0.56666666666666665        0.0000000000000000     
  0.33333333333333331       0.59999999999999998        0.0000000000000000     
  0.33333333333333331       0.63333333333333330        0.0000000000000000     
  0.33333333333333331       0.66666666666666663        0.0000000000000000     
  0.33333333333333331       0.69999999999999996        0.0000000000000000     
  0.33333333333333331       0.73333333333333328        0.0000000000000000     
  0.33333333333333331       0.76666666666666661        0.0000000000000000     
  0.33333333333333331       0.80000000000000004        0.0000000000000000     
  0.33333333333333331       0.83333333333333337        0.0000000000000000     
  0.33333333333333331       0.86666666666666670        0.0000000000000000     
  0.33333333333333331       0.90000000000000002        0.0000000000000000     
  0.33333333333333331       0.93333333333333335        0.0000000000000000     
  0.33333333333333331       0.96666666666666667        0.0000000000000000     
  0.33333333333333331        1.0000000000000000        0.0000000000000000     

  0.36666666666666664        0.0000000000000000       0.91354545764260087     
  0.36666666666666664        3.3333333333333333E-002  0.44095312607011078     
  0.36666666666666664        6.6666666666666666E-002  0.14317081811683471     
  0.36666666666666664       0.10000000000000001        2.7498559747924645E-002
  0.36666666666666664       0.13333333333333333        2.3413175337299659E-003
  0.36666666666666664       0.16666666666666666        0.0000000000000000     
  0.36666666666666664       0.20000000000000001        0.0000000000000000     
  0.36666666666666664       0.23333333333333334        0.0000000000000000     
  0.36666666666666664       0.26666666666666666        0.0000000000000000     
  0.36666666666666664       0.29999999999999999        0.0000000000000000     
  0.36666666666666664       0.33333333333333331        0.0000000000000000     
  0.36666666666666664       0.36666666666666664        0.0000000000000000     
  0.36666666666666664       0.40000000000000002        0.0000000000000000     
  0.36666666666666664       0.43333333333333335        0.0000000000000000     
  0.36666666666666664       0.46666666666666667        0.0000000000000000     
  0.36666666666666664       0.50000000000000000        0.0000000000000000     
  0.36666666666666664       0.53333333333333333        0.0000000000000000     
  0.36666666666666664       0.56666666666666665        0.0000000000000000     
  0.36666666666666664       0.59999999999999998        0.0000000000000000     
  0.36666666666666664       0.63333333333333330        0.0000000000000000     
  0.36666666666666664       0.66666666666666663        0.0000000000000000     
  0.36666666666666664       0.69999999999999996        0.0000000000000000     
  0.36666666666666664       0.73333333333333328        0.0000000000000000     
  0.36666666666666664       0.76666666666666661        0.0000000000000000     
  0.36666666666666664       0.80000000000000004        0.0000000000000000     
  0.36666666666666664       0.83333333333333337        0.0000000000000000     
  0.36666666666666664       0.86666666666666670        0.0000000000000000     
  0.36666666666666664       0.90000000000000002        0.0000000000000000     
  0.36666666666666664       0.93333333333333335        0.0000000000000000     
  0.36666666666666664       0.96666666666666667        0.0000000000000000     
  0.36666666666666664        1.0000000000000000        0.0000000000000000     

  0.40000000000000002        0.0000000000000000       0.95105651629515353     
  0.40000000000000002        3.3333333333333333E-002  0.45905908723128314     
  0.40000000000000002        6.6666666666666666E-002  0.14904955016107591     
  0.40000000000000002       0.10000000000000001        2.8627677165055595E-002
  0.40000000000000002       0.13333333333333333        2.4374542925494199E-003
  0.40000000000000002       0.16666666666666666        0.0000000000000000     
  0.40000000000000002       0.20000000000000001        0.0000000000000000     
  0.40000000000000002       0.23333333333333334        0.0000000000000000     
  0.40000000000000002       0.26666666666666666        0.0000000000000000     
  0.40000000000000002       0.29999999999999999        0.0000000000000000     
  0.40000000000000002       0.33333333333333331        0.0000000000000000     
  0.40000000000000002       0.36666666666666664        0.0000000000000000     
  0.40000000000000002       0.40000000000000002        0.0000000000000000     
  0.40000000000000002       0.43333333333333335        0.0000000000000000     
  0.40000000000000002       0.46666666666666667        0.0000000000000000     
  0.40000000000000002       0.50000000000000000        0.0000000000000000     
  0.40000000000000002       0.53333333333333333        0.0000000000000000     
  0.40000000000000002       0.56666666666666665        0.0000000000000000     
  0.40000000000000002       0.59999999999999998        0.0000000000000000     
  0.40000000000000002       0.63333333333333330        0.0000000000000000     
  0.40000000000000002       0.66666666666666663        0.0000000000000000     
  0.40000000000000002       0.69999999999999996        0.0000000000000000     
  0.40000000000000002       0.73333333333333328        0.0000000000000000     
  0.40000000000000002       0.76666666666666661        0.0000000000000000     
  0.40000000000000002       0.80000000000000004        0.0000000000000000     
  0.40000000000000002       0.83333333333333337        0.0000000000000000     
  0.40000000000000002       0.86666666666666670        0.0000000000000000     
  0.40000000000000002       0.90000000000000002        0.0000000000000000     
  0.40000000000000002       0.93333333333333335        0.0000000000000000     
  0.40000000000000002       0.96666666666666667        0.0000000000000000     
  0.40000000000000002        1.0000000000000000        0.0000000000000000     

  0.43333333333333335        0.0000000000000000       0.97814760073380569     
  0.43333333333333335        3.3333333333333333E-002  0.47213550096845974     
  0.43333333333333335        6.6666666666666666E-002  0.15329526414312877     
  0.43333333333333335       0.10000000000000001        2.9443143760439612E-002
  0.43333333333333335       0.13333333333333333        2.5068857920696004E-003
  0.43333333333333335       0.16666666666666666        0.0000000000000000     
  0.43333333333333335       0.20000000000000001        0.0000000000000000     
  0.43333333333333335       0.23333333333333334        0.0000000000000000     
  0.43333333333333335       0.26666666666666666        0.0000000000000000     
  0.43333333333333335       0.29999999999999999        0.0000000000000000     
  0.43333333333333335       0.33333333333333331        0.0000000000000000     
  0.43333333333333335       0.36666666666666664        0.0000000000000000     
  0.43333333333333335       0.40000000000000002        0.0000000000000000     
  0.43333333333333335       0.43333333333333335        0.0000000000000000     
  0.43333333333333335       0.46666666666666667        0.0000000000000000     
  0.43333333333333335       0.50000000000000000        0.0000000000000000     
  0.43333333333333335       0.53333333333333333        0.0000000000000000     
  0.43333333333333335       0.56666666666666665        0.0000000000000000     
  0.43333333333333335       0.59999999999999998        0.0000000000000000     
  0.43333333333333335       0.63333333333333330        0.0000000000000000     
  0.43333333333333335       0.66666666666666663        0.0000000000000000     
  0.43333333333333335       0.69999999999999996        0.0000000000000000     
  0.43333333333333335       0.73333333333333328        0.0000000000000000     
  0.43333333333333335       0.76666666666666661        0.0000000000000000     
  0.43333333333333335       0.80000000000000004        0.0000000000000000     
  0.43333333333333335       0.83333333333333337        0.0000000000000000     
  0.43333333333333335       0.86666666666666670        0.0000000000000000     
  0.43333333333333335       0.90000000000000002        0.0000000000000000     
  0.43333333333333335       0.93333333333333335        0.0000000000000000     
  0.43333333333333335       0.96666666666666667        0.0000000000000000     
  0.43333333333333335        1.0000000000000000        0.0000000000000000     

  0.46666666666666667        0.0000000000000000       0.99452189536827329     
  0.46666666666666667        3.3333333333333333E-002  0.48003909935632050     
  0.46666666666666667        6.6666666666666666E-002  0.15586144313213315     
  0.46666666666666667       0.10000000000000001        2.9936025111410313E-002
  0.46666666666666667       0.13333333333333333        2.5488513262522882E-003
  0.46666666666666667       0.16666666666666666        0.0000000000000000     
  0.46666666666666667       0.20000000000000001        0.0000000000000000     
  0.46666666666666667       0.23333333333333334        0.0000000000000000     
  0.46666666666666667       0.26666666666666666        0.0000000000000000     
  0.46666666666666667       0.29999999999999999        0.0000000000000000     
  0.46666666666666667       0.33333333333333331        0.0000000000000000     
  0.46666666666666667       0.36666666666666664        0.0000000000000000     
  0.46666666666666667       0.40000000000000002        0.0000000000000000     
  0.46666666666666667       0.43333333333333335        0.0000000000000000     
  0.46666666666666667       0.46666666666666667        0.0000000000000000     
  0.46666666666666667       0.50000000000000000        0.0000000000000000     
  0.46666666666666667       0.53333333333333333        0.0000000000000000     
  0.46666666666666667       0.56666666666666665        0.0000000000000000     
  0.46666666666666667       0.59999999999999998        0.0000000000000000     
  0.46666666666666667       0.63333333333333330        0.0000000000000000     
  0.46666666666666667       0.66666666666666663        0.0000000000000000     
  0.46666666666666667       0.69999999999999996        0.0000000000000000     
  0.46666666666666667       0.73333333333333328        0.0000000000000000     
  0.46666666666666667       0.76666666666666661        0.0000000000000000     
  0.46666666666666667       0.80000000000000004        0.0000000000000000     
  0.46666666666666667       0.83333333333333337        0.0000000000000000     
  0.46666666666666667       0.86666666666666670        0.0000000000000000     
  0.46666666666666667       0.90000000000000002        0.0000000000000000     
  0.46666666666666667       0.93333333333333335        0.0000000000000000     
  0.46666666666666667       0.96666666666666667        0.0000000000000000     
  0.46666666666666667        1.0000000000000000        0.0000000000000000     

  0.50000000000000000        0.0000000000000000        1.0000000000000000     
  0.50000000000000000        3.3333333333333333E-002  0.48268328891699375     
  0.50000000000000000        6.6666666666666666E-002  0.15671997153407807     
  0.50000000000000000       0.10000000000000001        3.0100921106744415E-002
  0.50000000000000000       0.13333333333333333        2.5628911119231251E-003
  0.50000000000000000       0.16666666666666666        0.0000000000000000     
  0.50000000000000000       0.20000000000000001        0.0000000000000000     
  0.50000000000000000       0.23333333333333334        0.0000000000000000     
  0.50000000000000000       0.26666666666666666        0.0000000000000000     
  0.50000000000000000       0.29999999999999999        0.0000000000000000     
  0.50000000000000000       0.33333333333333331        0.0000000000000000     
  0.50000000000000000       0.36666666666666664        0.0000000000000000     
  0.50000000000000000       0.40000000000000002        0.0000000000000000     
  0.50000000000000000       0.43333333333333335        0.0000000000000000     
  0.50000000000000000       0.46666666666666667        0.0000000000000000     
  0.50000000000000000       0.50000000000000000        0.0000000000000000     
  0.50000000000000000       0.53333333333333333        0.0000000000000000     
  0.50000000000000000       0.56666666666666665        0.0000000000000000     
  0.50000000000000000       0.59999999999999998        0.0000000000000000     
  0.50000000000000000       0.63333333333333330        0.0000000000000000     
  0.50000000000000000       0.66666666666666663        0.0000000000000000     
  0.50000000000000000       0.69999999999999996        0.0000000000000000     
  0.50000000000000000       0.73333333333333328        0.0000000000000000     
  0.50000000000000000       0.76666666666666661        0.0000000000000000     
  0.50000000000000000       0.80000000000000004        0.0000000000000000     
  0.50000000000000000       0.83333333333333337        0.0000000000000000     
  0.50000000000000000       0.86666666666666670        0.0000000000000000     
  0.50000000000000000       0.90000000000000002        0.0000000000000000     
  0.50000000000000000       0.93333333333333335        0.0000000000000000     
  0.50000000000000000       0.96666666666666667        0.0000000000000000     
  0.50000000000000000        1.0000000000000000        0.0000000000000000     

  0.53333333333333333        0.0000000000000000       0.99452189536827340     
  0.53333333333333333        3.3333333333333333E-002  0.48003909935632055     
  0.53333333333333333        6.6666666666666666E-002  0.15586144313213315     
  0.53333333333333333       0.10000000000000001        2.9936025111410313E-002
  0.53333333333333333       0.13333333333333333        2.5488513262522882E-003
  0.53333333333333333       0.16666666666666666        0.0000000000000000     
  0.53333333333333333       0.20000000000000001        0.0000000000000000     
  0.53333333333333333       0.23333333333333334        0.0000000000000000     
  0.53333333333333333       0.26666666666666666        0.0000000000000000     
  0.53333333333333333       0.29999999999999999        0.0000000000000000     
  0.53333333333333333       0.33333333333333331        0.0000000000000000     
  0.53333333333333333       0.36666666666666664        0.0000000000000000     
  0.53333333333333333       0.40000000000000002        0.0000000000000000     
  0.53333333333333333       0.43333333333333335        0.0000000000000000     
  0.53333333333333333       0.46666666666666667        0.0000000000000000     
  0.53333333333333333       0.50000000000000000        0.0000000000000000     
  0.53333333333333333       0.53333333333333333        0.0000000000000000     
  0.53333333333333333       0.56666666666666665        0.0000000000000000     
  0.53333333333333333       0.59999999999999998        0.0000000000000000     
  0.53333333333333333       0.63333333333333330        0.0000000000000000     
  0.53333333333333333       0.66666666666666663        0.0000000000000000     
  0.53333333333333333       0.69999999999999996        0.0000000000000000     
  0.53333333333333333       0.73333333333333328        0.0000000000000000     
  0.53333333333333333       0.76666666666666661        0.0000000000000000     
  0.53333333333333333       0.80000000000000004        0.0000000000000000     
  0.53333333333333333       0.83333333333333337        0.0000000000000000     
  0.53333333333333333       0.86666666666666670        0.0000000000000000     
  0.53333333333333333       0.90000000000000002        0.0000000000000000     
  0.53333333333333333       0.93333333333333335        0.0000000000000000     
  0.53333333333333333       0.96666666666666667        0.0000000000000000     
  0.53333333333333333        1.0000000000000000        0.0000000000000000     

  0.56666666666666665        0.0000000000000000       0.97814760073380569     
  0.56666666666666665        3.3333333333333333E-002  0.47213550096845980     
  0.56666666666666665        6.6666666666666666E-002  0.15329526414312877     
  0.56666666666666665       0.10000000000000001        2.9443143760439612E-002
  0.56666666666666665       0.13333333333333333        2.5068857920696004E-003
  0.56666666666666665       0.16666666666666666        0.0000000000000000     
  0.56666666666666665       0.20000000000000001        0.0000000000000000     
  0.56666666666666665       0.23333333333333334        0.0000000000000000     
  0.56666666666666665       0.26666666666666666        0.0000000000000000     
  0.56666666666666665       0.29999999999999999        0.0000000000000000     
  0.56666666666666665       0.33333333333333331        0.0000000000000000     
  0.56666666666666665       0.36666666666666664        0.0000000000000000     
  0.56666666666666665       0.40000000000000002        0.0000000000000000     
  0.56666666666666665       0.43333333333333335        0.0000000000000000     
  0.56666666666666665       0.46666666666666667        0.0000000000000000     
  0.56666666666666665       0.50000000000000000        0.0000000000000000     
  0.56666666666666665       0.53333333333333333        0.0000000000000000     
  0.56666666666666665       0.56666666666666665        0.0000000000000000     
  0.56666666666666665       0.59999999999999998        0.0000000000000000     
  0.56666666666666665       0.63333333333333330        0.0000000000000000     
  0.56666666666666665       0.66666666666666663        0.0000000000000000     
  0.56666666666666665       0.69999999999999996        0.0000000000000000     
  0.56666666666666665       0.73333333333333328        0.0000000000000000     
  0.56666666666666665       0.76666666666666661        0.0000000000000000     
  0.56666666666666665       0.80000000000000004        0.0000000000000000     
  0.56666666666666665       0.83333333333333337        0.0000000000000000     
  0.56666666666666665       0.86666666666666670        0.0000000000000000     
  0.56666666666666665       0.90000000000000002        0.0000000000000000     
  0.56666666666666665       0.93333333333333335        0.0000000000000000     
  0.56666666666666665       0.96666666666666667        0.0000000000000000     
  0.56666666666666665        1.0000000000000000        0.0000000000000000     

  0.59999999999999998        0.0000000000000000       0.95105651629515364     
  0.59999999999999998        3.3333333333333333E-002  0.45905908723128319     
  0.59999999999999998        6.6666666666666666E-002  0.14904955016107591     
  0.59999999999999998       0.10000000000000001        2.8627677165055595E-002
  0.59999999999999998       0.13333333333333333        2.4374542925494204E-003
  0.59999999999999998       0.16666666666666666        0.0000000000000000     
  0.59999999999999998       0.20000000000000001        0.0000000000000000     
  0.59999999999999998       0.23333333333333334        0.0000000000000000     
  0.59999999999999998       0.26666666666666666        0.0000000000000000     
  0.59999999999999998       0.29999999999999999        0.0000000000000000     
  0.59999999999999998       0.33333333333333331        0.0000000000000000     
  0.59999999999999998       0.36666666666666664        0.0000000000000000     
  0.59999999999999998       0.40000000000000002        0.0000000000000000     
  0.59999999999999998       0.43333333333333335        0.0000000000000000     
  0.59999999999999998       0.46666666666666667        0.0000000000000000     
  0.59999999999999998       0.50000000000000000        0.0000000000000000     
  0.59999999999999998       0.53333333333333333        0.0000000000000000     
  0.59999999999999998       0.56666666666666665        0.0000000000000000     
  0.59999999999999998       0.59999999999999998        0.0000000000000000     
  0.59999999999999998       0.63333333333333330        0.0000000000000000     
  0.59999999999999998       0.66666666666666663        0.0000000000000000     
  0.59999999999999998       0.69999999999999996        0.0000000000000000     
  0.59999999999999998       0.73333333333333328        0.0000000000000000     
  0.59999999999999998       0.76666666666666661        0.0000000000000000     
  0.59999999999999998       0.80000000000000004        0.0000000000000000     
  0.59999999999999998       0.83333333333333337        0.0000000000000000     
  0.59999999999999998       0.86666666666666670        0.0000000000000000     
  0.59999999999999998       0.90000000000000002        0.0000000000000000     
  0.59999999999999998       0.93333333333333335        0.0000000000000000     
  0.59999999999999998       0.96666666666666667        0.0000000000000000     
  0.59999999999999998        1.0000000000000000        0.0000000000000000     

  0.63333333333333330        0.0000000000000000       0.91354545764260098     
  0.63333333333333330        3.3333333333333333E-002  0.44095312607011083     
  0.63333333333333330        6.6666666666666666E-002  0.14317081811683474     
  0.63333333333333330       0.10000000000000001        2.7498559747924645E-002
  0.63333333333333330       0.13333333333333333        2.3413175337299659E-003
  0.63333333333333330       0.16666666666666666        0.0000000000000000     
  0.63333333333333330       0.20000000000000001        0.0000000000000000     
  0.63333333333333330       0.23333333333333334        0.0000000000000000     
  0.63333333333333330       0.26666666666666666        0.0000000000000000     
  0.63333333333333330       0.29999999999999999        0.0000000000000000     
  0.63333333333333330       0.33333333333333331        0.0000000000000000     
  0.63333333333333330       0.36666666666666664        0.0000000000000000     
  0.63333333333333330       0.40000000000000002        0.0000000000000000     
  0.63333333333333330       0.43333333333333335        0.0000000000000000     
  0.63333333333333330       0.46666666666666667        0.0000000000000000     
  0.63333333333333330       0.50000000000000000        0.0000000000000000     
  0.63333333333333330       0.53333333333333333        0.0000000000000000     
  0.63333333333333330       0.56666666666666665        0.0000000000000000     
  0.63333333333333330       0.59999999999999998        0.0000000000000000     
  0.63333333333333330       0.63333333333333330        0.0000000000000000     
  0.63333333333333330       0.66666666666666663        0.0000000000000000     
  0.63333333333333330       0.69999999999999996        0.0000000000000000     
  0.63333333333333330       0.73333333333333328        0.0000000000000000     
  0.63333333333333330       0.76666666666666661        0.0000000000000000     
  0.63333333333333330       0.80000000000000004        0.0000000000000000     
  0.63333333333333330       0.83333333333333337        0.0000000000000000     
  0.63333333333333330       0.86666666666666670        0.0000000000000000     
  0.63333333333333330       0.90000000000000002        0.0000000000000000     
  0.63333333333333330       0.93333333333333335        0.0000000000000000     
  0.63333333333333330       0.96666666666666667        0.0000000000000000     
  0.63333333333333330        1.0000000000000000        0.0000000000000000     

  0.66666666666666663        0.0000000000000000       0.86602540378443871     
  0.66666666666666663        3.3333333333333333E-002  0.41801599018434044     
  0.66666666666666663        6.6666666666666666E-002  0.13572347662888568     
  0.66666666666666663       0.10000000000000001        2.6068162355751864E-002
  0.66666666666666663       0.13333333333333333        2.2195288100587737E-003
  0.66666666666666663       0.16666666666666666        0.0000000000000000     
  0.66666666666666663       0.20000000000000001        0.0000000000000000     
  0.66666666666666663       0.23333333333333334        0.0000000000000000     
  0.66666666666666663       0.26666666666666666        0.0000000000000000     
  0.66666666666666663       0.29999999999999999        0.0000000000000000     
  0.66666666666666663       0.33333333333333331        0.0000000000000000     
  0.66666666666666663       0.36666666666666664        0.0000000000000000     
  0.66666666666666663       0.40000000000000002        0.0000000000000000     
  0.66666666666666663       0.43333333333333335        0.0000000000000000     
  0.66666666666666663       0.46666666666666667        0.0000000000000000     
  0.66666666666666663       0.50000000000000000        0.0000000000000000     
  0.66666666666666663       0.53333333333333333        0.0000000000000000     
  0.66666666666666663       0.56666666666666665        0.0000000000000000     
  0.66666666666666663       0.59999999999999998        0.0000000000000000     
  0.66666666666666663       0.63333333333333330        0.0000000000000000     
  0.66666666666666663       0.66666666666666663        0.0000000000000000     
  0.66666666666666663       0.69999999999999996        0.0000000000000000     
  0.66666666666666663       0.73333333333333328        0.0000000000000000     
  0.66666666666666663       0.76666666666666661        0.0000000000000000     
  0.66666666666666663       0.80000000000000004        0.0000000000000000     
  0.66666666666666663       0.83333333333333337        0.0000000000000000     
  0.66666666666666663       0.86666666666666670        0.0000000000000000     
  0.66666666666666663       0.90000000000000002        0.0000000000000000     
  0.66666666666666663       0.93333333333333335        0.0000000000000000     
  0.66666666666666663       0.96666666666666667        0.0000000000000000     
  0.66666666666666663        1.0000000000000000        0.0000000000000000     

  0.69999999999999996        0.0000000000000000       0.80901699437494745     
  0.69999999999999996        3.3333333333333333E-002  0.39049898363464075     
  0.69999999999999996        6.6666666666666666E-002  0.12678912032902717     
  0.69999999999999996       0.10000000000000001        2.4352156721695783E-002
  0.69999999999999996       0.13333333333333333        2.0734224642783143E-003
  0.69999999999999996       0.16666666666666666        0.0000000000000000     
  0.69999999999999996       0.20000000000000001        0.0000000000000000     
  0.69999999999999996       0.23333333333333334        0.0000000000000000     
  0.69999999999999996       0.26666666666666666        0.0000000000000000     
  0.69999999999999996       0.29999999999999999        0.0000000000000000     
  0.69999999999999996       0.33333333333333331        0.0000000000000000     
  0.69999999999999996       0.36666666666666664        0.0000000000000000     
  0.69999999999999996       0.40000000000000002        0.0000000000000000     
  0.69999999999999996       0.43333333333333335        0.0000000000000000     
  0.69999999999999996       0.46666666666666667        0.0000000000000000     
  0.69999999999999996       0.50000000000000000        0.0000000000000000     
  0.69999999999999996       0.53333333333333333        0.0000000000000000     
  0.69999999999999996       0.56666666666666665        0.0000000000000000     
  0.69999999999999996       0.59999999999999998        0.0000000000000000     
  0.69999999999999996       0.63333333333333330        0.0000000000000000     
  0.69999999999999996       0.66666666666666663        0.0000000000000000     
  0.69999999999999996       0.69999999999999996        0.0000000000000000     
  0.69999999999999996       0.73333333333333328        0.0000000000000000     
  0.69999999999999996       0.76666666666666661        0.0000000000000000     
  0.69999999999999996       0.80000000000000004        0.0000000000000000     
  0.69999999999999996       0.83333333333333337        0.0000000000000000     
  0.69999999999999996       0.86666666666666670        0.0000000000000000     
  0.69999999999999996       0.90000000000000002        0.0000000000000000     
  0.69999999999999996       0.93333333333333335        0.0000000000000000     
  0.69999999999999996       0.96666666666666667        0.0000000000000000     
  0.69999999999999996        1.0000000000000000        0.0000000000000000     

  0.73333333333333328        0.0000000000000000       0.74314482547739447     
  0.73333333333333328        3.3333333333333333E-002  0.35870358850307404     
  0.73333333333333328        6.6666666666666666E-002  0.11646563589451465     
  0.73333333333333328       0.10000000000000001        2.2369343762580388E-002
  0.73333333333333328       0.13333333333333333        1.9045992680876767E-003
  0.73333333333333328       0.16666666666666666        0.0000000000000000     
  0.73333333333333328       0.20000000000000001        0.0000000000000000     
  0.73333333333333328       0.23333333333333334        0.0000000000000000     
  0.73333333333333328       0.26666666666666666        0.0000000000000000     
  0.73333333333333328       0.29999999999999999        0.0000000000000000     
  0.73333333333333328       0.33333333333333331        0.0000000000000000     
  0.73333333333333328       0.36666666666666664        0.0000000000000000     
  0.73333333333333328       0.40000000000000002        0.0000000000000000     
  0.73333333333333328       0.43333333333333335        0.0000000000000000     
  0.73333333333333328       0.46666666666666667        0.0000000000000000     
  0.73333333333333328       0.50000000000000000        0.0000000000000000     
  0.73333333333333328       0.53333333333333333        0.0000000000000000     
  0.73333333333333328       0.56666666666666665        0.0000000000000000     
  0.73333333333333328       0.59999999999999998        0.0000000000000000     
  0.73333333333333328       0.63333333333333330        0.0000000000000000     
  0.73333333333333328       0.66666666666666663        0.0000000000000000     
  0.73333333333333328       0.69999999999999996        0.0000000000000000     
  0.73333333333333328       0.73333333333333328        0.0000000000000000     
  0.73333333333333328       0.76666666666666661        0.0000000000000000     
  0.73333333333333328       0.80000000000000004        0.0000000000000000     
  0.73333333333333328       0.83333333333333337        0.0000000000000000     
  0.73333333333333328       0.86666666666666670        0.0000000000000000     
  0.73333333333333328       0.90000000000000002        0.0000000000000000     
  0.73333333333333328       0.93333333333333335        0.0000000000000000     
  0.73333333333333328       0.96666666666666667        0.0000000000000000     
  0.73333333333333328        1.0000000000000000        0.0000000000000000     

  0.76666666666666661        0.0000000000000000       0.66913060635885835     
  0.76666666666666661        3.3333333333333333E-002  0.32297816179231603     
  0.76666666666666661        6.6666666666666666E-002  0.10486612958114067     
  0.76666666666666661       0.10000000000000001        2.0141447592116044E-002
  0.76666666666666661       0.13333333333333333        1.7149088837528496E-003
  0.76666666666666661       0.16666666666666666        0.0000000000000000     
  0.76666666666666661       0.20000000000000001        0.0000000000000000     
  0.76666666666666661       0.23333333333333334        0.0000000000000000     
  0.76666666666666661       0.26666666666666666        0.0000000000000000     
  0.76666666666666661       0.29999999999999999        0.0000000000000000     
  0.76666666666666661       0.33333333333333331        0.0000000000000000     
  0.76666666666666661       0.36666666666666664        0.0000000000000000     
  0.76666666666666661       0.40000000000000002        0.0000000000000000     
  0.76666666666666661       0.43333333333333335        0.0000000000000000     
  0.76666666666666661       0.46666666666666667        0.0000000000000000     
  0.76666666666666661       0.50000000000000000        0.0000000000000000     
  0.76666666666666661       0.53333333333333333        0.0000000000000000     
  0.76666666666666661       0.56666666666666665        0.0000000000000000     
  0.76666666666666661       0.59999999999999998        0.0000000000000000     
  0.76666666666666661       0.63333333333333330        0.0000000000000000     
  0.76666666666666661       0.66666666666666663        0.0000000000000000     
  0.76666666666666661       0.69999999999999996        0.0000000000000000     
  0.76666666666666661       0.73333333333333328        0.0000000000000000     
  0.76666666666666661       0.76666666666666661        0.0000000000000000     
  0.76666666666666661       0.80000000000000004        0.0000000000000000     
  0.76666666666666661       0.83333333333333337        0.0000000000000000     
  0.76666666666666661       0.86666666666666670        0.0000000000000000     
  0.76666666666666661       0.90000000000000002        0.0000000000000000     
  0.76666666666666661       0.93333333333333335        0.0000000000000000     
  0.76666666666666661       0.96666666666666667        0.0000000000000000     
  0.76666666666666661        1.0000000000000000        0.0000000000000000     

  0.80000000000000004        0.0000000000000000       0.58778525229247325     
  0.80000000000000004        3.3333333333333333E-002  0.28371411875343594     
  0.80000000000000004        6.6666666666666666E-002   9.2117688007427284E-002
  0.80000000000000004       0.10000000000000001        1.7692877506963592E-002
  0.80000000000000004       0.13333333333333333        1.5064295988198716E-003
  0.80000000000000004       0.16666666666666666        0.0000000000000000     
  0.80000000000000004       0.20000000000000001        0.0000000000000000     
  0.80000000000000004       0.23333333333333334        0.0000000000000000     
  0.80000000000000004       0.26666666666666666        0.0000000000000000     
  0.80000000000000004       0.29999999999999999        0.0000000000000000     
  0.80000000000000004       0.33333333333333331        0.0000000000000000     
  0.80000000000000004       0.36666666666666664        0.0000000000000000     
  0.80000000000000004       0.40000000000000002        0.0000000000000000     
  0.80000000000000004       0.43333333333333335        0.0000000000000000     
  0.80000000000000004       0.46666666666666667        0.0000000000000000     
  0.80000000000000004       0.50000000000000000        0.0000000000000000     
  0.80000000000000004       0.53333333333333333        0.0000000000000000     
  0.80000000000000004       0.56666666666666665        0.0000000000000000     
  0.80000000000000004       0.59999999999999998        0.0000000000000000     
  0.80000000000000004       0.63333333333333330        0.0000000000000000     
  0.80000000000000004       0.66666666666666663        0.0000000000000000     
  0.80000000000000004       0.69999999999999996        0.0000000000000000     
  0.80000000000000004       0.73333333333333328        0.0000000000000000     
  0.80000000000000004       0.76666666666666661        0.0000000000000000     
  0.80000000000000004       0.80000000000000004        0.0000000000000000     
  0.80000000000000004       0.83333333333333337        0.0000000000000000     
  0.80000000000000004       0.86666666666666670        0.0000000000000000     
  0.80000000000000004       0.90000000000000002        0.0000000000000000     
  0.80000000000000004       0.93333333333333335        0.0000000000000000     
  0.80000000000000004       0.96666666666666667        0.0000000000000000     
  0.80000000000000004        1.0000000000000000        0.0000000000000000     

  0.83333333333333337        0.0000000000000000       0.49999999999999994     
  0.83333333333333337        3.3333333333333333E-002  0.24134164445849687     
  0.83333333333333337        6.6666666666666666E-002   7.8359985767039023E-002
  0.83333333333333337       0.10000000000000001        1.5050460553372204E-002
  0.83333333333333337       0.13333333333333333        1.2814455559615624E-003
  0.83333333333333337       0.16666666666666666        0.0000000000000000     
  0.83333333333333337       0.20000000000000001        0.0000000000000000     
  0.83333333333333337       0.23333333333333334        0.0000000000000000     
  0.83333333333333337       0.26666666666666666        0.0000000000000000     
  0.83333333333333337       0.29999999999999999        0.0000000000000000     
  0.83333333333333337       0.33333333333333331        0.0000000000000000     
  0.83333333333333337       0.36666666666666664        0.0000000000000000     
  0.83333333333333337       0.40000000000000002        0.0000000000000000     
  0.83333333333333337       0.43333333333333335        0.0000000000000000     
  0.83333333333333337       0.46666666666666667        0.0000000000000000     
  0.83333333333333337       0.50000000000000000        0.0000000000000000     
  0.83333333333333337       0.53333333333333333        0.0000000000000000     
  0.83333333333333337       0.56666666666666665        0.0000000000000000     
  0.83333333333333337       0.59999999999999998        0.0000000000000000     
  0.83333333333333337       0.63333333333333330        0.0000000000000000     
  0.83333333333333337       0.66666666666666663        0.0000000000000000     
  0.83333333333333337       0.69999999999999996        0.0000000000000000     
  0.83333333333333337       0.73333333333333328        0.0000000000000000     
  0.83333333333333337       0.76666666666666661        0.0000000000000000     
  0.83333333333333337       0.80000000000000004        0.0000000000000000     
  0.83333333333333337       0.83333333333333337        0.0000000000000000     
  0.83333333333333337       0.86666666666666670        0.0000000000000000     
  0.83333333333333337       0.90000000000000002        0.0000000000000000     
  0.83333333333333337       0.93333333333333335        0.0000000000000000     
  0.83333333333333337       0.96666666666666667        0.0000000000000000     
  0.83333333333333337        1.0000000000000000        0.0000000000000000     

  0.86666666666666670        0.0000000000000000       0.40673664307580004     
  0.86666666666666670        3.3333333333333333E-002  0.19632498060288459     
  0.86666666666666670        6.6666666666666666E-002   6.3743755124705856E-002
  0.86666666666666670       0.10000000000000001        1.2243147604446719E-002
  0.86666666666666670       0.13333333333333333        1.0424217274324164E-003
  0.86666666666666670       0.16666666666666666        0.0000000000000000     
  0.86666666666666670       0.20000000000000001        0.0000000000000000     
  0.86666666666666670       0.23333333333333334        0.0000000000000000     
  0.86666666666666670       0.26666666666666666        0.0000000000000000     
  0.86666666666666670       0.29999999999999999        0.0000000000000000     
  0.86666666666666670       0.33333333333333331        0.0000000000000000     
  0.86666666666666670       0.36666666666666664        0.0000000000000000     
  0.86666666666666670       0.40000000000000002        0.0000000000000000     
  0.86666666666666670       0.43333333333333335        0.0000000000000000     
  0.86666666666666670       0.46666666666666667        0.0000000000000000     
  0.86666666666666670       0.50000000000000000        0.0000000000000000     
  0.86666666666666670       0.53333333333333333        0.0000000000000000     
  0.86666666666666670       0.56666666666666665        0.0000000000000000     
  0.86666666666666670       0.59999999999999998        0.0000000000000000     
  0.86666666666666670       0.63333333333333330        0.0000000000000000     
  0.86666666666666670       0.66666666666666663        0.0000000000000000     
  0.86666666666666670       0.69999999999999996        0.0000000000000000     
  0.86666666666666670       0.73333333333333328        0.0000000000000000     
  0.86666666666666670       0.76666666666666661        0.0000000000000000     
  0.86666666666666670       0.80000000000000004        0.0000000000000000     
  0.86666666666666670       0.83333333333333337        0.0000000000000000     
  0.86666666666666670       0.86666666666666670        0.0000000000000000     
  0.86666666666666670       0.90000000000000002        0.0000000000000000     
  0.86666666666666670       0.93333333333333335        0.0000000000000000     
  0.86666666666666670       0.96666666666666667        0.0000000000000000     
  0.86666666666666670        1.0000000000000000        0.0000000000000000     

  0.90000000000000002        0.0000000000000000       0.30901699437494751     
  0.90000000000000002        3.3333333333333333E-002  0.14915733917614379     
  0.90000000000000002        6.6666666666666666E-002   4.8429134561988121E-002
  0.90000000000000002       0.10000000000000001        9.3016961683235720E-003
  0.90000000000000002       0.13333333333333333        7.9197690831675114E-004
  0.90000000000000002       0.16666666666666666        0.0000000000000000     
  0.90000000000000002       0.20000000000000001        0.0000000000000000     
  0.90000000000000002       0.23333333333333334        0.0000000000000000     
  0.90000000000000002       0.26666666666666666        0.0000000000000000     
  0.90000000000000002       0.29999999999999999        0.0000000000000000     
  0.90000000000000002       0.33333333333333331        0.0000000000000000     
  0.90000000000000002       0.36666666666666664        0.0000000000000000     
  0.90000000000000002       0.40000000000000002        0.0000000000000000     
  0.90000000000000002       0.43333333333333335        0.0000000000000000     
  0.90000000000000002       0.46666666666666667        0.0000000000000000     
  0.90000000000000002       0.50000000000000000        0.0000000000000000     
  0.90000000000000002       0.53333333333333333        0.0000000000000000     
  0.90000000000000002       0.56666666666666665        0.0000000000000000     
  0.90000000000000002       0.59999999999999998        0.0000000000000000     
  0.90000000000000002       0.63333333333333330        0.0000000000000000     
  0.90000000000000002       0.66666666666666663        0.0000000000000000     
  0.90000000000000002       0.69999999999999996        0.0000000000000000     
  0.90000000000000002       0.73333333333333328        0.0000000000000000     
  0.90000000000000002       0.76666666666666661        0.0000000000000000     
  0.90000000000000002       0.80000000000000004        0.0000000000000000     
  0.90000000000000002       0.83333333333333337        0.0000000000000000     
  0.90000000000000002       0.86666666666666670        0.0000000000000000     
  0.90000000000000002       0.90000000000000002        0.0000000000000000     
  0.90000000000000002       0.93333333333333335        0.0000000000000000     
  0.90000000000000002       0.96666666666666667        0.0000000000000000     
  0.90000000000000002        1.0000000000000000        0.0000000000000000     

  0.93333333333333335        0.0000000000000000       0.20791169081775931     
  0.93333333333333335        3.3333333333333333E-002  0.10035549872820923     
  0.93333333333333335        6.6666666666666666E-002   3.2583914266561292E-002
  0.93333333333333335       0.10000000000000001        6.2583334024752116E-003
  0.93333333333333335       0.13333333333333333        5.3285502446174420E-004
  0.93333333333333335       0.16666666666666666        0.0000000000000000     
  0.93333333333333335       0.20000000000000001        0.0000000000000000     
  0.93333333333333335       0.23333333333333334        0.0000000000000000     
  0.93333333333333335       0.26666666666666666        0.0000000000000000     
  0.93333333333333335       0.29999999999999999        0.0000000000000000     
  0.93333333333333335       0.33333333333333331        0.0000000000000000     
  0.93333333333333335       0.36666666666666664        0.0000000000000000     
  0.93333333333333335       0.40000000000000002        0.0000000000000000     
  0.93333333333333335       0.43333333333333335        0.0000000000000000     
  0.93333333333333335       0.46666666666666667        0.0000000000000000     
  0.93333333333333335       0.50000000000000000        0.0000000000000000     
  0.93333333333333335       0.53333333333333333        0.0000000000000000     
  0.93333333333333335       0.56666666666666665        0.0000000000000000     
  0.93333333333333335       0.59999999999999998        0.0000000000000000     
  0.93333333333333335       0.63333333333333330        0.0000000000000000     
  0.93333333333333335       0.66666666666666663        0.0000000000000000     
  0.93333333333333335       0.69999999999999996        0.0000000000000000     
  0.93333333333333335       0.73333333333333328        0.0000000000000000     
  0.93333333333333335       0.76666666666666661        0.0000000000000000     
  0.93333333333333335       0.80000000000000004        0.0000000000000000     
  0.93333333333333335       0.83333333333333337        0.0000000000000000     
  0.93333333333333335       0.86666666666666670        0.0000000000000000     
  0.93333333333333335       0.90000000000000002        0.0000000000000000     
  0.93333333333333335       0.93333333333333335        0.0000000000000000     
  0.93333333333333335       0.96666666666666667        0.0000000000000000     
  0.93333333333333335        1.0000000000000000        0.0000000000000000     

  0.96666666666666667        0.0000000000000000       0.10452846326765373     
  0.96666666666666667        3.3333333333333333E-002   5.0454142435470223E-002
  0.96666666666666667        6.6666666666666666E-002   1.6381697787807591E-002
  0.96666666666666667       0.10000000000000001        3.1464030262288714E-003
  0.96666666666666667       0.13333333333333333        2.6789506945165258E-004
  0.96666666666666667       0.16666666666666666        0.0000000000000000     
  0.96666666666666667       0.20000000000000001        0.0000000000000000     
  0.96666666666666667       0.23333333333333334        0.0000000000000000     
  0.96666666666666667       0.26666666666666666        0.0000000000000000     
  0.96666666666666667       0.29999999999999999        0.0000000000000000     
  0.96666666666666667       0.33333333333333331        0.0000000000000000     
  0.96666666666666667       0.36666666666666664        0.0000000000000000     
  0.96666666666666667       0.40000000000000002        0.0000000000000000     
  0.96666666666666667       0.43333333333333335        0.0000000000000000     
  0.96666666666666667       0.46666666666666667        0.0000000000000000     
  0.96666666666666667       0.50000000000000000        0.0000000000000000     
  0.96666666666666667       0.53333333333333333        0.0000000000000000     
  0.96666666666666667       0.56666666666666665        0.0000000000000000     
  0.96666666666666667       0.59999999999999998        0.0000000000000000     
  0.96666666666666667       0.63333333333333330        0.0000000000000000     
  0.96666666666666667       0.66666666666666663        0.0000000000000000     
  0.96666666666666667       0.69999999999999996        0.0000000000000000     
  0.96666666666666667       0.73333333333333328        0.0000000000000000     
  0.96666666666666667       0.76666666666666661        0.0000000000000000     
  0.96666666666666667       0.80000000000000004        0.0000000000000000     
  0.96666666666666667       0.83333333333333337        0.0000000000000000     
  0.96666666666666667       0.86666666666666670        0.0000000000000000     
  0.96666666666666667       0.90000000000000002        0.0000000000000000     
  0.96666666666666667       0.93333333333333335        0.0000000000000000     
  0.96666666666666667       0.96666666666666667        0.0000000000000000     
  0.96666666666666667        1.0000000000000000        0.0000000000000000     

   1.0000000000000000        0.0000000000000000        1.2246467991473532E-016
   1.0000000000000000        3.3333333333333333E-002   0.0000000000000000     
   1.0000000000000000        6.6666666666666666E-002   0.0000000000000000     
   1.0000000000000000       0.10000000000000001        0.0000000000000000     
   1.0000000000000000       0.13333333333333333        0.0000000000000000     
   1.0000000000000000       0.16666666666666666        0.0000000000000000     
   1.0000000000000000       0.20000000000000001        0.0000000000000000     
   1.0000000000000000       0.23333333333333334        0.0000000000000000     
   1.0000000000000000       0.26666666666666666        0.0000000000000000     
   1.0000000000000000       0.29999999999999999        0.0000000000000000     
   1.0000000000000000       0.33333333333333331        0.0000000000000000     
   1.0000000000000000       0.36666666666666664        0.0000000000000000     
   1.0000000000000000       0.40000000000000002        0.0000000000000000     
   1.0000000000000000       0.43333333333333335        0.0000000000000000     
   1.0000000000000000       0.46666666666666667        0.0000000000000000     
   1.0000000000000000       0.50000000000000000        0.0000000000000000     
   1.0000000000000000       0.53333333333333333        0.0000000000000000     
   1.0000000000000000       0.56666666666666665        0.0000000000000000     
   1.0000000000000000       0.59999999999999998        0.0000000000000000     
   1.0000000000000000       0.63333333333333330        0.0000000000000000     
   1.0000000000000000       0.66666666666666663        0.0000000000000000     
   1.0000000000000000       0.69999999999999996        0.0000000000000000     
   1.0000000000000000       0.73333333333333328        0.0000000000000000     
   1.0000000000000000       0.76666666666666661        0.0000000000000000     
   1.0000000000000000       0.80000000000000004        0.0000000000000000     
   1.0000000000000000       0.83333333333333337        0.0000000000000000     
   1.0000000000000000       0.86666666666666670        0.0000000000000000     
   1.0000000000000000       0.90000000000000002        0.0000000000000000     
   1.0000000000000000       0.93333333333333335        0.0000000000000000     
   1.0000000000000000       0.96666666666666667        0.0000000000000000     
   1.0000000000000000        1.0000000000000000        0.0000000000000000     

