   0.0000000000000000        0.0000000000000000        0.0000000000000000     
   0.0000000000000000        3.3333333333333333E-002   0.0000000000000000     
   0.0000000000000000        6.6666666666666666E-002   0.0000000000000000     
   0.0000000000000000       0.10000000000000001        0.0000000000000000     
   0.0000000000000000       0.13333333333333333        0.0000000000000000     
   0.0000000000000000       0.16666666666666666        0.0000000000000000     
   0.0000000000000000       0.20000000000000001        0.0000000000000000     
   0.0000000000000000       0.23333333333333334        0.0000000000000000     
   0.0000000000000000       0.26666666666666666        0.0000000000000000     
   0.0000000000000000       0.29999999999999999        0.0000000000000000     
   0.0000000000000000       0.33333333333333331        0.0000000000000000     
   0.0000000000000000       0.36666666666666664        0.0000000000000000     
   0.0000000000000000       0.40000000000000002        0.0000000000000000     
   0.0000000000000000       0.43333333333333335        0.0000000000000000     
   0.0000000000000000       0.46666666666666667        0.0000000000000000     
   0.0000000000000000       0.50000000000000000        0.0000000000000000     
   0.0000000000000000       0.53333333333333333        0.0000000000000000     
   0.0000000000000000       0.56666666666666665        0.0000000000000000     
   0.0000000000000000       0.59999999999999998        0.0000000000000000     
   0.0000000000000000       0.63333333333333330        0.0000000000000000     
   0.0000000000000000       0.66666666666666663        0.0000000000000000     
   0.0000000000000000       0.69999999999999996        0.0000000000000000     
   0.0000000000000000       0.73333333333333328        0.0000000000000000     
   0.0000000000000000       0.76666666666666661        0.0000000000000000     
   0.0000000000000000       0.80000000000000004        0.0000000000000000     
   0.0000000000000000       0.83333333333333337        0.0000000000000000     
   0.0000000000000000       0.86666666666666670        0.0000000000000000     
   0.0000000000000000       0.90000000000000002        0.0000000000000000     
   0.0000000000000000       0.93333333333333335        0.0000000000000000     
   0.0000000000000000       0.96666666666666667        0.0000000000000000     
   0.0000000000000000        1.0000000000000000        0.0000000000000000     

   3.3333333333333333E-002   0.0000000000000000       0.10452846326765346     
   3.3333333333333333E-002   3.3333333333333333E-002   7.7320741297722137E-002
   3.3333333333333333E-002   6.6666666666666666E-002   5.3359992322672585E-002
   3.3333333333333333E-002  0.10000000000000001        3.4120245413137032E-002
   3.3333333333333333E-002  0.13333333333333333        2.0094001200414515E-002
   3.3333333333333333E-002  0.16666666666666666        1.0839680170371877E-002
   3.3333333333333333E-002  0.20000000000000001        5.3290457611055051E-003
   3.3333333333333333E-002  0.23333333333333334        2.3757438831320679E-003
   3.3333333333333333E-002  0.26666666666666666        9.5554418088819994E-004
   3.3333333333333333E-002  0.29999999999999999        3.4485705412725000E-004
   3.3333333333333333E-002  0.33333333333333331        1.1100684058859146E-004
   3.3333333333333333E-002  0.36666666666666664        3.1651717607002736E-005
   3.3333333333333333E-002  0.40000000000000002        7.9300753576894272E-006
   3.3333333333333333E-002  0.43333333333333335        1.7288935383362409E-006
   3.3333333333333333E-002  0.46666666666666667        3.2407857695355549E-007
   3.3333333333333333E-002  0.50000000000000000        5.1437834624061841E-008
   3.3333333333333333E-002  0.53333333333333333        6.7752555167249929E-009
   3.3333333333333333E-002  0.56666666666666665        7.2039648779174705E-010
   3.3333333333333333E-002  0.59999999999999998        5.9391722543841423E-011
   3.3333333333333333E-002  0.63333333333333330        3.5612196798354727E-012
   3.3333333333333333E-002  0.66666666666666663        1.3812699455121774E-013
   3.3333333333333333E-002  0.69999999999999996        2.6005659934561699E-015
   3.3333333333333333E-002  0.73333333333333328        0.0000000000000000     
   3.3333333333333333E-002  0.76666666666666661        0.0000000000000000     
   3.3333333333333333E-002  0.80000000000000004        0.0000000000000000     
   3.3333333333333333E-002  0.83333333333333337        0.0000000000000000     
   3.3333333333333333E-002  0.86666666666666670        0.0000000000000000     
   3.3333333333333333E-002  0.90000000000000002        0.0000000000000000     
   3.3333333333333333E-002  0.93333333333333335        0.0000000000000000     
   3.3333333333333333E-002  0.96666666666666667        0.0000000000000000     
   3.3333333333333333E-002   1.0000000000000000        0.0000000000000000     

   6.6666666666666666E-002   0.0000000000000000       0.20791169081775931     
   6.6666666666666666E-002   3.3333333333333333E-002  0.15379434037338108     
   6.6666666666666666E-002   6.6666666666666666E-002  0.10613536140316172     
   6.6666666666666666E-002  0.10000000000000001        6.7866662277407355E-002
   6.6666666666666666E-002  0.13333333333333333        3.9967848318737217E-002
   6.6666666666666666E-002  0.16666666666666666        2.1560598536448254E-002
   6.6666666666666666E-002  0.20000000000000001        1.0599705381677819E-002
   6.6666666666666666E-002  0.23333333333333334        4.7254586191241722E-003
   6.6666666666666666E-002  0.26666666666666666        1.9006192197701134E-003
   6.6666666666666666E-002  0.29999999999999999        6.8593578220350394E-004
   6.6666666666666666E-002  0.33333333333333331        2.2079746700201950E-004
   6.6666666666666666E-002  0.36666666666666664        6.2956652372355435E-005
   6.6666666666666666E-002  0.40000000000000002        1.5773267150285054E-005
   6.6666666666666666E-002  0.43333333333333335        3.4388449572722380E-006
   6.6666666666666666E-002  0.46666666666666667        6.4460648120020571E-007
   6.6666666666666666E-002  0.50000000000000000        1.0231210556792354E-007
   6.6666666666666666E-002  0.53333333333333333        1.3476279916195382E-008
   6.6666666666666666E-002  0.56666666666666665        1.4329001609105912E-009
   6.6666666666666666E-002  0.59999999999999998        1.1813273694697556E-010
   6.6666666666666666E-002  0.63333333333333330        7.0834218916255387E-012
   6.6666666666666666E-002  0.66666666666666663        2.7474064084520055E-013
   6.6666666666666666E-002  0.69999999999999996        5.1726396416846121E-015
   6.6666666666666666E-002  0.73333333333333328        0.0000000000000000     
   6.6666666666666666E-002  0.76666666666666661        0.0000000000000000     
   6.6666666666666666E-002  0.80000000000000004        0.0000000000000000     
   6.6666666666666666E-002  0.83333333333333337        0.0000000000000000     
   6.6666666666666666E-002  0.86666666666666670        0.0000000000000000     
   6.6666666666666666E-002  0.90000000000000002        0.0000000000000000     
   6.6666666666666666E-002  0.93333333333333335        0.0000000000000000     
   6.6666666666666666E-002  0.96666666666666667        0.0000000000000000     
   6.6666666666666666E-002   1.0000000000000000        0.0000000000000000     

  0.10000000000000001        0.0000000000000000       0.30901699437494740     
  0.10000000000000001        3.3333333333333333E-002  0.22858293647237451     
  0.10000000000000001        6.6666666666666666E-002  0.15774788925386554     
  0.10000000000000001       0.10000000000000001       0.10086951778775428     
  0.10000000000000001       0.13333333333333333        5.9403799327069857E-002
  0.10000000000000001       0.16666666666666666        3.2045294473114001E-002
  0.10000000000000001       0.20000000000000001        1.5754232411957520E-002
  0.10000000000000001       0.23333333333333334        7.0234002416193625E-003
  0.10000000000000001       0.26666666666666666        2.8248706767500845E-003
  0.10000000000000001       0.29999999999999999        1.0194992543086454E-003
  0.10000000000000001       0.33333333333333331        3.2816899016213300E-004
  0.10000000000000001       0.36666666666666664        9.3571820879790102E-005
  0.10000000000000001       0.40000000000000002        2.3443643727213802E-005
  0.10000000000000001       0.43333333333333335        5.1111196712317888E-006
  0.10000000000000001       0.46666666666666667        9.5807194194624819E-007
  0.10000000000000001       0.50000000000000000        1.5206542367299857E-007
  0.10000000000000001       0.53333333333333333        2.0029655372811060E-008
  0.10000000000000001       0.56666666666666665        2.1297046800128626E-009
  0.10000000000000001       0.59999999999999998        1.7557946436325412E-010
  0.10000000000000001       0.63333333333333330        1.0528016650869629E-011
  0.10000000000000001       0.66666666666666663        4.0834417118490800E-013
  0.10000000000000001       0.69999999999999996        7.6880407675543238E-015
  0.10000000000000001       0.73333333333333328        0.0000000000000000     
  0.10000000000000001       0.76666666666666661        0.0000000000000000     
  0.10000000000000001       0.80000000000000004        0.0000000000000000     
  0.10000000000000001       0.83333333333333337        0.0000000000000000     
  0.10000000000000001       0.86666666666666670        0.0000000000000000     
  0.10000000000000001       0.90000000000000002        0.0000000000000000     
  0.10000000000000001       0.93333333333333335        0.0000000000000000     
  0.10000000000000001       0.96666666666666667        0.0000000000000000     
  0.10000000000000001        1.0000000000000000        0.0000000000000000     

  0.13333333333333333        0.0000000000000000       0.40673664307580015     
  0.13333333333333333        3.3333333333333333E-002  0.30086713008532190     
  0.13333333333333333        6.6666666666666666E-002  0.20763209821903600     
  0.13333333333333333       0.10000000000000001       0.13276722575291494     
  0.13333333333333333       0.13333333333333333        7.8188909878930957E-002
  0.13333333333333333       0.16666666666666666        4.2178895457623329E-002
  0.13333333333333333       0.20000000000000001        2.0736152775146736E-002
  0.13333333333333333       0.23333333333333334        9.2443920213263822E-003
  0.13333333333333333       0.26666666666666666        3.7181722594533885E-003
  0.13333333333333333       0.29999999999999999        1.3418928792396471E-003
  0.13333333333333333       0.33333333333333331        4.3194502519225398E-004
  0.13333333333333333       0.36666666666666664        1.2316179693650344E-004
  0.13333333333333333       0.40000000000000002        3.0857166837569353E-005
  0.13333333333333333       0.43333333333333335        6.7273958885027713E-006
  0.13333333333333333       0.46666666666666667        1.2610405660068847E-006
  0.13333333333333333       0.50000000000000000        2.0015268117457655E-007
  0.13333333333333333       0.53333333333333333        2.6363581733687372E-008
  0.13333333333333333       0.56666666666666665        2.8031757089715564E-009
  0.13333333333333333       0.59999999999999998        2.3110250642560383E-010
  0.13333333333333333       0.63333333333333330        1.3857264256557665E-011
  0.13333333333333333       0.66666666666666663        5.3747379733360198E-013
  0.13333333333333333       0.69999999999999996        1.0119210109948753E-014
  0.13333333333333333       0.73333333333333328        0.0000000000000000     
  0.13333333333333333       0.76666666666666661        0.0000000000000000     
  0.13333333333333333       0.80000000000000004        0.0000000000000000     
  0.13333333333333333       0.83333333333333337        0.0000000000000000     
  0.13333333333333333       0.86666666666666670        0.0000000000000000     
  0.13333333333333333       0.90000000000000002        0.0000000000000000     
  0.13333333333333333       0.93333333333333335        0.0000000000000000     
  0.13333333333333333       0.96666666666666667        0.0000000000000000     
  0.13333333333333333        1.0000000000000000        0.0000000000000000     

  0.16666666666666666        0.0000000000000000       0.49999999999999994     
  0.16666666666666666        3.3333333333333333E-002  0.36985496046055993     
  0.16666666666666666        6.6666666666666666E-002  0.25524144646630875     
  0.16666666666666666       0.10000000000000001       0.16321030820939855     
  0.16666666666666666       0.13333333333333333        9.6117366372077170E-002
  0.16666666666666666       0.16666666666666666        5.1850375636997612E-002
  0.16666666666666666       0.20000000000000001        2.5490883509212501E-002
  0.16666666666666666       0.23333333333333334        1.1364100307534352E-002
  0.16666666666666666       0.26666666666666666        4.5707367688045545E-003
  0.16666666666666666       0.29999999999999999        1.6495844449765610E-003
  0.16666666666666666       0.33333333333333331        5.3098858013606108E-004
  0.16666666666666666       0.36666666666666664        1.5140238657271749E-004
  0.16666666666666666       0.40000000000000002        3.7932612370775204E-005
  0.16666666666666666       0.43333333333333335        8.2699653486212221E-006
  0.16666666666666666       0.46666666666666667        1.5501929657366457E-006
  0.16666666666666666       0.50000000000000000        2.4604702401656454E-007
  0.16666666666666666       0.53333333333333333        3.2408663176155236E-008
  0.16666666666666666       0.56666666666666665        3.4459345582605305E-009
  0.16666666666666666       0.59999999999999998        2.8409354106624610E-010
  0.16666666666666666       0.63333333333333330        1.7034688775231890E-011
  0.16666666666666666       0.66666666666666663        6.6071474808508641E-013
  0.16666666666666666       0.69999999999999996        1.2439511268797725E-014
  0.16666666666666666       0.73333333333333328        0.0000000000000000     
  0.16666666666666666       0.76666666666666661        0.0000000000000000     
  0.16666666666666666       0.80000000000000004        0.0000000000000000     
  0.16666666666666666       0.83333333333333337        0.0000000000000000     
  0.16666666666666666       0.86666666666666670        0.0000000000000000     
  0.16666666666666666       0.90000000000000002        0.0000000000000000     
  0.16666666666666666       0.93333333333333335        0.0000000000000000     
  0.16666666666666666       0.96666666666666667        0.0000000000000000     
  0.16666666666666666        1.0000000000000000        0.0000000000000000     

  0.20000000000000001        0.0000000000000000       0.58778525229247314     
  0.20000000000000001        3.3333333333333333E-002  0.43479058249186581     
  0.20000000000000001        6.6666666666666666E-002  0.30005431601339017     
  0.20000000000000001       0.10000000000000001       0.19186522437518724     
  0.20000000000000001       0.13333333333333333       0.11299274088539890     
  0.20000000000000001       0.16666666666666666        6.0953772250504287E-002
  0.20000000000000001       0.20000000000000001        2.9966330789241030E-002
  0.20000000000000001       0.23333333333333334        1.3359301132682102E-002
  0.20000000000000001       0.26666666666666666        5.3732233296285362E-003
  0.20000000000000001       0.29999999999999999        1.9392028183365744E-003
  0.20000000000000001       0.33333333333333331        6.2421451307939342E-004
  0.20000000000000001       0.36666666666666664        1.7798417997865460E-004
  0.20000000000000001       0.40000000000000002        4.4592460264937379E-005
  0.20000000000000001       0.43333333333333335        9.7219273377786736E-006
  0.20000000000000001       0.46666666666666667        1.8223611269350631E-006
  0.20000000000000001       0.50000000000000000        2.8924562417477718E-007
  0.20000000000000001       0.53333333333333333        3.8098668522916388E-008
  0.20000000000000001       0.56666666666666665        4.0509390274210338E-009
  0.20000000000000001       0.59999999999999998        3.3397198742057112E-010
  0.20000000000000001       0.63333333333333330        2.0025477678946875E-011
  0.20000000000000001       0.66666666666666663        7.7671676979310100E-013
  0.20000000000000001       0.69999999999999996        1.4623522539050664E-014
  0.20000000000000001       0.73333333333333328        0.0000000000000000     
  0.20000000000000001       0.76666666666666661        0.0000000000000000     
  0.20000000000000001       0.80000000000000004        0.0000000000000000     
  0.20000000000000001       0.83333333333333337        0.0000000000000000     
  0.20000000000000001       0.86666666666666670        0.0000000000000000     
  0.20000000000000001       0.90000000000000002        0.0000000000000000     
  0.20000000000000001       0.93333333333333335        0.0000000000000000     
  0.20000000000000001       0.96666666666666667        0.0000000000000000     
  0.20000000000000001        1.0000000000000000        0.0000000000000000     

  0.23333333333333334        0.0000000000000000       0.66913060635885824     
  0.23333333333333334        3.3333333333333333E-002  0.49496254791561206     
  0.23333333333333334        6.6666666666666666E-002  0.34157972768382644     
  0.23333333333333334       0.10000000000000001       0.21841802499234197     
  0.23333333333333334       0.13333333333333333       0.12863014328432903     
  0.23333333333333334       0.16666666666666666        6.9389346579837557E-002
  0.23333333333333334       0.20000000000000001        3.4113460678284760E-002
  0.23333333333333334       0.23333333333333334        1.5208134659006696E-002
  0.23333333333333334       0.26666666666666666        6.1168397312338380E-003
  0.23333333333333334       0.29999999999999999        2.2075748798146134E-003
  0.23333333333333334       0.33333333333333331        7.1060142119214339E-004
  0.23333333333333334       0.36666666666666664        2.0261594146316140E-004
  0.23333333333333334       0.40000000000000002        5.0763743832864675E-005
  0.23333333333333334       0.43333333333333335        1.1067373856579328E-005
  0.23333333333333334       0.46666666666666667        2.0745631182731976E-006
  0.23333333333333334       0.50000000000000000        3.2927518874599278E-007
  0.23333333333333334       0.53333333333333333        4.3371256884681511E-008
  0.23333333333333334       0.56666666666666665        4.6115605608836255E-009
  0.23333333333333334       0.59999999999999998        3.8019136679258490E-010
  0.23333333333333334       0.63333333333333330        2.2796863258610710E-011
  0.23333333333333334       0.66666666666666663        8.8420892003282779E-013
  0.23333333333333334       0.69999999999999996        1.6647315436196950E-014
  0.23333333333333334       0.73333333333333328        0.0000000000000000     
  0.23333333333333334       0.76666666666666661        0.0000000000000000     
  0.23333333333333334       0.80000000000000004        0.0000000000000000     
  0.23333333333333334       0.83333333333333337        0.0000000000000000     
  0.23333333333333334       0.86666666666666670        0.0000000000000000     
  0.23333333333333334       0.90000000000000002        0.0000000000000000     
  0.23333333333333334       0.93333333333333335        0.0000000000000000     
  0.23333333333333334       0.96666666666666667        0.0000000000000000     
  0.23333333333333334        1.0000000000000000        0.0000000000000000     

  0.26666666666666666        0.0000000000000000       0.74314482547739413     
  0.26666666666666666        3.3333333333333333E-002  0.54971160008682274     
  0.26666666666666666        6.6666666666666666E-002  0.37936272037760538     
  0.26666666666666666       0.10000000000000001       0.24257779202077037     
  0.26666666666666666       0.13333333333333333       0.14285824691584809     
  0.26666666666666666       0.16666666666666666        7.7064676707387841E-002
  0.26666666666666666       0.20000000000000001        3.7886836353436627E-002
  0.26666666666666666       0.23333333333333334        1.6890344679500437E-002
  0.26666666666666666       0.26666666666666666        6.7934387567127382E-003
  0.26666666666666666       0.29999999999999999        2.4517602889446610E-003
  0.26666666666666666       0.33333333333333331        7.8920283143140487E-004
  0.26666666666666666       0.36666666666666664        2.2502780029288620E-004
  0.26666666666666666       0.40000000000000002        5.6378849200362768E-005
  0.26666666666666666       0.43333333333333335        1.2291563911410431E-005
  0.26666666666666666       0.46666666666666667        2.3040357619572877E-006
  0.26666666666666666       0.50000000000000000        3.6569714544404418E-007
  0.26666666666666666       0.53333333333333333        4.8168660679999079E-008
  0.26666666666666666       0.56666666666666665        5.1216568718100877E-009
  0.26666666666666666       0.59999999999999998        4.2224528998986091E-010
  0.26666666666666666       0.63333333333333330        2.5318481633862867E-011
  0.26666666666666666       0.66666666666666663        9.8201349231206421E-013
  0.26666666666666666       0.69999999999999996        1.8488716861749522E-014
  0.26666666666666666       0.73333333333333328        0.0000000000000000     
  0.26666666666666666       0.76666666666666661        0.0000000000000000     
  0.26666666666666666       0.80000000000000004        0.0000000000000000     
  0.26666666666666666       0.83333333333333337        0.0000000000000000     
  0.26666666666666666       0.86666666666666670        0.0000000000000000     
  0.26666666666666666       0.90000000000000002        0.0000000000000000     
  0.26666666666666666       0.93333333333333335        0.0000000000000000     
  0.26666666666666666       0.96666666666666667        0.0000000000000000     
  0.26666666666666666        1.0000000000000000        0.0000000000000000     

  0.29999999999999999        0.0000000000000000       0.80901699437494745     
  0.29999999999999999        3.3333333333333333E-002  0.59843789693293448     
  0.29999999999999999        6.6666666666666666E-002  0.41298933572017438     
  0.29999999999999999       0.10000000000000001       0.26407982599715285     
  0.29999999999999999       0.13333333333333333       0.15552116569914701     
  0.29999999999999999       0.16666666666666666        8.3895670110111606E-002
  0.29999999999999999       0.20000000000000001        4.1245115921170021E-002
  0.29999999999999999       0.23333333333333334        1.8387500549153717E-002
  0.29999999999999999       0.26666666666666666        7.3956074455546368E-003
  0.29999999999999999       0.29999999999999999        2.6690836992852066E-003
  0.29999999999999999       0.33333333333333331        8.5915757029819391E-004
  0.29999999999999999       0.36666666666666664        2.4497420745250755E-004
  0.29999999999999999       0.40000000000000002        6.1376256097989010E-005
  0.29999999999999999       0.43333333333333335        1.3381085019853008E-005
  0.29999999999999999       0.46666666666666667        2.5082649076828937E-006
  0.29999999999999999       0.50000000000000000        3.9811244768956306E-007
  0.29999999999999999       0.53333333333333333        5.2438318548966313E-008
  0.29999999999999999       0.56666666666666665        5.5756392382733944E-009
  0.29999999999999999       0.59999999999999998        4.5967300542950037E-010
  0.29999999999999999       0.63333333333333330        2.7562705426101527E-011
  0.29999999999999999       0.66666666666666663        1.0690589192699946E-012
  0.29999999999999999       0.69999999999999996        2.0127552036352062E-014
  0.29999999999999999       0.73333333333333328        0.0000000000000000     
  0.29999999999999999       0.76666666666666661        0.0000000000000000     
  0.29999999999999999       0.80000000000000004        0.0000000000000000     
  0.29999999999999999       0.83333333333333337        0.0000000000000000     
  0.29999999999999999       0.86666666666666670        0.0000000000000000     
  0.29999999999999999       0.90000000000000002        0.0000000000000000     
  0.29999999999999999       0.93333333333333335        0.0000000000000000     
  0.29999999999999999       0.96666666666666667        0.0000000000000000     
  0.29999999999999999        1.0000000000000000        0.0000000000000000     

  0.33333333333333331        0.0000000000000000       0.86602540378443860     
  0.33333333333333331        3.3333333333333333E-002  0.64060758294906794     
  0.33333333333333331        6.6666666666666666E-002  0.44209115347701849     
  0.33333333333333331       0.10000000000000001       0.28268854613765404     
  0.33333333333333331       0.13333333333333333       0.16648016204614990     
  0.33333333333333331       0.16666666666666666        8.9807484994811351E-002
  0.33333333333333331       0.20000000000000001        4.4151505367775692E-002
  0.33333333333333331       0.23333333333333334        1.9683199114958600E-002
  0.33333333333333331       0.26666666666666666        7.9167483115926886E-003
  0.33333333333333331       0.29999999999999999        2.8571640700747105E-003
  0.33333333333333331       0.33333333333333331        9.1969919903451603E-004
  0.33333333333333331       0.36666666666666664        2.6223662593113060E-004
  0.33333333333333331       0.40000000000000002        6.5701211889998372E-005
  0.33333333333333331       0.43333333333333335        1.4324000160646018E-005
  0.33333333333333331       0.46666666666666667        2.6850129781917505E-006
  0.33333333333333331       0.50000000000000000        4.2616594664780950E-007
  0.33333333333333331       0.53333333333333333        5.6133451226487410E-008
  0.33333333333333331       0.56666666666666665        5.9685337344646554E-009
  0.33333333333333331       0.59999999999999998        4.9206444722889359E-010
  0.33333333333333331       0.63333333333333330        2.9504946449824902E-011
  0.33333333333333331       0.66666666666666663        1.1443915129934415E-012
  0.33333333333333331       0.69999999999999996        2.1545865538883257E-014
  0.33333333333333331       0.73333333333333328        0.0000000000000000     
  0.33333333333333331       0.76666666666666661        0.0000000000000000     
  0.33333333333333331       0.80000000000000004        0.0000000000000000     
  0.33333333333333331       0.83333333333333337        0.0000000000000000     
  0.33333333333333331       0.86666666666666670        0.0000000000000000     
  0.33333333333333331       0.90000000000000002        0.0000000000000000     
  0.33333333333333331       0.93333333333333335        0.0000000000000000     
  0.33333333333333331       0.96666666666666667        0.0000000000000000     
  0.33333333333333331        1.0000000000000000        0.0000000000000000     

  0.36666666666666664        0.0000000000000000       0.91354545764260087     
  0.36666666666666664        3.3333333333333333E-002  0.67575863823065652     
  0.36666666666666664        6.6666666666666666E-002  0.46634932804284696     
  0.36666666666666664       0.10000000000000001       0.29820007141028981     
  0.36666666666666664       0.13333333333333333       0.17561516689956155     
  0.36666666666666664       0.16666666666666666        9.4735350280483493E-002
  0.36666666666666664       0.20000000000000001        4.6574161682275531E-002
  0.36666666666666664       0.23333333333333334        2.0763244432285787E-002
  0.36666666666666664       0.26666666666666666        8.3511516264428397E-003
  0.36666666666666664       0.29999999999999999        3.0139407534124567E-003
  0.36666666666666664       0.33333333333333331        9.7016441088678556E-004
  0.36666666666666664       0.36666666666666664        2.7662592505951034E-004
  0.36666666666666664       0.40000000000000002        6.9306331455678432E-005
  0.36666666666666664       0.43333333333333335        1.5109978558189255E-005
  0.36666666666666664       0.46666666666666667        2.8323434846364497E-006
  0.36666666666666664       0.50000000000000000        4.4955028231362492E-007
  0.36666666666666664       0.53333333333333333        5.9213574065691289E-008
  0.36666666666666664       0.56666666666666665        6.2960357260651398E-009
  0.36666666666666664       0.59999999999999998        5.1906472797334168E-010
  0.36666666666666664       0.63333333333333330        3.1123925105936991E-011
  0.36666666666666664       0.66666666666666663        1.2071859138212123E-012
  0.36666666666666664       0.69999999999999996        2.2728118029808219E-014
  0.36666666666666664       0.73333333333333328        0.0000000000000000     
  0.36666666666666664       0.76666666666666661        0.0000000000000000     
  0.36666666666666664       0.80000000000000004        0.0000000000000000     
  0.36666666666666664       0.83333333333333337        0.0000000000000000     
  0.36666666666666664       0.86666666666666670        0.0000000000000000     
  0.36666666666666664       0.90000000000000002        0.0000000000000000     
  0.36666666666666664       0.93333333333333335        0.0000000000000000     
  0.36666666666666664       0.96666666666666667        0.0000000000000000     
  0.36666666666666664        1.0000000000000000        0.0000000000000000     

  0.40000000000000002        0.0000000000000000       0.95105651629515353     
  0.40000000000000002        3.3333333333333333E-002  0.70350594046020387     
  0.40000000000000002        6.6666666666666666E-002  0.48549808178076709     
  0.40000000000000002       0.10000000000000001       0.31044445429817769     
  0.40000000000000002       0.13333333333333333       0.18282609523458529     
  0.40000000000000002       0.16666666666666666        9.8625275243836102E-002
  0.40000000000000002       0.20000000000000001        4.8486541735114450E-002
  0.40000000000000002       0.23333333333333334        2.1615803298624607E-002
  0.40000000000000002       0.26666666666666666        8.6940579764828510E-003
  0.40000000000000002       0.29999999999999999        3.1376960711481656E-003
  0.40000000000000002       0.33333333333333331        1.0100002984334243E-003
  0.40000000000000002       0.36666666666666664        2.8798445266524163E-004
  0.40000000000000002       0.40000000000000002        7.2152116350647808E-005
  0.40000000000000002       0.43333333333333335        1.5730408868682668E-005
  0.40000000000000002       0.46666666666666667        2.9486422431574935E-006
  0.40000000000000002       0.50000000000000000        4.6800925101196763E-007
  0.40000000000000002       0.53333333333333333        6.1644940596194451E-008
  0.40000000000000002       0.56666666666666665        6.5545570327206752E-009
  0.40000000000000002       0.59999999999999998        5.4037802693683642E-010
  0.40000000000000002       0.63333333333333330        3.2401903525488404E-011
  0.40000000000000002       0.66666666666666663        1.2567541331572649E-012
  0.40000000000000002       0.69999999999999996        2.3661356503434154E-014
  0.40000000000000002       0.73333333333333328        0.0000000000000000     
  0.40000000000000002       0.76666666666666661        0.0000000000000000     
  0.40000000000000002       0.80000000000000004        0.0000000000000000     
  0.40000000000000002       0.83333333333333337        0.0000000000000000     
  0.40000000000000002       0.86666666666666670        0.0000000000000000     
  0.40000000000000002       0.90000000000000002        0.0000000000000000     
  0.40000000000000002       0.93333333333333335        0.0000000000000000     
  0.40000000000000002       0.96666666666666667        0.0000000000000000     
  0.40000000000000002        1.0000000000000000        0.0000000000000000     

  0.43333333333333335        0.0000000000000000       0.97814760073380569     
  0.43333333333333335        3.3333333333333333E-002  0.72354548438798660     
  0.43333333333333335        6.6666666666666666E-002  0.49932761693769201     
  0.43333333333333335       0.10000000000000001       0.31928754278009619     
  0.43333333333333335       0.13333333333333333       0.18803394261139889     
  0.43333333333333335       0.16666666666666666       0.10143464105295155     
  0.43333333333333335       0.20000000000000001        4.9867693090242284E-002
  0.43333333333333335       0.23333333333333334        2.2231534900626061E-002
  0.43333333333333335       0.26666666666666666        8.9417104079839230E-003
  0.43333333333333335       0.29999999999999999        3.2270741341232593E-003
  0.43333333333333335       0.33333333333333331        1.0387704113542764E-003
  0.43333333333333335       0.36666666666666664        2.9618776234295146E-004
  0.43333333333333335       0.40000000000000002        7.4207387560078474E-005
  0.43333333333333335       0.43333333333333335        1.6178493527811121E-005
  0.43333333333333335       0.46666666666666667        3.0326350602194452E-006
  0.43333333333333335       0.50000000000000000        4.8134061241899130E-007
  0.43333333333333335       0.53333333333333333        6.3400912257492561E-008
  0.43333333333333335       0.56666666666666665        6.7412652408964869E-009
  0.43333333333333335       0.59999999999999998        5.5577083115583892E-010
  0.43333333333333335       0.63333333333333330        3.3324879909480340E-011
  0.43333333333333335       0.66666666666666663        1.2925530912177363E-012
  0.43333333333333335       0.69999999999999996        2.4335356203751274E-014
  0.43333333333333335       0.73333333333333328        0.0000000000000000     
  0.43333333333333335       0.76666666666666661        0.0000000000000000     
  0.43333333333333335       0.80000000000000004        0.0000000000000000     
  0.43333333333333335       0.83333333333333337        0.0000000000000000     
  0.43333333333333335       0.86666666666666670        0.0000000000000000     
  0.43333333333333335       0.90000000000000002        0.0000000000000000     
  0.43333333333333335       0.93333333333333335        0.0000000000000000     
  0.43333333333333335       0.96666666666666667        0.0000000000000000     
  0.43333333333333335        1.0000000000000000        0.0000000000000000     

  0.46666666666666667        0.0000000000000000       0.99452189536827329     
  0.46666666666666667        3.3333333333333333E-002  0.73565771257718771     
  0.46666666666666667        6.6666666666666666E-002  0.50768641423242611     
  0.46666666666666667       0.10000000000000001       0.32463245012810221     
  0.46666666666666667       0.13333333333333333       0.19118165076432983     
  0.46666666666666667       0.16666666666666666       0.10313266770812761     
  0.46666666666666667       0.20000000000000001        5.0702483564387765E-002
  0.46666666666666667       0.23333333333333334        2.2603693154008481E-002
  0.46666666666666667       0.26666666666666666        9.0913955890819260E-003
  0.46666666666666667       0.29999999999999999        3.2810956975762211E-003
  0.46666666666666667       0.33333333333333331        1.0561595382716474E-003
  0.46666666666666667       0.36666666666666664        3.0114597691515799E-004
  0.46666666666666667       0.40000000000000002        7.5449627102506725E-005
  0.46666666666666667       0.43333333333333335        1.6449323226281445E-005
  0.46666666666666667       0.46666666666666667        3.0834016929419478E-006
  0.46666666666666667       0.50000000000000000        4.8939830534935368E-007
  0.46666666666666667       0.53333333333333333        6.4462250256603753E-008
  0.46666666666666667       0.56666666666666665        6.8541147363925918E-009
  0.46666666666666667       0.59999999999999998        5.6507449384617482E-010
  0.46666666666666667       0.63333333333333330        3.3882741935504550E-011
  0.46666666666666667       0.66666666666666663        1.3141905671267027E-012
  0.46666666666666667       0.69999999999999996        2.4742732648999421E-014
  0.46666666666666667       0.73333333333333328        0.0000000000000000     
  0.46666666666666667       0.76666666666666661        0.0000000000000000     
  0.46666666666666667       0.80000000000000004        0.0000000000000000     
  0.46666666666666667       0.83333333333333337        0.0000000000000000     
  0.46666666666666667       0.86666666666666670        0.0000000000000000     
  0.46666666666666667       0.90000000000000002        0.0000000000000000     
  0.46666666666666667       0.93333333333333335        0.0000000000000000     
  0.46666666666666667       0.96666666666666667        0.0000000000000000     
  0.46666666666666667        1.0000000000000000        0.0000000000000000     

  0.50000000000000000        0.0000000000000000        1.0000000000000000     
  0.50000000000000000        3.3333333333333333E-002  0.73970992092111998     
  0.50000000000000000        6.6666666666666666E-002  0.51048289293261762     
  0.50000000000000000       0.10000000000000001       0.32642061641879705     
  0.50000000000000000       0.13333333333333333       0.19223473274415434     
  0.50000000000000000       0.16666666666666666       0.10370075127399521     
  0.50000000000000000       0.20000000000000001        5.0981767018425009E-002
  0.50000000000000000       0.23333333333333334        2.2728200615068705E-002
  0.50000000000000000       0.26666666666666666        9.1414735376091072E-003
  0.50000000000000000       0.29999999999999999        3.2991688899531219E-003
  0.50000000000000000       0.33333333333333331        1.0619771602721219E-003
  0.50000000000000000       0.36666666666666664        3.0280477314543493E-004
  0.50000000000000000       0.40000000000000002        7.5865224741550395E-005
  0.50000000000000000       0.43333333333333335        1.6539930697242448E-005
  0.50000000000000000       0.46666666666666667        3.1003859314732914E-006
  0.50000000000000000       0.50000000000000000        4.9209404803312907E-007
  0.50000000000000000       0.53333333333333333        6.4817326352310485E-008
  0.50000000000000000       0.56666666666666665        6.8918691165210611E-009
  0.50000000000000000       0.59999999999999998        5.6818708213249230E-010
  0.50000000000000000       0.63333333333333330        3.4069377550463786E-011
  0.50000000000000000       0.66666666666666663        1.3214294961701732E-012
  0.50000000000000000       0.69999999999999996        2.4879022537595454E-014
  0.50000000000000000       0.73333333333333328        0.0000000000000000     
  0.50000000000000000       0.76666666666666661        0.0000000000000000     
  0.50000000000000000       0.80000000000000004        0.0000000000000000     
  0.50000000000000000       0.83333333333333337        0.0000000000000000     
  0.50000000000000000       0.86666666666666670        0.0000000000000000     
  0.50000000000000000       0.90000000000000002        0.0000000000000000     
  0.50000000000000000       0.93333333333333335        0.0000000000000000     
  0.50000000000000000       0.96666666666666667        0.0000000000000000     
  0.50000000000000000        1.0000000000000000        0.0000000000000000     

  0.53333333333333333        0.0000000000000000       0.99452189536827340     
  0.53333333333333333        3.3333333333333333E-002  0.73565771257718782     
  0.53333333333333333        6.6666666666666666E-002  0.50768641423242622     
  0.53333333333333333       0.10000000000000001       0.32463245012810221     
  0.53333333333333333       0.13333333333333333       0.19118165076432983     
  0.53333333333333333       0.16666666666666666       0.10313266770812761     
  0.53333333333333333       0.20000000000000001        5.0702483564387765E-002
  0.53333333333333333       0.23333333333333334        2.2603693154008481E-002
  0.53333333333333333       0.26666666666666666        9.0913955890819260E-003
  0.53333333333333333       0.29999999999999999        3.2810956975762211E-003
  0.53333333333333333       0.33333333333333331        1.0561595382716474E-003
  0.53333333333333333       0.36666666666666664        3.0114597691515799E-004
  0.53333333333333333       0.40000000000000002        7.5449627102506725E-005
  0.53333333333333333       0.43333333333333335        1.6449323226281445E-005
  0.53333333333333333       0.46666666666666667        3.0834016929419478E-006
  0.53333333333333333       0.50000000000000000        4.8939830534935368E-007
  0.53333333333333333       0.53333333333333333        6.4462250256603753E-008
  0.53333333333333333       0.56666666666666665        6.8541147363925918E-009
  0.53333333333333333       0.59999999999999998        5.6507449384617482E-010
  0.53333333333333333       0.63333333333333330        3.3882741935504550E-011
  0.53333333333333333       0.66666666666666663        1.3141905671267027E-012
  0.53333333333333333       0.69999999999999996        2.4742732648999421E-014
  0.53333333333333333       0.73333333333333328        0.0000000000000000     
  0.53333333333333333       0.76666666666666661        0.0000000000000000     
  0.53333333333333333       0.80000000000000004        0.0000000000000000     
  0.53333333333333333       0.83333333333333337        0.0000000000000000     
  0.53333333333333333       0.86666666666666670        0.0000000000000000     
  0.53333333333333333       0.90000000000000002        0.0000000000000000     
  0.53333333333333333       0.93333333333333335        0.0000000000000000     
  0.53333333333333333       0.96666666666666667        0.0000000000000000     
  0.53333333333333333        1.0000000000000000        0.0000000000000000     

  0.56666666666666665        0.0000000000000000       0.97814760073380569     
  0.56666666666666665        3.3333333333333333E-002  0.72354548438798660     
  0.56666666666666665        6.6666666666666666E-002  0.49932761693769206     
  0.56666666666666665       0.10000000000000001       0.31928754278009625     
  0.56666666666666665       0.13333333333333333       0.18803394261139891     
  0.56666666666666665       0.16666666666666666       0.10143464105295155     
  0.56666666666666665       0.20000000000000001        4.9867693090242284E-002
  0.56666666666666665       0.23333333333333334        2.2231534900626061E-002
  0.56666666666666665       0.26666666666666666        8.9417104079839230E-003
  0.56666666666666665       0.29999999999999999        3.2270741341232593E-003
  0.56666666666666665       0.33333333333333331        1.0387704113542764E-003
  0.56666666666666665       0.36666666666666664        2.9618776234295146E-004
  0.56666666666666665       0.40000000000000002        7.4207387560078474E-005
  0.56666666666666665       0.43333333333333335        1.6178493527811121E-005
  0.56666666666666665       0.46666666666666667        3.0326350602194456E-006
  0.56666666666666665       0.50000000000000000        4.8134061241899130E-007
  0.56666666666666665       0.53333333333333333        6.3400912257492561E-008
  0.56666666666666665       0.56666666666666665        6.7412652408964869E-009
  0.56666666666666665       0.59999999999999998        5.5577083115583892E-010
  0.56666666666666665       0.63333333333333330        3.3324879909480340E-011
  0.56666666666666665       0.66666666666666663        1.2925530912177363E-012
  0.56666666666666665       0.69999999999999996        2.4335356203751274E-014
  0.56666666666666665       0.73333333333333328        0.0000000000000000     
  0.56666666666666665       0.76666666666666661        0.0000000000000000     
  0.56666666666666665       0.80000000000000004        0.0000000000000000     
  0.56666666666666665       0.83333333333333337        0.0000000000000000     
  0.56666666666666665       0.86666666666666670        0.0000000000000000     
  0.56666666666666665       0.90000000000000002        0.0000000000000000     
  0.56666666666666665       0.93333333333333335        0.0000000000000000     
  0.56666666666666665       0.96666666666666667        0.0000000000000000     
  0.56666666666666665        1.0000000000000000        0.0000000000000000     

  0.59999999999999998        0.0000000000000000       0.95105651629515364     
  0.59999999999999998        3.3333333333333333E-002  0.70350594046020387     
  0.59999999999999998        6.6666666666666666E-002  0.48549808178076714     
  0.59999999999999998       0.10000000000000001       0.31044445429817780     
  0.59999999999999998       0.13333333333333333       0.18282609523458529     
  0.59999999999999998       0.16666666666666666        9.8625275243836102E-002
  0.59999999999999998       0.20000000000000001        4.8486541735114450E-002
  0.59999999999999998       0.23333333333333334        2.1615803298624607E-002
  0.59999999999999998       0.26666666666666666        8.6940579764828510E-003
  0.59999999999999998       0.29999999999999999        3.1376960711481656E-003
  0.59999999999999998       0.33333333333333331        1.0100002984334243E-003
  0.59999999999999998       0.36666666666666664        2.8798445266524163E-004
  0.59999999999999998       0.40000000000000002        7.2152116350647822E-005
  0.59999999999999998       0.43333333333333335        1.5730408868682672E-005
  0.59999999999999998       0.46666666666666667        2.9486422431574940E-006
  0.59999999999999998       0.50000000000000000        4.6800925101196773E-007
  0.59999999999999998       0.53333333333333333        6.1644940596194464E-008
  0.59999999999999998       0.56666666666666665        6.5545570327206752E-009
  0.59999999999999998       0.59999999999999998        5.4037802693683642E-010
  0.59999999999999998       0.63333333333333330        3.2401903525488404E-011
  0.59999999999999998       0.66666666666666663        1.2567541331572649E-012
  0.59999999999999998       0.69999999999999996        2.3661356503434154E-014
  0.59999999999999998       0.73333333333333328        0.0000000000000000     
  0.59999999999999998       0.76666666666666661        0.0000000000000000     
  0.59999999999999998       0.80000000000000004        0.0000000000000000     
  0.59999999999999998       0.83333333333333337        0.0000000000000000     
  0.59999999999999998       0.86666666666666670        0.0000000000000000     
  0.59999999999999998       0.90000000000000002        0.0000000000000000     
  0.59999999999999998       0.93333333333333335        0.0000000000000000     
  0.59999999999999998       0.96666666666666667        0.0000000000000000     
  0.59999999999999998        1.0000000000000000        0.0000000000000000     

  0.63333333333333330        0.0000000000000000       0.91354545764260098     
  0.63333333333333330        3.3333333333333333E-002  0.67575863823065663     
  0.63333333333333330        6.6666666666666666E-002  0.46634932804284696     
  0.63333333333333330       0.10000000000000001       0.29820007141028987     
  0.63333333333333330       0.13333333333333333       0.17561516689956158     
  0.63333333333333330       0.16666666666666666        9.4735350280483507E-002
  0.63333333333333330       0.20000000000000001        4.6574161682275531E-002
  0.63333333333333330       0.23333333333333334        2.0763244432285787E-002
  0.63333333333333330       0.26666666666666666        8.3511516264428397E-003
  0.63333333333333330       0.29999999999999999        3.0139407534124567E-003
  0.63333333333333330       0.33333333333333331        9.7016441088678556E-004
  0.63333333333333330       0.36666666666666664        2.7662592505951034E-004
  0.63333333333333330       0.40000000000000002        6.9306331455678446E-005
  0.63333333333333330       0.43333333333333335        1.5109978558189255E-005
  0.63333333333333330       0.46666666666666667        2.8323434846364497E-006
  0.63333333333333330       0.50000000000000000        4.4955028231362492E-007
  0.63333333333333330       0.53333333333333333        5.9213574065691289E-008
  0.63333333333333330       0.56666666666666665        6.2960357260651414E-009
  0.63333333333333330       0.59999999999999998        5.1906472797334168E-010
  0.63333333333333330       0.63333333333333330        3.1123925105936984E-011
  0.63333333333333330       0.66666666666666663        1.2071859138212123E-012
  0.63333333333333330       0.69999999999999996        2.2728118029808219E-014
  0.63333333333333330       0.73333333333333328        0.0000000000000000     
  0.63333333333333330       0.76666666666666661        0.0000000000000000     
  0.63333333333333330       0.80000000000000004        0.0000000000000000     
  0.63333333333333330       0.83333333333333337        0.0000000000000000     
  0.63333333333333330       0.86666666666666670        0.0000000000000000     
  0.63333333333333330       0.90000000000000002        0.0000000000000000     
  0.63333333333333330       0.93333333333333335        0.0000000000000000     
  0.63333333333333330       0.96666666666666667        0.0000000000000000     
  0.63333333333333330        1.0000000000000000        0.0000000000000000     

  0.66666666666666663        0.0000000000000000       0.86602540378443871     
  0.66666666666666663        3.3333333333333333E-002  0.64060758294906806     
  0.66666666666666663        6.6666666666666666E-002  0.44209115347701855     
  0.66666666666666663       0.10000000000000001       0.28268854613765415     
  0.66666666666666663       0.13333333333333333       0.16648016204614993     
  0.66666666666666663       0.16666666666666666        8.9807484994811365E-002
  0.66666666666666663       0.20000000000000001        4.4151505367775699E-002
  0.66666666666666663       0.23333333333333334        1.9683199114958604E-002
  0.66666666666666663       0.26666666666666666        7.9167483115926886E-003
  0.66666666666666663       0.29999999999999999        2.8571640700747114E-003
  0.66666666666666663       0.33333333333333331        9.1969919903451625E-004
  0.66666666666666663       0.36666666666666664        2.6223662593113071E-004
  0.66666666666666663       0.40000000000000002        6.5701211889998386E-005
  0.66666666666666663       0.43333333333333335        1.4324000160646023E-005
  0.66666666666666663       0.46666666666666667        2.6850129781917505E-006
  0.66666666666666663       0.50000000000000000        4.2616594664780960E-007
  0.66666666666666663       0.53333333333333333        5.6133451226487437E-008
  0.66666666666666663       0.56666666666666665        5.9685337344646546E-009
  0.66666666666666663       0.59999999999999998        4.9206444722889369E-010
  0.66666666666666663       0.63333333333333330        2.9504946449824902E-011
  0.66666666666666663       0.66666666666666663        1.1443915129934415E-012
  0.66666666666666663       0.69999999999999996        2.1545865538883257E-014
  0.66666666666666663       0.73333333333333328        0.0000000000000000     
  0.66666666666666663       0.76666666666666661        0.0000000000000000     
  0.66666666666666663       0.80000000000000004        0.0000000000000000     
  0.66666666666666663       0.83333333333333337        0.0000000000000000     
  0.66666666666666663       0.86666666666666670        0.0000000000000000     
  0.66666666666666663       0.90000000000000002        0.0000000000000000     
  0.66666666666666663       0.93333333333333335        0.0000000000000000     
  0.66666666666666663       0.96666666666666667        0.0000000000000000     
  0.66666666666666663        1.0000000000000000        0.0000000000000000     

  0.69999999999999996        0.0000000000000000       0.80901699437494745     
  0.69999999999999996        3.3333333333333333E-002  0.59843789693293448     
  0.69999999999999996        6.6666666666666666E-002  0.41298933572017438     
  0.69999999999999996       0.10000000000000001       0.26407982599715291     
  0.69999999999999996       0.13333333333333333       0.15552116569914706     
  0.69999999999999996       0.16666666666666666        8.3895670110111620E-002
  0.69999999999999996       0.20000000000000001        4.1245115921170035E-002
  0.69999999999999996       0.23333333333333334        1.8387500549153717E-002
  0.69999999999999996       0.26666666666666666        7.3956074455546403E-003
  0.69999999999999996       0.29999999999999999        2.6690836992852070E-003
  0.69999999999999996       0.33333333333333331        8.5915757029819424E-004
  0.69999999999999996       0.36666666666666664        2.4497420745250761E-004
  0.69999999999999996       0.40000000000000002        6.1376256097989010E-005
  0.69999999999999996       0.43333333333333335        1.3381085019853011E-005
  0.69999999999999996       0.46666666666666667        2.5082649076828945E-006
  0.69999999999999996       0.50000000000000000        3.9811244768956316E-007
  0.69999999999999996       0.53333333333333333        5.2438318548966313E-008
  0.69999999999999996       0.56666666666666665        5.5756392382733944E-009
  0.69999999999999996       0.59999999999999998        4.5967300542950037E-010
  0.69999999999999996       0.63333333333333330        2.7562705426101533E-011
  0.69999999999999996       0.66666666666666663        1.0690589192699948E-012
  0.69999999999999996       0.69999999999999996        2.0127552036352062E-014
  0.69999999999999996       0.73333333333333328        0.0000000000000000     
  0.69999999999999996       0.76666666666666661        0.0000000000000000     
  0.69999999999999996       0.80000000000000004        0.0000000000000000     
  0.69999999999999996       0.83333333333333337        0.0000000000000000     
  0.69999999999999996       0.86666666666666670        0.0000000000000000     
  0.69999999999999996       0.90000000000000002        0.0000000000000000     
  0.69999999999999996       0.93333333333333335        0.0000000000000000     
  0.69999999999999996       0.96666666666666667        0.0000000000000000     
  0.69999999999999996        1.0000000000000000        0.0000000000000000     

  0.73333333333333328        0.0000000000000000       0.74314482547739447     
  0.73333333333333328        3.3333333333333333E-002  0.54971160008682285     
  0.73333333333333328        6.6666666666666666E-002  0.37936272037760549     
  0.73333333333333328       0.10000000000000001       0.24257779202077046     
  0.73333333333333328       0.13333333333333333       0.14285824691584811     
  0.73333333333333328       0.16666666666666666        7.7064676707387855E-002
  0.73333333333333328       0.20000000000000001        3.7886836353436627E-002
  0.73333333333333328       0.23333333333333334        1.6890344679500440E-002
  0.73333333333333328       0.26666666666666666        6.7934387567127391E-003
  0.73333333333333328       0.29999999999999999        2.4517602889446615E-003
  0.73333333333333328       0.33333333333333331        7.8920283143140498E-004
  0.73333333333333328       0.36666666666666664        2.2502780029288623E-004
  0.73333333333333328       0.40000000000000002        5.6378849200362781E-005
  0.73333333333333328       0.43333333333333335        1.2291563911410434E-005
  0.73333333333333328       0.46666666666666667        2.3040357619572877E-006
  0.73333333333333328       0.50000000000000000        3.6569714544404418E-007
  0.73333333333333328       0.53333333333333333        4.8168660679999086E-008
  0.73333333333333328       0.56666666666666665        5.1216568718100877E-009
  0.73333333333333328       0.59999999999999998        4.2224528998986101E-010
  0.73333333333333328       0.63333333333333330        2.5318481633862873E-011
  0.73333333333333328       0.66666666666666663        9.8201349231206441E-013
  0.73333333333333328       0.69999999999999996        1.8488716861749541E-014
  0.73333333333333328       0.73333333333333328        0.0000000000000000     
  0.73333333333333328       0.76666666666666661        0.0000000000000000     
  0.73333333333333328       0.80000000000000004        0.0000000000000000     
  0.73333333333333328       0.83333333333333337        0.0000000000000000     
  0.73333333333333328       0.86666666666666670        0.0000000000000000     
  0.73333333333333328       0.90000000000000002        0.0000000000000000     
  0.73333333333333328       0.93333333333333335        0.0000000000000000     
  0.73333333333333328       0.96666666666666667        0.0000000000000000     
  0.73333333333333328        1.0000000000000000        0.0000000000000000     

  0.76666666666666661        0.0000000000000000       0.66913060635885835     
  0.76666666666666661        3.3333333333333333E-002  0.49496254791561212     
  0.76666666666666661        6.6666666666666666E-002  0.34157972768382650     
  0.76666666666666661       0.10000000000000001       0.21841802499234200     
  0.76666666666666661       0.13333333333333333       0.12863014328432906     
  0.76666666666666661       0.16666666666666666        6.9389346579837557E-002
  0.76666666666666661       0.20000000000000001        3.4113460678284767E-002
  0.76666666666666661       0.23333333333333334        1.5208134659006696E-002
  0.76666666666666661       0.26666666666666666        6.1168397312338398E-003
  0.76666666666666661       0.29999999999999999        2.2075748798146139E-003
  0.76666666666666661       0.33333333333333331        7.1060142119214339E-004
  0.76666666666666661       0.36666666666666664        2.0261594146316140E-004
  0.76666666666666661       0.40000000000000002        5.0763743832864675E-005
  0.76666666666666661       0.43333333333333335        1.1067373856579332E-005
  0.76666666666666661       0.46666666666666667        2.0745631182731976E-006
  0.76666666666666661       0.50000000000000000        3.2927518874599278E-007
  0.76666666666666661       0.53333333333333333        4.3371256884681524E-008
  0.76666666666666661       0.56666666666666665        4.6115605608836272E-009
  0.76666666666666661       0.59999999999999998        3.8019136679258501E-010
  0.76666666666666661       0.63333333333333330        2.2796863258610706E-011
  0.76666666666666661       0.66666666666666663        8.8420892003282860E-013
  0.76666666666666661       0.69999999999999996        1.6647315436196950E-014
  0.76666666666666661       0.73333333333333328        0.0000000000000000     
  0.76666666666666661       0.76666666666666661        0.0000000000000000     
  0.76666666666666661       0.80000000000000004        0.0000000000000000     
  0.76666666666666661       0.83333333333333337        0.0000000000000000     
  0.76666666666666661       0.86666666666666670        0.0000000000000000     
  0.76666666666666661       0.90000000000000002        0.0000000000000000     
  0.76666666666666661       0.93333333333333335        0.0000000000000000     
  0.76666666666666661       0.96666666666666667        0.0000000000000000     
  0.76666666666666661        1.0000000000000000        0.0000000000000000     

  0.80000000000000004        0.0000000000000000       0.58778525229247325     
  0.80000000000000004        3.3333333333333333E-002  0.43479058249186592     
  0.80000000000000004        6.6666666666666666E-002  0.30005431601339022     
  0.80000000000000004       0.10000000000000001       0.19186522437518727     
  0.80000000000000004       0.13333333333333333       0.11299274088539893     
  0.80000000000000004       0.16666666666666666        6.0953772250504287E-002
  0.80000000000000004       0.20000000000000001        2.9966330789241030E-002
  0.80000000000000004       0.23333333333333334        1.3359301132682102E-002
  0.80000000000000004       0.26666666666666666        5.3732233296285362E-003
  0.80000000000000004       0.29999999999999999        1.9392028183365744E-003
  0.80000000000000004       0.33333333333333331        6.2421451307939353E-004
  0.80000000000000004       0.36666666666666664        1.7798417997865460E-004
  0.80000000000000004       0.40000000000000002        4.4592460264937385E-005
  0.80000000000000004       0.43333333333333335        9.7219273377786736E-006
  0.80000000000000004       0.46666666666666667        1.8223611269350629E-006
  0.80000000000000004       0.50000000000000000        2.8924562417477724E-007
  0.80000000000000004       0.53333333333333333        3.8098668522916388E-008
  0.80000000000000004       0.56666666666666665        4.0509390274210354E-009
  0.80000000000000004       0.59999999999999998        3.3397198742057122E-010
  0.80000000000000004       0.63333333333333330        2.0025477678946878E-011
  0.80000000000000004       0.66666666666666663        7.7671676979310111E-013
  0.80000000000000004       0.69999999999999996        1.4623522539050674E-014
  0.80000000000000004       0.73333333333333328        0.0000000000000000     
  0.80000000000000004       0.76666666666666661        0.0000000000000000     
  0.80000000000000004       0.80000000000000004        0.0000000000000000     
  0.80000000000000004       0.83333333333333337        0.0000000000000000     
  0.80000000000000004       0.86666666666666670        0.0000000000000000     
  0.80000000000000004       0.90000000000000002        0.0000000000000000     
  0.80000000000000004       0.93333333333333335        0.0000000000000000     
  0.80000000000000004       0.96666666666666667        0.0000000000000000     
  0.80000000000000004        1.0000000000000000        0.0000000000000000     

  0.83333333333333337        0.0000000000000000       0.49999999999999994     
  0.83333333333333337        3.3333333333333333E-002  0.36985496046055993     
  0.83333333333333337        6.6666666666666666E-002  0.25524144646630881     
  0.83333333333333337       0.10000000000000001       0.16321030820939858     
  0.83333333333333337       0.13333333333333333        9.6117366372077170E-002
  0.83333333333333337       0.16666666666666666        5.1850375636997612E-002
  0.83333333333333337       0.20000000000000001        2.5490883509212504E-002
  0.83333333333333337       0.23333333333333334        1.1364100307534352E-002
  0.83333333333333337       0.26666666666666666        4.5707367688045545E-003
  0.83333333333333337       0.29999999999999999        1.6495844449765612E-003
  0.83333333333333337       0.33333333333333331        5.3098858013606108E-004
  0.83333333333333337       0.36666666666666664        1.5140238657271749E-004
  0.83333333333333337       0.40000000000000002        3.7932612370775204E-005
  0.83333333333333337       0.43333333333333335        8.2699653486212221E-006
  0.83333333333333337       0.46666666666666667        1.5501929657366459E-006
  0.83333333333333337       0.50000000000000000        2.4604702401656454E-007
  0.83333333333333337       0.53333333333333333        3.2408663176155236E-008
  0.83333333333333337       0.56666666666666665        3.4459345582605314E-009
  0.83333333333333337       0.59999999999999998        2.8409354106624615E-010
  0.83333333333333337       0.63333333333333330        1.7034688775231896E-011
  0.83333333333333337       0.66666666666666663        6.6071474808508641E-013
  0.83333333333333337       0.69999999999999996        1.2439511268797725E-014
  0.83333333333333337       0.73333333333333328        0.0000000000000000     
  0.83333333333333337       0.76666666666666661        0.0000000000000000     
  0.83333333333333337       0.80000000000000004        0.0000000000000000     
  0.83333333333333337       0.83333333333333337        0.0000000000000000     
  0.83333333333333337       0.86666666666666670        0.0000000000000000     
  0.83333333333333337       0.90000000000000002        0.0000000000000000     
  0.83333333333333337       0.93333333333333335        0.0000000000000000     
  0.83333333333333337       0.96666666666666667        0.0000000000000000     
  0.83333333333333337        1.0000000000000000        0.0000000000000000     

  0.86666666666666670        0.0000000000000000       0.40673664307580004     
  0.86666666666666670        3.3333333333333333E-002  0.30086713008532190     
  0.86666666666666670        6.6666666666666666E-002  0.20763209821903600     
  0.86666666666666670       0.10000000000000001       0.13276722575291494     
  0.86666666666666670       0.13333333333333333        7.8188909878930957E-002
  0.86666666666666670       0.16666666666666666        4.2178895457623329E-002
  0.86666666666666670       0.20000000000000001        2.0736152775146736E-002
  0.86666666666666670       0.23333333333333334        9.2443920213263822E-003
  0.86666666666666670       0.26666666666666666        3.7181722594533885E-003
  0.86666666666666670       0.29999999999999999        1.3418928792396471E-003
  0.86666666666666670       0.33333333333333331        4.3194502519225403E-004
  0.86666666666666670       0.36666666666666664        1.2316179693650344E-004
  0.86666666666666670       0.40000000000000002        3.0857166837569353E-005
  0.86666666666666670       0.43333333333333335        6.7273958885027713E-006
  0.86666666666666670       0.46666666666666667        1.2610405660068847E-006
  0.86666666666666670       0.50000000000000000        2.0015268117457655E-007
  0.86666666666666670       0.53333333333333333        2.6363581733687372E-008
  0.86666666666666670       0.56666666666666665        2.8031757089715572E-009
  0.86666666666666670       0.59999999999999998        2.3110250642560391E-010
  0.86666666666666670       0.63333333333333330        1.3857264256557665E-011
  0.86666666666666670       0.66666666666666663        5.3747379733360208E-013
  0.86666666666666670       0.69999999999999996        1.0119210109948745E-014
  0.86666666666666670       0.73333333333333328        0.0000000000000000     
  0.86666666666666670       0.76666666666666661        0.0000000000000000     
  0.86666666666666670       0.80000000000000004        0.0000000000000000     
  0.86666666666666670       0.83333333333333337        0.0000000000000000     
  0.86666666666666670       0.86666666666666670        0.0000000000000000     
  0.86666666666666670       0.90000000000000002        0.0000000000000000     
  0.86666666666666670       0.93333333333333335        0.0000000000000000     
  0.86666666666666670       0.96666666666666667        0.0000000000000000     
  0.86666666666666670        1.0000000000000000        0.0000000000000000     

  0.90000000000000002        0.0000000000000000       0.30901699437494751     
  0.90000000000000002        3.3333333333333333E-002  0.22858293647237454     
  0.90000000000000002        6.6666666666666666E-002  0.15774788925386557     
  0.90000000000000002       0.10000000000000001       0.10086951778775430     
  0.90000000000000002       0.13333333333333333        5.9403799327069857E-002
  0.90000000000000002       0.16666666666666666        3.2045294473114008E-002
  0.90000000000000002       0.20000000000000001        1.5754232411957520E-002
  0.90000000000000002       0.23333333333333334        7.0234002416193634E-003
  0.90000000000000002       0.26666666666666666        2.8248706767500845E-003
  0.90000000000000002       0.29999999999999999        1.0194992543086456E-003
  0.90000000000000002       0.33333333333333331        3.2816899016213300E-004
  0.90000000000000002       0.36666666666666664        9.3571820879790116E-005
  0.90000000000000002       0.40000000000000002        2.3443643727213806E-005
  0.90000000000000002       0.43333333333333335        5.1111196712317888E-006
  0.90000000000000002       0.46666666666666667        9.5807194194624819E-007
  0.90000000000000002       0.50000000000000000        1.5206542367299857E-007
  0.90000000000000002       0.53333333333333333        2.0029655372811064E-008
  0.90000000000000002       0.56666666666666665        2.1297046800128626E-009
  0.90000000000000002       0.59999999999999998        1.7557946436325412E-010
  0.90000000000000002       0.63333333333333330        1.0528016650869629E-011
  0.90000000000000002       0.66666666666666663        4.0834417118490785E-013
  0.90000000000000002       0.69999999999999996        7.6880407675543238E-015
  0.90000000000000002       0.73333333333333328        0.0000000000000000     
  0.90000000000000002       0.76666666666666661        0.0000000000000000     
  0.90000000000000002       0.80000000000000004        0.0000000000000000     
  0.90000000000000002       0.83333333333333337        0.0000000000000000     
  0.90000000000000002       0.86666666666666670        0.0000000000000000     
  0.90000000000000002       0.90000000000000002        0.0000000000000000     
  0.90000000000000002       0.93333333333333335        0.0000000000000000     
  0.90000000000000002       0.96666666666666667        0.0000000000000000     
  0.90000000000000002        1.0000000000000000        0.0000000000000000     

  0.93333333333333335        0.0000000000000000       0.20791169081775931     
  0.93333333333333335        3.3333333333333333E-002  0.15379434037338113     
  0.93333333333333335        6.6666666666666666E-002  0.10613536140316174     
  0.93333333333333335       0.10000000000000001        6.7866662277407355E-002
  0.93333333333333335       0.13333333333333333        3.9967848318737217E-002
  0.93333333333333335       0.16666666666666666        2.1560598536448258E-002
  0.93333333333333335       0.20000000000000001        1.0599705381677820E-002
  0.93333333333333335       0.23333333333333334        4.7254586191241730E-003
  0.93333333333333335       0.26666666666666666        1.9006192197701139E-003
  0.93333333333333335       0.29999999999999999        6.8593578220350383E-004
  0.93333333333333335       0.33333333333333331        2.2079746700201953E-004
  0.93333333333333335       0.36666666666666664        6.2956652372355435E-005
  0.93333333333333335       0.40000000000000002        1.5773267150285054E-005
  0.93333333333333335       0.43333333333333335        3.4388449572722380E-006
  0.93333333333333335       0.46666666666666667        6.4460648120020571E-007
  0.93333333333333335       0.50000000000000000        1.0231210556792358E-007
  0.93333333333333335       0.53333333333333333        1.3476279916195383E-008
  0.93333333333333335       0.56666666666666665        1.4329001609105912E-009
  0.93333333333333335       0.59999999999999998        1.1813273694697556E-010
  0.93333333333333335       0.63333333333333330        7.0834218916255403E-012
  0.93333333333333335       0.66666666666666663        2.7474064084520060E-013
  0.93333333333333335       0.69999999999999996        5.1726396416846121E-015
  0.93333333333333335       0.73333333333333328        0.0000000000000000     
  0.93333333333333335       0.76666666666666661        0.0000000000000000     
  0.93333333333333335       0.80000000000000004        0.0000000000000000     
  0.93333333333333335       0.83333333333333337        0.0000000000000000     
  0.93333333333333335       0.86666666666666670        0.0000000000000000     
  0.93333333333333335       0.90000000000000002        0.0000000000000000     
  0.93333333333333335       0.93333333333333335        0.0000000000000000     
  0.93333333333333335       0.96666666666666667        0.0000000000000000     
  0.93333333333333335        1.0000000000000000        0.0000000000000000     

  0.96666666666666667        0.0000000000000000       0.10452846326765373     
  0.96666666666666667        3.3333333333333333E-002   7.7320741297722220E-002
  0.96666666666666667        6.6666666666666666E-002   5.3359992322672613E-002
  0.96666666666666667       0.10000000000000001        3.4120245413137039E-002
  0.96666666666666667       0.13333333333333333        2.0094001200414519E-002
  0.96666666666666667       0.16666666666666666        1.0839680170371879E-002
  0.96666666666666667       0.20000000000000001        5.3290457611055060E-003
  0.96666666666666667       0.23333333333333334        2.3757438831320688E-003
  0.96666666666666667       0.26666666666666666        9.5554418088820005E-004
  0.96666666666666667       0.29999999999999999        3.4485705412725005E-004
  0.96666666666666667       0.33333333333333331        1.1100684058859146E-004
  0.96666666666666667       0.36666666666666664        3.1651717607002743E-005
  0.96666666666666667       0.40000000000000002        7.9300753576894272E-006
  0.96666666666666667       0.43333333333333335        1.7288935383362413E-006
  0.96666666666666667       0.46666666666666667        3.2407857695355560E-007
  0.96666666666666667       0.50000000000000000        5.1437834624061828E-008
  0.96666666666666667       0.53333333333333333        6.7752555167249946E-009
  0.96666666666666667       0.56666666666666665        7.2039648779174715E-010
  0.96666666666666667       0.59999999999999998        5.9391722543841436E-011
  0.96666666666666667       0.63333333333333330        3.5612196798354736E-012
  0.96666666666666667       0.66666666666666663        1.3812699455121777E-013
  0.96666666666666667       0.69999999999999996        2.6005659934561751E-015
  0.96666666666666667       0.73333333333333328        0.0000000000000000     
  0.96666666666666667       0.76666666666666661        0.0000000000000000     
  0.96666666666666667       0.80000000000000004        0.0000000000000000     
  0.96666666666666667       0.83333333333333337        0.0000000000000000     
  0.96666666666666667       0.86666666666666670        0.0000000000000000     
  0.96666666666666667       0.90000000000000002        0.0000000000000000     
  0.96666666666666667       0.93333333333333335        0.0000000000000000     
  0.96666666666666667       0.96666666666666667        0.0000000000000000     
  0.96666666666666667        1.0000000000000000        0.0000000000000000     

   1.0000000000000000        0.0000000000000000        1.2246467991473532E-016
   1.0000000000000000        3.3333333333333333E-002   0.0000000000000000     
   1.0000000000000000        6.6666666666666666E-002   0.0000000000000000     
   1.0000000000000000       0.10000000000000001        0.0000000000000000     
   1.0000000000000000       0.13333333333333333        0.0000000000000000     
   1.0000000000000000       0.16666666666666666        0.0000000000000000     
   1.0000000000000000       0.20000000000000001        0.0000000000000000     
   1.0000000000000000       0.23333333333333334        0.0000000000000000     
   1.0000000000000000       0.26666666666666666        0.0000000000000000     
   1.0000000000000000       0.29999999999999999        0.0000000000000000     
   1.0000000000000000       0.33333333333333331        0.0000000000000000     
   1.0000000000000000       0.36666666666666664        0.0000000000000000     
   1.0000000000000000       0.40000000000000002        0.0000000000000000     
   1.0000000000000000       0.43333333333333335        0.0000000000000000     
   1.0000000000000000       0.46666666666666667        0.0000000000000000     
   1.0000000000000000       0.50000000000000000        0.0000000000000000     
   1.0000000000000000       0.53333333333333333        0.0000000000000000     
   1.0000000000000000       0.56666666666666665        0.0000000000000000     
   1.0000000000000000       0.59999999999999998        0.0000000000000000     
   1.0000000000000000       0.63333333333333330        0.0000000000000000     
   1.0000000000000000       0.66666666666666663        0.0000000000000000     
   1.0000000000000000       0.69999999999999996        0.0000000000000000     
   1.0000000000000000       0.73333333333333328        0.0000000000000000     
   1.0000000000000000       0.76666666666666661        0.0000000000000000     
   1.0000000000000000       0.80000000000000004        0.0000000000000000     
   1.0000000000000000       0.83333333333333337        0.0000000000000000     
   1.0000000000000000       0.86666666666666670        0.0000000000000000     
   1.0000000000000000       0.90000000000000002        0.0000000000000000     
   1.0000000000000000       0.93333333333333335        0.0000000000000000     
   1.0000000000000000       0.96666666666666667        0.0000000000000000     
   1.0000000000000000        1.0000000000000000        0.0000000000000000     

