   0.0000000000000000        0.0000000000000000        0.0000000000000000     
   0.0000000000000000        3.3333333333333333E-002   0.0000000000000000     
   0.0000000000000000        6.6666666666666666E-002   0.0000000000000000     
   0.0000000000000000       0.10000000000000001        0.0000000000000000     
   0.0000000000000000       0.13333333333333333        0.0000000000000000     
   0.0000000000000000       0.16666666666666666        0.0000000000000000     
   0.0000000000000000       0.20000000000000001        0.0000000000000000     
   0.0000000000000000       0.23333333333333334        0.0000000000000000     
   0.0000000000000000       0.26666666666666666        0.0000000000000000     
   0.0000000000000000       0.29999999999999999        0.0000000000000000     
   0.0000000000000000       0.33333333333333331        0.0000000000000000     
   0.0000000000000000       0.36666666666666664        0.0000000000000000     
   0.0000000000000000       0.40000000000000002        0.0000000000000000     
   0.0000000000000000       0.43333333333333335        0.0000000000000000     
   0.0000000000000000       0.46666666666666667        0.0000000000000000     
   0.0000000000000000       0.50000000000000000        0.0000000000000000     
   0.0000000000000000       0.53333333333333333        0.0000000000000000     
   0.0000000000000000       0.56666666666666665        0.0000000000000000     
   0.0000000000000000       0.59999999999999998        0.0000000000000000     
   0.0000000000000000       0.63333333333333330        0.0000000000000000     
   0.0000000000000000       0.66666666666666663        0.0000000000000000     
   0.0000000000000000       0.69999999999999996        0.0000000000000000     
   0.0000000000000000       0.73333333333333328        0.0000000000000000     
   0.0000000000000000       0.76666666666666661        0.0000000000000000     
   0.0000000000000000       0.80000000000000004        0.0000000000000000     
   0.0000000000000000       0.83333333333333337        0.0000000000000000     
   0.0000000000000000       0.86666666666666670        0.0000000000000000     
   0.0000000000000000       0.90000000000000002        0.0000000000000000     
   0.0000000000000000       0.93333333333333335        0.0000000000000000     
   0.0000000000000000       0.96666666666666667        0.0000000000000000     
   0.0000000000000000        1.0000000000000000        0.0000000000000000     

   3.3333333333333333E-002   0.0000000000000000       0.10452846326765346     
   3.3333333333333333E-002   3.3333333333333333E-002   8.2883076453065710E-002
   3.3333333333333333E-002   6.6666666666666666E-002   6.3229294402984373E-002
   3.3333333333333333E-002  0.10000000000000001        4.6250821988027067E-002
   3.3333333333333333E-002  0.13333333333333333        3.2342748912894459E-002
   3.3333333333333333E-002  0.16666666666666666        2.1565233155755960E-002
   3.3333333333333333E-002  0.20000000000000001        1.3678635810711562E-002
   3.3333333333333333E-002  0.23333333333333334        8.2363645563811611E-003
   3.3333333333333333E-002  0.26666666666666666        4.6989534776798979E-003
   3.3333333333333333E-002  0.29999999999999999        2.5354877655208736E-003
   3.3333333333333333E-002  0.33333333333333331        1.2917306275715553E-003
   3.3333333333333333E-002  0.36666666666666664        6.2030212649549288E-004
   3.3333333333333333E-002  0.40000000000000002        2.8030177456072914E-004
   3.3333333333333333E-002  0.43333333333333335        1.1898575478215469E-004
   3.3333333333333333E-002  0.46666666666666667        4.7362745051325558E-005
   3.3333333333333333E-002  0.50000000000000000        1.7645540462853228E-005
   3.3333333333333333E-002  0.53333333333333333        6.1406708348548996E-006
   3.3333333333333333E-002  0.56666666666666665        1.9917465896674707E-006
   3.3333333333333333E-002  0.59999999999999998        6.0069765725474399E-007
   3.3333333333333333E-002  0.63333333333333330        1.6801194708325445E-007
   3.3333333333333333E-002  0.66666666666666663        4.3452615419248399E-008
   3.3333333333333333E-002  0.69999999999999996        1.0357525394861617E-008
   3.3333333333333333E-002  0.73333333333333328        2.2669603921538221E-009
   3.3333333333333333E-002  0.76666666666666661        4.5366212552881793E-010
   3.3333333333333333E-002  0.80000000000000004        8.2602035841933504E-011
   3.3333333333333333E-002  0.83333333333333337        1.3606109815904759E-011
   3.3333333333333333E-002  0.86666666666666670        2.0138644618043591E-012
   3.3333333333333333E-002  0.90000000000000002        2.6568867752920655E-013
   3.3333333333333333E-002  0.93333333333333335        3.0957784358593117E-014
   3.3333333333333333E-002  0.96666666666666667        3.4148991495611761E-015
   3.3333333333333333E-002   1.0000000000000000        3.4148991495611761E-015

   6.6666666666666666E-002   0.0000000000000000       0.20791169081775931     
   6.6666666666666666E-002   3.3333333333333333E-002  0.16485806857611285     
   6.6666666666666666E-002   6.6666666666666666E-002  0.12576583542490916     
   6.6666666666666666E-002  0.10000000000000001        9.1994910291746584E-002
   6.6666666666666666E-002  0.13333333333333333        6.4331143900543911E-002
   6.6666666666666666E-002  0.16666666666666666        4.2894193104242292E-002
   6.6666666666666666E-002  0.20000000000000001        2.7207405625042400E-002
   6.6666666666666666E-002  0.23333333333333334        1.6382489779112521E-002
   6.6666666666666666E-002  0.26666666666666666        9.3464242377391017E-003
   6.6666666666666666E-002  0.29999999999999999        5.0431961964977744E-003
   6.6666666666666666E-002  0.33333333333333331        2.5693087840754250E-003
   6.6666666666666666E-002  0.36666666666666664        1.2338080930865362E-003
   6.6666666666666666E-002  0.40000000000000002        5.5753250422245352E-004
   6.6666666666666666E-002  0.43333333333333335        2.3666787673554617E-004
   6.6666666666666666E-002  0.46666666666666667        9.4206573956577197E-005
   6.6666666666666666E-002  0.50000000000000000        3.5097752691828705E-005
   6.6666666666666666E-002  0.53333333333333333        1.2214063195025143E-005
   6.6666666666666666E-002  0.56666666666666665        3.9616711868987739E-006
   6.6666666666666666E-002  0.59999999999999998        1.1948139452725388E-006
   6.6666666666666666E-002  0.63333333333333330        3.3418312011550446E-007
   6.6666666666666666E-002  0.66666666666666663        8.6429154890919156E-008
   6.6666666666666666E-002  0.69999999999999996        2.0601571574045597E-008
   6.6666666666666666E-002  0.73333333333333328        4.5090834918592468E-009
   6.6666666666666666E-002  0.76666666666666661        9.0235383387543898E-010
   6.6666666666666666E-002  0.80000000000000004        1.6429906649359553E-010
   6.6666666666666666E-002  0.83333333333333337        2.7063148245404948E-011
   6.6666666666666666E-002  0.86666666666666670        4.0056646031369572E-012
   6.6666666666666666E-002  0.90000000000000002        5.2846641430847301E-013
   6.6666666666666666E-002  0.93333333333333335        6.1576388753420636E-014
   6.6666666666666666E-002  0.96666666666666667        6.7923839494261710E-015
   6.6666666666666666E-002   1.0000000000000000        6.7923839494261710E-015

  0.10000000000000001        0.0000000000000000       0.30901699437494740     
  0.10000000000000001        3.3333333333333333E-002  0.24502684120107132     
  0.10000000000000001        6.6666666666666666E-002  0.18692445963572563     
  0.10000000000000001       0.10000000000000001       0.13673108310713714     
  0.10000000000000001       0.13333333333333333        9.5614713413461699E-002
  0.10000000000000001       0.16666666666666666        6.3753195296891566E-002
  0.10000000000000001       0.20000000000000001        4.0438085409829620E-002
  0.10000000000000001       0.23333333333333334        2.4349125015567533E-002
  0.10000000000000001       0.26666666666666666        1.3891493617984625E-002
  0.10000000000000001       0.29999999999999999        7.4956503145891936E-003
  0.10000000000000001       0.33333333333333331        3.8187370558785349E-003
  0.10000000000000001       0.36666666666666664        1.8337962000187806E-003
  0.10000000000000001       0.40000000000000002        8.2865479109673961E-004
  0.10000000000000001       0.43333333333333335        3.5175701590548582E-004
  0.10000000000000001       0.46666666666666667        1.4001825592356760E-004
  0.10000000000000001       0.50000000000000000        5.2165426597635566E-005
  0.10000000000000001       0.53333333333333333        1.8153635722873649E-005
  0.10000000000000001       0.56666666666666665        5.8881908855734223E-006
  0.10000000000000001       0.59999999999999998        1.7758396016750353E-006
  0.10000000000000001       0.63333333333333330        4.9669291295145534E-007
  0.10000000000000001       0.66666666666666663        1.2845875845514158E-007
  0.10000000000000001       0.69999999999999996        3.0619902623908323E-008
  0.10000000000000001       0.73333333333333328        6.7018041292414772E-009
  0.10000000000000001       0.76666666666666661        1.3411591647884414E-009
  0.10000000000000001       0.80000000000000004        2.4419600219096369E-010
  0.10000000000000001       0.83333333333333337        4.0223677159400600E-011
  0.10000000000000001       0.86666666666666670        5.9535778448383802E-012
  0.10000000000000001       0.90000000000000002        7.8545416246386884E-013
  0.10000000000000001       0.93333333333333335        9.1520349347377921E-014
  0.10000000000000001       0.96666666666666667        1.0095449969343532E-014
  0.10000000000000001        1.0000000000000000        1.0095449969343532E-014

  0.13333333333333333        0.0000000000000000       0.40673664307580015     
  0.13333333333333333        3.3333333333333333E-002  0.32251104847866796     
  0.13333333333333333        6.6666666666666666E-002  0.24603510035031512     
  0.13333333333333333       0.10000000000000001       0.17996920156318724     
  0.13333333333333333       0.13333333333333333       0.12585070811755647     
  0.13333333333333333       0.16666666666666666        8.3913704140654299E-002
  0.13333333333333333       0.20000000000000001        5.3225717068653346E-002
  0.13333333333333333       0.23333333333333334        3.2048986142970012E-002
  0.13333333333333333       0.26666666666666666        1.8284364887169582E-002
  0.13333333333333333       0.29999999999999999        9.8659805192683053E-003
  0.13333333333333333       0.33333333333333331        5.0263264453753358E-003
  0.13333333333333333       0.36666666666666664        2.4136928520370944E-003
  0.13333333333333333       0.40000000000000002        1.0906981626726065E-003
  0.13333333333333333       0.43333333333333335        4.6299223159927710E-004
  0.13333333333333333       0.46666666666666667        1.8429586857795561E-004
  0.13333333333333333       0.50000000000000000        6.8661565173321417E-005
  0.13333333333333333       0.53333333333333333        2.3894313218849849E-005
  0.13333333333333333       0.56666666666666665        7.7501983327225685E-006
  0.13333333333333333       0.59999999999999998        2.3374087877832527E-006
  0.13333333333333333       0.63333333333333330        6.5376083429343572E-007
  0.13333333333333333       0.66666666666666663        1.6908094098000605E-007
  0.13333333333333333       0.69999999999999996        4.0302755612996935E-008
  0.13333333333333333       0.73333333333333328        8.8210983981410621E-009
  0.13333333333333333       0.76666666666666661        1.7652704752364229E-009
  0.13333333333333333       0.80000000000000004        3.2141747538702895E-010
  0.13333333333333333       0.83333333333333337        5.2943507049092292E-011
  0.13333333333333333       0.86666666666666670        7.8362624418054930E-012
  0.13333333333333333       0.90000000000000002        1.0338363104484603E-012
  0.13333333333333333       0.93333333333333335        1.2046159384202095E-013
  0.13333333333333333       0.96666666666666667        1.3287908126788044E-014
  0.13333333333333333        1.0000000000000000        1.3287908126788044E-014

  0.16666666666666666        0.0000000000000000       0.49999999999999994     
  0.16666666666666666        3.3333333333333333E-002  0.39646175721935656     
  0.16666666666666666        6.6666666666666666E-002  0.30245012901931190     
  0.16666666666666666       0.10000000000000001       0.22123553978593444     
  0.16666666666666666       0.13333333333333333       0.15470785612756152     
  0.16666666666666666       0.16666666666666666       0.10315483688178052     
  0.16666666666666666       0.20000000000000001        6.5430196633075546E-002
  0.16666666666666666       0.23333333333333334        3.9397711871508589E-002
  0.16666666666666666       0.26666666666666666        2.2476908828401372E-002
  0.16666666666666666       0.29999999999999999        1.2128216976789157E-002
  0.16666666666666666       0.33333333333333331        6.1788463505101764E-003
  0.16666666666666666       0.36666666666666664        2.9671445800707880E-003
  0.16666666666666666       0.40000000000000002        1.3407916169349684E-003
  0.16666666666666666       0.43333333333333335        5.6915480751631347E-004
  0.16666666666666666       0.46666666666666667        2.2655429712981366E-004
  0.16666666666666666       0.50000000000000000        8.4405433272612127E-005
  0.16666666666666666       0.53333333333333333        2.9373199618993832E-005
  0.16666666666666666       0.56666666666666665        9.5272929851051393E-006
  0.16666666666666666       0.59999999999999998        2.8733688340782816E-006
  0.16666666666666666       0.63333333333333330        8.0366601512664741E-007
  0.16666666666666666       0.66666666666666663        2.0785063733303200E-007
  0.16666666666666666       0.69999999999999996        4.9544043177695747E-008
  0.16666666666666666       0.73333333333333328        1.0843746867057103E-008
  0.16666666666666666       0.76666666666666661        2.1700411129511193E-009
  0.16666666666666666       0.80000000000000004        3.9511743146182295E-010
  0.16666666666666666       0.83333333333333337        6.5083276796413010E-011
  0.16666666666666666       0.86666666666666670        9.6330913076168447E-012
  0.16666666666666666       0.90000000000000002        1.2708915314716217E-012
  0.16666666666666666       0.93333333333333335        1.4808303590632174E-013
  0.16666666666666666       0.96666666666666667        1.6334781182121918E-014
  0.16666666666666666        1.0000000000000000        1.6334781182121918E-014

  0.20000000000000001        0.0000000000000000       0.58778525229247314     
  0.20000000000000001        3.3333333333333333E-002  0.46606874798299347     
  0.20000000000000001        6.6666666666666666E-002  0.35555145078301453     
  0.20000000000000001       0.10000000000000001       0.26007797513827391     
  0.20000000000000001       0.13333333333333333       0.18186999249113275     
  0.20000000000000001       0.16666666666666666       0.12126578364349255     
  0.20000000000000001       0.20000000000000001        7.6917809271036877E-002
  0.20000000000000001       0.23333333333333334        4.6314788024281676E-002
  0.20000000000000001       0.26666666666666666        2.6423191052913634E-002
  0.20000000000000001       0.29999999999999999        1.4257574151119742E-002
  0.20000000000000001       0.33333333333333331        7.2636695220221021E-003
  0.20000000000000001       0.36666666666666664        3.4880876511703047E-003
  0.20000000000000001       0.40000000000000002        1.5761950776635068E-003
  0.20000000000000001       0.43333333333333335        6.6908160425890059E-004
  0.20000000000000001       0.46666666666666667        2.6633054939278285E-004
  0.20000000000000001       0.50000000000000000        9.9224537781995663E-005
  0.20000000000000001       0.53333333333333333        3.4530267097374935E-005
  0.20000000000000001       0.56666666666666665        1.1200004621828669E-005
  0.20000000000000001       0.59999999999999998        3.3778476501360639E-006
  0.20000000000000001       0.63333333333333330        9.4476606292020597E-007
  0.20000000000000001       0.66666666666666663        2.4434307860789508E-007
  0.20000000000000001       0.69999999999999996        5.8242515837582152E-008
  0.20000000000000001       0.73333333333333328        1.2747588976097750E-008
  0.20000000000000001       0.76666666666666661        2.5510363261220254E-009
  0.20000000000000001       0.80000000000000004        4.6448839827388331E-010
  0.20000000000000001       0.83333333333333337        7.6509980543600975E-011
  0.20000000000000001       0.86666666666666670        1.1324378009207995E-011
  0.20000000000000001       0.90000000000000002        1.4940225989248296E-012
  0.20000000000000001       0.93333333333333335        1.7408204924086534E-013
  0.20000000000000001       0.96666666666666667        1.9202686956551749E-014
  0.20000000000000001        1.0000000000000000        1.9202686956551749E-014

  0.23333333333333334        0.0000000000000000       0.66913060635885824     
  0.23333333333333334        3.3333333333333333E-002  0.53056939201257303     
  0.23333333333333334        6.6666666666666666E-002  0.40475727644801412     
  0.23333333333333334       0.10000000000000001       0.29607094177018323     
  0.23333333333333334       0.13333333333333333       0.20703952315822849     
  0.23333333333333334       0.16666666666666666       0.13804811710310982     
  0.23333333333333334       0.20000000000000001        8.7562694294538335E-002
  0.23333333333333334       0.23333333333333334        5.2724429667468257E-002
  0.23333333333333334       0.26666666666666666        3.0079975266841971E-002
  0.23333333333333334       0.29999999999999999        1.6230722359461453E-002
  0.23333333333333334       0.33333333333333331        8.2689104102301857E-003
  0.23333333333333334       0.36666666666666664        3.9708145040343321E-003
  0.23333333333333334       0.40000000000000002        1.7943294152811388E-003
  0.23333333333333334       0.43333333333333335        7.6167780293089993E-004
  0.23333333333333334       0.46666666666666667        3.0318882842335430E-004
  0.23333333333333334       0.50000000000000000        1.1295651749137020E-004
  0.23333333333333334       0.53333333333333333        3.9309013743514254E-005
  0.23333333333333334       0.56666666666666665        1.2750006664163797E-005
  0.23333333333333334       0.59999999999999998        3.8453180604788922E-006
  0.23333333333333334       0.63333333333333330        1.0755150560234019E-006
  0.23333333333333334       0.66666666666666663        2.7815844598145366E-007
  0.23333333333333334       0.69999999999999996        6.6302871305922006E-008
  0.23333333333333334       0.73333333333333328        1.4511765832711775E-008
  0.23333333333333334       0.76666666666666661        2.9040818514652677E-009
  0.23333333333333334       0.80000000000000004        5.2877033299400840E-010
  0.23333333333333334       0.83333333333333337        8.7098424933210494E-011
  0.23333333333333334       0.86666666666666670        1.2891592455551812E-011
  0.23333333333333334       0.90000000000000002        1.7007848421398884E-012
  0.23333333333333334       0.93333333333333335        1.9817378321491526E-013
  0.23333333333333334       0.96666666666666667        2.1860204074265015E-014
  0.23333333333333334        1.0000000000000000        2.1860204074265015E-014

  0.26666666666666666        0.0000000000000000       0.74314482547739413     
  0.26666666666666666        3.3333333333333333E-002  0.58925700675447945     
  0.26666666666666666        6.6666666666666666E-002  0.44952849669134376     
  0.26666666666666666       0.10000000000000001       0.32882009320723082     
  0.26666666666666666       0.13333333333333333       0.22994068548379706     
  0.26666666666666666       0.16666666666666666       0.15331796650331972     
  0.26666666666666666       0.20000000000000001        9.7248224115677032E-002
  0.26666666666666666       0.23333333333333334        5.8556411425921828E-002
  0.26666666666666666       0.26666666666666666        3.3407196977107277E-002
  0.26666666666666666       0.29999999999999999        1.8026043377135897E-002
  0.26666666666666666       0.33333333333333331        9.1835553856030386E-003
  0.26666666666666666       0.36666666666666664        4.4100362822458040E-003
  0.26666666666666666       0.40000000000000002        1.9928047043373804E-003
  0.26666666666666666       0.43333333333333335        8.4592890020266135E-004
  0.26666666666666666       0.46666666666666667        3.3672530720337815E-004
  0.26666666666666666       0.50000000000000000        1.2545092195743839E-004
  0.26666666666666666       0.53333333333333333        4.3657082609139675E-005
  0.26666666666666666       0.56666666666666665        1.4160316965375923E-005
  0.26666666666666666       0.59999999999999998        4.2706583614665767E-006
  0.26666666666666666       0.63333333333333330        1.1944804811068104E-006
  0.26666666666666666       0.66666666666666663        3.0892625121244238E-007
  0.26666666666666666       0.69999999999999996        7.3636798641466370E-008
  0.26666666666666666       0.73333333333333328        1.6116948746080382E-008
  0.26666666666666666       0.76666666666666661        3.2253096483256593E-009
  0.26666666666666666       0.80000000000000004        5.8725894929354554E-010
  0.26666666666666666       0.83333333333333337        9.6732600752734551E-011
  0.26666666666666666       0.86666666666666670        1.4317563917213452E-011
  0.26666666666666666       0.90000000000000002        1.8889129307123529E-012
  0.26666666666666666       0.93333333333333335        2.2009428374953233E-013
  0.26666666666666666       0.96666666666666667        2.4278216221598833E-014
  0.26666666666666666        1.0000000000000000        2.4278216221598833E-014

  0.29999999999999999        0.0000000000000000       0.80901699437494745     
  0.29999999999999999        3.3333333333333333E-002  0.64148859842042782     
  0.29999999999999999        6.6666666666666666E-002  0.48937458865503747     
  0.29999999999999999       0.10000000000000001       0.35796662289307157     
  0.29999999999999999       0.13333333333333333       0.25032256954102322     
  0.29999999999999999       0.16666666666666666       0.16690803217867212     
  0.29999999999999999       0.20000000000000001       0.10586828204290517     
  0.29999999999999999       0.23333333333333334        6.3746836887076122E-002
  0.29999999999999999       0.26666666666666666        3.6368402446385999E-002
  0.29999999999999999       0.29999999999999999        1.9623867291378352E-002
  0.29999999999999999       0.33333333333333331        9.9975834063887100E-003
  0.29999999999999999       0.36666666666666664        4.8009407800895685E-003
  0.29999999999999999       0.40000000000000002        2.1694464080317080E-003
  0.29999999999999999       0.43333333333333335        9.2091182342179912E-004
  0.29999999999999999       0.46666666666666667        3.6657255305338126E-004
  0.29999999999999999       0.50000000000000000        1.3657085987024768E-004
  0.29999999999999999       0.53333333333333333        4.7526835341867488E-005
  0.29999999999999999       0.56666666666666665        1.5415483870678562E-005
  0.29999999999999999       0.59999999999999998        4.6492084357533169E-006
  0.29999999999999999       0.63333333333333330        1.3003589280781027E-006
  0.29999999999999999       0.66666666666666663        3.3630939578817348E-007
  0.29999999999999999       0.69999999999999996        8.0163945801604070E-008
  0.29999999999999999       0.73333333333333328        1.7545550996298578E-008
  0.29999999999999999       0.76666666666666661        3.5112002777395603E-009
  0.29999999999999999       0.80000000000000004        6.3931343365278669E-010
  0.29999999999999999       0.83333333333333337        1.0530695395581362E-010
  0.29999999999999999       0.86666666666666670        1.5586669152455227E-011
  0.29999999999999999       0.90000000000000002        2.0563456939354908E-012
  0.29999999999999999       0.93333333333333335        2.3960338525369961E-013
  0.29999999999999999       0.96666666666666667        2.6430231151465450E-014
  0.29999999999999999        1.0000000000000000        2.6430231151465450E-014

  0.33333333333333331        0.0000000000000000       0.86602540378443860     
  0.33333333333333331        3.3333333333333333E-002  0.68669190676196268     
  0.33333333333333331        6.6666666666666666E-002  0.52385899021721016     
  0.33333333333333331       0.10000000000000001       0.38319119534916429     
  0.33333333333333331       0.13333333333333333       0.26796186714299264     
  0.33333333333333331       0.16666666666666666       0.17866941852572377     
  0.33333333333333331       0.20000000000000001       0.11332842491770893     
  0.33333333333333331       0.23333333333333334        6.8238838663412391E-002
  0.33333333333333331       0.26666666666666666        3.8931148087884622E-002
  0.33333333333333331       0.29999999999999999        2.1006688009018230E-002
  0.33333333333333331       0.33333333333333331        1.0702075811245160E-002
  0.33333333333333331       0.36666666666666664        5.1392451660852261E-003
  0.33333333333333331       0.40000000000000002        2.3223192028937927E-003
  0.33333333333333331       0.43333333333333335        9.8580504399033955E-004
  0.33333333333333331       0.46666666666666667        3.9240355330189306E-004
  0.33333333333333331       0.50000000000000000        1.4619449886302881E-004
  0.33333333333333331       0.53333333333333333        5.0875874120960107E-005
  0.33333333333333331       0.56666666666666665        1.6501755508796657E-005
  0.33333333333333331       0.59999999999999998        4.9768208095085314E-006
  0.33333333333333331       0.63333333333333330        1.3919903705157713E-006
  0.33333333333333331       0.66666666666666663        3.6000786424638382E-007
  0.33333333333333331       0.69999999999999996        8.5812799996155229E-008
  0.33333333333333331       0.73333333333333328        1.8781920518158737E-008
  0.33333333333333331       0.76666666666666661        3.7586214621446509E-009
  0.33333333333333331       0.80000000000000004        6.8436346624799110E-010
  0.33333333333333331       0.83333333333333337        1.1272754213445593E-010
  0.33333333333333331       0.86666666666666670        1.6685003578742493E-011
  0.33333333333333331       0.90000000000000002        2.2012487034178697E-012
  0.33333333333333331       0.93333333333333335        2.5648734192879561E-013
  0.33333333333333331       0.96666666666666667        2.8292670937955172E-014
  0.33333333333333331        1.0000000000000000        2.8292670937955172E-014

  0.36666666666666664        0.0000000000000000       0.91354545764260087     
  0.36666666666666664        3.3333333333333333E-002  0.72437167487349363     
  0.36666666666666664        6.6666666666666666E-002  0.55260388305802177     
  0.36666666666666664       0.10000000000000001       0.40421744488109868     
  0.36666666666666664       0.13333333333333333       0.28266531845391774     
  0.36666666666666664       0.16666666666666666       0.18847326533442804     
  0.36666666666666664       0.20000000000000001       0.11954691785361674     
  0.36666666666666664       0.23333333333333334        7.1983201443457281E-002
  0.36666666666666664       0.26666666666666666        4.1067355924065893E-002
  0.36666666666666664       0.29999999999999999        2.2159355056899227E-002
  0.36666666666666664       0.33333333333333331        1.1289314033960267E-002
  0.36666666666666664       0.36666666666666664        5.4212429065850620E-003
  0.36666666666666664       0.40000000000000002        2.4497481825924376E-003
  0.36666666666666664       0.43333333333333335        1.0398975782039540E-003
  0.36666666666666664       0.46666666666666667        4.1393529810470681E-004
  0.36666666666666664       0.50000000000000000        1.5421640033310091E-004
  0.36666666666666664       0.53333333333333333        5.3667506176722383E-005
  0.36666666666666664       0.56666666666666665        1.7407230460346032E-005
  0.36666666666666664       0.59999999999999998        5.2499060930080615E-006
  0.36666666666666664       0.63333333333333330        1.4683708751613569E-006
  0.36666666666666664       0.66666666666666663        3.7976201120742190E-007
  0.36666666666666664       0.69999999999999996        9.0521471196465674E-008
  0.36666666666666664       0.73333333333333328        1.9812511388452400E-008
  0.36666666666666664       0.76666666666666661        3.9648624032683778E-009
  0.36666666666666664       0.80000000000000004        7.2191546949472025E-010
  0.36666666666666664       0.83333333333333337        1.1891306377171836E-010
  0.36666666666666664       0.86666666666666670        1.7600533614259583E-011
  0.36666666666666664       0.90000000000000002        2.3220343714646968E-012
  0.36666666666666664       0.93333333333333335        2.7056116961229265E-013
  0.36666666666666664       0.96666666666666667        2.9845130301026620E-014
  0.36666666666666664        1.0000000000000000        2.9845130301026620E-014

  0.40000000000000002        0.0000000000000000       0.95105651629515353     
  0.40000000000000002        3.3333333333333333E-002  0.75411507533059241     
  0.40000000000000002        6.6666666666666666E-002  0.57529433211625280     
  0.40000000000000002       0.10000000000000001       0.42081500349897732     
  0.40000000000000002       0.13333333333333333       0.29427182938434099     
  0.40000000000000002       0.16666666666666666       0.19621215960756197     
  0.40000000000000002       0.20000000000000001       0.12445562974071943     
  0.40000000000000002       0.23333333333333334        7.4938901205034339E-002
  0.40000000000000002       0.26666666666666666        4.2753621214846375E-002
  0.40000000000000002       0.29999999999999999        2.3069239573633674E-002
  0.40000000000000002       0.33333333333333331        1.1752864169678464E-002
  0.40000000000000002       0.36666666666666664        5.6438443753323410E-003
  0.40000000000000002       0.40000000000000002        2.5503372085598341E-003
  0.40000000000000002       0.43333333333333335        1.0825967769382075E-003
  0.40000000000000002       0.46666666666666667        4.3093188115995540E-004
  0.40000000000000002       0.50000000000000000        1.6054867464926708E-004
  0.40000000000000002       0.53333333333333333        5.5871145804164811E-005
  0.40000000000000002       0.56666666666666665        1.8121988152274695E-005
  0.40000000000000002       0.59999999999999998        5.4654723067391147E-006
  0.40000000000000002       0.63333333333333330        1.5286636012223151E-006
  0.40000000000000002       0.66666666666666663        3.9535540610336150E-007
  0.40000000000000002       0.69999999999999996        9.4238370215511961E-008
  0.40000000000000002       0.73333333333333328        2.0626032237939627E-008
  0.40000000000000002       0.76666666666666661        4.1276634822010974E-009
  0.40000000000000002       0.80000000000000004        7.5155801578714092E-010
  0.40000000000000002       0.83333333333333337        1.2379574899813951E-010
  0.40000000000000002       0.86666666666666670        1.8323228520350404E-011
  0.40000000000000002       0.90000000000000002        2.4173793450208259E-012
  0.40000000000000002       0.93333333333333335        2.8167067250295290E-013
  0.40000000000000002       0.96666666666666667        3.1070600171025006E-014
  0.40000000000000002        1.0000000000000000        3.1070600171025006E-014

  0.43333333333333335        0.0000000000000000       0.97814760073380569     
  0.43333333333333335        3.3333333333333333E-002  0.77559623321364435     
  0.43333333333333335        6.6666666666666666E-002  0.59168173608373964     
  0.43333333333333335       0.10000000000000001       0.43280202487732039     
  0.43333333333333335       0.13333333333333333       0.30265423657169016     
  0.43333333333333335       0.16666666666666666       0.20180131240000138     
  0.43333333333333335       0.20000000000000001       0.12800077970436793     
  0.43333333333333335       0.23333333333333334        7.7073554683035783E-002
  0.43333333333333335       0.26666666666666666        4.3971468884826594E-002
  0.43333333333333335       0.29999999999999999        2.3726372674050651E-002
  0.43333333333333335       0.33333333333333331        1.2087647466108721E-002
  0.43333333333333335       0.36666666666666664        5.8046107040531144E-003
  0.43333333333333335       0.40000000000000002        2.6229842063778784E-003
  0.43333333333333335       0.43333333333333335        1.1134348188363860E-003
  0.43333333333333335       0.46666666666666667        4.4320708434692185E-004
  0.43333333333333335       0.50000000000000000        1.6512194408900576E-004
  0.43333333333333335       0.53333333333333333        5.7462649466387903E-005
  0.43333333333333335       0.56666666666666665        1.8638197549737216E-005
  0.43333333333333335       0.59999999999999998        5.6211576621539267E-006
  0.43333333333333335       0.63333333333333330        1.5722079689748571E-006
  0.43333333333333335       0.66666666666666663        4.0661720443659518E-007
  0.43333333333333335       0.69999999999999996        9.6922773929830336E-008
  0.43333333333333335       0.73333333333333328        2.1213569961953254E-008
  0.43333333333333335       0.76666666666666661        4.2452410162537086E-009
  0.43333333333333335       0.80000000000000004        7.7296633518497225E-010
  0.43333333333333335       0.83333333333333337        1.2732210209261108E-010
  0.43333333333333335       0.86666666666666670        1.8845170300390195E-011
  0.43333333333333335       0.90000000000000002        2.4862390046037572E-012
  0.43333333333333335       0.93333333333333335        2.8969413256229307E-013
  0.43333333333333335       0.96666666666666667        3.1955654043608537E-014
  0.43333333333333335        1.0000000000000000        3.1955654043608537E-014

  0.46666666666666667        0.0000000000000000       0.99452189536827329     
  0.46666666666666667        3.3333333333333333E-002  0.78857979646166143     
  0.46666666666666667        6.6666666666666666E-002  0.60158655113332971     
  0.46666666666666667       0.10000000000000001       0.44004717670146121     
  0.46666666666666667       0.13333333333333333       0.30772070060868922     
  0.46666666666666667       0.16666666666666666       0.20517948778414685     
  0.46666666666666667       0.20000000000000001       0.13014352633969020     
  0.46666666666666667       0.23333333333333334        7.8363774167251682E-002
  0.46666666666666667       0.26666666666666666        4.4707555940083216E-002
  0.46666666666666667       0.29999999999999999        2.4123554670388049E-002
  0.46666666666666667       0.33333333333333331        1.2289995967397438E-002
  0.46666666666666667       0.36666666666666664        5.9017805032073999E-003
  0.46666666666666667       0.40000000000000002        2.6668932403361139E-003
  0.46666666666666667       0.43333333333333335        1.1320738358581775E-003
  0.46666666666666667       0.46666666666666667        4.5062641797073851E-004
  0.46666666666666667       0.50000000000000000        1.6788610295531705E-004
  0.46666666666666667       0.53333333333333333        5.8424580316224784E-005
  0.46666666666666667       0.56666666666666665        1.8950202954551236E-005
  0.46666666666666667       0.59999999999999998        5.7152564379193166E-006
  0.46666666666666667       0.63333333333333330        1.5985268972136417E-006
  0.46666666666666667       0.66666666666666663        4.1342401958790114E-007
  0.46666666666666667       0.69999999999999996        9.8545271450579087E-008
  0.46666666666666667       0.73333333333333328        2.1568687374238812E-008
  0.46666666666666667       0.76666666666666661        4.3163068013584479E-009
  0.46666666666666667       0.80000000000000004        7.8590587366091200E-010
  0.46666666666666667       0.83333333333333337        1.2945348759269324E-010
  0.46666666666666667       0.86666666666666670        1.9160640451013491E-011
  0.46666666666666667       0.90000000000000002        2.5278589093732895E-012
  0.46666666666666667       0.93333333333333335        2.9454364308288627E-013
  0.46666666666666667       0.96666666666666667        3.2490595083339781E-014
  0.46666666666666667        1.0000000000000000        3.2490595083339781E-014

  0.50000000000000000        0.0000000000000000        1.0000000000000000     
  0.50000000000000000        3.3333333333333333E-002  0.79292351443871312     
  0.50000000000000000        6.6666666666666666E-002  0.60490025803862379     
  0.50000000000000000       0.10000000000000001       0.44247107957186893     
  0.50000000000000000       0.13333333333333333       0.30941571225512304     
  0.50000000000000000       0.16666666666666666       0.20630967376356105     
  0.50000000000000000       0.20000000000000001       0.13086039326615109     
  0.50000000000000000       0.23333333333333334        7.8795423743017179E-002
  0.50000000000000000       0.26666666666666666        4.4953817656802744E-002
  0.50000000000000000       0.29999999999999999        2.4256433953578321E-002
  0.50000000000000000       0.33333333333333331        1.2357692701020353E-002
  0.50000000000000000       0.36666666666666664        5.9342891601415768E-003
  0.50000000000000000       0.40000000000000002        2.6815832338699368E-003
  0.50000000000000000       0.43333333333333335        1.1383096150326269E-003
  0.50000000000000000       0.46666666666666667        4.5310859425962737E-004
  0.50000000000000000       0.50000000000000000        1.6881086654522425E-004
  0.50000000000000000       0.53333333333333333        5.8746399237987663E-005
  0.50000000000000000       0.56666666666666665        1.9054585970210279E-005
  0.50000000000000000       0.59999999999999998        5.7467376681565633E-006
  0.50000000000000000       0.63333333333333330        1.6073320302532948E-006
  0.50000000000000000       0.66666666666666663        4.1570127466606400E-007
  0.50000000000000000       0.69999999999999996        9.9088086355391507E-008
  0.50000000000000000       0.73333333333333328        2.1687493734114207E-008
  0.50000000000000000       0.76666666666666661        4.3400822259022386E-009
  0.50000000000000000       0.80000000000000004        7.9023486292364590E-010
  0.50000000000000000       0.83333333333333337        1.3016655359282602E-010
  0.50000000000000000       0.86666666666666670        1.9266182615233689E-011
  0.50000000000000000       0.90000000000000002        2.5417830629432434E-012
  0.50000000000000000       0.93333333333333335        2.9616607181264343E-013
  0.50000000000000000       0.96666666666666667        3.2669562364243830E-014
  0.50000000000000000        1.0000000000000000        3.2669562364243830E-014

  0.53333333333333333        0.0000000000000000       0.99452189536827340     
  0.53333333333333333        3.3333333333333333E-002  0.78857979646166154     
  0.53333333333333333        6.6666666666666666E-002  0.60158655113332971     
  0.53333333333333333       0.10000000000000001       0.44004717670146115     
  0.53333333333333333       0.13333333333333333       0.30772070060868928     
  0.53333333333333333       0.16666666666666666       0.20517948778414688     
  0.53333333333333333       0.20000000000000001       0.13014352633969023     
  0.53333333333333333       0.23333333333333334        7.8363774167251696E-002
  0.53333333333333333       0.26666666666666666        4.4707555940083223E-002
  0.53333333333333333       0.29999999999999999        2.4123554670388049E-002
  0.53333333333333333       0.33333333333333331        1.2289995967397440E-002
  0.53333333333333333       0.36666666666666664        5.9017805032073999E-003
  0.53333333333333333       0.40000000000000002        2.6668932403361139E-003
  0.53333333333333333       0.43333333333333335        1.1320738358581777E-003
  0.53333333333333333       0.46666666666666667        4.5062641797073851E-004
  0.53333333333333333       0.50000000000000000        1.6788610295531708E-004
  0.53333333333333333       0.53333333333333333        5.8424580316224784E-005
  0.53333333333333333       0.56666666666666665        1.8950202954551236E-005
  0.53333333333333333       0.59999999999999998        5.7152564379193166E-006
  0.53333333333333333       0.63333333333333330        1.5985268972136417E-006
  0.53333333333333333       0.66666666666666663        4.1342401958790114E-007
  0.53333333333333333       0.69999999999999996        9.8545271450579087E-008
  0.53333333333333333       0.73333333333333328        2.1568687374238812E-008
  0.53333333333333333       0.76666666666666661        4.3163068013584479E-009
  0.53333333333333333       0.80000000000000004        7.8590587366091200E-010
  0.53333333333333333       0.83333333333333337        1.2945348759269324E-010
  0.53333333333333333       0.86666666666666670        1.9160640451013491E-011
  0.53333333333333333       0.90000000000000002        2.5278589093732899E-012
  0.53333333333333333       0.93333333333333335        2.9454364308288627E-013
  0.53333333333333333       0.96666666666666667        3.2490595083339781E-014
  0.53333333333333333        1.0000000000000000        3.2490595083339781E-014

  0.56666666666666665        0.0000000000000000       0.97814760073380569     
  0.56666666666666665        3.3333333333333333E-002  0.77559623321364435     
  0.56666666666666665        6.6666666666666666E-002  0.59168173608373964     
  0.56666666666666665       0.10000000000000001       0.43280202487732045     
  0.56666666666666665       0.13333333333333333       0.30265423657169022     
  0.56666666666666665       0.16666666666666666       0.20180131240000140     
  0.56666666666666665       0.20000000000000001       0.12800077970436796     
  0.56666666666666665       0.23333333333333334        7.7073554683035797E-002
  0.56666666666666665       0.26666666666666666        4.3971468884826594E-002
  0.56666666666666665       0.29999999999999999        2.3726372674050651E-002
  0.56666666666666665       0.33333333333333331        1.2087647466108721E-002
  0.56666666666666665       0.36666666666666664        5.8046107040531144E-003
  0.56666666666666665       0.40000000000000002        2.6229842063778784E-003
  0.56666666666666665       0.43333333333333335        1.1134348188363860E-003
  0.56666666666666665       0.46666666666666667        4.4320708434692190E-004
  0.56666666666666665       0.50000000000000000        1.6512194408900579E-004
  0.56666666666666665       0.53333333333333333        5.7462649466387910E-005
  0.56666666666666665       0.56666666666666665        1.8638197549737219E-005
  0.56666666666666665       0.59999999999999998        5.6211576621539275E-006
  0.56666666666666665       0.63333333333333330        1.5722079689748573E-006
  0.56666666666666665       0.66666666666666663        4.0661720443659518E-007
  0.56666666666666665       0.69999999999999996        9.6922773929830323E-008
  0.56666666666666665       0.73333333333333328        2.1213569961953254E-008
  0.56666666666666665       0.76666666666666661        4.2452410162537086E-009
  0.56666666666666665       0.80000000000000004        7.7296633518497204E-010
  0.56666666666666665       0.83333333333333337        1.2732210209261111E-010
  0.56666666666666665       0.86666666666666670        1.8845170300390192E-011
  0.56666666666666665       0.90000000000000002        2.4862390046037572E-012
  0.56666666666666665       0.93333333333333335        2.8969413256229318E-013
  0.56666666666666665       0.96666666666666667        3.1955654043608543E-014
  0.56666666666666665        1.0000000000000000        3.1955654043608543E-014

  0.59999999999999998        0.0000000000000000       0.95105651629515364     
  0.59999999999999998        3.3333333333333333E-002  0.75411507533059241     
  0.59999999999999998        6.6666666666666666E-002  0.57529433211625303     
  0.59999999999999998       0.10000000000000001       0.42081500349897738     
  0.59999999999999998       0.13333333333333333       0.29427182938434104     
  0.59999999999999998       0.16666666666666666       0.19621215960756203     
  0.59999999999999998       0.20000000000000001       0.12445562974071944     
  0.59999999999999998       0.23333333333333334        7.4938901205034353E-002
  0.59999999999999998       0.26666666666666666        4.2753621214846389E-002
  0.59999999999999998       0.29999999999999999        2.3069239573633674E-002
  0.59999999999999998       0.33333333333333331        1.1752864169678464E-002
  0.59999999999999998       0.36666666666666664        5.6438443753323410E-003
  0.59999999999999998       0.40000000000000002        2.5503372085598345E-003
  0.59999999999999998       0.43333333333333335        1.0825967769382077E-003
  0.59999999999999998       0.46666666666666667        4.3093188115995540E-004
  0.59999999999999998       0.50000000000000000        1.6054867464926708E-004
  0.59999999999999998       0.53333333333333333        5.5871145804164817E-005
  0.59999999999999998       0.56666666666666665        1.8121988152274698E-005
  0.59999999999999998       0.59999999999999998        5.4654723067391156E-006
  0.59999999999999998       0.63333333333333330        1.5286636012223151E-006
  0.59999999999999998       0.66666666666666663        3.9535540610336160E-007
  0.59999999999999998       0.69999999999999996        9.4238370215511961E-008
  0.59999999999999998       0.73333333333333328        2.0626032237939624E-008
  0.59999999999999998       0.76666666666666661        4.1276634822010974E-009
  0.59999999999999998       0.80000000000000004        7.5155801578714092E-010
  0.59999999999999998       0.83333333333333337        1.2379574899813954E-010
  0.59999999999999998       0.86666666666666670        1.8323228520350408E-011
  0.59999999999999998       0.90000000000000002        2.4173793450208263E-012
  0.59999999999999998       0.93333333333333335        2.8167067250295295E-013
  0.59999999999999998       0.96666666666666667        3.1070600171025006E-014
  0.59999999999999998        1.0000000000000000        3.1070600171025006E-014

  0.63333333333333330        0.0000000000000000       0.91354545764260098     
  0.63333333333333330        3.3333333333333333E-002  0.72437167487349374     
  0.63333333333333330        6.6666666666666666E-002  0.55260388305802188     
  0.63333333333333330       0.10000000000000001       0.40421744488109873     
  0.63333333333333330       0.13333333333333333       0.28266531845391774     
  0.63333333333333330       0.16666666666666666       0.18847326533442807     
  0.63333333333333330       0.20000000000000001       0.11954691785361675     
  0.63333333333333330       0.23333333333333334        7.1983201443457295E-002
  0.63333333333333330       0.26666666666666666        4.1067355924065900E-002
  0.63333333333333330       0.29999999999999999        2.2159355056899230E-002
  0.63333333333333330       0.33333333333333331        1.1289314033960269E-002
  0.63333333333333330       0.36666666666666664        5.4212429065850620E-003
  0.63333333333333330       0.40000000000000002        2.4497481825924376E-003
  0.63333333333333330       0.43333333333333335        1.0398975782039540E-003
  0.63333333333333330       0.46666666666666667        4.1393529810470681E-004
  0.63333333333333330       0.50000000000000000        1.5421640033310091E-004
  0.63333333333333330       0.53333333333333333        5.3667506176722383E-005
  0.63333333333333330       0.56666666666666665        1.7407230460346036E-005
  0.63333333333333330       0.59999999999999998        5.2499060930080615E-006
  0.63333333333333330       0.63333333333333330        1.4683708751613574E-006
  0.63333333333333330       0.66666666666666663        3.7976201120742195E-007
  0.63333333333333330       0.69999999999999996        9.0521471196465687E-008
  0.63333333333333330       0.73333333333333328        1.9812511388452400E-008
  0.63333333333333330       0.76666666666666661        3.9648624032683778E-009
  0.63333333333333330       0.80000000000000004        7.2191546949472025E-010
  0.63333333333333330       0.83333333333333337        1.1891306377171836E-010
  0.63333333333333330       0.86666666666666670        1.7600533614259586E-011
  0.63333333333333330       0.90000000000000002        2.3220343714646976E-012
  0.63333333333333330       0.93333333333333335        2.7056116961229270E-013
  0.63333333333333330       0.96666666666666667        2.9845130301026633E-014
  0.63333333333333330        1.0000000000000000        2.9845130301026633E-014

  0.66666666666666663        0.0000000000000000       0.86602540378443871     
  0.66666666666666663        3.3333333333333333E-002  0.68669190676196268     
  0.66666666666666663        6.6666666666666666E-002  0.52385899021721027     
  0.66666666666666663       0.10000000000000001       0.38319119534916429     
  0.66666666666666663       0.13333333333333333       0.26796186714299264     
  0.66666666666666663       0.16666666666666666       0.17866941852572377     
  0.66666666666666663       0.20000000000000001       0.11332842491770895     
  0.66666666666666663       0.23333333333333334        6.8238838663412404E-002
  0.66666666666666663       0.26666666666666666        3.8931148087884629E-002
  0.66666666666666663       0.29999999999999999        2.1006688009018233E-002
  0.66666666666666663       0.33333333333333331        1.0702075811245163E-002
  0.66666666666666663       0.36666666666666664        5.1392451660852261E-003
  0.66666666666666663       0.40000000000000002        2.3223192028937927E-003
  0.66666666666666663       0.43333333333333335        9.8580504399033977E-004
  0.66666666666666663       0.46666666666666667        3.9240355330189317E-004
  0.66666666666666663       0.50000000000000000        1.4619449886302884E-004
  0.66666666666666663       0.53333333333333333        5.0875874120960114E-005
  0.66666666666666663       0.56666666666666665        1.6501755508796657E-005
  0.66666666666666663       0.59999999999999998        4.9768208095085323E-006
  0.66666666666666663       0.63333333333333330        1.3919903705157715E-006
  0.66666666666666663       0.66666666666666663        3.6000786424638392E-007
  0.66666666666666663       0.69999999999999996        8.5812799996155256E-008
  0.66666666666666663       0.73333333333333328        1.8781920518158737E-008
  0.66666666666666663       0.76666666666666661        3.7586214621446509E-009
  0.66666666666666663       0.80000000000000004        6.8436346624799110E-010
  0.66666666666666663       0.83333333333333337        1.1272754213445593E-010
  0.66666666666666663       0.86666666666666670        1.6685003578742496E-011
  0.66666666666666663       0.90000000000000002        2.2012487034178705E-012
  0.66666666666666663       0.93333333333333335        2.5648734192879561E-013
  0.66666666666666663       0.96666666666666667        2.8292670937955172E-014
  0.66666666666666663        1.0000000000000000        2.8292670937955172E-014

  0.69999999999999996        0.0000000000000000       0.80901699437494745     
  0.69999999999999996        3.3333333333333333E-002  0.64148859842042794     
  0.69999999999999996        6.6666666666666666E-002  0.48937458865503752     
  0.69999999999999996       0.10000000000000001       0.35796662289307157     
  0.69999999999999996       0.13333333333333333       0.25032256954102328     
  0.69999999999999996       0.16666666666666666       0.16690803217867212     
  0.69999999999999996       0.20000000000000001       0.10586828204290517     
  0.69999999999999996       0.23333333333333334        6.3746836887076136E-002
  0.69999999999999996       0.26666666666666666        3.6368402446385999E-002
  0.69999999999999996       0.29999999999999999        1.9623867291378355E-002
  0.69999999999999996       0.33333333333333331        9.9975834063887117E-003
  0.69999999999999996       0.36666666666666664        4.8009407800895685E-003
  0.69999999999999996       0.40000000000000002        2.1694464080317080E-003
  0.69999999999999996       0.43333333333333335        9.2091182342179934E-004
  0.69999999999999996       0.46666666666666667        3.6657255305338126E-004
  0.69999999999999996       0.50000000000000000        1.3657085987024771E-004
  0.69999999999999996       0.53333333333333333        4.7526835341867488E-005
  0.69999999999999996       0.56666666666666665        1.5415483870678565E-005
  0.69999999999999996       0.59999999999999998        4.6492084357533177E-006
  0.69999999999999996       0.63333333333333330        1.3003589280781027E-006
  0.69999999999999996       0.66666666666666663        3.3630939578817358E-007
  0.69999999999999996       0.69999999999999996        8.0163945801604070E-008
  0.69999999999999996       0.73333333333333328        1.7545550996298581E-008
  0.69999999999999996       0.76666666666666661        3.5112002777395603E-009
  0.69999999999999996       0.80000000000000004        6.3931343365278669E-010
  0.69999999999999996       0.83333333333333337        1.0530695395581362E-010
  0.69999999999999996       0.86666666666666670        1.5586669152455227E-011
  0.69999999999999996       0.90000000000000002        2.0563456939354912E-012
  0.69999999999999996       0.93333333333333335        2.3960338525369966E-013
  0.69999999999999996       0.96666666666666667        2.6430231151465462E-014
  0.69999999999999996        1.0000000000000000        2.6430231151465462E-014

  0.73333333333333328        0.0000000000000000       0.74314482547739447     
  0.73333333333333328        3.3333333333333333E-002  0.58925700675447967     
  0.73333333333333328        6.6666666666666666E-002  0.44952849669134382     
  0.73333333333333328       0.10000000000000001       0.32882009320723082     
  0.73333333333333328       0.13333333333333333       0.22994068548379706     
  0.73333333333333328       0.16666666666666666       0.15331796650331972     
  0.73333333333333328       0.20000000000000001        9.7248224115677045E-002
  0.73333333333333328       0.23333333333333334        5.8556411425921828E-002
  0.73333333333333328       0.26666666666666666        3.3407196977107284E-002
  0.73333333333333328       0.29999999999999999        1.8026043377135897E-002
  0.73333333333333328       0.33333333333333331        9.1835553856030386E-003
  0.73333333333333328       0.36666666666666664        4.4100362822458040E-003
  0.73333333333333328       0.40000000000000002        1.9928047043373809E-003
  0.73333333333333328       0.43333333333333335        8.4592890020266135E-004
  0.73333333333333328       0.46666666666666667        3.3672530720337820E-004
  0.73333333333333328       0.50000000000000000        1.2545092195743839E-004
  0.73333333333333328       0.53333333333333333        4.3657082609139675E-005
  0.73333333333333328       0.56666666666666665        1.4160316965375924E-005
  0.73333333333333328       0.59999999999999998        4.2706583614665767E-006
  0.73333333333333328       0.63333333333333330        1.1944804811068108E-006
  0.73333333333333328       0.66666666666666663        3.0892625121244249E-007
  0.73333333333333328       0.69999999999999996        7.3636798641466384E-008
  0.73333333333333328       0.73333333333333328        1.6116948746080382E-008
  0.73333333333333328       0.76666666666666661        3.2253096483256593E-009
  0.73333333333333328       0.80000000000000004        5.8725894929354554E-010
  0.73333333333333328       0.83333333333333337        9.6732600752734551E-011
  0.73333333333333328       0.86666666666666670        1.4317563917213452E-011
  0.73333333333333328       0.90000000000000002        1.8889129307123534E-012
  0.73333333333333328       0.93333333333333335        2.2009428374953236E-013
  0.73333333333333328       0.96666666666666667        2.4278216221598839E-014
  0.73333333333333328        1.0000000000000000        2.4278216221598839E-014

  0.76666666666666661        0.0000000000000000       0.66913060635885835     
  0.76666666666666661        3.3333333333333333E-002  0.53056939201257314     
  0.76666666666666661        6.6666666666666666E-002  0.40475727644801412     
  0.76666666666666661       0.10000000000000001       0.29607094177018334     
  0.76666666666666661       0.13333333333333333       0.20703952315822852     
  0.76666666666666661       0.16666666666666666       0.13804811710310985     
  0.76666666666666661       0.20000000000000001        8.7562694294538335E-002
  0.76666666666666661       0.23333333333333334        5.2724429667468264E-002
  0.76666666666666661       0.26666666666666666        3.0079975266841971E-002
  0.76666666666666661       0.29999999999999999        1.6230722359461457E-002
  0.76666666666666661       0.33333333333333331        8.2689104102301857E-003
  0.76666666666666661       0.36666666666666664        3.9708145040343330E-003
  0.76666666666666661       0.40000000000000002        1.7943294152811390E-003
  0.76666666666666661       0.43333333333333335        7.6167780293090025E-004
  0.76666666666666661       0.46666666666666667        3.0318882842335435E-004
  0.76666666666666661       0.50000000000000000        1.1295651749137021E-004
  0.76666666666666661       0.53333333333333333        3.9309013743514254E-005
  0.76666666666666661       0.56666666666666665        1.2750006664163797E-005
  0.76666666666666661       0.59999999999999998        3.8453180604788922E-006
  0.76666666666666661       0.63333333333333330        1.0755150560234019E-006
  0.76666666666666661       0.66666666666666663        2.7815844598145366E-007
  0.76666666666666661       0.69999999999999996        6.6302871305922006E-008
  0.76666666666666661       0.73333333333333328        1.4511765832711775E-008
  0.76666666666666661       0.76666666666666661        2.9040818514652677E-009
  0.76666666666666661       0.80000000000000004        5.2877033299400840E-010
  0.76666666666666661       0.83333333333333337        8.7098424933210468E-011
  0.76666666666666661       0.86666666666666670        1.2891592455551812E-011
  0.76666666666666661       0.90000000000000002        1.7007848421398886E-012
  0.76666666666666661       0.93333333333333335        1.9817378321491520E-013
  0.76666666666666661       0.96666666666666667        2.1860204074265021E-014
  0.76666666666666661        1.0000000000000000        2.1860204074265021E-014

  0.80000000000000004        0.0000000000000000       0.58778525229247325     
  0.80000000000000004        3.3333333333333333E-002  0.46606874798299353     
  0.80000000000000004        6.6666666666666666E-002  0.35555145078301453     
  0.80000000000000004       0.10000000000000001       0.26007797513827396     
  0.80000000000000004       0.13333333333333333       0.18186999249113278     
  0.80000000000000004       0.16666666666666666       0.12126578364349255     
  0.80000000000000004       0.20000000000000001        7.6917809271036891E-002
  0.80000000000000004       0.23333333333333334        4.6314788024281683E-002
  0.80000000000000004       0.26666666666666666        2.6423191052913637E-002
  0.80000000000000004       0.29999999999999999        1.4257574151119742E-002
  0.80000000000000004       0.33333333333333331        7.2636695220221013E-003
  0.80000000000000004       0.36666666666666664        3.4880876511703051E-003
  0.80000000000000004       0.40000000000000002        1.5761950776635070E-003
  0.80000000000000004       0.43333333333333335        6.6908160425890059E-004
  0.80000000000000004       0.46666666666666667        2.6633054939278296E-004
  0.80000000000000004       0.50000000000000000        9.9224537781995663E-005
  0.80000000000000004       0.53333333333333333        3.4530267097374935E-005
  0.80000000000000004       0.56666666666666665        1.1200004621828668E-005
  0.80000000000000004       0.59999999999999998        3.3778476501360639E-006
  0.80000000000000004       0.63333333333333330        9.4476606292020597E-007
  0.80000000000000004       0.66666666666666663        2.4434307860789508E-007
  0.80000000000000004       0.69999999999999996        5.8242515837582152E-008
  0.80000000000000004       0.73333333333333328        1.2747588976097750E-008
  0.80000000000000004       0.76666666666666661        2.5510363261220254E-009
  0.80000000000000004       0.80000000000000004        4.6448839827388326E-010
  0.80000000000000004       0.83333333333333337        7.6509980543600975E-011
  0.80000000000000004       0.86666666666666670        1.1324378009207997E-011
  0.80000000000000004       0.90000000000000002        1.4940225989248296E-012
  0.80000000000000004       0.93333333333333335        1.7408204924086534E-013
  0.80000000000000004       0.96666666666666667        1.9202686956551749E-014
  0.80000000000000004        1.0000000000000000        1.9202686956551749E-014

  0.83333333333333337        0.0000000000000000       0.49999999999999994     
  0.83333333333333337        3.3333333333333333E-002  0.39646175721935656     
  0.83333333333333337        6.6666666666666666E-002  0.30245012901931190     
  0.83333333333333337       0.10000000000000001       0.22123553978593447     
  0.83333333333333337       0.13333333333333333       0.15470785612756152     
  0.83333333333333337       0.16666666666666666       0.10315483688178052     
  0.83333333333333337       0.20000000000000001        6.5430196633075560E-002
  0.83333333333333337       0.23333333333333334        3.9397711871508596E-002
  0.83333333333333337       0.26666666666666666        2.2476908828401372E-002
  0.83333333333333337       0.29999999999999999        1.2128216976789159E-002
  0.83333333333333337       0.33333333333333331        6.1788463505101773E-003
  0.83333333333333337       0.36666666666666664        2.9671445800707880E-003
  0.83333333333333337       0.40000000000000002        1.3407916169349686E-003
  0.83333333333333337       0.43333333333333335        5.6915480751631347E-004
  0.83333333333333337       0.46666666666666667        2.2655429712981366E-004
  0.83333333333333337       0.50000000000000000        8.4405433272612140E-005
  0.83333333333333337       0.53333333333333333        2.9373199618993832E-005
  0.83333333333333337       0.56666666666666665        9.5272929851051393E-006
  0.83333333333333337       0.59999999999999998        2.8733688340782816E-006
  0.83333333333333337       0.63333333333333330        8.0366601512664741E-007
  0.83333333333333337       0.66666666666666663        2.0785063733303200E-007
  0.83333333333333337       0.69999999999999996        4.9544043177695747E-008
  0.83333333333333337       0.73333333333333328        1.0843746867057103E-008
  0.83333333333333337       0.76666666666666661        2.1700411129511193E-009
  0.83333333333333337       0.80000000000000004        3.9511743146182295E-010
  0.83333333333333337       0.83333333333333337        6.5083276796413010E-011
  0.83333333333333337       0.86666666666666670        9.6330913076168447E-012
  0.83333333333333337       0.90000000000000002        1.2708915314716221E-012
  0.83333333333333337       0.93333333333333335        1.4808303590632171E-013
  0.83333333333333337       0.96666666666666667        1.6334781182121924E-014
  0.83333333333333337        1.0000000000000000        1.6334781182121924E-014

  0.86666666666666670        0.0000000000000000       0.40673664307580004     
  0.86666666666666670        3.3333333333333333E-002  0.32251104847866791     
  0.86666666666666670        6.6666666666666666E-002  0.24603510035031512     
  0.86666666666666670       0.10000000000000001       0.17996920156318724     
  0.86666666666666670       0.13333333333333333       0.12585070811755650     
  0.86666666666666670       0.16666666666666666        8.3913704140654313E-002
  0.86666666666666670       0.20000000000000001        5.3225717068653353E-002
  0.86666666666666670       0.23333333333333334        3.2048986142970012E-002
  0.86666666666666670       0.26666666666666666        1.8284364887169585E-002
  0.86666666666666670       0.29999999999999999        9.8659805192683053E-003
  0.86666666666666670       0.33333333333333331        5.0263264453753358E-003
  0.86666666666666670       0.36666666666666664        2.4136928520370948E-003
  0.86666666666666670       0.40000000000000002        1.0906981626726065E-003
  0.86666666666666670       0.43333333333333335        4.6299223159927710E-004
  0.86666666666666670       0.46666666666666667        1.8429586857795561E-004
  0.86666666666666670       0.50000000000000000        6.8661565173321417E-005
  0.86666666666666670       0.53333333333333333        2.3894313218849852E-005
  0.86666666666666670       0.56666666666666665        7.7501983327225685E-006
  0.86666666666666670       0.59999999999999998        2.3374087877832527E-006
  0.86666666666666670       0.63333333333333330        6.5376083429343572E-007
  0.86666666666666670       0.66666666666666663        1.6908094098000605E-007
  0.86666666666666670       0.69999999999999996        4.0302755612996935E-008
  0.86666666666666670       0.73333333333333328        8.8210983981410621E-009
  0.86666666666666670       0.76666666666666661        1.7652704752364229E-009
  0.86666666666666670       0.80000000000000004        3.2141747538702895E-010
  0.86666666666666670       0.83333333333333337        5.2943507049092292E-011
  0.86666666666666670       0.86666666666666670        7.8362624418054946E-012
  0.86666666666666670       0.90000000000000002        1.0338363104484603E-012
  0.86666666666666670       0.93333333333333335        1.2046159384202100E-013
  0.86666666666666670       0.96666666666666667        1.3287908126788044E-014
  0.86666666666666670        1.0000000000000000        1.3287908126788044E-014

  0.90000000000000002        0.0000000000000000       0.30901699437494751     
  0.90000000000000002        3.3333333333333333E-002  0.24502684120107138     
  0.90000000000000002        6.6666666666666666E-002  0.18692445963572563     
  0.90000000000000002       0.10000000000000001       0.13673108310713714     
  0.90000000000000002       0.13333333333333333        9.5614713413461713E-002
  0.90000000000000002       0.16666666666666666        6.3753195296891579E-002
  0.90000000000000002       0.20000000000000001        4.0438085409829620E-002
  0.90000000000000002       0.23333333333333334        2.4349125015567540E-002
  0.90000000000000002       0.26666666666666666        1.3891493617984627E-002
  0.90000000000000002       0.29999999999999999        7.4956503145891936E-003
  0.90000000000000002       0.33333333333333331        3.8187370558785353E-003
  0.90000000000000002       0.36666666666666664        1.8337962000187810E-003
  0.90000000000000002       0.40000000000000002        8.2865479109673972E-004
  0.90000000000000002       0.43333333333333335        3.5175701590548582E-004
  0.90000000000000002       0.46666666666666667        1.4001825592356760E-004
  0.90000000000000002       0.50000000000000000        5.2165426597635566E-005
  0.90000000000000002       0.53333333333333333        1.8153635722873649E-005
  0.90000000000000002       0.56666666666666665        5.8881908855734223E-006
  0.90000000000000002       0.59999999999999998        1.7758396016750353E-006
  0.90000000000000002       0.63333333333333330        4.9669291295145534E-007
  0.90000000000000002       0.66666666666666663        1.2845875845514158E-007
  0.90000000000000002       0.69999999999999996        3.0619902623908323E-008
  0.90000000000000002       0.73333333333333328        6.7018041292414772E-009
  0.90000000000000002       0.76666666666666661        1.3411591647884414E-009
  0.90000000000000002       0.80000000000000004        2.4419600219096369E-010
  0.90000000000000002       0.83333333333333337        4.0223677159400600E-011
  0.90000000000000002       0.86666666666666670        5.9535778448383810E-012
  0.90000000000000002       0.90000000000000002        7.8545416246386904E-013
  0.90000000000000002       0.93333333333333335        9.1520349347377921E-014
  0.90000000000000002       0.96666666666666667        1.0095449969343535E-014
  0.90000000000000002        1.0000000000000000        1.0095449969343535E-014

  0.93333333333333335        0.0000000000000000       0.20791169081775931     
  0.93333333333333335        3.3333333333333333E-002  0.16485806857611288     
  0.93333333333333335        6.6666666666666666E-002  0.12576583542490918     
  0.93333333333333335       0.10000000000000001        9.1994910291746612E-002
  0.93333333333333335       0.13333333333333333        6.4331143900543925E-002
  0.93333333333333335       0.16666666666666666        4.2894193104242299E-002
  0.93333333333333335       0.20000000000000001        2.7207405625042404E-002
  0.93333333333333335       0.23333333333333334        1.6382489779112521E-002
  0.93333333333333335       0.26666666666666666        9.3464242377391035E-003
  0.93333333333333335       0.29999999999999999        5.0431961964977744E-003
  0.93333333333333335       0.33333333333333331        2.5693087840754250E-003
  0.93333333333333335       0.36666666666666664        1.2338080930865362E-003
  0.93333333333333335       0.40000000000000002        5.5753250422245352E-004
  0.93333333333333335       0.43333333333333335        2.3666787673554620E-004
  0.93333333333333335       0.46666666666666667        9.4206573956577197E-005
  0.93333333333333335       0.50000000000000000        3.5097752691828705E-005
  0.93333333333333335       0.53333333333333333        1.2214063195025146E-005
  0.93333333333333335       0.56666666666666665        3.9616711868987739E-006
  0.93333333333333335       0.59999999999999998        1.1948139452725386E-006
  0.93333333333333335       0.63333333333333330        3.3418312011550446E-007
  0.93333333333333335       0.66666666666666663        8.6429154890919156E-008
  0.93333333333333335       0.69999999999999996        2.0601571574045594E-008
  0.93333333333333335       0.73333333333333328        4.5090834918592451E-009
  0.93333333333333335       0.76666666666666661        9.0235383387543887E-010
  0.93333333333333335       0.80000000000000004        1.6429906649359553E-010
  0.93333333333333335       0.83333333333333337        2.7063148245404948E-011
  0.93333333333333335       0.86666666666666670        4.0056646031369572E-012
  0.93333333333333335       0.90000000000000002        5.2846641430847301E-013
  0.93333333333333335       0.93333333333333335        6.1576388753420649E-014
  0.93333333333333335       0.96666666666666667        6.7923839494261718E-015
  0.93333333333333335        1.0000000000000000        6.7923839494261718E-015

  0.96666666666666667        0.0000000000000000       0.10452846326765373     
  0.96666666666666667        3.3333333333333333E-002   8.2883076453065807E-002
  0.96666666666666667        6.6666666666666666E-002   6.3229294402984415E-002
  0.96666666666666667       0.10000000000000001        4.6250821988027081E-002
  0.96666666666666667       0.13333333333333333        3.2342748912894466E-002
  0.96666666666666667       0.16666666666666666        2.1565233155755960E-002
  0.96666666666666667       0.20000000000000001        1.3678635810711564E-002
  0.96666666666666667       0.23333333333333334        8.2363645563811611E-003
  0.96666666666666667       0.26666666666666666        4.6989534776798979E-003
  0.96666666666666667       0.29999999999999999        2.5354877655208736E-003
  0.96666666666666667       0.33333333333333331        1.2917306275715553E-003
  0.96666666666666667       0.36666666666666664        6.2030212649549299E-004
  0.96666666666666667       0.40000000000000002        2.8030177456072914E-004
  0.96666666666666667       0.43333333333333335        1.1898575478215471E-004
  0.96666666666666667       0.46666666666666667        4.7362745051325558E-005
  0.96666666666666667       0.50000000000000000        1.7645540462853228E-005
  0.96666666666666667       0.53333333333333333        6.1406708348548996E-006
  0.96666666666666667       0.56666666666666665        1.9917465896674703E-006
  0.96666666666666667       0.59999999999999998        6.0069765725474388E-007
  0.96666666666666667       0.63333333333333330        1.6801194708325442E-007
  0.96666666666666667       0.66666666666666663        4.3452615419248399E-008
  0.96666666666666667       0.69999999999999996        1.0357525394861615E-008
  0.96666666666666667       0.73333333333333328        2.2669603921538216E-009
  0.96666666666666667       0.76666666666666661        4.5366212552881783E-010
  0.96666666666666667       0.80000000000000004        8.2602035841933504E-011
  0.96666666666666667       0.83333333333333337        1.3606109815904759E-011
  0.96666666666666667       0.86666666666666670        2.0138644618043591E-012
  0.96666666666666667       0.90000000000000002        2.6568867752920660E-013
  0.96666666666666667       0.93333333333333335        3.0957784358593117E-014
  0.96666666666666667       0.96666666666666667        3.4148991495611773E-015
  0.96666666666666667        1.0000000000000000        3.4148991495611773E-015

   1.0000000000000000        0.0000000000000000        1.2246467991473532E-016
   1.0000000000000000        3.3333333333333333E-002   0.0000000000000000     
   1.0000000000000000        6.6666666666666666E-002   0.0000000000000000     
   1.0000000000000000       0.10000000000000001        0.0000000000000000     
   1.0000000000000000       0.13333333333333333        0.0000000000000000     
   1.0000000000000000       0.16666666666666666        0.0000000000000000     
   1.0000000000000000       0.20000000000000001        0.0000000000000000     
   1.0000000000000000       0.23333333333333334        0.0000000000000000     
   1.0000000000000000       0.26666666666666666        0.0000000000000000     
   1.0000000000000000       0.29999999999999999        0.0000000000000000     
   1.0000000000000000       0.33333333333333331        0.0000000000000000     
   1.0000000000000000       0.36666666666666664        0.0000000000000000     
   1.0000000000000000       0.40000000000000002        0.0000000000000000     
   1.0000000000000000       0.43333333333333335        0.0000000000000000     
   1.0000000000000000       0.46666666666666667        0.0000000000000000     
   1.0000000000000000       0.50000000000000000        0.0000000000000000     
   1.0000000000000000       0.53333333333333333        0.0000000000000000     
   1.0000000000000000       0.56666666666666665        0.0000000000000000     
   1.0000000000000000       0.59999999999999998        0.0000000000000000     
   1.0000000000000000       0.63333333333333330        0.0000000000000000     
   1.0000000000000000       0.66666666666666663        0.0000000000000000     
   1.0000000000000000       0.69999999999999996        0.0000000000000000     
   1.0000000000000000       0.73333333333333328        0.0000000000000000     
   1.0000000000000000       0.76666666666666661        0.0000000000000000     
   1.0000000000000000       0.80000000000000004        0.0000000000000000     
   1.0000000000000000       0.83333333333333337        0.0000000000000000     
   1.0000000000000000       0.86666666666666670        0.0000000000000000     
   1.0000000000000000       0.90000000000000002        0.0000000000000000     
   1.0000000000000000       0.93333333333333335        0.0000000000000000     
   1.0000000000000000       0.96666666666666667        0.0000000000000000     
   1.0000000000000000        1.0000000000000000        0.0000000000000000     

