   0.0000000000000000        0.0000000000000000        0.0000000000000000     
   0.0000000000000000        3.3333333333333333E-002   0.0000000000000000     
   0.0000000000000000        6.6666666666666666E-002   0.0000000000000000     
   0.0000000000000000       0.10000000000000001        0.0000000000000000     
   0.0000000000000000       0.13333333333333333        0.0000000000000000     
   0.0000000000000000       0.16666666666666666        0.0000000000000000     
   0.0000000000000000       0.20000000000000001        0.0000000000000000     
   0.0000000000000000       0.23333333333333334        0.0000000000000000     
   0.0000000000000000       0.26666666666666666        0.0000000000000000     
   0.0000000000000000       0.29999999999999999        0.0000000000000000     
   0.0000000000000000       0.33333333333333331        0.0000000000000000     
   0.0000000000000000       0.36666666666666664        0.0000000000000000     
   0.0000000000000000       0.40000000000000002        0.0000000000000000     
   0.0000000000000000       0.43333333333333335        0.0000000000000000     
   0.0000000000000000       0.46666666666666667        0.0000000000000000     
   0.0000000000000000       0.50000000000000000        0.0000000000000000     
   0.0000000000000000       0.53333333333333333        0.0000000000000000     
   0.0000000000000000       0.56666666666666665        0.0000000000000000     
   0.0000000000000000       0.59999999999999998        0.0000000000000000     
   0.0000000000000000       0.63333333333333330        0.0000000000000000     
   0.0000000000000000       0.66666666666666663        0.0000000000000000     
   0.0000000000000000       0.69999999999999996        0.0000000000000000     
   0.0000000000000000       0.73333333333333328        0.0000000000000000     
   0.0000000000000000       0.76666666666666661        0.0000000000000000     
   0.0000000000000000       0.80000000000000004        0.0000000000000000     
   0.0000000000000000       0.83333333333333337        0.0000000000000000     
   0.0000000000000000       0.86666666666666670        0.0000000000000000     
   0.0000000000000000       0.90000000000000002        0.0000000000000000     
   0.0000000000000000       0.93333333333333335        0.0000000000000000     
   0.0000000000000000       0.96666666666666667        0.0000000000000000     
   0.0000000000000000        1.0000000000000000        0.0000000000000000     

   3.3333333333333333E-002   0.0000000000000000       0.10452846326765346     
   3.3333333333333333E-002   3.3333333333333333E-002   8.6267358466788485E-002
   3.3333333333333333E-002   6.6666666666666666E-002   6.9512744906645635E-002
   3.3333333333333333E-002  0.10000000000000001        5.4578085225540744E-002
   3.3333333333333333E-002  0.13333333333333333        4.1680252417954131E-002
   3.3333333333333333E-002  0.16666666666666666        3.0910691464126058E-002
   3.3333333333333333E-002  0.20000000000000001        2.2229956026554681E-002
   3.3333333333333333E-002  0.23333333333333334        1.5483614249409805E-002
   3.3333333333333333E-002  0.26666666666666666        1.0433249117703679E-002
   3.3333333333333333E-002  0.29999999999999999        6.7941923031345610E-003
   3.3333333333333333E-002  0.33333333333333331        4.2719280294446086E-003
   3.3333333333333333E-002  0.36666666666666664        2.5912316642889770E-003
   3.3333333333333333E-002  0.40000000000000002        1.5150882734456116E-003
   3.3333333333333333E-002  0.43333333333333335        8.5327883058733812E-004
   3.3333333333333333E-002  0.46666666666666667        4.6254168630178099E-004
   3.3333333333333333E-002  0.50000000000000000        2.4116383512983992E-004
   3.3333333333333333E-002  0.53333333333333333        1.2085770003371951E-004
   3.3333333333333333E-002  0.56666666666666665        5.8175222986767395E-005
   3.3333333333333333E-002  0.59999999999999998        2.6878320804486324E-005
   3.3333333333333333E-002  0.63333333333333330        1.1911330911095963E-005
   3.3333333333333333E-002  0.66666666666666663        5.0593926967343140E-006
   3.3333333333333333E-002  0.69999999999999996        2.0582194728870573E-006
   3.3333333333333333E-002  0.73333333333333328        8.0131287963453280E-007
   3.3333333333333333E-002  0.76666666666666661        2.9831540389142768E-007
   3.3333333333333333E-002  0.80000000000000004        1.0610594032291457E-007
   3.3333333333333333E-002  0.83333333333333337        3.6024826425643437E-008
   3.3333333333333333E-002  0.86666666666666670        1.1664725700520271E-008
   3.3333333333333333E-002  0.90000000000000002        3.6021583022100448E-009
   3.3333333333333333E-002  0.93333333333333335        1.0754686179974370E-009
   3.3333333333333333E-002  0.96666666666666667        3.7255937365826653E-010
   3.3333333333333333E-002   1.0000000000000000        3.7255937365826653E-010

   6.6666666666666666E-002   0.0000000000000000       0.20791169081775931     
   6.6666666666666666E-002   3.3333333333333333E-002  0.17158955370160947     
   6.6666666666666666E-002   6.6666666666666666E-002  0.13826389363361702     
   6.6666666666666666E-002  0.10000000000000001       0.10855820152815188     
   6.6666666666666666E-002  0.13333333333333333        8.2903847268263609E-002
   6.6666666666666666E-002  0.16666666666666666        6.1482718924093106E-002
   6.6666666666666666E-002  0.20000000000000001        4.4216356002965057E-002
   6.6666666666666666E-002  0.23333333333333334        3.0797586780948488E-002
   6.6666666666666666E-002  0.26666666666666666        2.0752189374776055E-002
   6.6666666666666666E-002  0.29999999999999999        1.3513946013619837E-002
   6.6666666666666666E-002  0.33333333333333331        8.4970519214402108E-003
   6.6666666666666666E-002  0.36666666666666664        5.1540732522139185E-003
   6.6666666666666666E-002  0.40000000000000002        3.0135769227147488E-003
   6.6666666666666666E-002  0.43333333333333335        1.6972089597466866E-003
   6.6666666666666666E-002  0.46666666666666667        9.2001566909536911E-004
   6.6666666666666666E-002  0.50000000000000000        4.7968542881522035E-004
   6.6666666666666666E-002  0.53333333333333333        2.4039125781476992E-004
   6.6666666666666666E-002  0.56666666666666665        1.1571306605654372E-004
   6.6666666666666666E-002  0.59999999999999998        5.3462157101588463E-005
   6.6666666666666666E-002  0.63333333333333330        2.3692158788123722E-005
   6.6666666666666666E-002  0.66666666666666663        1.0063353628337218E-005
   6.6666666666666666E-002  0.69999999999999996        4.0938886625190496E-006
   6.6666666666666666E-002  0.73333333333333328        1.5938464076742890E-006
   6.6666666666666666E-002  0.76666666666666661        5.9336240179130929E-007
   6.6666666666666666E-002  0.80000000000000004        2.1104936175955582E-007
   6.6666666666666666E-002  0.83333333333333337        7.1654957314287927E-008
   6.6666666666666666E-002  0.86666666666666670        2.3201650225264861E-008
   6.6666666666666666E-002  0.90000000000000002        7.1648506042609913E-009
   6.6666666666666666E-002  0.93333333333333335        2.1391541767598169E-009
   6.6666666666666666E-002  0.96666666666666667        7.4103690885567187E-010
   6.6666666666666666E-002   1.0000000000000000        7.4103690885567187E-010

  0.10000000000000001        0.0000000000000000       0.30901699437494740     
  0.10000000000000001        3.3333333333333333E-002  0.25503177787865311     
  0.10000000000000001        6.6666666666666666E-002  0.20550019420835863     
  0.10000000000000001       0.10000000000000001       0.16134893145755647     
  0.10000000000000001       0.13333333333333333       0.12321913021915659     
  0.10000000000000001       0.16666666666666666        9.1381128849441703E-002
  0.10000000000000001       0.20000000000000001        6.5718312330139611E-002
  0.10000000000000001       0.23333333333333334        4.5774134506905741E-002
  0.10000000000000001       0.26666666666666666        3.0843764302383576E-002
  0.10000000000000001       0.29999999999999999        2.0085638103604881E-002
  0.10000000000000001       0.33333333333333331        1.2629080334462087E-002
  0.10000000000000001       0.36666666666666664        7.6604457350284358E-003
  0.10000000000000001       0.40000000000000002        4.4790481925871106E-003
  0.10000000000000001       0.43333333333333335        2.5225441123792425E-003
  0.10000000000000001       0.46666666666666667        1.3674097676926922E-003
  0.10000000000000001       0.50000000000000000        7.1295148856187203E-004
  0.10000000000000001       0.53333333333333333        3.5729103867009700E-004
  0.10000000000000001       0.56666666666666665        1.7198313256008873E-004
  0.10000000000000001       0.59999999999999998        7.9460250817809991E-005
  0.10000000000000001       0.63333333333333330        3.5213410415565827E-005
  0.10000000000000001       0.66666666666666663        1.4957058351695930E-005
  0.10000000000000001       0.69999999999999996        6.0847043512632034E-006
  0.10000000000000001       0.73333333333333328        2.3689174209377624E-006
  0.10000000000000001       0.76666666666666661        8.8190839704809998E-007
  0.10000000000000001       0.80000000000000004        3.1368048222384110E-007
  0.10000000000000001       0.83333333333333337        1.0650002149583329E-007
  0.10000000000000001       0.86666666666666670        3.4484372614883993E-008
  0.10000000000000001       0.90000000000000002        1.0649043303750272E-008
  0.10000000000000001       0.93333333333333335        3.1794027147148264E-009
  0.10000000000000001       0.96666666666666667        1.1013954886077120E-009
  0.10000000000000001        1.0000000000000000        1.1013954886077120E-009

  0.13333333333333333        0.0000000000000000       0.40673664307580015     
  0.13333333333333333        3.3333333333333333E-002  0.33567982052842760     
  0.13333333333333333        6.6666666666666666E-002  0.27048499165167317     
  0.13333333333333333       0.10000000000000001       0.21237188872947740     
  0.13333333333333333       0.13333333333333333       0.16218439859410783     
  0.13333333333333333       0.16666666666666666       0.12027834800438525     
  0.13333333333333333       0.20000000000000001        8.6500245074984161E-002
  0.13333333333333333       0.23333333333333334        6.0249171236351873E-002
  0.13333333333333333       0.26666666666666666        4.0597408493821548E-002
  0.13333333333333333       0.29999999999999999        2.6437267739336842E-002
  0.13333333333333333       0.33333333333333331        1.6622741900534629E-002
  0.13333333333333333       0.36666666666666664        1.0082888771318655E-002
  0.13333333333333333       0.40000000000000002        5.8954460731603939E-003
  0.13333333333333333       0.43333333333333335        3.3202417438402796E-003
  0.13333333333333333       0.46666666666666667        1.7998222387262844E-003
  0.13333333333333333       0.50000000000000000        9.3840630260514908E-004
  0.13333333333333333       0.53333333333333333        4.7027626413779784E-004
  0.13333333333333333       0.56666666666666665        2.2636891587352119E-004
  0.13333333333333333       0.59999999999999998        1.0458776139794509E-004
  0.13333333333333333       0.63333333333333330        4.6348856549615128E-005
  0.13333333333333333       0.66666666666666663        1.9686890413787774E-005
  0.13333333333333333       0.69999999999999996        8.0088547458286745E-006
  0.13333333333333333       0.73333333333333328        3.1180340792096018E-006
  0.13333333333333333       0.76666666666666661        1.1607920193556350E-006
  0.13333333333333333       0.80000000000000004        4.1287485368302105E-007
  0.13333333333333333       0.83333333333333337        1.4017824915530802E-007
  0.13333333333333333       0.86666666666666670        4.5389277001815565E-008
  0.13333333333333333       0.90000000000000002        1.4016562856348091E-008
  0.13333333333333333       0.93333333333333335        4.1848170511946286E-009
  0.13333333333333333       0.96666666666666667        1.4496869489047424E-009
  0.13333333333333333        1.0000000000000000        1.4496869489047424E-009

  0.16666666666666666        0.0000000000000000       0.49999999999999994     
  0.16666666666666666        3.3333333333333333E-002  0.41265008481897431     
  0.16666666666666666        6.6666666666666666E-002  0.33250629892382860     
  0.16666666666666666       0.10000000000000001       0.26106805514680348     
  0.16666666666666666       0.13333333333333333       0.19937274075879466     
  0.16666666666666666       0.16666666666666666       0.14785777240873027     
  0.16666666666666666       0.20000000000000001       0.10633446303344719     
  0.16666666666666666       0.23333333333333334        7.4064105437782898E-002
  0.16666666666666666       0.26666666666666666        4.9906258982247320E-002
  0.16666666666666666       0.29999999999999999        3.2499245137362680E-002
  0.16666666666666666       0.33333333333333331        2.0434281227812549E-002
  0.16666666666666666       0.36666666666666664        1.2394861568250180E-002
  0.16666666666666666       0.40000000000000002        7.2472522128547287E-003
  0.16666666666666666       0.43333333333333335        4.0815621119505490E-003
  0.16666666666666666       0.46666666666666667        2.2125154806753740E-003
  0.16666666666666666       0.50000000000000000        1.1535797408229406E-003
  0.16666666666666666       0.53333333333333333        5.7810904444396992E-004
  0.16666666666666666       0.56666666666666665        2.7827455397390230E-004
  0.16666666666666666       0.59999999999999998        1.2856938657780816E-004
  0.16666666666666666       0.63333333333333330        5.6976494912185078E-005
  0.16666666666666666       0.66666666666666663        2.4201028784759489E-005
  0.16666666666666666       0.69999999999999996        9.8452584518382439E-006
  0.16666666666666666       0.73333333333333328        3.8329889036190418E-006
  0.16666666666666666       0.76666666666666661        1.4269577613877633E-006
  0.16666666666666666       0.80000000000000004        5.0754568184563218E-007
  0.16666666666666666       0.83333333333333337        1.7232065458285268E-007
  0.16666666666666666       0.86666666666666670        5.5796886971598397E-008
  0.16666666666666666       0.90000000000000002        1.7230514013137413E-008
  0.16666666666666666       0.93333333333333335        5.1443816563322741E-009
  0.16666666666666666       0.96666666666666667        1.7820953356230755E-009
  0.16666666666666666        1.0000000000000000        1.7820953356230755E-009

  0.20000000000000001        0.0000000000000000       0.58778525229247314     
  0.20000000000000001        3.3333333333333333E-002  0.48509926842766249     
  0.20000000000000001        6.6666666666666666E-002  0.39088459760355809     
  0.20000000000000001       0.10000000000000001       0.30690390531993827     
  0.20000000000000001       0.13333333333333333       0.23437671345429992     
  0.20000000000000001       0.16666666666666666       0.17381723611733718     
  0.20000000000000001       0.20000000000000001       0.12500365836299882     
  0.20000000000000001       0.23333333333333334        8.7067577801127102E-002
  0.20000000000000001       0.26666666666666666        5.8668326053707483E-002
  0.20000000000000001       0.29999999999999999        3.8205154004759316E-002
  0.20000000000000001       0.33333333333333331        2.4021938293810292E-002
  0.20000000000000001       0.36666666666666664        1.4571033668048423E-002
  0.20000000000000001       0.40000000000000002        8.5196559407200011E-003
  0.20000000000000001       0.43333333333333335        4.7981640314405053E-003
  0.20000000000000001       0.46666666666666667        2.6009679400195544E-003
  0.20000000000000001       0.50000000000000000        1.3561143179981960E-003
  0.20000000000000001       0.53333333333333333        6.7960794108211885E-004
  0.20000000000000001       0.56666666666666665        3.2713135782825117E-004
  0.20000000000000001       0.59999999999999998        1.5114237865345099E-004
  0.20000000000000001       0.63333333333333330        6.6979886873399017E-005
  0.20000000000000001       0.66666666666666663        2.8450015619974525E-005
  0.20000000000000001       0.69999999999999996        1.1573795445996690E-005
  0.20000000000000001       0.73333333333333328        4.5059486994959370E-006
  0.20000000000000001       0.76666666666666661        1.6774894555760182E-006
  0.20000000000000001       0.80000000000000004        5.9665573330718039E-007
  0.20000000000000001       0.83333333333333337        2.0257507885837238E-007
  0.20000000000000001       0.86666666666666670        6.5593174571471139E-008
  0.20000000000000001       0.90000000000000002        2.0255684052681934E-008
  0.20000000000000001       0.93333333333333335        6.0475833395120729E-009
  0.20000000000000001       0.96666666666666667        2.0949787129168981E-009
  0.20000000000000001        1.0000000000000000        2.0949787129168981E-009

  0.23333333333333334        0.0000000000000000       0.66913060635885824     
  0.23333333333333334        3.3333333333333333E-002  0.55223360293790902     
  0.23333333333333334        6.6666666666666666E-002  0.44498028283408236     
  0.23333333333333334       0.10000000000000001       0.34937725208261683     
  0.23333333333333334       0.13333333333333333       0.26681280583071948     
  0.23333333333333334       0.16666666666666666       0.19787232181344747     
  0.23333333333333334       0.20000000000000001       0.14230328745282822     
  0.23333333333333334       0.23333333333333334        9.9117119562020142E-002
  0.23333333333333334       0.26666666666666666        6.6787610667786712E-002
  0.23333333333333334       0.29999999999999999        4.3492479209937332E-002
  0.23333333333333334       0.33333333333333331        2.7346405976947288E-002
  0.23333333333333334       0.36666666666666664        1.6587562473794702E-002
  0.23333333333333334       0.40000000000000002        9.6987165352461231E-003
  0.23333333333333334       0.43333333333333335        5.4621962617216252E-003
  0.23333333333333334       0.46666666666666667        2.9609236503253477E-003
  0.23333333333333334       0.50000000000000000        1.5437910229202977E-003
  0.23333333333333334       0.53333333333333333        7.7366091090066741E-004
  0.23333333333333334       0.56666666666666665        3.7240404206959608E-004
  0.23333333333333334       0.59999999999999998        1.7205942319999045E-004
  0.23333333333333334       0.63333333333333330        7.6249433177585593E-005
  0.23333333333333334       0.66666666666666663        3.2387298130508596E-005
  0.23333333333333334       0.69999999999999996        1.3175527515276395E-005
  0.23333333333333334       0.73333333333333328        5.1295403784907687E-006
  0.23333333333333334       0.76666666666666661        1.9096422242517460E-006
  0.23333333333333334       0.80000000000000004        6.7922869969637588E-007
  0.23333333333333334       0.83333333333333337        2.3061004817835916E-007
  0.23333333333333334       0.86666666666666670        7.4670809624484625E-008
  0.23333333333333334       0.90000000000000002        2.3058928578970880E-008
  0.23333333333333334       0.93333333333333335        6.8845264340860034E-009
  0.23333333333333334       0.96666666666666667        2.3849090650295230E-009
  0.23333333333333334        1.0000000000000000        2.3849090650295230E-009

  0.26666666666666666        0.0000000000000000       0.74314482547739413     
  0.26666666666666666        3.3333333333333333E-002  0.61331755053205717     
  0.26666666666666666        6.6666666666666666E-002  0.49420067096776571     
  0.26666666666666666       0.10000000000000001       0.38802274855958790     
  0.26666666666666666       0.13333333333333333       0.29632564127228844     
  0.26666666666666666       0.16666666666666666       0.21975947694432427     
  0.26666666666666666       0.20000000000000001       0.15804381194644707     
  0.26666666666666666       0.23333333333333334       0.11008071341940098     
  0.26666666666666666       0.26666666666666666        7.4175156243183646E-002
  0.26666666666666666       0.29999999999999999        4.8303291711504895E-002
  0.26666666666666666       0.33333333333333331        3.0371260713597498E-002
  0.26666666666666666       0.36666666666666664        1.8422354473907481E-002
  0.26666666666666666       0.40000000000000002        1.0771515961825174E-002
  0.26666666666666666       0.43333333333333335        6.0663835267212706E-003
  0.26666666666666666       0.46666666666666667        3.2884388615050681E-003
  0.26666666666666666       0.50000000000000000        1.7145536303362439E-003
  0.26666666666666666       0.53333333333333333        8.5923748988043439E-004
  0.26666666666666666       0.56666666666666665        4.1359658969547069E-004
  0.26666666666666666       0.59999999999999998        1.9109134870020177E-004
  0.26666666666666666       0.63333333333333330        8.4683574735658834E-005
  0.26666666666666666       0.66666666666666663        3.5969738625246971E-005
  0.26666666666666666       0.69999999999999996        1.4632905747942341E-005
  0.26666666666666666       0.73333333333333328        5.6969317396735221E-006
  0.26666666666666666       0.76666666666666661        2.1208725531002444E-006
  0.26666666666666666       0.80000000000000004        7.5435989431395480E-007
  0.26666666666666666       0.83333333333333337        2.5611840555224873E-007
  0.26666666666666666       0.86666666666666670        8.2930335661380769E-008
  0.26666666666666666       0.90000000000000002        2.5609534658357592E-008
  0.26666666666666666       0.93333333333333335        7.6460412163683122E-009
  0.26666666666666666       0.96666666666666667        2.6487098543513774E-009
  0.26666666666666666        1.0000000000000000        2.6487098543513774E-009

  0.29999999999999999        0.0000000000000000       0.80901699437494745     
  0.29999999999999999        3.3333333333333333E-002  0.66768186269762742     
  0.29999999999999999        6.6666666666666666E-002  0.53800649313218729     
  0.29999999999999999       0.10000000000000001       0.42241698660435989     
  0.29999999999999999       0.13333333333333333       0.32259187097795128     
  0.29999999999999999       0.16666666666666666       0.23923890125817196     
  0.29999999999999999       0.20000000000000001       0.17205277536358679     
  0.29999999999999999       0.23333333333333334       0.11983823994468862     
  0.29999999999999999       0.26666666666666666        8.0750023284630879E-002
  0.29999999999999999       0.29999999999999999        5.2584883240967564E-002
  0.29999999999999999       0.33333333333333331        3.3063361562274629E-002
  0.29999999999999999       0.36666666666666664        2.0055307303278619E-002
  0.29999999999999999       0.40000000000000002        1.1726300405441838E-002
  0.29999999999999999       0.43333333333333335        6.6041062243297919E-003
  0.29999999999999999       0.46666666666666667        3.5799252483680660E-003
  0.29999999999999999       0.50000000000000000        1.8665312293848126E-003
  0.29999999999999999       0.53333333333333333        9.3540008311406670E-004
  0.29999999999999999       0.56666666666666665        4.5025768653399097E-004
  0.29999999999999999       0.59999999999999998        2.0802963739561815E-004
  0.29999999999999999       0.63333333333333330        9.2189905327750898E-005
  0.29999999999999999       0.66666666666666663        3.9158087136455420E-005
  0.29999999999999999       0.69999999999999996        1.5929962803101446E-005
  0.29999999999999999       0.73333333333333328        6.2019063245568034E-006
  0.29999999999999999       0.76666666666666661        2.3088661584358631E-006
  0.29999999999999999       0.80000000000000004        8.2122616406947302E-007
  0.29999999999999999       0.83333333333333337        2.7882067607868594E-007
  0.29999999999999999       0.86666666666666670        9.0281259586482383E-008
  0.29999999999999999       0.90000000000000002        2.7879557316887685E-008
  0.29999999999999999       0.93333333333333335        8.3237843710470984E-009
  0.29999999999999999       0.96666666666666667        2.8834908242307872E-009
  0.29999999999999999        1.0000000000000000        2.8834908242307872E-009

  0.33333333333333331        0.0000000000000000       0.86602540378443860     
  0.33333333333333331        3.3333333333333333E-002  0.71473091265407018     
  0.33333333333333331        6.6666666666666666E-002  0.57591780357275579     
  0.33333333333333331       0.10000000000000001       0.45218313574745711     
  0.33333333333333331       0.13333333333333333       0.34532371663849071     
  0.33333333333333331       0.16666666666666666       0.25609717410587651     
  0.33333333333333331       0.20000000000000001       0.18417669256948510     
  0.33333333333333331       0.23333333333333334       0.12828279363537834     
  0.33333333333333331       0.26666666666666666        8.6440176172942987E-002
  0.33333333333333331       0.29999999999999999        5.6290343785547946E-002
  0.33333333333333331       0.33333333333333331        3.5393213302722264E-002
  0.33333333333333331       0.36666666666666664        2.1468529988992166E-002
  0.33333333333333331       0.40000000000000002        1.2552609047930366E-002
  0.33333333333333331       0.43333333333333335        7.0694729521464808E-003
  0.33333333333333331       0.46666666666666667        3.8321892250624242E-003
  0.33333333333333331       0.50000000000000000        1.9980587216874702E-003
  0.33333333333333331       0.53333333333333333        1.0013142372920501E-003
  0.33333333333333331       0.56666666666666665        4.8198566593636658E-004
  0.33333333333333331       0.59999999999999998        2.2268870985072783E-004
  0.33333333333333331       0.63333333333333330        9.8686184025094191E-005
  0.33333333333333331       0.66666666666666663        4.1917411450640322E-005
  0.33333333333333331       0.69999999999999996        1.7052487852230746E-005
  0.33333333333333331       0.73333333333333328        6.6389315259159069E-006
  0.33333333333333331       0.76666666666666661        2.4715633429783523E-006
  0.33333333333333331       0.80000000000000004        8.7909490811882340E-007
  0.33333333333333331       0.83333333333333337        2.9846812893102747E-007
  0.33333333333333331       0.86666666666666670        9.6643043138986365E-008
  0.33333333333333331       0.90000000000000002        2.9844125711281507E-008
  0.33333333333333331       0.93333333333333335        8.9103304022928333E-009
  0.33333333333333331       0.96666666666666667        3.0866796652306775E-009
  0.33333333333333331        1.0000000000000000        3.0866796652306775E-009

  0.36666666666666664        0.0000000000000000       0.91354545764260087     
  0.36666666666666664        3.3333333333333333E-002  0.75394922116441587     
  0.36666666666666664        6.6666666666666666E-002  0.60751923803883290     
  0.36666666666666664       0.10000000000000001       0.47699507182990064     
  0.36666666666666664       0.13333333333333333       0.36427212339590542     
  0.36666666666666664       0.16666666666666666       0.27014959272229799     
  0.36666666666666664       0.20000000000000001       0.19428273139014149     
  0.36666666666666664       0.23333333333333334       0.13532185419409842     
  0.36666666666666664       0.26666666666666666        9.1183272402334564E-002
  0.36666666666666664       0.29999999999999999        5.9379075544102128E-002
  0.36666666666666664       0.33333333333333331        3.7335289591719244E-002
  0.36666666666666664       0.36666666666666664        2.2646538967567593E-002
  0.36666666666666664       0.40000000000000002        1.3241388678887449E-002
  0.36666666666666664       0.43333333333333335        7.4573850549171294E-003
  0.36666666666666664       0.46666666666666667        4.0424669346698465E-003
  0.36666666666666664       0.50000000000000000        2.1076950645146524E-003
  0.36666666666666664       0.53333333333333333        1.0562577831477863E-003
  0.36666666666666664       0.56666666666666665        5.0843290952075836E-004
  0.36666666666666664       0.59999999999999998        2.3490795820010446E-004
  0.36666666666666664       0.63333333333333330        1.0410123623884687E-004
  0.36666666666666664       0.66666666666666663        4.4217479833189729E-005
  0.36666666666666664       0.69999999999999996        1.7988182275988504E-005
  0.36666666666666664       0.73333333333333328        7.0032192041913370E-006
  0.36666666666666664       0.76666666666666661        2.6071815623272906E-006
  0.36666666666666664       0.80000000000000004        9.2733210439238768E-007
  0.36666666666666664       0.83333333333333337        3.1484550250432938E-007
  0.36666666666666664       0.86666666666666670        1.0194598528700265E-007
  0.36666666666666664       0.90000000000000002        3.1481715619097727E-008
  0.36666666666666664       0.93333333333333335        9.3992529890445353E-009
  0.36666666666666664       0.96666666666666667        3.2560501978890531E-009
  0.36666666666666664        1.0000000000000000        3.2560501978890531E-009

  0.40000000000000002        0.0000000000000000       0.95105651629515353     
  0.40000000000000002        3.3333333333333333E-002  0.78490710423366672     
  0.40000000000000002        6.6666666666666666E-002  0.63246456460138278     
  0.40000000000000002       0.10000000000000001       0.49658095008773984     
  0.40000000000000002       0.13333333333333333       0.37922948854055205     
  0.40000000000000002       0.16666666666666666       0.28124219586841737     
  0.40000000000000002       0.20000000000000001       0.20226016794941212     
  0.40000000000000002       0.23333333333333334       0.14087830020034950     
  0.40000000000000002       0.26666666666666666        9.4927345617959694E-002
  0.40000000000000002       0.29999999999999999        6.1817237725124735E-002
  0.40000000000000002       0.33333333333333331        3.8868312635037705E-002
  0.40000000000000002       0.36666666666666664        2.3576427726121400E-002
  0.40000000000000002       0.40000000000000002        1.3785092884539921E-002
  0.40000000000000002       0.43333333333333335        7.7635924864679568E-003
  0.40000000000000002       0.46666666666666667        4.2084545306004372E-003
  0.40000000000000002       0.50000000000000000        2.1942390591514638E-003
  0.40000000000000002       0.53333333333333333        1.0996287476952044E-003
  0.40000000000000002       0.56666666666666665        5.2930965575201437E-004
  0.40000000000000002       0.59999999999999998        2.4455350580179026E-004
  0.40000000000000002       0.63333333333333330        1.0837573352378256E-004
  0.40000000000000002       0.66666666666666663        4.6033092253584191E-005
  0.40000000000000002       0.69999999999999996        1.8726794410461391E-005
  0.40000000000000002       0.73333333333333328        7.2907781473478114E-006
  0.40000000000000002       0.76666666666666661        2.7142349548915544E-006
  0.40000000000000002       0.80000000000000004        9.6540925607351040E-007
  0.40000000000000002       0.83333333333333337        3.2777336286653667E-007
  0.40000000000000002       0.86666666666666670        1.0613198588664563E-007
  0.40000000000000002       0.90000000000000002        3.2774385262618588E-008
  0.40000000000000002       0.93333333333333335        9.7851953931281283E-009
  0.40000000000000002       0.96666666666666667        3.3897467632070490E-009
  0.40000000000000002        1.0000000000000000        3.3897467632070490E-009

  0.43333333333333335        0.0000000000000000       0.97814760073380569     
  0.43333333333333335        3.3333333333333333E-002  0.80726538081656229     
  0.43333333333333335        6.6666666666666666E-002  0.65048047704244105     
  0.43333333333333335       0.10000000000000001       0.51072618354017330     
  0.43333333333333335       0.13333333333333333       0.39003193604987607     
  0.43333333333333335       0.16666666666666666       0.28925345066288921     
  0.43333333333333335       0.20000000000000001       0.20802159978296780     
  0.43333333333333335       0.23333333333333334       0.14489125406892589     
  0.43333333333333335       0.26666666666666666        9.7631374970170298E-002
  0.43333333333333335       0.29999999999999999        6.3578117313542223E-002
  0.43333333333333335       0.33333333333333331        3.9975486311409375E-002
  0.43333333333333335       0.36666666666666664        2.4248008208823137E-002
  0.43333333333333335       0.40000000000000002        1.4177764727833234E-002
  0.43333333333333335       0.43333333333333335        7.9847403741008672E-003
  0.43333333333333335       0.46666666666666667        4.3283334180180396E-003
  0.43333333333333335       0.50000000000000000        2.2567425114821695E-003
  0.43333333333333335       0.53333333333333333        1.1309519495707641E-003
  0.43333333333333335       0.56666666666666665        5.4438717462968486E-004
  0.43333333333333335       0.59999999999999998        2.5151967401780046E-004
  0.43333333333333335       0.63333333333333330        1.1146284359315141E-004
  0.43333333333333335       0.66666666666666663        4.7344356482204527E-005
  0.43333333333333335       0.69999999999999996        1.9260231866539602E-005
  0.43333333333333335       0.73333333333333328        7.4984577994285311E-006
  0.43333333333333335       0.76666666666666661        2.7915506212998463E-006
  0.43333333333333335       0.80000000000000004        9.9290918192021703E-007
  0.43333333333333335       0.83333333333333337        3.3711006967419245E-007
  0.43333333333333335       0.86666666666666670        1.0915518223936861E-007
  0.43333333333333335       0.90000000000000002        3.3707971882721152E-008
  0.43333333333333335       0.93333333333333335        1.0063929148800831E-008
  0.43333333333333335       0.96666666666666667        3.4863045536372348E-009
  0.43333333333333335        1.0000000000000000        3.4863045536372348E-009

  0.46666666666666667        0.0000000000000000       0.99452189536827329     
  0.46666666666666667        3.3333333333333333E-002  0.82077908895609020     
  0.46666666666666667        6.6666666666666666E-002  0.66136958925523137     
  0.46666666666666667       0.10000000000000001       0.51927579404941571     
  0.46666666666666667       0.13333333333333333       0.39656111204840777     
  0.46666666666666667       0.16666666666666666       0.29409558412172238     
  0.46666666666666667       0.20000000000000001       0.21150390343798298     
  0.46666666666666667       0.23333333333333334       0.14731674903747896     
  0.46666666666666667       0.26666666666666666        9.9265734547529030E-002
  0.46666666666666667       0.29999999999999999        6.4642421744096151E-002
  0.46666666666666667       0.33333333333333331        4.0644680194344918E-002
  0.46666666666666667       0.36666666666666664        2.4653922439367079E-002
  0.46666666666666667       0.40000000000000002        1.4415102013880396E-002
  0.46666666666666667       0.43333333333333335        8.1184057752807862E-003
  0.46666666666666667       0.46666666666666667        4.4007901787458392E-003
  0.46666666666666667       0.50000000000000000        2.2945206206033447E-003
  0.46666666666666667       0.53333333333333333        1.1498842052199167E-003
  0.46666666666666667       0.56666666666666665        5.5350027370177225E-004
  0.46666666666666667       0.59999999999999998        2.5573014005139606E-004
  0.46666666666666667       0.63333333333333330        1.1332874342301416E-004
  0.46666666666666667       0.66666666666666663        4.8136906033762299E-005
  0.46666666666666667       0.69999999999999996        1.9582650191825364E-005
  0.46666666666666667       0.73333333333333328        7.6239827787055397E-006
  0.46666666666666667       0.76666666666666661        2.8382814749316532E-006
  0.46666666666666667       0.80000000000000004        1.0095305869902014E-006
  0.46666666666666667       0.83333333333333337        3.4275332801368035E-007
  0.46666666666666667       0.86666666666666670        1.1098245157328672E-007
  0.46666666666666667       0.90000000000000002        3.4272246909030031E-008
  0.46666666666666667       0.93333333333333335        1.0232400390706701E-008
  0.46666666666666667       0.96666666666666667        3.5446656618216407E-009
  0.46666666666666667        1.0000000000000000        3.5446656618216407E-009

  0.50000000000000000        0.0000000000000000        1.0000000000000000     
  0.50000000000000000        3.3333333333333333E-002  0.82530016963794861     
  0.50000000000000000        6.6666666666666666E-002  0.66501259784765721     
  0.50000000000000000       0.10000000000000001       0.52213611029360685     
  0.50000000000000000       0.13333333333333333       0.39874548151758937     
  0.50000000000000000       0.16666666666666666       0.29571554481746054     
  0.50000000000000000       0.20000000000000001       0.21266892606689436     
  0.50000000000000000       0.23333333333333334       0.14812821087556580     
  0.50000000000000000       0.26666666666666666        9.9812517964494640E-002
  0.50000000000000000       0.29999999999999999        6.4998490274725373E-002
  0.50000000000000000       0.33333333333333331        4.0868562455625090E-002
  0.50000000000000000       0.36666666666666664        2.4789723136500359E-002
  0.50000000000000000       0.40000000000000002        1.4494504425709459E-002
  0.50000000000000000       0.43333333333333335        8.1631242239010981E-003
  0.50000000000000000       0.46666666666666667        4.4250309613507481E-003
  0.50000000000000000       0.50000000000000000        2.3071594816458812E-003
  0.50000000000000000       0.53333333333333333        1.1562180888879396E-003
  0.50000000000000000       0.56666666666666665        5.5654910794780460E-004
  0.50000000000000000       0.59999999999999998        2.5713877315561632E-004
  0.50000000000000000       0.63333333333333330        1.1395298982437016E-004
  0.50000000000000000       0.66666666666666663        4.8402057569518978E-005
  0.50000000000000000       0.69999999999999996        1.9690516903676491E-005
  0.50000000000000000       0.73333333333333328        7.6659778072380836E-006
  0.50000000000000000       0.76666666666666661        2.8539155227755265E-006
  0.50000000000000000       0.80000000000000004        1.0150913636912644E-006
  0.50000000000000000       0.83333333333333337        3.4464130916570540E-007
  0.50000000000000000       0.86666666666666670        1.1159377394319682E-007
  0.50000000000000000       0.90000000000000002        3.4461028026274825E-008
  0.50000000000000000       0.93333333333333335        1.0288763312664548E-008
  0.50000000000000000       0.96666666666666667        3.5641906712461511E-009
  0.50000000000000000        1.0000000000000000        3.5641906712461511E-009

  0.53333333333333333        0.0000000000000000       0.99452189536827340     
  0.53333333333333333        3.3333333333333333E-002  0.82077908895609031     
  0.53333333333333333        6.6666666666666666E-002  0.66136958925523137     
  0.53333333333333333       0.10000000000000001       0.51927579404941571     
  0.53333333333333333       0.13333333333333333       0.39656111204840777     
  0.53333333333333333       0.16666666666666666       0.29409558412172243     
  0.53333333333333333       0.20000000000000001       0.21150390343798300     
  0.53333333333333333       0.23333333333333334       0.14731674903747896     
  0.53333333333333333       0.26666666666666666        9.9265734547529030E-002
  0.53333333333333333       0.29999999999999999        6.4642421744096151E-002
  0.53333333333333333       0.33333333333333331        4.0644680194344918E-002
  0.53333333333333333       0.36666666666666664        2.4653922439367079E-002
  0.53333333333333333       0.40000000000000002        1.4415102013880396E-002
  0.53333333333333333       0.43333333333333335        8.1184057752807844E-003
  0.53333333333333333       0.46666666666666667        4.4007901787458392E-003
  0.53333333333333333       0.50000000000000000        2.2945206206033447E-003
  0.53333333333333333       0.53333333333333333        1.1498842052199165E-003
  0.53333333333333333       0.56666666666666665        5.5350027370177225E-004
  0.53333333333333333       0.59999999999999998        2.5573014005139606E-004
  0.53333333333333333       0.63333333333333330        1.1332874342301416E-004
  0.53333333333333333       0.66666666666666663        4.8136906033762299E-005
  0.53333333333333333       0.69999999999999996        1.9582650191825364E-005
  0.53333333333333333       0.73333333333333328        7.6239827787055397E-006
  0.53333333333333333       0.76666666666666661        2.8382814749316532E-006
  0.53333333333333333       0.80000000000000004        1.0095305869902014E-006
  0.53333333333333333       0.83333333333333337        3.4275332801368040E-007
  0.53333333333333333       0.86666666666666670        1.1098245157328672E-007
  0.53333333333333333       0.90000000000000002        3.4272246909030025E-008
  0.53333333333333333       0.93333333333333335        1.0232400390706701E-008
  0.53333333333333333       0.96666666666666667        3.5446656618216407E-009
  0.53333333333333333        1.0000000000000000        3.5446656618216407E-009

  0.56666666666666665        0.0000000000000000       0.97814760073380569     
  0.56666666666666665        3.3333333333333333E-002  0.80726538081656229     
  0.56666666666666665        6.6666666666666666E-002  0.65048047704244105     
  0.56666666666666665       0.10000000000000001       0.51072618354017330     
  0.56666666666666665       0.13333333333333333       0.39003193604987607     
  0.56666666666666665       0.16666666666666666       0.28925345066288921     
  0.56666666666666665       0.20000000000000001       0.20802159978296783     
  0.56666666666666665       0.23333333333333334       0.14489125406892592     
  0.56666666666666665       0.26666666666666666        9.7631374970170298E-002
  0.56666666666666665       0.29999999999999999        6.3578117313542223E-002
  0.56666666666666665       0.33333333333333331        3.9975486311409375E-002
  0.56666666666666665       0.36666666666666664        2.4248008208823137E-002
  0.56666666666666665       0.40000000000000002        1.4177764727833234E-002
  0.56666666666666665       0.43333333333333335        7.9847403741008672E-003
  0.56666666666666665       0.46666666666666667        4.3283334180180396E-003
  0.56666666666666665       0.50000000000000000        2.2567425114821695E-003
  0.56666666666666665       0.53333333333333333        1.1309519495707641E-003
  0.56666666666666665       0.56666666666666665        5.4438717462968486E-004
  0.56666666666666665       0.59999999999999998        2.5151967401780046E-004
  0.56666666666666665       0.63333333333333330        1.1146284359315141E-004
  0.56666666666666665       0.66666666666666663        4.7344356482204527E-005
  0.56666666666666665       0.69999999999999996        1.9260231866539598E-005
  0.56666666666666665       0.73333333333333328        7.4984577994285311E-006
  0.56666666666666665       0.76666666666666661        2.7915506212998459E-006
  0.56666666666666665       0.80000000000000004        9.9290918192021724E-007
  0.56666666666666665       0.83333333333333337        3.3711006967419240E-007
  0.56666666666666665       0.86666666666666670        1.0915518223936865E-007
  0.56666666666666665       0.90000000000000002        3.3707971882721159E-008
  0.56666666666666665       0.93333333333333335        1.0063929148800829E-008
  0.56666666666666665       0.96666666666666667        3.4863045536372348E-009
  0.56666666666666665        1.0000000000000000        3.4863045536372348E-009

  0.59999999999999998        0.0000000000000000       0.95105651629515364     
  0.59999999999999998        3.3333333333333333E-002  0.78490710423366672     
  0.59999999999999998        6.6666666666666666E-002  0.63246456460138278     
  0.59999999999999998       0.10000000000000001       0.49658095008773989     
  0.59999999999999998       0.13333333333333333       0.37922948854055211     
  0.59999999999999998       0.16666666666666666       0.28124219586841737     
  0.59999999999999998       0.20000000000000001       0.20226016794941212     
  0.59999999999999998       0.23333333333333334       0.14087830020034950     
  0.59999999999999998       0.26666666666666666        9.4927345617959694E-002
  0.59999999999999998       0.29999999999999999        6.1817237725124735E-002
  0.59999999999999998       0.33333333333333331        3.8868312635037705E-002
  0.59999999999999998       0.36666666666666664        2.3576427726121400E-002
  0.59999999999999998       0.40000000000000002        1.3785092884539921E-002
  0.59999999999999998       0.43333333333333335        7.7635924864679568E-003
  0.59999999999999998       0.46666666666666667        4.2084545306004372E-003
  0.59999999999999998       0.50000000000000000        2.1942390591514638E-003
  0.59999999999999998       0.53333333333333333        1.0996287476952044E-003
  0.59999999999999998       0.56666666666666665        5.2930965575201437E-004
  0.59999999999999998       0.59999999999999998        2.4455350580179026E-004
  0.59999999999999998       0.63333333333333330        1.0837573352378256E-004
  0.59999999999999998       0.66666666666666663        4.6033092253584191E-005
  0.59999999999999998       0.69999999999999996        1.8726794410461391E-005
  0.59999999999999998       0.73333333333333328        7.2907781473478114E-006
  0.59999999999999998       0.76666666666666661        2.7142349548915544E-006
  0.59999999999999998       0.80000000000000004        9.6540925607351040E-007
  0.59999999999999998       0.83333333333333337        3.2777336286653678E-007
  0.59999999999999998       0.86666666666666670        1.0613198588664563E-007
  0.59999999999999998       0.90000000000000002        3.2774385262618588E-008
  0.59999999999999998       0.93333333333333335        9.7851953931281299E-009
  0.59999999999999998       0.96666666666666667        3.3897467632070494E-009
  0.59999999999999998        1.0000000000000000        3.3897467632070494E-009

  0.63333333333333330        0.0000000000000000       0.91354545764260098     
  0.63333333333333330        3.3333333333333333E-002  0.75394922116441587     
  0.63333333333333330        6.6666666666666666E-002  0.60751923803883290     
  0.63333333333333330       0.10000000000000001       0.47699507182990070     
  0.63333333333333330       0.13333333333333333       0.36427212339590548     
  0.63333333333333330       0.16666666666666666       0.27014959272229805     
  0.63333333333333330       0.20000000000000001       0.19428273139014152     
  0.63333333333333330       0.23333333333333334       0.13532185419409845     
  0.63333333333333330       0.26666666666666666        9.1183272402334578E-002
  0.63333333333333330       0.29999999999999999        5.9379075544102128E-002
  0.63333333333333330       0.33333333333333331        3.7335289591719244E-002
  0.63333333333333330       0.36666666666666664        2.2646538967567593E-002
  0.63333333333333330       0.40000000000000002        1.3241388678887449E-002
  0.63333333333333330       0.43333333333333335        7.4573850549171294E-003
  0.63333333333333330       0.46666666666666667        4.0424669346698474E-003
  0.63333333333333330       0.50000000000000000        2.1076950645146524E-003
  0.63333333333333330       0.53333333333333333        1.0562577831477863E-003
  0.63333333333333330       0.56666666666666665        5.0843290952075847E-004
  0.63333333333333330       0.59999999999999998        2.3490795820010449E-004
  0.63333333333333330       0.63333333333333330        1.0410123623884687E-004
  0.63333333333333330       0.66666666666666663        4.4217479833189736E-005
  0.63333333333333330       0.69999999999999996        1.7988182275988504E-005
  0.63333333333333330       0.73333333333333328        7.0032192041913362E-006
  0.63333333333333330       0.76666666666666661        2.6071815623272906E-006
  0.63333333333333330       0.80000000000000004        9.2733210439238790E-007
  0.63333333333333330       0.83333333333333337        3.1484550250432943E-007
  0.63333333333333330       0.86666666666666670        1.0194598528700267E-007
  0.63333333333333330       0.90000000000000002        3.1481715619097733E-008
  0.63333333333333330       0.93333333333333335        9.3992529890445370E-009
  0.63333333333333330       0.96666666666666667        3.2560501978890539E-009
  0.63333333333333330        1.0000000000000000        3.2560501978890539E-009

  0.66666666666666663        0.0000000000000000       0.86602540378443871     
  0.66666666666666663        3.3333333333333333E-002  0.71473091265407018     
  0.66666666666666663        6.6666666666666666E-002  0.57591780357275590     
  0.66666666666666663       0.10000000000000001       0.45218313574745717     
  0.66666666666666663       0.13333333333333333       0.34532371663849076     
  0.66666666666666663       0.16666666666666666       0.25609717410587657     
  0.66666666666666663       0.20000000000000001       0.18417669256948513     
  0.66666666666666663       0.23333333333333334       0.12828279363537834     
  0.66666666666666663       0.26666666666666666        8.6440176172942987E-002
  0.66666666666666663       0.29999999999999999        5.6290343785547946E-002
  0.66666666666666663       0.33333333333333331        3.5393213302722264E-002
  0.66666666666666663       0.36666666666666664        2.1468529988992166E-002
  0.66666666666666663       0.40000000000000002        1.2552609047930366E-002
  0.66666666666666663       0.43333333333333335        7.0694729521464808E-003
  0.66666666666666663       0.46666666666666667        3.8321892250624246E-003
  0.66666666666666663       0.50000000000000000        1.9980587216874707E-003
  0.66666666666666663       0.53333333333333333        1.0013142372920501E-003
  0.66666666666666663       0.56666666666666665        4.8198566593636664E-004
  0.66666666666666663       0.59999999999999998        2.2268870985072786E-004
  0.66666666666666663       0.63333333333333330        9.8686184025094191E-005
  0.66666666666666663       0.66666666666666663        4.1917411450640322E-005
  0.66666666666666663       0.69999999999999996        1.7052487852230742E-005
  0.66666666666666663       0.73333333333333328        6.6389315259159060E-006
  0.66666666666666663       0.76666666666666661        2.4715633429783527E-006
  0.66666666666666663       0.80000000000000004        8.7909490811882362E-007
  0.66666666666666663       0.83333333333333337        2.9846812893102752E-007
  0.66666666666666663       0.86666666666666670        9.6643043138986378E-008
  0.66666666666666663       0.90000000000000002        2.9844125711281514E-008
  0.66666666666666663       0.93333333333333335        8.9103304022928333E-009
  0.66666666666666663       0.96666666666666667        3.0866796652306775E-009
  0.66666666666666663        1.0000000000000000        3.0866796652306775E-009

  0.69999999999999996        0.0000000000000000       0.80901699437494745     
  0.69999999999999996        3.3333333333333333E-002  0.66768186269762753     
  0.69999999999999996        6.6666666666666666E-002  0.53800649313218729     
  0.69999999999999996       0.10000000000000001       0.42241698660436000     
  0.69999999999999996       0.13333333333333333       0.32259187097795133     
  0.69999999999999996       0.16666666666666666       0.23923890125817202     
  0.69999999999999996       0.20000000000000001       0.17205277536358682     
  0.69999999999999996       0.23333333333333334       0.11983823994468863     
  0.69999999999999996       0.26666666666666666        8.0750023284630892E-002
  0.69999999999999996       0.29999999999999999        5.2584883240967571E-002
  0.69999999999999996       0.33333333333333331        3.3063361562274629E-002
  0.69999999999999996       0.36666666666666664        2.0055307303278615E-002
  0.69999999999999996       0.40000000000000002        1.1726300405441838E-002
  0.69999999999999996       0.43333333333333335        6.6041062243297919E-003
  0.69999999999999996       0.46666666666666667        3.5799252483680664E-003
  0.69999999999999996       0.50000000000000000        1.8665312293848128E-003
  0.69999999999999996       0.53333333333333333        9.3540008311406681E-004
  0.69999999999999996       0.56666666666666665        4.5025768653399103E-004
  0.69999999999999996       0.59999999999999998        2.0802963739561818E-004
  0.69999999999999996       0.63333333333333330        9.2189905327750898E-005
  0.69999999999999996       0.66666666666666663        3.9158087136455420E-005
  0.69999999999999996       0.69999999999999996        1.5929962803101446E-005
  0.69999999999999996       0.73333333333333328        6.2019063245568034E-006
  0.69999999999999996       0.76666666666666661        2.3088661584358631E-006
  0.69999999999999996       0.80000000000000004        8.2122616406947312E-007
  0.69999999999999996       0.83333333333333337        2.7882067607868599E-007
  0.69999999999999996       0.86666666666666670        9.0281259586482396E-008
  0.69999999999999996       0.90000000000000002        2.7879557316887688E-008
  0.69999999999999996       0.93333333333333335        8.3237843710471000E-009
  0.69999999999999996       0.96666666666666667        2.8834908242307876E-009
  0.69999999999999996        1.0000000000000000        2.8834908242307876E-009

  0.73333333333333328        0.0000000000000000       0.74314482547739447     
  0.73333333333333328        3.3333333333333333E-002  0.61331755053205728     
  0.73333333333333328        6.6666666666666666E-002  0.49420067096776588     
  0.73333333333333328       0.10000000000000001       0.38802274855958802     
  0.73333333333333328       0.13333333333333333       0.29632564127228855     
  0.73333333333333328       0.16666666666666666       0.21975947694432432     
  0.73333333333333328       0.20000000000000001       0.15804381194644709     
  0.73333333333333328       0.23333333333333334       0.11008071341940101     
  0.73333333333333328       0.26666666666666666        7.4175156243183646E-002
  0.73333333333333328       0.29999999999999999        4.8303291711504895E-002
  0.73333333333333328       0.33333333333333331        3.0371260713597498E-002
  0.73333333333333328       0.36666666666666664        1.8422354473907485E-002
  0.73333333333333328       0.40000000000000002        1.0771515961825174E-002
  0.73333333333333328       0.43333333333333335        6.0663835267212706E-003
  0.73333333333333328       0.46666666666666667        3.2884388615050681E-003
  0.73333333333333328       0.50000000000000000        1.7145536303362439E-003
  0.73333333333333328       0.53333333333333333        8.5923748988043439E-004
  0.73333333333333328       0.56666666666666665        4.1359658969547069E-004
  0.73333333333333328       0.59999999999999998        1.9109134870020180E-004
  0.73333333333333328       0.63333333333333330        8.4683574735658834E-005
  0.73333333333333328       0.66666666666666663        3.5969738625246971E-005
  0.73333333333333328       0.69999999999999996        1.4632905747942341E-005
  0.73333333333333328       0.73333333333333328        5.6969317396735230E-006
  0.73333333333333328       0.76666666666666661        2.1208725531002448E-006
  0.73333333333333328       0.80000000000000004        7.5435989431395480E-007
  0.73333333333333328       0.83333333333333337        2.5611840555224878E-007
  0.73333333333333328       0.86666666666666670        8.2930335661380795E-008
  0.73333333333333328       0.90000000000000002        2.5609534658357595E-008
  0.73333333333333328       0.93333333333333335        7.6460412163683122E-009
  0.73333333333333328       0.96666666666666667        2.6487098543513774E-009
  0.73333333333333328        1.0000000000000000        2.6487098543513774E-009

  0.76666666666666661        0.0000000000000000       0.66913060635885835     
  0.76666666666666661        3.3333333333333333E-002  0.55223360293790913     
  0.76666666666666661        6.6666666666666666E-002  0.44498028283408247     
  0.76666666666666661       0.10000000000000001       0.34937725208261694     
  0.76666666666666661       0.13333333333333333       0.26681280583071953     
  0.76666666666666661       0.16666666666666666       0.19787232181344749     
  0.76666666666666661       0.20000000000000001       0.14230328745282825     
  0.76666666666666661       0.23333333333333334        9.9117119562020170E-002
  0.76666666666666661       0.26666666666666666        6.6787610667786726E-002
  0.76666666666666661       0.29999999999999999        4.3492479209937339E-002
  0.76666666666666661       0.33333333333333331        2.7346405976947284E-002
  0.76666666666666661       0.36666666666666664        1.6587562473794705E-002
  0.76666666666666661       0.40000000000000002        9.6987165352461231E-003
  0.76666666666666661       0.43333333333333335        5.4621962617216260E-003
  0.76666666666666661       0.46666666666666667        2.9609236503253472E-003
  0.76666666666666661       0.50000000000000000        1.5437910229202977E-003
  0.76666666666666661       0.53333333333333333        7.7366091090066741E-004
  0.76666666666666661       0.56666666666666665        3.7240404206959608E-004
  0.76666666666666661       0.59999999999999998        1.7205942319999045E-004
  0.76666666666666661       0.63333333333333330        7.6249433177585606E-005
  0.76666666666666661       0.66666666666666663        3.2387298130508596E-005
  0.76666666666666661       0.69999999999999996        1.3175527515276393E-005
  0.76666666666666661       0.73333333333333328        5.1295403784907687E-006
  0.76666666666666661       0.76666666666666661        1.9096422242517460E-006
  0.76666666666666661       0.80000000000000004        6.7922869969637588E-007
  0.76666666666666661       0.83333333333333337        2.3061004817835916E-007
  0.76666666666666661       0.86666666666666670        7.4670809624484625E-008
  0.76666666666666661       0.90000000000000002        2.3058928578970880E-008
  0.76666666666666661       0.93333333333333335        6.8845264340860034E-009
  0.76666666666666661       0.96666666666666667        2.3849090650295230E-009
  0.76666666666666661        1.0000000000000000        2.3849090650295230E-009

  0.80000000000000004        0.0000000000000000       0.58778525229247325     
  0.80000000000000004        3.3333333333333333E-002  0.48509926842766260     
  0.80000000000000004        6.6666666666666666E-002  0.39088459760355826     
  0.80000000000000004       0.10000000000000001       0.30690390531993833     
  0.80000000000000004       0.13333333333333333       0.23437671345429997     
  0.80000000000000004       0.16666666666666666       0.17381723611733721     
  0.80000000000000004       0.20000000000000001       0.12500365836299884     
  0.80000000000000004       0.23333333333333334        8.7067577801127116E-002
  0.80000000000000004       0.26666666666666666        5.8668326053707490E-002
  0.80000000000000004       0.29999999999999999        3.8205154004759316E-002
  0.80000000000000004       0.33333333333333331        2.4021938293810292E-002
  0.80000000000000004       0.36666666666666664        1.4571033668048423E-002
  0.80000000000000004       0.40000000000000002        8.5196559407200029E-003
  0.80000000000000004       0.43333333333333335        4.7981640314405053E-003
  0.80000000000000004       0.46666666666666667        2.6009679400195544E-003
  0.80000000000000004       0.50000000000000000        1.3561143179981960E-003
  0.80000000000000004       0.53333333333333333        6.7960794108211885E-004
  0.80000000000000004       0.56666666666666665        3.2713135782825117E-004
  0.80000000000000004       0.59999999999999998        1.5114237865345096E-004
  0.80000000000000004       0.63333333333333330        6.6979886873399017E-005
  0.80000000000000004       0.66666666666666663        2.8450015619974522E-005
  0.80000000000000004       0.69999999999999996        1.1573795445996691E-005
  0.80000000000000004       0.73333333333333328        4.5059486994959362E-006
  0.80000000000000004       0.76666666666666661        1.6774894555760182E-006
  0.80000000000000004       0.80000000000000004        5.9665573330718039E-007
  0.80000000000000004       0.83333333333333337        2.0257507885837238E-007
  0.80000000000000004       0.86666666666666670        6.5593174571471139E-008
  0.80000000000000004       0.90000000000000002        2.0255684052681934E-008
  0.80000000000000004       0.93333333333333335        6.0475833395120729E-009
  0.80000000000000004       0.96666666666666667        2.0949787129168981E-009
  0.80000000000000004        1.0000000000000000        2.0949787129168981E-009

  0.83333333333333337        0.0000000000000000       0.49999999999999994     
  0.83333333333333337        3.3333333333333333E-002  0.41265008481897431     
  0.83333333333333337        6.6666666666666666E-002  0.33250629892382860     
  0.83333333333333337       0.10000000000000001       0.26106805514680348     
  0.83333333333333337       0.13333333333333333       0.19937274075879469     
  0.83333333333333337       0.16666666666666666       0.14785777240873030     
  0.83333333333333337       0.20000000000000001       0.10633446303344721     
  0.83333333333333337       0.23333333333333334        7.4064105437782912E-002
  0.83333333333333337       0.26666666666666666        4.9906258982247320E-002
  0.83333333333333337       0.29999999999999999        3.2499245137362687E-002
  0.83333333333333337       0.33333333333333331        2.0434281227812545E-002
  0.83333333333333337       0.36666666666666664        1.2394861568250181E-002
  0.83333333333333337       0.40000000000000002        7.2472522128547287E-003
  0.83333333333333337       0.43333333333333335        4.0815621119505490E-003
  0.83333333333333337       0.46666666666666667        2.2125154806753740E-003
  0.83333333333333337       0.50000000000000000        1.1535797408229406E-003
  0.83333333333333337       0.53333333333333333        5.7810904444396992E-004
  0.83333333333333337       0.56666666666666665        2.7827455397390230E-004
  0.83333333333333337       0.59999999999999998        1.2856938657780818E-004
  0.83333333333333337       0.63333333333333330        5.6976494912185064E-005
  0.83333333333333337       0.66666666666666663        2.4201028784759489E-005
  0.83333333333333337       0.69999999999999996        9.8452584518382422E-006
  0.83333333333333337       0.73333333333333328        3.8329889036190418E-006
  0.83333333333333337       0.76666666666666661        1.4269577613877633E-006
  0.83333333333333337       0.80000000000000004        5.0754568184563218E-007
  0.83333333333333337       0.83333333333333337        1.7232065458285268E-007
  0.83333333333333337       0.86666666666666670        5.5796886971598397E-008
  0.83333333333333337       0.90000000000000002        1.7230514013137413E-008
  0.83333333333333337       0.93333333333333335        5.1443816563322741E-009
  0.83333333333333337       0.96666666666666667        1.7820953356230755E-009
  0.83333333333333337        1.0000000000000000        1.7820953356230755E-009

  0.86666666666666670        0.0000000000000000       0.40673664307580004     
  0.86666666666666670        3.3333333333333333E-002  0.33567982052842765     
  0.86666666666666670        6.6666666666666666E-002  0.27048499165167317     
  0.86666666666666670       0.10000000000000001       0.21237188872947746     
  0.86666666666666670       0.13333333333333333       0.16218439859410785     
  0.86666666666666670       0.16666666666666666       0.12027834800438526     
  0.86666666666666670       0.20000000000000001        8.6500245074984175E-002
  0.86666666666666670       0.23333333333333334        6.0249171236351880E-002
  0.86666666666666670       0.26666666666666666        4.0597408493821555E-002
  0.86666666666666670       0.29999999999999999        2.6437267739336846E-002
  0.86666666666666670       0.33333333333333331        1.6622741900534633E-002
  0.86666666666666670       0.36666666666666664        1.0082888771318655E-002
  0.86666666666666670       0.40000000000000002        5.8954460731603948E-003
  0.86666666666666670       0.43333333333333335        3.3202417438402796E-003
  0.86666666666666670       0.46666666666666667        1.7998222387262844E-003
  0.86666666666666670       0.50000000000000000        9.3840630260514908E-004
  0.86666666666666670       0.53333333333333333        4.7027626413779784E-004
  0.86666666666666670       0.56666666666666665        2.2636891587352116E-004
  0.86666666666666670       0.59999999999999998        1.0458776139794508E-004
  0.86666666666666670       0.63333333333333330        4.6348856549615135E-005
  0.86666666666666670       0.66666666666666663        1.9686890413787774E-005
  0.86666666666666670       0.69999999999999996        8.0088547458286728E-006
  0.86666666666666670       0.73333333333333328        3.1180340792096018E-006
  0.86666666666666670       0.76666666666666661        1.1607920193556350E-006
  0.86666666666666670       0.80000000000000004        4.1287485368302105E-007
  0.86666666666666670       0.83333333333333337        1.4017824915530802E-007
  0.86666666666666670       0.86666666666666670        4.5389277001815565E-008
  0.86666666666666670       0.90000000000000002        1.4016562856348091E-008
  0.86666666666666670       0.93333333333333335        4.1848170511946286E-009
  0.86666666666666670       0.96666666666666667        1.4496869489047424E-009
  0.86666666666666670        1.0000000000000000        1.4496869489047424E-009

  0.90000000000000002        0.0000000000000000       0.30901699437494751     
  0.90000000000000002        3.3333333333333333E-002  0.25503177787865317     
  0.90000000000000002        6.6666666666666666E-002  0.20550019420835869     
  0.90000000000000002       0.10000000000000001       0.16134893145755647     
  0.90000000000000002       0.13333333333333333       0.12321913021915662     
  0.90000000000000002       0.16666666666666666        9.1381128849441717E-002
  0.90000000000000002       0.20000000000000001        6.5718312330139625E-002
  0.90000000000000002       0.23333333333333334        4.5774134506905748E-002
  0.90000000000000002       0.26666666666666666        3.0843764302383579E-002
  0.90000000000000002       0.29999999999999999        2.0085638103604884E-002
  0.90000000000000002       0.33333333333333331        1.2629080334462089E-002
  0.90000000000000002       0.36666666666666664        7.6604457350284375E-003
  0.90000000000000002       0.40000000000000002        4.4790481925871106E-003
  0.90000000000000002       0.43333333333333335        2.5225441123792429E-003
  0.90000000000000002       0.46666666666666667        1.3674097676926924E-003
  0.90000000000000002       0.50000000000000000        7.1295148856187192E-004
  0.90000000000000002       0.53333333333333333        3.5729103867009694E-004
  0.90000000000000002       0.56666666666666665        1.7198313256008873E-004
  0.90000000000000002       0.59999999999999998        7.9460250817809977E-005
  0.90000000000000002       0.63333333333333330        3.5213410415565827E-005
  0.90000000000000002       0.66666666666666663        1.4957058351695928E-005
  0.90000000000000002       0.69999999999999996        6.0847043512632034E-006
  0.90000000000000002       0.73333333333333328        2.3689174209377624E-006
  0.90000000000000002       0.76666666666666661        8.8190839704810009E-007
  0.90000000000000002       0.80000000000000004        3.1368048222384110E-007
  0.90000000000000002       0.83333333333333337        1.0650002149583329E-007
  0.90000000000000002       0.86666666666666670        3.4484372614883993E-008
  0.90000000000000002       0.90000000000000002        1.0649043303750272E-008
  0.90000000000000002       0.93333333333333335        3.1794027147148264E-009
  0.90000000000000002       0.96666666666666667        1.1013954886077120E-009
  0.90000000000000002        1.0000000000000000        1.1013954886077120E-009

  0.93333333333333335        0.0000000000000000       0.20791169081775931     
  0.93333333333333335        3.3333333333333333E-002  0.17158955370160955     
  0.93333333333333335        6.6666666666666666E-002  0.13826389363361705     
  0.93333333333333335       0.10000000000000001       0.10855820152815189     
  0.93333333333333335       0.13333333333333333        8.2903847268263622E-002
  0.93333333333333335       0.16666666666666666        6.1482718924093113E-002
  0.93333333333333335       0.20000000000000001        4.4216356002965064E-002
  0.93333333333333335       0.23333333333333334        3.0797586780948492E-002
  0.93333333333333335       0.26666666666666666        2.0752189374776062E-002
  0.93333333333333335       0.29999999999999999        1.3513946013619840E-002
  0.93333333333333335       0.33333333333333331        8.4970519214402126E-003
  0.93333333333333335       0.36666666666666664        5.1540732522139194E-003
  0.93333333333333335       0.40000000000000002        3.0135769227147497E-003
  0.93333333333333335       0.43333333333333335        1.6972089597466868E-003
  0.93333333333333335       0.46666666666666667        9.2001566909536911E-004
  0.93333333333333335       0.50000000000000000        4.7968542881522035E-004
  0.93333333333333335       0.53333333333333333        2.4039125781476992E-004
  0.93333333333333335       0.56666666666666665        1.1571306605654371E-004
  0.93333333333333335       0.59999999999999998        5.3462157101588463E-005
  0.93333333333333335       0.63333333333333330        2.3692158788123718E-005
  0.93333333333333335       0.66666666666666663        1.0063353628337218E-005
  0.93333333333333335       0.69999999999999996        4.0938886625190496E-006
  0.93333333333333335       0.73333333333333328        1.5938464076742890E-006
  0.93333333333333335       0.76666666666666661        5.9336240179130929E-007
  0.93333333333333335       0.80000000000000004        2.1104936175955587E-007
  0.93333333333333335       0.83333333333333337        7.1654957314287927E-008
  0.93333333333333335       0.86666666666666670        2.3201650225264861E-008
  0.93333333333333335       0.90000000000000002        7.1648506042609905E-009
  0.93333333333333335       0.93333333333333335        2.1391541767598169E-009
  0.93333333333333335       0.96666666666666667        7.4103690885567198E-010
  0.93333333333333335        1.0000000000000000        7.4103690885567198E-010

  0.96666666666666667        0.0000000000000000       0.10452846326765373     
  0.96666666666666667        3.3333333333333333E-002   8.6267358466788568E-002
  0.96666666666666667        6.6666666666666666E-002   6.9512744906645677E-002
  0.96666666666666667       0.10000000000000001        5.4578085225540758E-002
  0.96666666666666667       0.13333333333333333        4.1680252417954144E-002
  0.96666666666666667       0.16666666666666666        3.0910691464126061E-002
  0.96666666666666667       0.20000000000000001        2.2229956026554684E-002
  0.96666666666666667       0.23333333333333334        1.5483614249409810E-002
  0.96666666666666667       0.26666666666666666        1.0433249117703680E-002
  0.96666666666666667       0.29999999999999999        6.7941923031345627E-003
  0.96666666666666667       0.33333333333333331        4.2719280294446094E-003
  0.96666666666666667       0.36666666666666664        2.5912316642889774E-003
  0.96666666666666667       0.40000000000000002        1.5150882734456116E-003
  0.96666666666666667       0.43333333333333335        8.5327883058733812E-004
  0.96666666666666667       0.46666666666666667        4.6254168630178099E-004
  0.96666666666666667       0.50000000000000000        2.4116383512983992E-004
  0.96666666666666667       0.53333333333333333        1.2085770003371951E-004
  0.96666666666666667       0.56666666666666665        5.8175222986767395E-005
  0.96666666666666667       0.59999999999999998        2.6878320804486321E-005
  0.96666666666666667       0.63333333333333330        1.1911330911095964E-005
  0.96666666666666667       0.66666666666666663        5.0593926967343132E-006
  0.96666666666666667       0.69999999999999996        2.0582194728870573E-006
  0.96666666666666667       0.73333333333333328        8.0131287963453269E-007
  0.96666666666666667       0.76666666666666661        2.9831540389142773E-007
  0.96666666666666667       0.80000000000000004        1.0610594032291457E-007
  0.96666666666666667       0.83333333333333337        3.6024826425643437E-008
  0.96666666666666667       0.86666666666666670        1.1664725700520271E-008
  0.96666666666666667       0.90000000000000002        3.6021583022100448E-009
  0.96666666666666667       0.93333333333333335        1.0754686179974370E-009
  0.96666666666666667       0.96666666666666667        3.7255937365826653E-010
  0.96666666666666667        1.0000000000000000        3.7255937365826653E-010

   1.0000000000000000        0.0000000000000000        1.2246467991473532E-016
   1.0000000000000000        3.3333333333333333E-002   0.0000000000000000     
   1.0000000000000000        6.6666666666666666E-002   0.0000000000000000     
   1.0000000000000000       0.10000000000000001        0.0000000000000000     
   1.0000000000000000       0.13333333333333333        0.0000000000000000     
   1.0000000000000000       0.16666666666666666        0.0000000000000000     
   1.0000000000000000       0.20000000000000001        0.0000000000000000     
   1.0000000000000000       0.23333333333333334        0.0000000000000000     
   1.0000000000000000       0.26666666666666666        0.0000000000000000     
   1.0000000000000000       0.29999999999999999        0.0000000000000000     
   1.0000000000000000       0.33333333333333331        0.0000000000000000     
   1.0000000000000000       0.36666666666666664        0.0000000000000000     
   1.0000000000000000       0.40000000000000002        0.0000000000000000     
   1.0000000000000000       0.43333333333333335        0.0000000000000000     
   1.0000000000000000       0.46666666666666667        0.0000000000000000     
   1.0000000000000000       0.50000000000000000        0.0000000000000000     
   1.0000000000000000       0.53333333333333333        0.0000000000000000     
   1.0000000000000000       0.56666666666666665        0.0000000000000000     
   1.0000000000000000       0.59999999999999998        0.0000000000000000     
   1.0000000000000000       0.63333333333333330        0.0000000000000000     
   1.0000000000000000       0.66666666666666663        0.0000000000000000     
   1.0000000000000000       0.69999999999999996        0.0000000000000000     
   1.0000000000000000       0.73333333333333328        0.0000000000000000     
   1.0000000000000000       0.76666666666666661        0.0000000000000000     
   1.0000000000000000       0.80000000000000004        0.0000000000000000     
   1.0000000000000000       0.83333333333333337        0.0000000000000000     
   1.0000000000000000       0.86666666666666670        0.0000000000000000     
   1.0000000000000000       0.90000000000000002        0.0000000000000000     
   1.0000000000000000       0.93333333333333335        0.0000000000000000     
   1.0000000000000000       0.96666666666666667        0.0000000000000000     
   1.0000000000000000        1.0000000000000000        0.0000000000000000     

