   0.0000000000000000        0.0000000000000000        0.0000000000000000     
   0.0000000000000000        3.3333333333333333E-002   0.0000000000000000     
   0.0000000000000000        6.6666666666666666E-002   0.0000000000000000     
   0.0000000000000000       0.10000000000000001        0.0000000000000000     
   0.0000000000000000       0.13333333333333333        0.0000000000000000     
   0.0000000000000000       0.16666666666666666        0.0000000000000000     
   0.0000000000000000       0.20000000000000001        0.0000000000000000     
   0.0000000000000000       0.23333333333333334        0.0000000000000000     
   0.0000000000000000       0.26666666666666666        0.0000000000000000     
   0.0000000000000000       0.29999999999999999        0.0000000000000000     
   0.0000000000000000       0.33333333333333331        0.0000000000000000     
   0.0000000000000000       0.36666666666666664        0.0000000000000000     
   0.0000000000000000       0.40000000000000002        0.0000000000000000     
   0.0000000000000000       0.43333333333333335        0.0000000000000000     
   0.0000000000000000       0.46666666666666667        0.0000000000000000     
   0.0000000000000000       0.50000000000000000        0.0000000000000000     
   0.0000000000000000       0.53333333333333333        0.0000000000000000     
   0.0000000000000000       0.56666666666666665        0.0000000000000000     
   0.0000000000000000       0.59999999999999998        0.0000000000000000     
   0.0000000000000000       0.63333333333333330        0.0000000000000000     
   0.0000000000000000       0.66666666666666663        0.0000000000000000     
   0.0000000000000000       0.69999999999999996        0.0000000000000000     
   0.0000000000000000       0.73333333333333328        0.0000000000000000     
   0.0000000000000000       0.76666666666666661        0.0000000000000000     
   0.0000000000000000       0.80000000000000004        0.0000000000000000     
   0.0000000000000000       0.83333333333333337        0.0000000000000000     
   0.0000000000000000       0.86666666666666670        0.0000000000000000     
   0.0000000000000000       0.90000000000000002        0.0000000000000000     
   0.0000000000000000       0.93333333333333335        0.0000000000000000     
   0.0000000000000000       0.96666666666666667        0.0000000000000000     
   0.0000000000000000        1.0000000000000000        0.0000000000000000     

   3.3333333333333333E-002   0.0000000000000000       0.10452846326765346     
   3.3333333333333333E-002   3.3333333333333333E-002   8.6393657274757146E-002
   3.3333333333333333E-002   6.6666666666666666E-002   6.9750875400313064E-002
   3.3333333333333333E-002  0.10000000000000001        5.4901828279800169E-002
   3.3333333333333333E-002  0.13333333333333333        4.2056365650194175E-002
   3.3333333333333333E-002  0.16666666666666666        3.1304477823051881E-002
   3.3333333333333333E-002  0.20000000000000001        2.2610394506938036E-002
   3.3333333333333333E-002  0.23333333333333334        1.5827039624424350E-002
   3.3333333333333333E-002  0.26666666666666666        1.0725074009278400E-002
   3.3333333333333333E-002  0.29999999999999999        7.0287219526258436E-003
   3.3333333333333333E-002  0.33333333333333331        4.4507498864323862E-003
   3.3333333333333333E-002  0.36666666666666664        2.7208683224847394E-003
   3.3333333333333333E-002  0.40000000000000002        1.6045785005531080E-003
   3.3333333333333333E-002  0.43333333333333335        9.1216664274192246E-004
   3.3333333333333333E-002  0.46666666666666667        4.9950729571877331E-004
   3.3333333333333333E-002  0.50000000000000000        2.6331046797380473E-004
   3.3333333333333333E-002  0.53333333333333333        1.3352509168960063E-004
   3.3333333333333333E-002  0.56666666666666665        6.5093567178599085E-005
   3.3333333333333333E-002  0.59999999999999998        3.0486292226694729E-005
   3.3333333333333333E-002  0.63333333333333330        1.3707854441542362E-005
   3.3333333333333333E-002  0.66666666666666663        5.9133427130059326E-006
   3.3333333333333333E-002  0.69999999999999996        2.4456056694383388E-006
   3.3333333333333333E-002  0.73333333333333328        9.6896708492847451E-007
   3.3333333333333333E-002  0.76666666666666661        3.6750731856905246E-007
   3.3333333333333333E-002  0.80000000000000004        1.3332325354228545E-007
   3.3333333333333333E-002  0.83333333333333337        4.6223248377951001E-008
   3.3333333333333333E-002  0.86666666666666670        1.5302915607308393E-008
   3.3333333333333333E-002  0.90000000000000002        4.8388509965859601E-009
   3.3333333333333333E-002  0.93333333333333335        1.4831680480057554E-009
   3.3333333333333333E-002  0.96666666666666667        5.2979554744920329E-010
   3.3333333333333333E-002   1.0000000000000000        5.2979554744920329E-010

   6.6666666666666666E-002   0.0000000000000000       0.20791169081775931     
   6.6666666666666666E-002   3.3333333333333333E-002  0.17184076756137701     
   6.6666666666666666E-002   6.6666666666666666E-002  0.13873754561343121     
   6.6666666666666666E-002  0.10000000000000001       0.10920214064002066     
   6.6666666666666666E-002  0.13333333333333333        8.3651952957464512E-002
   6.6666666666666666E-002  0.16666666666666666        6.2265977236191275E-002
   6.6666666666666666E-002  0.20000000000000001        4.4973064800128817E-002
   6.6666666666666666E-002  0.23333333333333334        3.1480674890702540E-002
   6.6666666666666666E-002  0.26666666666666666        2.1332641863345124E-002
   6.6666666666666666E-002  0.29999999999999999        1.3980435756684090E-002
   6.6666666666666666E-002  0.33333333333333331        8.8527364257297292E-003
   6.6666666666666666E-002  0.36666666666666664        5.4119262422500343E-003
   6.6666666666666666E-002  0.40000000000000002        3.1915769032745183E-003
   6.6666666666666666E-002  0.43333333333333335        1.8143393968628229E-003
   6.6666666666666666E-002  0.46666666666666667        9.9354188497703015E-004
   6.6666666666666666E-002  0.50000000000000000        5.2373605135923069E-004
   6.6666666666666666E-002  0.53333333333333333        2.6558725453272819E-004
   6.6666666666666666E-002  0.56666666666666665        1.2947395561348479E-004
   6.6666666666666666E-002  0.59999999999999998        6.0638570256087012E-005
   6.6666666666666666E-002  0.63333333333333330        2.7265522761270230E-005
   6.6666666666666666E-002  0.66666666666666663        1.1761897605801655E-005
   6.6666666666666666E-002  0.69999999999999996        4.8644167713864227E-006
   6.6666666666666666E-002  0.73333333333333328        1.9273179637050742E-006
   6.6666666666666666E-002  0.76666666666666661        7.3098815005001165E-007
   6.6666666666666666E-002  0.80000000000000004        2.6518578961907720E-007
   6.6666666666666666E-002  0.83333333333333337        9.1940065173836584E-008
   6.6666666666666666E-002  0.86666666666666670        3.0438169268882147E-008
   6.6666666666666666E-002  0.90000000000000002        9.6246865290586559E-009
   6.6666666666666666E-002  0.93333333333333335        2.9500861965046922E-009
   6.6666666666666666E-002  0.96666666666666667        1.0537865440137072E-009
   6.6666666666666666E-002   1.0000000000000000        1.0537865440137072E-009

  0.10000000000000001        0.0000000000000000       0.30901699437494740     
  0.10000000000000001        3.3333333333333333E-002  0.25540515443860196     
  0.10000000000000001        6.6666666666666666E-002  0.20620417824411075     
  0.10000000000000001       0.10000000000000001       0.16230601149537202     
  0.10000000000000001       0.13333333333333333       0.12433103196283632     
  0.10000000000000001       0.16666666666666666        9.2545277572737533E-002
  0.10000000000000001       0.20000000000000001        6.6843000784150550E-002
  0.10000000000000001       0.23333333333333334        4.6789401295123455E-002
  0.10000000000000001       0.26666666666666666        3.1706484829014732E-002
  0.10000000000000001       0.29999999999999999        2.0778976980997843E-002
  0.10000000000000001       0.33333333333333331        1.3157730532192579E-002
  0.10000000000000001       0.36666666666666664        8.0436899655868654E-003
  0.10000000000000001       0.40000000000000002        4.7436077215632488E-003
  0.10000000000000001       0.43333333333333335        2.6966338688767665E-003
  0.10000000000000001       0.46666666666666667        1.4766910214314727E-003
  0.10000000000000001       0.50000000000000000        7.7842347296715013E-004
  0.10000000000000001       0.53333333333333333        3.9473958783748921E-004
  0.10000000000000001       0.56666666666666665        1.9243580029650211E-004
  0.10000000000000001       0.59999999999999998        9.0126479420316974E-005
  0.10000000000000001       0.63333333333333330        4.0524464307948169E-005
  0.10000000000000001       0.66666666666666663        1.7481586687092904E-005
  0.10000000000000001       0.69999999999999996        7.2299323052425451E-006
  0.10000000000000001       0.73333333333333328        2.8645527435541085E-006
  0.10000000000000001       0.76666666666666661        1.0864601223899186E-006
  0.10000000000000001       0.80000000000000004        3.9414289469110823E-007
  0.10000000000000001       0.83333333333333337        1.3664956737598208E-007
  0.10000000000000001       0.86666666666666670        4.5239935978349619E-008
  0.10000000000000001       0.90000000000000002        1.4305071981823840E-008
  0.10000000000000001       0.93333333333333335        4.3846825832894981E-009
  0.10000000000000001       0.96666666666666667        1.5662320346829857E-009
  0.10000000000000001        1.0000000000000000        1.5662320346829857E-009

  0.13333333333333333        0.0000000000000000       0.40673664307580015     
  0.13333333333333333        3.3333333333333333E-002  0.33617126899683297     
  0.13333333333333333        6.6666666666666666E-002  0.27141159474694937     
  0.13333333333333333       0.10000000000000001       0.21363162372406366     
  0.13333333333333333       0.13333333333333333       0.16364791416408217     
  0.13333333333333333       0.16666666666666666       0.12181063248185253     
  0.13333333333333333       0.20000000000000001        8.7980590863783958E-002
  0.13333333333333333       0.23333333333333334        6.1585493227643298E-002
  0.13333333333333333       0.26666666666666666        4.1732944911889149E-002
  0.13333333333333333       0.29999999999999999        2.7349859385227299E-002
  0.13333333333333333       0.33333333333333331        1.7318565789512602E-002
  0.13333333333333333       0.36666666666666664        1.0587325338410385E-002
  0.13333333333333333       0.40000000000000002        6.2436665809907990E-003
  0.13333333333333333       0.43333333333333335        3.5493834559163803E-003
  0.13333333333333333       0.46666666666666667        1.9436612220376495E-003
  0.13333333333333333       0.50000000000000000        1.0245823241096575E-003
  0.13333333333333333       0.53333333333333333        5.1956707161333329E-004
  0.13333333333333333       0.56666666666666665        2.5328927808169078E-004
  0.13333333333333333       0.59999999999999998        1.1862694401583963E-004
  0.13333333333333333       0.63333333333333330        5.3339411343378886E-005
  0.13333333333333333       0.66666666666666663        2.3009743846383163E-005
  0.13333333333333333       0.69999999999999996        9.5162351878018288E-006
  0.13333333333333333       0.73333333333333328        3.7704028840985648E-006
  0.13333333333333333       0.76666666666666661        1.4300286102725241E-006
  0.13333333333333333       0.80000000000000004        5.1878168772920026E-007
  0.13333333333333333       0.83333333333333337        1.7986190832219594E-007
  0.13333333333333333       0.86666666666666670        5.9546044482173059E-008
  0.13333333333333333       0.90000000000000002        1.8828728072427404E-008
  0.13333333333333333       0.93333333333333335        5.7712394701379654E-009
  0.13333333333333333       0.96666666666666667        2.0615175594251529E-009
  0.13333333333333333        1.0000000000000000        2.0615175594251529E-009

  0.16666666666666666        0.0000000000000000       0.49999999999999994     
  0.16666666666666666        3.3333333333333333E-002  0.41325422078357404     
  0.16666666666666666        6.6666666666666666E-002  0.33364536902121283     
  0.16666666666666666       0.10000000000000001       0.26261664317794309     
  0.16666666666666666       0.13333333333333333       0.20117183557221874     
  0.16666666666666666       0.16666666666666666       0.14974140461098270     
  0.16666666666666666       0.20000000000000001       0.10815424717879146     
  0.16666666666666666       0.23333333333333334        7.5706841608768102E-002
  0.16666666666666666       0.26666666666666666        5.1302170117128738E-002
  0.16666666666666666       0.29999999999999999        3.3621091006706190E-002
  0.16666666666666666       0.33333333333333331        2.1289655215899837E-002
  0.16666666666666666       0.36666666666666664        1.3014963759286019E-002
  0.16666666666666666       0.40000000000000002        7.6753185227857838E-003
  0.16666666666666666       0.43333333333333335        4.3632452550567353E-003
  0.16666666666666666       0.46666666666666667        2.3893362635579226E-003
  0.16666666666666666       0.50000000000000000        1.2595156369015839E-003
  0.16666666666666666       0.53333333333333333        6.3870206982618205E-004
  0.16666666666666666       0.56666666666666665        3.1136766553202744E-004
  0.16666666666666666       0.59999999999999998        1.4582770698844078E-004
  0.16666666666666666       0.63333333333333330        6.5569960626142104E-005
  0.16666666666666666       0.66666666666666663        2.8285801436993993E-005
  0.16666666666666666       0.69999999999999996        1.1698276206243318E-005
  0.16666666666666666       0.73333333333333328        4.6349437016373088E-006
  0.16666666666666666       0.76666666666666661        1.7579294054482587E-006
  0.16666666666666666       0.80000000000000004        6.3773660003448360E-007
  0.16666666666666666       0.83333333333333337        2.2110364456230782E-007
  0.16666666666666666       0.86666666666666670        7.3199754061838912E-008
  0.16666666666666666       0.90000000000000002        2.3146092678104793E-008
  0.16666666666666666       0.93333333333333335        7.0945654496421001E-009
  0.16666666666666666       0.96666666666666667        2.5342166663859749E-009
  0.16666666666666666        1.0000000000000000        2.5342166663859749E-009

  0.20000000000000001        0.0000000000000000       0.58778525229247314     
  0.20000000000000001        3.3333333333333333E-002  0.48580947284840492     
  0.20000000000000001        6.6666666666666666E-002  0.39222365481269772     
  0.20000000000000001       0.10000000000000001       0.30872437973309935     
  0.20000000000000001       0.13333333333333333       0.23649167625191300     
  0.20000000000000001       0.16666666666666666       0.17603157857579155     
  0.20000000000000001       0.20000000000000001       0.12714294292897688     
  0.20000000000000001       0.23333333333333334        8.8998729990552125E-002
  0.20000000000000001       0.26666666666666666        6.0309318010895785E-002
  0.20000000000000001       0.29999999999999999        3.9523962919449998E-002
  0.20000000000000001       0.33333333333333331        2.5027490724594908E-002
  0.20000000000000001       0.36666666666666664        1.5300007513658655E-002
  0.20000000000000001       0.40000000000000002        9.0228780686814683E-003
  0.20000000000000001       0.43333333333333335        5.1293024261149190E-003
  0.20000000000000001       0.46666666666666667        2.8088332369738968E-003
  0.20000000000000001       0.50000000000000000        1.4806494328050248E-003
  0.20000000000000001       0.53333333333333333        7.5083931450501448E-004
  0.20000000000000001       0.56666666666666665        3.6603464368092231E-004
  0.20000000000000001       0.59999999999999998        1.7143075108686702E-004
  0.20000000000000001       0.63333333333333330        7.7082111698888953E-005
  0.20000000000000001       0.66666666666666663        3.3251953867876623E-005
  0.20000000000000001       0.69999999999999996        1.3752148462547528E-005
  0.20000000000000001       0.73333333333333328        5.4487031060565895E-006
  0.20000000000000001       0.76666666666666661        2.0665699581875241E-006
  0.20000000000000001       0.80000000000000004        7.4970433669482605E-007
  0.20000000000000001       0.83333333333333337        2.5992292300368277E-007
  0.20000000000000001       0.86666666666666670        8.6051471817969945E-008
  0.20000000000000001       0.90000000000000002        2.7209863848769583E-008
  0.20000000000000001       0.93333333333333335        8.3401618854466894E-009
  0.20000000000000001       0.96666666666666667        2.9791503652309408E-009
  0.20000000000000001        1.0000000000000000        2.9791503652309408E-009

  0.23333333333333334        0.0000000000000000       0.66913060635885824     
  0.23333333333333334        3.3333333333333333E-002  0.55304209466654075     
  0.23333333333333334        6.6666666666666666E-002  0.44650465616397828     
  0.23333333333333334       0.10000000000000001       0.35144966737916994     
  0.23333333333333334       0.13333333333333333       0.26922046463752641     
  0.23333333333333334       0.16666666666666666       0.20039311372874799     
  0.23333333333333334       0.20000000000000001       0.14473863399006109     
  0.23333333333333334       0.23333333333333334       0.10131552966237807     
  0.23333333333333334       0.26666666666666666        6.8655704395999287E-002
  0.23333333333333334       0.29999999999999999        4.4993802023527332E-002
  0.23333333333333334       0.33333333333333331        2.8491119807572175E-002
  0.23333333333333334       0.36666666666666664        1.7417421183979237E-002
  0.23333333333333334       0.40000000000000002        1.0271581074298054E-002
  0.23333333333333334       0.43333333333333335        5.8391618864170481E-003
  0.23333333333333334       0.46666666666666667        3.1975560456594426E-003
  0.23333333333333334       0.50000000000000000        1.6855609236768408E-003
  0.23333333333333334       0.53333333333333333        8.5475020653090201E-004
  0.23333333333333334       0.56666666666666665        4.1669126967597541E-004
  0.23333333333333334       0.59999999999999998        1.9515556400219455E-004
  0.23333333333333334       0.63333333333333330        8.7749735025393865E-005
  0.23333333333333334       0.66666666666666663        3.7853790933764106E-005
  0.23333333333333334       0.69999999999999996        1.5655349302473988E-005
  0.23333333333333334       0.73333333333333328        6.2027653790314868E-006
  0.23333333333333334       0.76666666666666661        2.3525687380073209E-006
  0.23333333333333334       0.80000000000000004        8.5345815575662139E-007
  0.23333333333333334       0.83333333333333337        2.9589443150826097E-007
  0.23333333333333334       0.86666666666666670        9.7960391641435142E-008
  0.23333333333333334       0.90000000000000002        3.0975518057077174E-008
  0.23333333333333334       0.93333333333333335        9.4943817623432493E-009
  0.23333333333333334       0.96666666666666667        3.3914438692471433E-009
  0.23333333333333334        1.0000000000000000        3.3914438692471433E-009

  0.26666666666666666        0.0000000000000000       0.74314482547739413     
  0.26666666666666666        3.3333333333333333E-002  0.61421547156401135     
  0.26666666666666666        6.6666666666666666E-002  0.49589365906522004     
  0.26666666666666666       0.10000000000000001       0.39032439892386322     
  0.26666666666666666       0.13333333333333333       0.29899961727456703     
  0.26666666666666666       0.16666666666666666       0.22255909999273724     
  0.26666666666666666       0.20000000000000001       0.16074853828864388     
  0.26666666666666666       0.23333333333333334       0.11252229518958538     
  0.26666666666666666       0.26666666666666666        7.6249884516610453E-002
  0.26666666666666666       0.29999999999999999        4.9970679617076519E-002
  0.26666666666666666       0.33333333333333331        3.1642594219787566E-002
  0.26666666666666666       0.36666666666666664        1.9344005942978443E-002
  0.26666666666666666       0.40000000000000002        1.1407746488198105E-002
  0.26666666666666666       0.43333333333333335        6.4850462671684128E-003
  0.26666666666666666       0.46666666666666667        3.5512457611771228E-003
  0.26666666666666666       0.50000000000000000        1.8720050563425532E-003
  0.26666666666666666       0.53333333333333333        9.4929627642605704E-004
  0.26666666666666666       0.56666666666666665        4.6278253892220440E-004
  0.26666666666666666       0.59999999999999998        2.1674221171938681E-004
  0.26666666666666666       0.63333333333333330        9.7455953892147990E-005
  0.26666666666666666       0.66666666666666663        4.2040893944766258E-005
  0.26666666666666666       0.69999999999999996        1.7387026859350086E-005
  0.26666666666666666       0.73333333333333328        6.8888688565016103E-006
  0.26666666666666666       0.76666666666666661        2.6127922824268512E-006
  0.26666666666666666       0.80000000000000004        9.4786130866634600E-007
  0.26666666666666666       0.83333333333333337        3.2862405870134406E-007
  0.26666666666666666       0.86666666666666670        1.0879603691454691E-007
  0.26666666666666666       0.90000000000000002        3.4401798007507558E-008
  0.26666666666666666       0.93333333333333335        1.0544579205824458E-008
  0.26666666666666666       0.96666666666666667        3.7665800045266177E-009
  0.26666666666666666        1.0000000000000000        3.7665800045266177E-009

  0.29999999999999999        0.0000000000000000       0.80901699437494745     
  0.29999999999999999        3.3333333333333333E-002  0.66865937522217600     
  0.29999999999999999        6.6666666666666666E-002  0.53984954726532364     
  0.29999999999999999       0.10000000000000001       0.42492265467331514     
  0.29999999999999999       0.13333333333333333       0.32550286753505503     
  0.29999999999999999       0.16666666666666666       0.24228668218372024     
  0.29999999999999999       0.20000000000000001       0.17499724796294200     
  0.29999999999999999       0.23333333333333334       0.12249624290389155     
  0.29999999999999999       0.26666666666666666        8.3008654946143470E-002
  0.29999999999999999       0.29999999999999999        5.4400067987704033E-002
  0.29999999999999999       0.33333333333333331        3.4447385748092418E-002
  0.29999999999999999       0.36666666666666664        2.1058653724872884E-002
  0.29999999999999999       0.40000000000000002        1.2418926244349034E-002
  0.29999999999999999       0.43333333333333335        7.0598791239335022E-003
  0.29999999999999999       0.46666666666666667        3.8660272849893951E-003
  0.29999999999999999       0.50000000000000000        2.0379391098687338E-003
  0.29999999999999999       0.53333333333333333        1.0334416576636711E-003
  0.29999999999999999       0.56666666666666665        5.0380346582852944E-004
  0.29999999999999999       0.59999999999999998        2.3595418640875773E-004
  0.29999999999999999       0.63333333333333330        1.0609442493409028E-004
  0.29999999999999999       0.66666666666666663        4.5767388124086897E-005
  0.29999999999999999       0.69999999999999996        1.8928208511485861E-005
  0.29999999999999999       0.73333333333333328        7.4994964451914172E-006
  0.29999999999999999       0.76666666666666661        2.8443895278381768E-006
  0.29999999999999999       0.80000000000000004        1.0318794947255919E-006
  0.29999999999999999       0.83333333333333337        3.5775321193828977E-007
  0.29999999999999999       0.86666666666666670        1.1843969004018853E-007
  0.29999999999999999       0.90000000000000002        3.7451164659928632E-008
  0.29999999999999999       0.93333333333333335        1.1479248032931598E-008
  0.29999999999999999       0.96666666666666667        4.1004487010689600E-009
  0.29999999999999999        1.0000000000000000        4.1004487010689600E-009

  0.33333333333333331        0.0000000000000000       0.86602540378443860     
  0.33333333333333331        3.3333333333333333E-002  0.71577730683943663     
  0.33333333333333331        6.6666666666666666E-002  0.57789073085480780     
  0.33333333333333331       0.10000000000000001       0.45486536889738399     
  0.33333333333333331       0.13333333333333333       0.34843984026297481     
  0.33333333333333331       0.16666666666666666       0.25935972078295061     
  0.33333333333333331       0.20000000000000001       0.18732865116802971     
  0.33333333333333331       0.23333333333333334       0.13112809614695586     
  0.33333333333333331       0.26666666666666666        8.8857965181408746E-002
  0.33333333333333331       0.29999999999999999        5.8233437829512166E-002
  0.33333333333333331       0.33333333333333331        3.6874764509562279E-002
  0.33333333333333331       0.36666666666666664        2.2542578489751022E-002
  0.33333333333333331       0.40000000000000002        1.3294041645739479E-002
  0.33333333333333331       0.43333333333333335        7.5573624676420906E-003
  0.33333333333333331       0.46666666666666667        4.1384518048491028E-003
  0.33333333333333331       0.50000000000000000        2.1815450760410172E-003
  0.33333333333333331       0.53333333333333333        1.1062644358383520E-003
  0.33333333333333331       0.56666666666666665        5.3930461653558419E-004
  0.33333333333333331       0.59999999999999998        2.5258099765524647E-004
  0.33333333333333331       0.63333333333333330        1.1357050325476895E-004
  0.33333333333333331       0.66666666666666663        4.8992445221678360E-005
  0.33333333333333331       0.69999999999999996        2.0262008750187522E-005
  0.33333333333333331       0.73333333333333328        8.0279579814571818E-006
  0.33333333333333331       0.76666666666666661        3.0448230463557327E-006
  0.33333333333333331       0.80000000000000004        1.1045921931059574E-006
  0.33333333333333331       0.83333333333333337        3.8296274612056714E-007
  0.33333333333333331       0.86666666666666670        1.2678569313665128E-007
  0.33333333333333331       0.90000000000000002        4.0090208515175481E-008
  0.33333333333333331       0.93333333333333335        1.2288147816402854E-008
  0.33333333333333331       0.96666666666666667        4.3893920235683358E-009
  0.33333333333333331        1.0000000000000000        4.3893920235683358E-009

  0.36666666666666664        0.0000000000000000       0.91354545764260087     
  0.36666666666666664        3.3333333333333333E-002  0.75505303249693323     
  0.36666666666666664        6.6666666666666666E-002  0.60960042266563674     
  0.36666666666666664       0.10000000000000001       0.47982448295311525     
  0.36666666666666664       0.13333333333333333       0.36755923318524919     
  0.36666666666666664       0.16666666666666666       0.27359116000677214     
  0.36666666666666664       0.20000000000000001       0.19760764246988002     
  0.36666666666666664       0.23333333333333334       0.13832328252831591     
  0.36666666666666664       0.26666666666666666        9.3733728955421869E-002
  0.36666666666666664       0.29999999999999999        6.1428789940329881E-002
  0.36666666666666664       0.33333333333333331        3.8898135634524808E-002
  0.36666666666666664       0.36666666666666664        2.3779522047357626E-002
  0.36666666666666664       0.40000000000000002        1.4023504744902139E-002
  0.36666666666666664       0.43333333333333335        7.9720457666754251E-003
  0.36666666666666664       0.46666666666666667        4.3655345807081681E-003
  0.36666666666666664       0.50000000000000000        2.3012495778425381E-003
  0.36666666666666664       0.53333333333333333        1.1669667493532719E-003
  0.36666666666666664       0.56666666666666665        5.6889703300712867E-004
  0.36666666666666664       0.59999999999999998        2.6644047863545246E-004
  0.36666666666666664       0.63333333333333330        1.1980227937563264E-004
  0.36666666666666664       0.66666666666666663        5.1680730837092836E-005
  0.36666666666666664       0.69999999999999996        2.1373814180924201E-005
  0.36666666666666664       0.73333333333333328        8.4684635301198907E-006
  0.36666666666666664       0.76666666666666661        3.2118968464072292E-006
  0.36666666666666664       0.80000000000000004        1.1652027482678772E-006
  0.36666666666666664       0.83333333333333337        4.0397646031624083E-007
  0.36666666666666664       0.86666666666666670        1.3374260564749692E-007
  0.36666666666666664       0.90000000000000002        4.2290015656514596E-008
  0.36666666666666664       0.93333333333333335        1.2962416080937352E-008
  0.36666666666666664       0.96666666666666667        4.6302442485181630E-009
  0.36666666666666664        1.0000000000000000        4.6302442485181630E-009

  0.40000000000000002        0.0000000000000000       0.95105651629515353     
  0.40000000000000002        3.3333333333333333E-002  0.78605623912538836     
  0.40000000000000002        6.6666666666666666E-002  0.63463120467865131     
  0.40000000000000002       0.10000000000000001       0.49952653956388393     
  0.40000000000000002       0.13333333333333333       0.38265157023203156     
  0.40000000000000002       0.16666666666666666       0.28482507722892852     
  0.40000000000000002       0.20000000000000001       0.20572160308877269     
  0.40000000000000002       0.23333333333333334       0.14400297008028792     
  0.40000000000000002       0.26666666666666666        9.7582526379955584E-002
  0.40000000000000002       0.29999999999999999        6.3951115373760609E-002
  0.40000000000000002       0.33333333333333331        4.0495330645517295E-002
  0.40000000000000002       0.36666666666666664        2.4755932185228473E-002
  0.40000000000000002       0.40000000000000002        1.4599323391472623E-002
  0.40000000000000002       0.43333333333333335        8.2993856640312339E-003
  0.40000000000000002       0.46666666666666667        4.5447876461541534E-003
  0.40000000000000002       0.50000000000000000        2.3957411077017840E-003
  0.40000000000000002       0.53333333333333333        1.2148835309587851E-003
  0.40000000000000002       0.56666666666666665        5.9225649453568930E-004
  0.40000000000000002       0.59999999999999998        2.7738078197547383E-004
  0.40000000000000002       0.63333333333333330        1.2472147665341823E-004
  0.40000000000000002       0.66666666666666663        5.3802791550567914E-005
  0.40000000000000002       0.69999999999999996        2.2251443630736511E-005
  0.40000000000000002       0.73333333333333328        8.8161868202066858E-006
  0.40000000000000002       0.76666666666666661        3.3437804324768628E-006
  0.40000000000000002       0.80000000000000004        1.2130470982854235E-006
  0.40000000000000002       0.83333333333333337        4.2056412387518062E-007
  0.40000000000000002       0.86666666666666670        1.3923420618342906E-007
  0.40000000000000002       0.90000000000000002        4.4026484536566211E-008
  0.40000000000000002       0.93333333333333335        1.3494665402329151E-008
  0.40000000000000002       0.96666666666666667        4.8203665485403245E-009
  0.40000000000000002        1.0000000000000000        4.8203665485403245E-009

  0.43333333333333335        0.0000000000000000       0.97814760073380569     
  0.43333333333333335        3.3333333333333333E-002  0.80844724910514287     
  0.43333333333333335        6.6666666666666666E-002  0.65270883440808902     
  0.43333333333333335       0.10000000000000001       0.51375567887454199     
  0.43333333333333335       0.13333333333333333       0.39355149660036276     
  0.43333333333333335       0.16666666666666666       0.29293839130148552     
  0.43333333333333335       0.20000000000000001       0.21158163477421166     
  0.43333333333333335       0.23333333333333334       0.14810493095750152     
  0.43333333333333335       0.26666666666666666       0.10036218922501403     
  0.43333333333333335       0.29999999999999999        6.5772779004525175E-002
  0.43333333333333335       0.33333333333333331        4.1648850339764759E-002
  0.43333333333333335       0.36666666666666664        2.5461111149566104E-002
  0.43333333333333335       0.40000000000000002        1.5015188795861303E-002
  0.43333333333333335       0.43333333333333335        8.5357957552938141E-003
  0.43333333333333335       0.46666666666666667        4.6742470670909156E-003
  0.43333333333333335       0.50000000000000000        2.4639843966439904E-003
  0.43333333333333335       0.53333333333333333        1.2494897943683913E-003
  0.43333333333333335       0.56666666666666665        6.0912706997247746E-004
  0.43333333333333335       0.59999999999999998        2.8528204342251156E-004
  0.43333333333333335       0.63333333333333330        1.2827419933334204E-004
  0.43333333333333335       0.66666666666666663        5.5335377620857013E-005
  0.43333333333333335       0.69999999999999996        2.2885281607716535E-005
  0.43333333333333335       0.73333333333333328        9.0673181225855961E-006
  0.43333333333333335       0.76666666666666661        3.4390288603972395E-006
  0.43333333333333335       0.80000000000000004        1.2476010504477297E-006
  0.43333333333333335       0.83333333333333337        4.3254399888424303E-007
  0.43333333333333335       0.86666666666666670        1.4320032761978476E-007
  0.43333333333333335       0.90000000000000002        4.5280590038901022E-008
  0.43333333333333335       0.93333333333333335        1.3879064345632747E-008
  0.43333333333333335       0.96666666666666667        4.9576759039301292E-009
  0.43333333333333335        1.0000000000000000        4.9576759039301292E-009

  0.46666666666666667        0.0000000000000000       0.99452189536827329     
  0.46666666666666667        3.3333333333333333E-002  0.82198074184523795     
  0.46666666666666667        6.6666666666666666E-002  0.66363524955964714     
  0.46666666666666667       0.10000000000000001       0.52235600345716304     
  0.46666666666666667       0.13333333333333333       0.40013959041599517     
  0.46666666666666667       0.16666666666666666       0.29784221105764408     
  0.46666666666666667       0.20000000000000001       0.21512353379276078     
  0.46666666666666667       0.23333333333333334       0.15058422321819542     
  0.46666666666666667       0.26666666666666666       0.10204226292278493     
  0.46666666666666667       0.29999999999999999        6.6873822304677297E-002
  0.46666666666666667       0.33333333333333331        4.2346056514107513E-002
  0.46666666666666667       0.36666666666666664        2.5887332852069039E-002
  0.46666666666666667       0.40000000000000002        1.5266544649672267E-002
  0.46666666666666667       0.43333333333333335        8.6786858820312989E-003
  0.46666666666666667       0.46666666666666667        4.7524944590115470E-003
  0.46666666666666667       0.50000000000000000        2.5052317569146825E-003
  0.46666666666666667       0.53333333333333333        1.2704063861183475E-003
  0.46666666666666667       0.56666666666666665        6.1932392176261314E-004
  0.46666666666666667       0.59999999999999998        2.9005769510270665E-004
  0.46666666666666667       0.63333333333333330        1.3042152304226784E-004
  0.46666666666666667       0.66666666666666663        5.6261697714259790E-005
  0.46666666666666667       0.69999999999999996        2.3268383650349358E-005
  0.46666666666666667       0.73333333333333328        9.2191059901551556E-006
  0.46666666666666667       0.76666666666666661        3.4965985684600486E-006
  0.46666666666666667       0.80000000000000004        1.2684860244240263E-006
  0.46666666666666667       0.83333333333333337        4.3978483132587876E-007
  0.46666666666666667       0.86666666666666670        1.4559751630014302E-007
  0.46666666666666667       0.90000000000000002        4.6038591921196993E-008
  0.46666666666666667       0.93333333333333335        1.4111401355584658E-008
  0.46666666666666667       0.96666666666666667        5.0406679246560938E-009
  0.46666666666666667        1.0000000000000000        5.0406679246560938E-009

  0.50000000000000000        0.0000000000000000        1.0000000000000000     
  0.50000000000000000        3.3333333333333333E-002  0.82650844156714820     
  0.50000000000000000        6.6666666666666666E-002  0.66729073804242567     
  0.50000000000000000       0.10000000000000001       0.52523328635588618     
  0.50000000000000000       0.13333333333333333       0.40234367114443742     
  0.50000000000000000       0.16666666666666666       0.29948280922196541     
  0.50000000000000000       0.20000000000000001       0.21630849435758293     
  0.50000000000000000       0.23333333333333334       0.15141368321753618     
  0.50000000000000000       0.26666666666666666       0.10260434023425748     
  0.50000000000000000       0.29999999999999999        6.7242182013412380E-002
  0.50000000000000000       0.33333333333333331        4.2579310431799675E-002
  0.50000000000000000       0.36666666666666664        2.6029927518572041E-002
  0.50000000000000000       0.40000000000000002        1.5350637045571568E-002
  0.50000000000000000       0.43333333333333335        8.7264905101134705E-003
  0.50000000000000000       0.46666666666666667        4.7786725271158452E-003
  0.50000000000000000       0.50000000000000000        2.5190312738031678E-003
  0.50000000000000000       0.53333333333333333        1.2774041396523641E-003
  0.50000000000000000       0.56666666666666665        6.2273533106405488E-004
  0.50000000000000000       0.59999999999999998        2.9165541397688157E-004
  0.50000000000000000       0.63333333333333330        1.3113992125228424E-004
  0.50000000000000000       0.66666666666666663        5.6571602873987986E-005
  0.50000000000000000       0.69999999999999996        2.3396552412486635E-005
  0.50000000000000000       0.73333333333333328        9.2698874032746192E-006
  0.50000000000000000       0.76666666666666661        3.5158588108965174E-006
  0.50000000000000000       0.80000000000000004        1.2754732000689672E-006
  0.50000000000000000       0.83333333333333337        4.4220728912461565E-007
  0.50000000000000000       0.86666666666666670        1.4639950812367785E-007
  0.50000000000000000       0.90000000000000002        4.6292185356209599E-008
  0.50000000000000000       0.93333333333333335        1.4189130899284200E-008
  0.50000000000000000       0.96666666666666667        5.0684333327719498E-009
  0.50000000000000000        1.0000000000000000        5.0684333327719498E-009

  0.53333333333333333        0.0000000000000000       0.99452189536827340     
  0.53333333333333333        3.3333333333333333E-002  0.82198074184523806     
  0.53333333333333333        6.6666666666666666E-002  0.66363524955964726     
  0.53333333333333333       0.10000000000000001       0.52235600345716304     
  0.53333333333333333       0.13333333333333333       0.40013959041599517     
  0.53333333333333333       0.16666666666666666       0.29784221105764408     
  0.53333333333333333       0.20000000000000001       0.21512353379276081     
  0.53333333333333333       0.23333333333333334       0.15058422321819542     
  0.53333333333333333       0.26666666666666666       0.10204226292278493     
  0.53333333333333333       0.29999999999999999        6.6873822304677297E-002
  0.53333333333333333       0.33333333333333331        4.2346056514107513E-002
  0.53333333333333333       0.36666666666666664        2.5887332852069039E-002
  0.53333333333333333       0.40000000000000002        1.5266544649672267E-002
  0.53333333333333333       0.43333333333333335        8.6786858820313006E-003
  0.53333333333333333       0.46666666666666667        4.7524944590115470E-003
  0.53333333333333333       0.50000000000000000        2.5052317569146821E-003
  0.53333333333333333       0.53333333333333333        1.2704063861183473E-003
  0.53333333333333333       0.56666666666666665        6.1932392176261303E-004
  0.53333333333333333       0.59999999999999998        2.9005769510270665E-004
  0.53333333333333333       0.63333333333333330        1.3042152304226784E-004
  0.53333333333333333       0.66666666666666663        5.6261697714259790E-005
  0.53333333333333333       0.69999999999999996        2.3268383650349358E-005
  0.53333333333333333       0.73333333333333328        9.2191059901551539E-006
  0.53333333333333333       0.76666666666666661        3.4965985684600486E-006
  0.53333333333333333       0.80000000000000004        1.2684860244240263E-006
  0.53333333333333333       0.83333333333333337        4.3978483132587881E-007
  0.53333333333333333       0.86666666666666670        1.4559751630014302E-007
  0.53333333333333333       0.90000000000000002        4.6038591921196993E-008
  0.53333333333333333       0.93333333333333335        1.4111401355584655E-008
  0.53333333333333333       0.96666666666666667        5.0406679246560938E-009
  0.53333333333333333        1.0000000000000000        5.0406679246560938E-009

  0.56666666666666665        0.0000000000000000       0.97814760073380569     
  0.56666666666666665        3.3333333333333333E-002  0.80844724910514287     
  0.56666666666666665        6.6666666666666666E-002  0.65270883440808902     
  0.56666666666666665       0.10000000000000001       0.51375567887454199     
  0.56666666666666665       0.13333333333333333       0.39355149660036282     
  0.56666666666666665       0.16666666666666666       0.29293839130148552     
  0.56666666666666665       0.20000000000000001       0.21158163477421169     
  0.56666666666666665       0.23333333333333334       0.14810493095750152     
  0.56666666666666665       0.26666666666666666       0.10036218922501403     
  0.56666666666666665       0.29999999999999999        6.5772779004525175E-002
  0.56666666666666665       0.33333333333333331        4.1648850339764759E-002
  0.56666666666666665       0.36666666666666664        2.5461111149566104E-002
  0.56666666666666665       0.40000000000000002        1.5015188795861303E-002
  0.56666666666666665       0.43333333333333335        8.5357957552938141E-003
  0.56666666666666665       0.46666666666666667        4.6742470670909156E-003
  0.56666666666666665       0.50000000000000000        2.4639843966439904E-003
  0.56666666666666665       0.53333333333333333        1.2494897943683913E-003
  0.56666666666666665       0.56666666666666665        6.0912706997247746E-004
  0.56666666666666665       0.59999999999999998        2.8528204342251156E-004
  0.56666666666666665       0.63333333333333330        1.2827419933334204E-004
  0.56666666666666665       0.66666666666666663        5.5335377620857013E-005
  0.56666666666666665       0.69999999999999996        2.2885281607716531E-005
  0.56666666666666665       0.73333333333333328        9.0673181225855961E-006
  0.56666666666666665       0.76666666666666661        3.4390288603972395E-006
  0.56666666666666665       0.80000000000000004        1.2476010504477295E-006
  0.56666666666666665       0.83333333333333337        4.3254399888424308E-007
  0.56666666666666665       0.86666666666666670        1.4320032761978476E-007
  0.56666666666666665       0.90000000000000002        4.5280590038901022E-008
  0.56666666666666665       0.93333333333333335        1.3879064345632747E-008
  0.56666666666666665       0.96666666666666667        4.9576759039301284E-009
  0.56666666666666665        1.0000000000000000        4.9576759039301284E-009

  0.59999999999999998        0.0000000000000000       0.95105651629515364     
  0.59999999999999998        3.3333333333333333E-002  0.78605623912538847     
  0.59999999999999998        6.6666666666666666E-002  0.63463120467865131     
  0.59999999999999998       0.10000000000000001       0.49952653956388399     
  0.59999999999999998       0.13333333333333333       0.38265157023203156     
  0.59999999999999998       0.16666666666666666       0.28482507722892858     
  0.59999999999999998       0.20000000000000001       0.20572160308877269     
  0.59999999999999998       0.23333333333333334       0.14400297008028795     
  0.59999999999999998       0.26666666666666666        9.7582526379955584E-002
  0.59999999999999998       0.29999999999999999        6.3951115373760609E-002
  0.59999999999999998       0.33333333333333331        4.0495330645517295E-002
  0.59999999999999998       0.36666666666666664        2.4755932185228473E-002
  0.59999999999999998       0.40000000000000002        1.4599323391472623E-002
  0.59999999999999998       0.43333333333333335        8.2993856640312356E-003
  0.59999999999999998       0.46666666666666667        4.5447876461541534E-003
  0.59999999999999998       0.50000000000000000        2.3957411077017840E-003
  0.59999999999999998       0.53333333333333333        1.2148835309587851E-003
  0.59999999999999998       0.56666666666666665        5.9225649453568930E-004
  0.59999999999999998       0.59999999999999998        2.7738078197547383E-004
  0.59999999999999998       0.63333333333333330        1.2472147665341823E-004
  0.59999999999999998       0.66666666666666663        5.3802791550567914E-005
  0.59999999999999998       0.69999999999999996        2.2251443630736511E-005
  0.59999999999999998       0.73333333333333328        8.8161868202066841E-006
  0.59999999999999998       0.76666666666666661        3.3437804324768628E-006
  0.59999999999999998       0.80000000000000004        1.2130470982854235E-006
  0.59999999999999998       0.83333333333333337        4.2056412387518062E-007
  0.59999999999999998       0.86666666666666670        1.3923420618342908E-007
  0.59999999999999998       0.90000000000000002        4.4026484536566224E-008
  0.59999999999999998       0.93333333333333335        1.3494665402329152E-008
  0.59999999999999998       0.96666666666666667        4.8203665485403254E-009
  0.59999999999999998        1.0000000000000000        4.8203665485403254E-009

  0.63333333333333330        0.0000000000000000       0.91354545764260098     
  0.63333333333333330        3.3333333333333333E-002  0.75505303249693323     
  0.63333333333333330        6.6666666666666666E-002  0.60960042266563674     
  0.63333333333333330       0.10000000000000001       0.47982448295311536     
  0.63333333333333330       0.13333333333333333       0.36755923318524925     
  0.63333333333333330       0.16666666666666666       0.27359116000677219     
  0.63333333333333330       0.20000000000000001       0.19760764246988005     
  0.63333333333333330       0.23333333333333334       0.13832328252831594     
  0.63333333333333330       0.26666666666666666        9.3733728955421869E-002
  0.63333333333333330       0.29999999999999999        6.1428789940329881E-002
  0.63333333333333330       0.33333333333333331        3.8898135634524808E-002
  0.63333333333333330       0.36666666666666664        2.3779522047357626E-002
  0.63333333333333330       0.40000000000000002        1.4023504744902139E-002
  0.63333333333333330       0.43333333333333335        7.9720457666754251E-003
  0.63333333333333330       0.46666666666666667        4.3655345807081681E-003
  0.63333333333333330       0.50000000000000000        2.3012495778425390E-003
  0.63333333333333330       0.53333333333333333        1.1669667493532719E-003
  0.63333333333333330       0.56666666666666665        5.6889703300712856E-004
  0.63333333333333330       0.59999999999999998        2.6644047863545251E-004
  0.63333333333333330       0.63333333333333330        1.1980227937563266E-004
  0.63333333333333330       0.66666666666666663        5.1680730837092829E-005
  0.63333333333333330       0.69999999999999996        2.1373814180924198E-005
  0.63333333333333330       0.73333333333333328        8.4684635301198924E-006
  0.63333333333333330       0.76666666666666661        3.2118968464072292E-006
  0.63333333333333330       0.80000000000000004        1.1652027482678772E-006
  0.63333333333333330       0.83333333333333337        4.0397646031624093E-007
  0.63333333333333330       0.86666666666666670        1.3374260564749695E-007
  0.63333333333333330       0.90000000000000002        4.2290015656514596E-008
  0.63333333333333330       0.93333333333333335        1.2962416080937354E-008
  0.63333333333333330       0.96666666666666667        4.6302442485181639E-009
  0.63333333333333330        1.0000000000000000        4.6302442485181639E-009

  0.66666666666666663        0.0000000000000000       0.86602540378443871     
  0.66666666666666663        3.3333333333333333E-002  0.71577730683943663     
  0.66666666666666663        6.6666666666666666E-002  0.57789073085480780     
  0.66666666666666663       0.10000000000000001       0.45486536889738410     
  0.66666666666666663       0.13333333333333333       0.34843984026297486     
  0.66666666666666663       0.16666666666666666       0.25935972078295066     
  0.66666666666666663       0.20000000000000001       0.18732865116802974     
  0.66666666666666663       0.23333333333333334       0.13112809614695586     
  0.66666666666666663       0.26666666666666666        8.8857965181408760E-002
  0.66666666666666663       0.29999999999999999        5.8233437829512166E-002
  0.66666666666666663       0.33333333333333331        3.6874764509562279E-002
  0.66666666666666663       0.36666666666666664        2.2542578489751018E-002
  0.66666666666666663       0.40000000000000002        1.3294041645739479E-002
  0.66666666666666663       0.43333333333333335        7.5573624676420906E-003
  0.66666666666666663       0.46666666666666667        4.1384518048491036E-003
  0.66666666666666663       0.50000000000000000        2.1815450760410172E-003
  0.66666666666666663       0.53333333333333333        1.1062644358383522E-003
  0.66666666666666663       0.56666666666666665        5.3930461653558430E-004
  0.66666666666666663       0.59999999999999998        2.5258099765524647E-004
  0.66666666666666663       0.63333333333333330        1.1357050325476895E-004
  0.66666666666666663       0.66666666666666663        4.8992445221678360E-005
  0.66666666666666663       0.69999999999999996        2.0262008750187519E-005
  0.66666666666666663       0.73333333333333328        8.0279579814571818E-006
  0.66666666666666663       0.76666666666666661        3.0448230463557327E-006
  0.66666666666666663       0.80000000000000004        1.1045921931059574E-006
  0.66666666666666663       0.83333333333333337        3.8296274612056724E-007
  0.66666666666666663       0.86666666666666670        1.2678569313665128E-007
  0.66666666666666663       0.90000000000000002        4.0090208515175488E-008
  0.66666666666666663       0.93333333333333335        1.2288147816402854E-008
  0.66666666666666663       0.96666666666666667        4.3893920235683358E-009
  0.66666666666666663        1.0000000000000000        4.3893920235683358E-009

  0.69999999999999996        0.0000000000000000       0.80901699437494745     
  0.69999999999999996        3.3333333333333333E-002  0.66865937522217611     
  0.69999999999999996        6.6666666666666666E-002  0.53984954726532364     
  0.69999999999999996       0.10000000000000001       0.42492265467331519     
  0.69999999999999996       0.13333333333333333       0.32550286753505508     
  0.69999999999999996       0.16666666666666666       0.24228668218372029     
  0.69999999999999996       0.20000000000000001       0.17499724796294203     
  0.69999999999999996       0.23333333333333334       0.12249624290389156     
  0.69999999999999996       0.26666666666666666        8.3008654946143456E-002
  0.69999999999999996       0.29999999999999999        5.4400067987704040E-002
  0.69999999999999996       0.33333333333333331        3.4447385748092418E-002
  0.69999999999999996       0.36666666666666664        2.1058653724872884E-002
  0.69999999999999996       0.40000000000000002        1.2418926244349033E-002
  0.69999999999999996       0.43333333333333335        7.0598791239335022E-003
  0.69999999999999996       0.46666666666666667        3.8660272849893955E-003
  0.69999999999999996       0.50000000000000000        2.0379391098687342E-003
  0.69999999999999996       0.53333333333333333        1.0334416576636713E-003
  0.69999999999999996       0.56666666666666665        5.0380346582852955E-004
  0.69999999999999996       0.59999999999999998        2.3595418640875776E-004
  0.69999999999999996       0.63333333333333330        1.0609442493409029E-004
  0.69999999999999996       0.66666666666666663        4.5767388124086897E-005
  0.69999999999999996       0.69999999999999996        1.8928208511485861E-005
  0.69999999999999996       0.73333333333333328        7.4994964451914172E-006
  0.69999999999999996       0.76666666666666661        2.8443895278381768E-006
  0.69999999999999996       0.80000000000000004        1.0318794947255919E-006
  0.69999999999999996       0.83333333333333337        3.5775321193828983E-007
  0.69999999999999996       0.86666666666666670        1.1843969004018854E-007
  0.69999999999999996       0.90000000000000002        3.7451164659928638E-008
  0.69999999999999996       0.93333333333333335        1.1479248032931600E-008
  0.69999999999999996       0.96666666666666667        4.1004487010689600E-009
  0.69999999999999996        1.0000000000000000        4.1004487010689600E-009

  0.73333333333333328        0.0000000000000000       0.74314482547739447     
  0.73333333333333328        3.3333333333333333E-002  0.61421547156401157     
  0.73333333333333328        6.6666666666666666E-002  0.49589365906522004     
  0.73333333333333328       0.10000000000000001       0.39032439892386339     
  0.73333333333333328       0.13333333333333333       0.29899961727456714     
  0.73333333333333328       0.16666666666666666       0.22255909999273729     
  0.73333333333333328       0.20000000000000001       0.16074853828864391     
  0.73333333333333328       0.23333333333333334       0.11252229518958540     
  0.73333333333333328       0.26666666666666666        7.6249884516610453E-002
  0.73333333333333328       0.29999999999999999        4.9970679617076519E-002
  0.73333333333333328       0.33333333333333331        3.1642594219787559E-002
  0.73333333333333328       0.36666666666666664        1.9344005942978439E-002
  0.73333333333333328       0.40000000000000002        1.1407746488198107E-002
  0.73333333333333328       0.43333333333333335        6.4850462671684128E-003
  0.73333333333333328       0.46666666666666667        3.5512457611771228E-003
  0.73333333333333328       0.50000000000000000        1.8720050563425534E-003
  0.73333333333333328       0.53333333333333333        9.4929627642605704E-004
  0.73333333333333328       0.56666666666666665        4.6278253892220440E-004
  0.73333333333333328       0.59999999999999998        2.1674221171938683E-004
  0.73333333333333328       0.63333333333333330        9.7455953892148004E-005
  0.73333333333333328       0.66666666666666663        4.2040893944766258E-005
  0.73333333333333328       0.69999999999999996        1.7387026859350086E-005
  0.73333333333333328       0.73333333333333328        6.8888688565016103E-006
  0.73333333333333328       0.76666666666666661        2.6127922824268512E-006
  0.73333333333333328       0.80000000000000004        9.4786130866634610E-007
  0.73333333333333328       0.83333333333333337        3.2862405870134412E-007
  0.73333333333333328       0.86666666666666670        1.0879603691454691E-007
  0.73333333333333328       0.90000000000000002        3.4401798007507572E-008
  0.73333333333333328       0.93333333333333335        1.0544579205824459E-008
  0.73333333333333328       0.96666666666666667        3.7665800045266186E-009
  0.73333333333333328        1.0000000000000000        3.7665800045266186E-009

  0.76666666666666661        0.0000000000000000       0.66913060635885835     
  0.76666666666666661        3.3333333333333333E-002  0.55304209466654086     
  0.76666666666666661        6.6666666666666666E-002  0.44650465616397839     
  0.76666666666666661       0.10000000000000001       0.35144966737917005     
  0.76666666666666661       0.13333333333333333       0.26922046463752652     
  0.76666666666666661       0.16666666666666666       0.20039311372874802     
  0.76666666666666661       0.20000000000000001       0.14473863399006112     
  0.76666666666666661       0.23333333333333334       0.10131552966237810     
  0.76666666666666661       0.26666666666666666        6.8655704395999301E-002
  0.76666666666666661       0.29999999999999999        4.4993802023527332E-002
  0.76666666666666661       0.33333333333333331        2.8491119807572178E-002
  0.76666666666666661       0.36666666666666664        1.7417421183979237E-002
  0.76666666666666661       0.40000000000000002        1.0271581074298056E-002
  0.76666666666666661       0.43333333333333335        5.8391618864170490E-003
  0.76666666666666661       0.46666666666666667        3.1975560456594426E-003
  0.76666666666666661       0.50000000000000000        1.6855609236768408E-003
  0.76666666666666661       0.53333333333333333        8.5475020653090201E-004
  0.76666666666666661       0.56666666666666665        4.1669126967597541E-004
  0.76666666666666661       0.59999999999999998        1.9515556400219455E-004
  0.76666666666666661       0.63333333333333330        8.7749735025393865E-005
  0.76666666666666661       0.66666666666666663        3.7853790933764106E-005
  0.76666666666666661       0.69999999999999996        1.5655349302473988E-005
  0.76666666666666661       0.73333333333333328        6.2027653790314868E-006
  0.76666666666666661       0.76666666666666661        2.3525687380073209E-006
  0.76666666666666661       0.80000000000000004        8.5345815575662139E-007
  0.76666666666666661       0.83333333333333337        2.9589443150826097E-007
  0.76666666666666661       0.86666666666666670        9.7960391641435142E-008
  0.76666666666666661       0.90000000000000002        3.0975518057077180E-008
  0.76666666666666661       0.93333333333333335        9.4943817623432493E-009
  0.76666666666666661       0.96666666666666667        3.3914438692471433E-009
  0.76666666666666661        1.0000000000000000        3.3914438692471433E-009

  0.80000000000000004        0.0000000000000000       0.58778525229247325     
  0.80000000000000004        3.3333333333333333E-002  0.48580947284840498     
  0.80000000000000004        6.6666666666666666E-002  0.39222365481269783     
  0.80000000000000004       0.10000000000000001       0.30872437973309941     
  0.80000000000000004       0.13333333333333333       0.23649167625191303     
  0.80000000000000004       0.16666666666666666       0.17603157857579160     
  0.80000000000000004       0.20000000000000001       0.12714294292897690     
  0.80000000000000004       0.23333333333333334        8.8998729990552139E-002
  0.80000000000000004       0.26666666666666666        6.0309318010895792E-002
  0.80000000000000004       0.29999999999999999        3.9523962919449998E-002
  0.80000000000000004       0.33333333333333331        2.5027490724594908E-002
  0.80000000000000004       0.36666666666666664        1.5300007513658656E-002
  0.80000000000000004       0.40000000000000002        9.0228780686814683E-003
  0.80000000000000004       0.43333333333333335        5.1293024261149199E-003
  0.80000000000000004       0.46666666666666667        2.8088332369738968E-003
  0.80000000000000004       0.50000000000000000        1.4806494328050248E-003
  0.80000000000000004       0.53333333333333333        7.5083931450501448E-004
  0.80000000000000004       0.56666666666666665        3.6603464368092231E-004
  0.80000000000000004       0.59999999999999998        1.7143075108686699E-004
  0.80000000000000004       0.63333333333333330        7.7082111698888940E-005
  0.80000000000000004       0.66666666666666663        3.3251953867876623E-005
  0.80000000000000004       0.69999999999999996        1.3752148462547526E-005
  0.80000000000000004       0.73333333333333328        5.4487031060565903E-006
  0.80000000000000004       0.76666666666666661        2.0665699581875241E-006
  0.80000000000000004       0.80000000000000004        7.4970433669482605E-007
  0.80000000000000004       0.83333333333333337        2.5992292300368277E-007
  0.80000000000000004       0.86666666666666670        8.6051471817969945E-008
  0.80000000000000004       0.90000000000000002        2.7209863848769583E-008
  0.80000000000000004       0.93333333333333335        8.3401618854466894E-009
  0.80000000000000004       0.96666666666666667        2.9791503652309408E-009
  0.80000000000000004        1.0000000000000000        2.9791503652309408E-009

  0.83333333333333337        0.0000000000000000       0.49999999999999994     
  0.83333333333333337        3.3333333333333333E-002  0.41325422078357410     
  0.83333333333333337        6.6666666666666666E-002  0.33364536902121289     
  0.83333333333333337       0.10000000000000001       0.26261664317794314     
  0.83333333333333337       0.13333333333333333       0.20117183557221874     
  0.83333333333333337       0.16666666666666666       0.14974140461098273     
  0.83333333333333337       0.20000000000000001       0.10815424717879148     
  0.83333333333333337       0.23333333333333334        7.5706841608768116E-002
  0.83333333333333337       0.26666666666666666        5.1302170117128745E-002
  0.83333333333333337       0.29999999999999999        3.3621091006706190E-002
  0.83333333333333337       0.33333333333333331        2.1289655215899841E-002
  0.83333333333333337       0.36666666666666664        1.3014963759286020E-002
  0.83333333333333337       0.40000000000000002        7.6753185227857838E-003
  0.83333333333333337       0.43333333333333335        4.3632452550567353E-003
  0.83333333333333337       0.46666666666666667        2.3893362635579226E-003
  0.83333333333333337       0.50000000000000000        1.2595156369015839E-003
  0.83333333333333337       0.53333333333333333        6.3870206982618205E-004
  0.83333333333333337       0.56666666666666665        3.1136766553202744E-004
  0.83333333333333337       0.59999999999999998        1.4582770698844078E-004
  0.83333333333333337       0.63333333333333330        6.5569960626142118E-005
  0.83333333333333337       0.66666666666666663        2.8285801436993990E-005
  0.83333333333333337       0.69999999999999996        1.1698276206243318E-005
  0.83333333333333337       0.73333333333333328        4.6349437016373088E-006
  0.83333333333333337       0.76666666666666661        1.7579294054482587E-006
  0.83333333333333337       0.80000000000000004        6.3773660003448360E-007
  0.83333333333333337       0.83333333333333337        2.2110364456230782E-007
  0.83333333333333337       0.86666666666666670        7.3199754061838912E-008
  0.83333333333333337       0.90000000000000002        2.3146092678104793E-008
  0.83333333333333337       0.93333333333333335        7.0945654496421001E-009
  0.83333333333333337       0.96666666666666667        2.5342166663859749E-009
  0.83333333333333337        1.0000000000000000        2.5342166663859749E-009

  0.86666666666666670        0.0000000000000000       0.40673664307580004     
  0.86666666666666670        3.3333333333333333E-002  0.33617126899683297     
  0.86666666666666670        6.6666666666666666E-002  0.27141159474694937     
  0.86666666666666670       0.10000000000000001       0.21363162372406366     
  0.86666666666666670       0.13333333333333333       0.16364791416408220     
  0.86666666666666670       0.16666666666666666       0.12181063248185255     
  0.86666666666666670       0.20000000000000001        8.7980590863783972E-002
  0.86666666666666670       0.23333333333333334        6.1585493227643312E-002
  0.86666666666666670       0.26666666666666666        4.1732944911889149E-002
  0.86666666666666670       0.29999999999999999        2.7349859385227306E-002
  0.86666666666666670       0.33333333333333331        1.7318565789512606E-002
  0.86666666666666670       0.36666666666666664        1.0587325338410385E-002
  0.86666666666666670       0.40000000000000002        6.2436665809907999E-003
  0.86666666666666670       0.43333333333333335        3.5493834559163807E-003
  0.86666666666666670       0.46666666666666667        1.9436612220376495E-003
  0.86666666666666670       0.50000000000000000        1.0245823241096575E-003
  0.86666666666666670       0.53333333333333333        5.1956707161333318E-004
  0.86666666666666670       0.56666666666666665        2.5328927808169078E-004
  0.86666666666666670       0.59999999999999998        1.1862694401583962E-004
  0.86666666666666670       0.63333333333333330        5.3339411343378879E-005
  0.86666666666666670       0.66666666666666663        2.3009743846383163E-005
  0.86666666666666670       0.69999999999999996        9.5162351878018271E-006
  0.86666666666666670       0.73333333333333328        3.7704028840985644E-006
  0.86666666666666670       0.76666666666666661        1.4300286102725241E-006
  0.86666666666666670       0.80000000000000004        5.1878168772920026E-007
  0.86666666666666670       0.83333333333333337        1.7986190832219594E-007
  0.86666666666666670       0.86666666666666670        5.9546044482173059E-008
  0.86666666666666670       0.90000000000000002        1.8828728072427404E-008
  0.86666666666666670       0.93333333333333335        5.7712394701379654E-009
  0.86666666666666670       0.96666666666666667        2.0615175594251529E-009
  0.86666666666666670        1.0000000000000000        2.0615175594251529E-009

  0.90000000000000002        0.0000000000000000       0.30901699437494751     
  0.90000000000000002        3.3333333333333333E-002  0.25540515443860201     
  0.90000000000000002        6.6666666666666666E-002  0.20620417824411078     
  0.90000000000000002       0.10000000000000001       0.16230601149537205     
  0.90000000000000002       0.13333333333333333       0.12433103196283633     
  0.90000000000000002       0.16666666666666666        9.2545277572737561E-002
  0.90000000000000002       0.20000000000000001        6.6843000784150564E-002
  0.90000000000000002       0.23333333333333334        4.6789401295123462E-002
  0.90000000000000002       0.26666666666666666        3.1706484829014739E-002
  0.90000000000000002       0.29999999999999999        2.0778976980997843E-002
  0.90000000000000002       0.33333333333333331        1.3157730532192581E-002
  0.90000000000000002       0.36666666666666664        8.0436899655868671E-003
  0.90000000000000002       0.40000000000000002        4.7436077215632496E-003
  0.90000000000000002       0.43333333333333335        2.6966338688767669E-003
  0.90000000000000002       0.46666666666666667        1.4766910214314727E-003
  0.90000000000000002       0.50000000000000000        7.7842347296715024E-004
  0.90000000000000002       0.53333333333333333        3.9473958783748915E-004
  0.90000000000000002       0.56666666666666665        1.9243580029650208E-004
  0.90000000000000002       0.59999999999999998        9.0126479420316960E-005
  0.90000000000000002       0.63333333333333330        4.0524464307948169E-005
  0.90000000000000002       0.66666666666666663        1.7481586687092904E-005
  0.90000000000000002       0.69999999999999996        7.2299323052425443E-006
  0.90000000000000002       0.73333333333333328        2.8645527435541085E-006
  0.90000000000000002       0.76666666666666661        1.0864601223899184E-006
  0.90000000000000002       0.80000000000000004        3.9414289469110829E-007
  0.90000000000000002       0.83333333333333337        1.3664956737598208E-007
  0.90000000000000002       0.86666666666666670        4.5239935978349619E-008
  0.90000000000000002       0.90000000000000002        1.4305071981823840E-008
  0.90000000000000002       0.93333333333333335        4.3846825832894981E-009
  0.90000000000000002       0.96666666666666667        1.5662320346829857E-009
  0.90000000000000002        1.0000000000000000        1.5662320346829857E-009

  0.93333333333333335        0.0000000000000000       0.20791169081775931     
  0.93333333333333335        3.3333333333333333E-002  0.17184076756137703     
  0.93333333333333335        6.6666666666666666E-002  0.13873754561343127     
  0.93333333333333335       0.10000000000000001       0.10920214064002068     
  0.93333333333333335       0.13333333333333333        8.3651952957464526E-002
  0.93333333333333335       0.16666666666666666        6.2265977236191289E-002
  0.93333333333333335       0.20000000000000001        4.4973064800128824E-002
  0.93333333333333335       0.23333333333333334        3.1480674890702547E-002
  0.93333333333333335       0.26666666666666666        2.1332641863345124E-002
  0.93333333333333335       0.29999999999999999        1.3980435756684093E-002
  0.93333333333333335       0.33333333333333331        8.8527364257297309E-003
  0.93333333333333335       0.36666666666666664        5.4119262422500361E-003
  0.93333333333333335       0.40000000000000002        3.1915769032745188E-003
  0.93333333333333335       0.43333333333333335        1.8143393968628231E-003
  0.93333333333333335       0.46666666666666667        9.9354188497703015E-004
  0.93333333333333335       0.50000000000000000        5.2373605135923069E-004
  0.93333333333333335       0.53333333333333333        2.6558725453272819E-004
  0.93333333333333335       0.56666666666666665        1.2947395561348479E-004
  0.93333333333333335       0.59999999999999998        6.0638570256087005E-005
  0.93333333333333335       0.63333333333333330        2.7265522761270226E-005
  0.93333333333333335       0.66666666666666663        1.1761897605801655E-005
  0.93333333333333335       0.69999999999999996        4.8644167713864227E-006
  0.93333333333333335       0.73333333333333328        1.9273179637050742E-006
  0.93333333333333335       0.76666666666666661        7.3098815005001176E-007
  0.93333333333333335       0.80000000000000004        2.6518578961907720E-007
  0.93333333333333335       0.83333333333333337        9.1940065173836597E-008
  0.93333333333333335       0.86666666666666670        3.0438169268882147E-008
  0.93333333333333335       0.90000000000000002        9.6246865290586542E-009
  0.93333333333333335       0.93333333333333335        2.9500861965046922E-009
  0.93333333333333335       0.96666666666666667        1.0537865440137072E-009
  0.93333333333333335        1.0000000000000000        1.0537865440137072E-009

  0.96666666666666667        0.0000000000000000       0.10452846326765373     
  0.96666666666666667        3.3333333333333333E-002   8.6393657274757257E-002
  0.96666666666666667        6.6666666666666666E-002   6.9750875400313092E-002
  0.96666666666666667       0.10000000000000001        5.4901828279800183E-002
  0.96666666666666667       0.13333333333333333        4.2056365650194182E-002
  0.96666666666666667       0.16666666666666666        3.1304477823051888E-002
  0.96666666666666667       0.20000000000000001        2.2610394506938039E-002
  0.96666666666666667       0.23333333333333334        1.5827039624424354E-002
  0.96666666666666667       0.26666666666666666        1.0725074009278404E-002
  0.96666666666666667       0.29999999999999999        7.0287219526258453E-003
  0.96666666666666667       0.33333333333333331        4.4507498864323871E-003
  0.96666666666666667       0.36666666666666664        2.7208683224847399E-003
  0.96666666666666667       0.40000000000000002        1.6045785005531082E-003
  0.96666666666666667       0.43333333333333335        9.1216664274192246E-004
  0.96666666666666667       0.46666666666666667        4.9950729571877331E-004
  0.96666666666666667       0.50000000000000000        2.6331046797380473E-004
  0.96666666666666667       0.53333333333333333        1.3352509168960063E-004
  0.96666666666666667       0.56666666666666665        6.5093567178599085E-005
  0.96666666666666667       0.59999999999999998        3.0486292226694732E-005
  0.96666666666666667       0.63333333333333330        1.3707854441542360E-005
  0.96666666666666667       0.66666666666666663        5.9133427130059326E-006
  0.96666666666666667       0.69999999999999996        2.4456056694383388E-006
  0.96666666666666667       0.73333333333333328        9.6896708492847451E-007
  0.96666666666666667       0.76666666666666661        3.6750731856905246E-007
  0.96666666666666667       0.80000000000000004        1.3332325354228550E-007
  0.96666666666666667       0.83333333333333337        4.6223248377951001E-008
  0.96666666666666667       0.86666666666666670        1.5302915607308393E-008
  0.96666666666666667       0.90000000000000002        4.8388509965859601E-009
  0.96666666666666667       0.93333333333333335        1.4831680480057554E-009
  0.96666666666666667       0.96666666666666667        5.2979554744920329E-010
  0.96666666666666667        1.0000000000000000        5.2979554744920329E-010

   1.0000000000000000        0.0000000000000000        1.2246467991473532E-016
   1.0000000000000000        3.3333333333333333E-002   0.0000000000000000     
   1.0000000000000000        6.6666666666666666E-002   0.0000000000000000     
   1.0000000000000000       0.10000000000000001        0.0000000000000000     
   1.0000000000000000       0.13333333333333333        0.0000000000000000     
   1.0000000000000000       0.16666666666666666        0.0000000000000000     
   1.0000000000000000       0.20000000000000001        0.0000000000000000     
   1.0000000000000000       0.23333333333333334        0.0000000000000000     
   1.0000000000000000       0.26666666666666666        0.0000000000000000     
   1.0000000000000000       0.29999999999999999        0.0000000000000000     
   1.0000000000000000       0.33333333333333331        0.0000000000000000     
   1.0000000000000000       0.36666666666666664        0.0000000000000000     
   1.0000000000000000       0.40000000000000002        0.0000000000000000     
   1.0000000000000000       0.43333333333333335        0.0000000000000000     
   1.0000000000000000       0.46666666666666667        0.0000000000000000     
   1.0000000000000000       0.50000000000000000        0.0000000000000000     
   1.0000000000000000       0.53333333333333333        0.0000000000000000     
   1.0000000000000000       0.56666666666666665        0.0000000000000000     
   1.0000000000000000       0.59999999999999998        0.0000000000000000     
   1.0000000000000000       0.63333333333333330        0.0000000000000000     
   1.0000000000000000       0.66666666666666663        0.0000000000000000     
   1.0000000000000000       0.69999999999999996        0.0000000000000000     
   1.0000000000000000       0.73333333333333328        0.0000000000000000     
   1.0000000000000000       0.76666666666666661        0.0000000000000000     
   1.0000000000000000       0.80000000000000004        0.0000000000000000     
   1.0000000000000000       0.83333333333333337        0.0000000000000000     
   1.0000000000000000       0.86666666666666670        0.0000000000000000     
   1.0000000000000000       0.90000000000000002        0.0000000000000000     
   1.0000000000000000       0.93333333333333335        0.0000000000000000     
   1.0000000000000000       0.96666666666666667        0.0000000000000000     
   1.0000000000000000        1.0000000000000000        0.0000000000000000     

