   0.0000000000000000        0.0000000000000000        0.0000000000000000     
   0.0000000000000000        3.3333333333333333E-002   0.0000000000000000     
   0.0000000000000000        6.6666666666666666E-002   0.0000000000000000     
   0.0000000000000000       0.10000000000000001        0.0000000000000000     
   0.0000000000000000       0.13333333333333333        0.0000000000000000     
   0.0000000000000000       0.16666666666666666        0.0000000000000000     
   0.0000000000000000       0.20000000000000001        0.0000000000000000     
   0.0000000000000000       0.23333333333333334        0.0000000000000000     
   0.0000000000000000       0.26666666666666666        0.0000000000000000     
   0.0000000000000000       0.29999999999999999        0.0000000000000000     
   0.0000000000000000       0.33333333333333331        0.0000000000000000     
   0.0000000000000000       0.36666666666666664        0.0000000000000000     
   0.0000000000000000       0.40000000000000002        0.0000000000000000     
   0.0000000000000000       0.43333333333333335        0.0000000000000000     
   0.0000000000000000       0.46666666666666667        0.0000000000000000     
   0.0000000000000000       0.50000000000000000        0.0000000000000000     
   0.0000000000000000       0.53333333333333333        0.0000000000000000     
   0.0000000000000000       0.56666666666666665        0.0000000000000000     
   0.0000000000000000       0.59999999999999998        0.0000000000000000     
   0.0000000000000000       0.63333333333333330        0.0000000000000000     
   0.0000000000000000       0.66666666666666663        0.0000000000000000     
   0.0000000000000000       0.69999999999999996        0.0000000000000000     
   0.0000000000000000       0.73333333333333328        0.0000000000000000     
   0.0000000000000000       0.76666666666666661        0.0000000000000000     
   0.0000000000000000       0.80000000000000004        0.0000000000000000     
   0.0000000000000000       0.83333333333333337        0.0000000000000000     
   0.0000000000000000       0.86666666666666670        0.0000000000000000     
   0.0000000000000000       0.90000000000000002        0.0000000000000000     
   0.0000000000000000       0.93333333333333335        0.0000000000000000     
   0.0000000000000000       0.96666666666666667        0.0000000000000000     
   0.0000000000000000        1.0000000000000000        0.0000000000000000     

   3.3333333333333333E-002   0.0000000000000000       0.10452846326765346     
   3.3333333333333333E-002   3.3333333333333333E-002   8.6751763019783490E-002
   3.3333333333333333E-002   6.6666666666666666E-002   7.0427413349431423E-002
   3.3333333333333333E-002  0.10000000000000001        5.5824658012249326E-002
   3.3333333333333333E-002  0.13333333333333333        4.3133489742080797E-002
   3.3333333333333333E-002  0.16666666666666666        3.2439019176900306E-002
   3.3333333333333333E-002  0.20000000000000001        2.3714597671166255E-002
   3.3333333333333333E-002  0.23333333333333334        1.6832584286554143E-002
   3.3333333333333333E-002  0.26666666666666666        1.1588259084030456E-002
   3.3333333333333333E-002  0.29999999999999999        7.7305168875305289E-003
   3.3333333333333333E-002  0.33333333333333331        4.9928679855748654E-003
   3.3333333333333333E-002  0.36666666666666664        3.1196224761573651E-003
   3.3333333333333333E-002  0.40000000000000002        1.8842932674342024E-003
   3.3333333333333333E-002  0.43333333333333335        1.0994946892834531E-003
   3.3333333333333333E-002  0.46666666666666667        6.1937631538584443E-004
   3.3333333333333333E-002  0.50000000000000000        3.3663741542285262E-004
   3.3333333333333333E-002  0.53333333333333333        1.7642223370007142E-004
   3.3333333333333333E-002  0.56666666666666665        8.9098077324956503E-005
   3.3333333333333333E-002  0.59999999999999998        4.3336084155925406E-005
   3.3333333333333333E-002  0.63333333333333330        2.0287955215353292E-005
   3.3333333333333333E-002  0.66666666666666663        9.1363239737300388E-006
   3.3333333333333333E-002  0.69999999999999996        3.9553123427637816E-006
   3.3333333333333333E-002  0.73333333333333328        1.6450900737671510E-006
   3.3333333333333333E-002  0.76666666666666661        6.5691886708581360E-007
   3.3333333333333333E-002  0.80000000000000004        2.5168009147904271E-007
   3.3333333333333333E-002  0.83333333333333337        9.2447192308624331E-008
   3.3333333333333333E-002  0.86666666666666670        3.2537154849337232E-008
   3.3333333333333333E-002  0.90000000000000002        1.0982025326957580E-008
   3.3333333333333333E-002  0.93333333333333335        3.6199972341662173E-009
   3.3333333333333333E-002  0.96666666666666667        1.4063562056362936E-009
   3.3333333333333333E-002   1.0000000000000000        1.4063562056362936E-009

   6.6666666666666666E-002   0.0000000000000000       0.20791169081775931     
   6.6666666666666666E-002   3.3333333333333333E-002  0.17255305556994871     
   6.6666666666666666E-002   6.6666666666666666E-002  0.14008320922032275     
   6.6666666666666666E-002  0.10000000000000001       0.11103768938925572     
   6.6666666666666666E-002  0.13333333333333333        8.5794399944284352E-002
   6.6666666666666666E-002  0.16666666666666666        6.4522629671397339E-002
   6.6666666666666666E-002  0.20000000000000001        4.7169373247648617E-002
   6.6666666666666666E-002  0.23333333333333334        3.3480747257220084E-002
   6.6666666666666666E-002  0.26666666666666666        2.3049554776537161E-002
   6.6666666666666666E-002  0.29999999999999999        1.5376336614326613E-002
   6.6666666666666666E-002  0.33333333333333331        9.9310330646749760E-003
   6.6666666666666666E-002  0.36666666666666664        6.2050657156429781E-003
   6.6666666666666666E-002  0.40000000000000002        3.7479418235166801E-003
   6.6666666666666666E-002  0.43333333333333335        2.1869430846670613E-003
   6.6666666666666666E-002  0.46666666666666667        1.2319666142474950E-003
   6.6666666666666666E-002  0.50000000000000000        6.6958656087642452E-004
   6.6666666666666666E-002  0.53333333333333333        3.5091154848899899E-004
   6.6666666666666666E-002  0.56666666666666665        1.7721997746976943E-004
   6.6666666666666666E-002  0.59999999999999998        8.6197369105179867E-005
   6.6666666666666666E-002  0.63333333333333330        4.0353631347839607E-005
   6.6666666666666666E-002  0.66666666666666663        1.8172548470105184E-005
   6.6666666666666666E-002  0.69999999999999996        7.8672894557979241E-006
   6.6666666666666666E-002  0.73333333333333328        3.2721561964288796E-006
   6.6666666666666666E-002  0.76666666666666661        1.3066403935947245E-006
   6.6666666666666666E-002  0.80000000000000004        5.0060272320839589E-007
   6.6666666666666666E-002  0.83333333333333337        1.8388151383249666E-007
   6.6666666666666666E-002  0.86666666666666670        6.4717825821307747E-008
   6.6666666666666666E-002  0.90000000000000002        2.1843729286296471E-008
   6.6666666666666666E-002  0.93333333333333335        7.2003330211017879E-009
   6.6666666666666666E-002  0.96666666666666667        2.7973040783846795E-009
   6.6666666666666666E-002   1.0000000000000000        2.7973040783846795E-009

  0.10000000000000001        0.0000000000000000       0.30901699437494740     
  0.10000000000000001        3.3333333333333333E-002  0.25646382073424129     
  0.10000000000000001        6.6666666666666666E-002  0.20820422413670014     
  0.10000000000000001       0.10000000000000001       0.16503416860518311     
  0.10000000000000001       0.13333333333333333       0.12751532874706589     
  0.10000000000000001       0.16666666666666666        9.5899316732986212E-002
  0.10000000000000001       0.20000000000000001        7.0107351300003798E-002
  0.10000000000000001       0.23333333333333334        4.9762088154639131E-002
  0.10000000000000001       0.26666666666666666        3.4258314723482695E-002
  0.10000000000000001       0.29999999999999999        2.2853689979470838E-002
  0.10000000000000001       0.33333333333333331        1.4760391667316233E-002
  0.10000000000000001       0.36666666666666664        9.2225249566545257E-003
  0.10000000000000001       0.40000000000000002        5.5705271446734594E-003
  0.10000000000000001       0.43333333333333335        3.2504308739677952E-003
  0.10000000000000001       0.46666666666666667        1.8310592290778618E-003
  0.10000000000000001       0.50000000000000000        9.9519957584903816E-004
  0.10000000000000001       0.53333333333333333        5.2155620291971863E-004
  0.10000000000000001       0.56666666666666665        2.6340021845575908E-004
  0.10000000000000001       0.59999999999999998        1.2811425764055884E-004
  0.10000000000000001       0.63333333333333330        5.9977184650738735E-005
  0.10000000000000001       0.66666666666666663        2.7009670722591608E-005
  0.10000000000000001       0.69999999999999996        1.1693070899218182E-005
  0.10000000000000001       0.73333333333333328        4.8633718910598273E-006
  0.10000000000000001       0.76666666666666661        1.9420460945193302E-006
  0.10000000000000001       0.80000000000000004        7.4404064674442343E-007
  0.10000000000000001       0.83333333333333337        2.7330119101113957E-007
  0.10000000000000001       0.86666666666666670        9.6189434750504293E-008
  0.10000000000000001       0.90000000000000002        3.2466108776480472E-008
  0.10000000000000001       0.93333333333333335        1.0701780452691613E-008
  0.10000000000000001       0.96666666666666667        4.1576041022767719E-009
  0.10000000000000001        1.0000000000000000        4.1576041022767719E-009

  0.13333333333333333        0.0000000000000000       0.40673664307580015     
  0.13333333333333333        3.3333333333333333E-002  0.33756471461006471     
  0.13333333333333333        6.6666666666666666E-002  0.27404411000390083     
  0.13333333333333333       0.10000000000000001       0.21722249893425208     
  0.13333333333333333       0.13333333333333333       0.16783917292379660     
  0.13333333333333333       0.16666666666666666       0.12622531081222632     
  0.13333333333333333       0.20000000000000001        9.2277218540609704E-002
  0.13333333333333333       0.23333333333333334        6.5498225200849525E-002
  0.13333333333333333       0.26666666666666666        4.5091733405304507E-002
  0.13333333333333333       0.29999999999999999        3.0080653534757890E-002
  0.13333333333333333       0.33333333333333331        1.9428032330039841E-002
  0.13333333333333333       0.36666666666666664        1.2138940284303547E-002
  0.13333333333333333       0.40000000000000002        7.3320806047254498E-003
  0.13333333333333333       0.43333333333333335        4.2783062624169484E-003
  0.13333333333333333       0.46666666666666667        2.4100903758206742E-003
  0.13333333333333333       0.50000000000000000        1.3099089760097498E-003
  0.13333333333333333       0.53333333333333333        6.8648657844859766E-004
  0.13333333333333333       0.56666666666666665        3.4669459152830815E-004
  0.13333333333333333       0.59999999999999998        1.6862749955959589E-004
  0.13333333333333333       0.63333333333333330        7.8943615367571589E-005
  0.13333333333333333       0.66666666666666663        3.5550869370504348E-005
  0.13333333333333333       0.69999999999999996        1.5390740610934210E-005
  0.13333333333333333       0.73333333333333328        6.4013034655263270E-006
  0.13333333333333333       0.76666666666666661        2.5561743320331099E-006
  0.13333333333333333       0.80000000000000004        9.7932670525420378E-007
  0.13333333333333333       0.83333333333333337        3.5972652314911342E-007
  0.13333333333333333       0.86666666666666670        1.2660717210364102E-007
  0.13333333333333333       0.90000000000000002        4.2732782784939317E-008
  0.13333333333333333       0.93333333333333335        1.4085976938150216E-008
  0.13333333333333333       0.96666666666666667        5.4723525455897269E-009
  0.13333333333333333        1.0000000000000000        5.4723525455897269E-009

  0.16666666666666666        0.0000000000000000       0.49999999999999994     
  0.16666666666666666        3.3333333333333333E-002  0.41496717883266243     
  0.16666666666666666        6.6666666666666666E-002  0.33688151125448201     
  0.16666666666666666       0.10000000000000001       0.26703089410826714     
  0.16666666666666666       0.13333333333333333       0.20632413599936916     
  0.16666666666666666       0.16666666666666666       0.15516835397186321     
  0.16666666666666666       0.20000000000000001       0.11343607726463528     
  0.16666666666666666       0.23333333333333334        8.0516749985374655E-002
  0.16666666666666666       0.26666666666666666        5.5431117619885957E-002
  0.16666666666666666       0.29999999999999999        3.6978047155136695E-002
  0.16666666666666666       0.33333333333333331        2.3882815404978393E-002
  0.16666666666666666       0.36666666666666664        1.4922358841961173E-002
  0.16666666666666666       0.40000000000000002        9.0133022553355608E-003
  0.16666666666666666       0.43333333333333335        5.2593076321619178E-003
  0.16666666666666666       0.46666666666666667        2.9627160680621603E-003
  0.16666666666666666       0.50000000000000000        1.6102667393132228E-003
  0.16666666666666666       0.53333333333333333        8.4389566336744181E-004
  0.16666666666666666       0.56666666666666665        4.2619050610556551E-004
  0.16666666666666666       0.59999999999999998        2.0729322330588512E-004
  0.16666666666666666       0.63333333333333330        9.7045123314423766E-005
  0.16666666666666666       0.66666666666666663        4.3702565254096157E-005
  0.16666666666666666       0.69999999999999996        1.8919786147797315E-005
  0.16666666666666666       0.73333333333333328        7.8691010196656503E-006
  0.16666666666666666       0.76666666666666661        3.1422965886512670E-006
  0.16666666666666666       0.80000000000000004        1.2038830554439307E-006
  0.16666666666666666       0.83333333333333337        4.4221061622185106E-007
  0.16666666666666666       0.86666666666666670        1.5563777478495621E-007
  0.16666666666666666       0.90000000000000002        5.2531267482796668E-008
  0.16666666666666666       0.93333333333333335        1.7315844512594268E-008
  0.16666666666666666       0.96666666666666667        6.7271447492498095E-009
  0.16666666666666666        1.0000000000000000        6.7271447492498095E-009

  0.20000000000000001        0.0000000000000000       0.58778525229247314     
  0.20000000000000001        3.3333333333333333E-002  0.48782317580650458     
  0.20000000000000001        6.6666666666666666E-002  0.39602796817077074     
  0.20000000000000001       0.10000000000000001       0.31391364292662494     
  0.20000000000000001       0.13333333333333333       0.24254856866483152     
  0.20000000000000001       0.16666666666666666       0.18241134017431881     
  0.20000000000000001       0.20000000000000001       0.13335210658812424     
  0.20000000000000001       0.23333333333333334        9.4653116407846835E-002
  0.20000000000000001       0.26666666666666666        6.5163186910116841E-002
  0.20000000000000001       0.29999999999999999        4.3470301552729983E-002
  0.20000000000000001       0.33333333333333331        2.8075933356539576E-002
  0.20000000000000001       0.36666666666666664        1.7542284913441931E-002
  0.20000000000000001       0.40000000000000002        1.0595772280281458E-002
  0.20000000000000001       0.43333333333333335        6.1826869269080448E-003
  0.20000000000000001       0.46666666666666667        3.4828816230737620E-003
  0.20000000000000001       0.50000000000000000        1.8929820832508013E-003
  0.20000000000000001       0.53333333333333333        9.9205885080191165E-004
  0.20000000000000001       0.56666666666666665        5.0101698831183327E-004
  0.20000000000000001       0.59999999999999998        2.4368779911873931E-004
  0.20000000000000001       0.63333333333333330        1.1408338458224547E-004
  0.20000000000000001       0.66666666666666663        5.1375446687414354E-005
  0.20000000000000001       0.69999999999999996        2.2241542548405365E-005
  0.20000000000000001       0.73333333333333328        9.2506830563182647E-006
  0.20000000000000001       0.76666666666666661        3.6939911862763251E-006
  0.20000000000000001       0.80000000000000004        1.4152494109494885E-006
  0.20000000000000001       0.83333333333333337        5.1984975724474155E-007
  0.20000000000000001       0.86666666666666670        1.8296317743642918E-007
  0.20000000000000001       0.90000000000000002        6.1754208621238063E-008
  0.20000000000000001       0.93333333333333335        2.0355996070984914E-008
  0.20000000000000001       0.96666666666666667        7.9082329472915702E-009
  0.20000000000000001        1.0000000000000000        7.9082329472915702E-009

  0.23333333333333334        0.0000000000000000       0.66913060635885824     
  0.23333333333333334        3.3333333333333333E-002  0.55533447998264840     
  0.23333333333333334        6.6666666666666666E-002  0.45083545979360018     
  0.23333333333333334       0.10000000000000001       0.35735708818242568     
  0.23333333333333334       0.13333333333333333       0.27611558845545087     
  0.23333333333333334       0.16666666666666666       0.20765578956179753     
  0.23333333333333334       0.20000000000000001       0.15180710232611139     
  0.23333333333333334       0.23333333333333334       0.10775244347951665     
  0.23333333333333334       0.26666666666666666        7.4181314688286967E-002
  0.23333333333333334       0.29999999999999999        4.9486286229766148E-002
  0.23333333333333334       0.33333333333333331        3.1961445506979748E-002
  0.23333333333333334       0.36666666666666664        1.9970014040451897E-002
  0.23333333333333334       0.40000000000000002        1.2062152806816696E-002
  0.23333333333333334       0.43333333333333335        7.0383274098725504E-003
  0.23333333333333334       0.46666666666666667        3.9648879981831310E-003
  0.23333333333333334       0.50000000000000000        2.1549575193523167E-003
  0.23333333333333334       0.53333333333333333        1.1293528338653343E-003
  0.23333333333333334       0.56666666666666665        5.7035422354961146E-004
  0.23333333333333334       0.59999999999999998        2.7741248040949820E-004
  0.23333333333333334       0.63333333333333330        1.2987172441510108E-004
  0.23333333333333334       0.66666666666666663        5.8485447975821850E-005
  0.23333333333333334       0.69999999999999996        2.5319615954511089E-005
  0.23333333333333334       0.73333333333333328        1.0530912673575972E-005
  0.23333333333333334       0.76666666666666661        4.2052136434471881E-006
  0.23333333333333334       0.80000000000000004        1.6111099977487046E-006
  0.23333333333333334       0.83333333333333337        5.9179331554170297E-007
  0.23333333333333334       0.86666666666666670        2.0828399722840233E-007
  0.23333333333333334       0.90000000000000002        7.0300557727126219E-008
  0.23333333333333334       0.93333333333333335        2.3173123076655821E-008
  0.23333333333333334       0.96666666666666667        9.0026768902586687E-009
  0.23333333333333334        1.0000000000000000        9.0026768902586687E-009

  0.26666666666666666        0.0000000000000000       0.74314482547739413     
  0.26666666666666666        3.3333333333333333E-002  0.61676142338489115     
  0.26666666666666666        6.6666666666666666E-002  0.50070350377554573     
  0.26666666666666666       0.10000000000000001       0.39688525439832145     
  0.26666666666666666       0.13333333333333333       0.30665742807805074     
  0.26666666666666666       0.16666666666666666       0.23062511866406965     
  0.26666666666666666       0.20000000000000001       0.16859886768333518     
  0.26666666666666666       0.23333333333333334       0.11967121223177644     
  0.26666666666666666       0.26666666666666666        8.2386696459294112E-002
  0.26666666666666666       0.29999999999999999        5.4960088799197837E-002
  0.26666666666666666       0.33333333333333331        3.5496781372082988E-002
  0.26666666666666666       0.36666666666666664        2.2178947514640578E-002
  0.26666666666666666       0.40000000000000002        1.3396377863032698E-002
  0.26666666666666666       0.43333333333333335        7.8168545048697934E-003
  0.26666666666666666       0.46666666666666667        4.4034542306782519E-003
  0.26666666666666666       0.50000000000000000        2.3933227899179551E-003
  0.26666666666666666       0.53333333333333333        1.2542733909486547E-003
  0.26666666666666666       0.56666666666666665        6.3344253855988561E-004
  0.26666666666666666       0.59999999999999998        3.0809777251259704E-004
  0.26666666666666666       0.63333333333333330        1.4423716245785931E-004
  0.26666666666666666       0.66666666666666663        6.4954670457339442E-005
  0.26666666666666666       0.69999999999999996        2.8120282349748916E-005
  0.26666666666666666       0.73333333333333328        1.1695763407846831E-005
  0.26666666666666666       0.76666666666666661        4.6703628999429141E-006
  0.26666666666666666       0.80000000000000004        1.7893189262661441E-006
  0.26666666666666666       0.83333333333333337        6.5725306243287685E-007
  0.26666666666666666       0.86666666666666670        2.3132281396051251E-007
  0.26666666666666666       0.90000000000000002        7.8076679211218497E-008
  0.26666666666666666       0.93333333333333335        2.5736360496611121E-008
  0.26666666666666666       0.96666666666666667        9.9984856212848383E-009
  0.26666666666666666        1.0000000000000000        9.9984856212848383E-009

  0.29999999999999999        0.0000000000000000       0.80901699437494745     
  0.29999999999999999        3.3333333333333333E-002  0.67143099956690377     
  0.29999999999999999        6.6666666666666666E-002  0.54508573539118221     
  0.29999999999999999       0.10000000000000001       0.43206506271345024     
  0.29999999999999999       0.13333333333333333       0.33383946474643511     
  0.29999999999999999       0.16666666666666666       0.25106767070484942     
  0.29999999999999999       0.20000000000000001       0.18354342856463909     
  0.29999999999999999       0.23333333333333334       0.13027883814001379     
  0.29999999999999999       0.26666666666666666        8.9689432343368652E-002
  0.29999999999999999       0.29999999999999999        5.9831737134607543E-002
  0.29999999999999999       0.33333333333333331        3.8643207072294627E-002
  0.29999999999999999       0.36666666666666664        2.4144883798615700E-002
  0.29999999999999999       0.40000000000000002        1.4583829400009020E-002
  0.29999999999999999       0.43333333333333335        8.5097385061297139E-003
  0.29999999999999999       0.46666666666666667        4.7937752971400219E-003
  0.29999999999999999       0.50000000000000000        2.6054663151622607E-003
  0.29999999999999999       0.53333333333333333        1.3654518662871602E-003
  0.29999999999999999       0.56666666666666665        6.8959072456132448E-004
  0.29999999999999999       0.59999999999999998        3.3540748094644393E-004
  0.29999999999999999       0.63333333333333330        1.5702230796516250E-004
  0.29999999999999999       0.66666666666666663        7.0712235976687758E-005
  0.29999999999999999       0.69999999999999996        3.0612857047015501E-005
  0.29999999999999999       0.73333333333333328        1.2732472910725478E-005
  0.29999999999999999       0.76666666666666661        5.0843426831705972E-006
  0.29999999999999999       0.80000000000000004        1.9479237021883541E-006
  0.29999999999999999       0.83333333333333337        7.1551180723299062E-007
  0.29999999999999999       0.86666666666666670        2.5182720953546044E-007
  0.29999999999999999       0.90000000000000002        8.4997376259277133E-008
  0.29999999999999999       0.93333333333333335        2.8017624965285879E-008
  0.29999999999999999       0.96666666666666667        1.0884748851526581E-008
  0.29999999999999999        1.0000000000000000        1.0884748851526581E-008

  0.33333333333333331        0.0000000000000000       0.86602540378443860     
  0.33333333333333331        3.3333333333333333E-002  0.71874423721169178     
  0.33333333333333331        6.6666666666666666E-002  0.58349589362334953     
  0.33333333333333331       0.10000000000000001       0.46251107578606349     
  0.33333333333333331       0.13333333333333333       0.35736388637865824     
  0.33333333333333331       0.16666666666666666       0.26875947280609913     
  0.33333333333333331       0.20000000000000001       0.19647704923365708     
  0.33333333333333331       0.23333333333333334       0.13945910183498952     
  0.33333333333333331       0.26666666666666666        9.6009512037968897E-002
  0.33333333333333331       0.29999999999999999        6.4047856437374553E-002
  0.33333333333333331       0.33333333333333331        4.1366249709211253E-002
  0.33333333333333331       0.36666666666666664        2.5846283683051429E-002
  0.33333333333333331       0.40000000000000002        1.5611497450216340E-002
  0.33333333333333331       0.43333333333333335        9.1093880315392117E-003
  0.33333333333333331       0.46666666666666667        5.1315747582843536E-003
  0.33333333333333331       0.50000000000000000        2.7890638062287700E-003
  0.33333333333333331       0.53333333333333333        1.4616701652394510E-003
  0.33333333333333331       0.56666666666666665        7.3818361027833319E-004
  0.33333333333333331       0.59999999999999998        3.5904239483051400E-004
  0.33333333333333331       0.63333333333333330        1.6808708420736897E-004
  0.33333333333333331       0.66666666666666663        7.5695063441188798E-005
  0.33333333333333331       0.69999999999999996        3.2770030876322799E-005
  0.33333333333333331       0.73333333333333328        1.3629682775952968E-005
  0.33333333333333331       0.76666666666666661        5.4426173439943550E-006
  0.33333333333333331       0.80000000000000004        2.0851866184001480E-006
  0.33333333333333331       0.83333333333333337        7.6593125494258803E-007
  0.33333333333333331       0.86666666666666670        2.6957253350450646E-007
  0.33333333333333331       0.90000000000000002        9.0986824266194665E-008
  0.33333333333333331       0.93333333333333335        2.9991922471776013E-008
  0.33333333333333331       0.96666666666666667        1.1651756495570866E-008
  0.33333333333333331        1.0000000000000000        1.1651756495570866E-008

  0.36666666666666664        0.0000000000000000       0.91354545764260087     
  0.36666666666666664        3.3333333333333333E-002  0.75818276258668715     
  0.36666666666666664        6.6666666666666666E-002  0.61551314874061369     
  0.36666666666666664       0.10000000000000001       0.48788972072569953     
  0.36666666666666664       0.13333333333333333       0.37697295448851592     
  0.36666666666666664       0.16666666666666666       0.28350668988174971     
  0.36666666666666664       0.20000000000000001       0.20725802623580533     
  0.36666666666666664       0.23333333333333334       0.14711142242656791     
  0.36666666666666664       0.26666666666666666       0.10127769142739912     
  0.36666666666666664       0.29999999999999999        6.7562254022138071E-002
  0.36666666666666664       0.33333333333333331        4.3636075057869497E-002
  0.36666666666666664       0.36666666666666664        2.7264506274773066E-002
  0.36666666666666664       0.40000000000000002        1.6468122667443224E-002
  0.36666666666666664       0.43333333333333335        9.6092331954131666E-003
  0.36666666666666664       0.46666666666666667        5.4131516125258666E-003
  0.36666666666666664       0.50000000000000000        2.9421037305851134E-003
  0.36666666666666664       0.53333333333333333        1.5418740999872315E-003
  0.36666666666666664       0.56666666666666665        7.7868880188628105E-004
  0.36666666666666664       0.59999999999999998        3.7874356510236937E-004
  0.36666666666666664       0.63333333333333330        1.7731026318051581E-004
  0.36666666666666664       0.66666666666666663        7.9848559950417805E-005
  0.36666666666666664       0.69999999999999996        3.4568169389779281E-005
  0.36666666666666664       0.73333333333333328        1.4377562984492629E-005
  0.36666666666666664       0.76666666666666661        5.7412615502564113E-006
  0.36666666666666664       0.80000000000000004        2.1996037936673969E-006
  0.36666666666666664       0.83333333333333337        8.0795899954161506E-007
  0.36666666666666664       0.86666666666666670        2.8436436438479774E-007
  0.36666666666666664       0.90000000000000002        9.5979401586234720E-008
  0.36666666666666664       0.93333333333333335        3.1637622199452099E-008
  0.36666666666666664       0.96666666666666667        1.2291105057162875E-008
  0.36666666666666664        1.0000000000000000        1.2291105057162875E-008

  0.40000000000000002        0.0000000000000000       0.95105651629515353     
  0.40000000000000002        3.3333333333333333E-002  0.78931447895483986     
  0.40000000000000002        6.6666666666666666E-002  0.64078671299586842     
  0.40000000000000002       0.10000000000000001       0.50792294378757719     
  0.40000000000000002       0.13333333333333333       0.39245182802233503     
  0.40000000000000002       0.16666666666666666       0.29514774833546698     
  0.40000000000000002       0.20000000000000001       0.21576824093098379     
  0.40000000000000002       0.23333333333333334       0.15315195948899651     
  0.40000000000000002       0.26666666666666666       0.10543625123583129     
  0.40000000000000002       0.29999999999999999        7.0336425413524459E-002
  0.40000000000000002       0.33333333333333331        4.5427814436757960E-002
  0.40000000000000002       0.36666666666666664        2.8384013230283556E-002
  0.40000000000000002       0.40000000000000002        1.7144319686549375E-002
  0.40000000000000002       0.43333333333333335        1.0003797589536855E-002
  0.40000000000000002       0.46666666666666667        5.6354208449257460E-003
  0.40000000000000002       0.50000000000000000        3.0629093507943796E-003
  0.40000000000000002       0.53333333333333333        1.6051849394376539E-003
  0.40000000000000002       0.56666666666666665        8.1066251602965507E-004
  0.40000000000000002       0.59999999999999998        3.9429514161777693E-004
  0.40000000000000002       0.63333333333333330        1.8459079380569893E-004
  0.40000000000000002       0.66666666666666663        8.3127218927444619E-005
  0.40000000000000002       0.69999999999999996        3.5987571805546840E-005
  0.40000000000000002       0.73333333333333328        1.4967919604275710E-005
  0.40000000000000002       0.76666666666666661        5.9770032935376386E-006
  0.40000000000000002       0.80000000000000004        2.2899216494745404E-006
  0.40000000000000002       0.83333333333333337        8.4113457626537346E-007
  0.40000000000000002       0.86666666666666670        2.9604063978182029E-007
  0.40000000000000002       0.90000000000000002        9.9920408497514974E-008
  0.40000000000000002       0.93333333333333335        3.2936693517712907E-008
  0.40000000000000002       0.96666666666666667        1.2795789699669518E-008
  0.40000000000000002        1.0000000000000000        1.2795789699669518E-008

  0.43333333333333335        0.0000000000000000       0.97814760073380569     
  0.43333333333333335        3.3333333333333333E-002  0.81179830071688963     
  0.43333333333333335        6.6666666666666666E-002  0.65903968393030032     
  0.43333333333333335       0.10000000000000001       0.52239125678760878     
  0.43333333333333335       0.13333333333333333       0.40363091720251676     
  0.43333333333333335       0.16666666666666666       0.30355510629478372     
  0.43333333333333335       0.20000000000000001       0.22191445362611517     
  0.43333333333333335       0.23333333333333334       0.15751453163415577     
  0.43333333333333335       0.26666666666666666       0.10843962941176964     
  0.43333333333333335       0.29999999999999999        7.2339976209236975E-002
  0.43333333333333335       0.33333333333333331        4.6721837174295990E-002
  0.43333333333333335       0.36666666666666664        2.9192538997106422E-002
  0.43333333333333335       0.40000000000000002        1.7632679951490156E-002
  0.43333333333333335       0.43333333333333335        1.0288758283840346E-002
  0.43333333333333335       0.46666666666666667        5.7959472272609931E-003
  0.43333333333333335       0.50000000000000000        3.1501570952013544E-003
  0.43333333333333335       0.53333333333333333        1.6509090367850530E-003
  0.43333333333333335       0.56666666666666665        8.3375444200537059E-004
  0.43333333333333335       0.59999999999999998        4.0552673805005712E-004
  0.43333333333333335       0.63333333333333330        1.8984890906583983E-004
  0.43333333333333335       0.66666666666666663        8.5495118698413464E-005
  0.43333333333333335       0.69999999999999996        3.7012686853729272E-005
  0.43333333333333335       0.73333333333333328        1.5394284564635800E-005
  0.43333333333333335       0.76666666666666661        6.1472597379665192E-006
  0.43333333333333335       0.80000000000000004        2.3551506444931282E-006
  0.43333333333333335       0.83333333333333337        8.6509450655284269E-007
  0.43333333333333335       0.86666666666666670        3.0447343197890664E-007
  0.43333333333333335       0.90000000000000002        1.0276666650360671E-007
  0.43333333333333335       0.93333333333333335        3.3874903529347433E-008
  0.43333333333333335       0.96666666666666667        1.3160280992535440E-008
  0.43333333333333335        1.0000000000000000        1.3160280992535440E-008

  0.46666666666666667        0.0000000000000000       0.99452189536827329     
  0.46666666666666667        3.3333333333333333E-002  0.82538789041656935     
  0.46666666666666667        6.6666666666666666E-002  0.67007207817467163     
  0.46666666666666667       0.10000000000000001       0.53113614186087699     
  0.46666666666666667       0.13333333333333333       0.41038774158862806     
  0.46666666666666667       0.16666666666666666       0.30863665098654508     
  0.46666666666666667       0.20000000000000001       0.22562932512873393     
  0.46666666666666667       0.23333333333333334       0.16015134160869637     
  0.46666666666666667       0.26666666666666666       0.11025492031542135     
  0.46666666666666667       0.29999999999999999        7.3550955087487879E-002
  0.46666666666666667       0.33333333333333331        4.7503965686579420E-002
  0.46666666666666667       0.36666666666666664        2.9681225197745482E-002
  0.46666666666666667       0.40000000000000002        1.7927852885006909E-002
  0.46666666666666667       0.43333333333333335        1.0460993189324995E-002
  0.46666666666666667       0.46666666666666667        5.8929719988944362E-003
  0.46666666666666667       0.50000000000000000        3.2028910592605516E-003
  0.46666666666666667       0.53333333333333333        1.6785454292505093E-003
  0.46666666666666667       0.56666666666666665        8.4771157984014141E-004
  0.46666666666666667       0.59999999999999998        4.1231529867833528E-004
  0.46666666666666667       0.63333333333333330        1.9302699994981707E-004
  0.46666666666666667       0.66666666666666663        8.6926316057918716E-005
  0.46666666666666667       0.69999999999999996        3.7632283159339585E-005
  0.46666666666666667       0.73333333333333328        1.5651986521844592E-005
  0.46666666666666667       0.76666666666666661        6.2501655183094359E-006
  0.46666666666666667       0.80000000000000004        2.3945761162036925E-006
  0.46666666666666667       0.83333333333333337        8.7957628039385502E-007
  0.46666666666666667       0.86666666666666670        3.0957034954007025E-007
  0.46666666666666667       0.90000000000000002        1.0448699140617739E-007
  0.46666666666666667       0.93333333333333335        3.4441973009135137E-008
  0.46666666666666667       0.96666666666666667        1.3380585492881300E-008
  0.46666666666666667        1.0000000000000000        1.3380585492881300E-008

  0.50000000000000000        0.0000000000000000        1.0000000000000000     
  0.50000000000000000        3.3333333333333333E-002  0.82993435766532486     
  0.50000000000000000        6.6666666666666666E-002  0.67376302250896403     
  0.50000000000000000       0.10000000000000001       0.53406178821653427     
  0.50000000000000000       0.13333333333333333       0.41264827199873833     
  0.50000000000000000       0.16666666666666666       0.31033670794372642     
  0.50000000000000000       0.20000000000000001       0.22687215452927051     
  0.50000000000000000       0.23333333333333334       0.16103349997074928     
  0.50000000000000000       0.26666666666666666       0.11086223523977190     
  0.50000000000000000       0.29999999999999999        7.3956094310273404E-002
  0.50000000000000000       0.33333333333333331        4.7765630809956799E-002
  0.50000000000000000       0.36666666666666664        2.9844717683922353E-002
  0.50000000000000000       0.40000000000000002        1.8026604510671122E-002
  0.50000000000000000       0.43333333333333335        1.0518615264323836E-002
  0.50000000000000000       0.46666666666666667        5.9254321361243206E-003
  0.50000000000000000       0.50000000000000000        3.2205334786264460E-003
  0.50000000000000000       0.53333333333333333        1.6877913267348838E-003
  0.50000000000000000       0.56666666666666665        8.5238101221113101E-004
  0.50000000000000000       0.59999999999999998        4.1458644661177024E-004
  0.50000000000000000       0.63333333333333330        1.9409024662884753E-004
  0.50000000000000000       0.66666666666666663        8.7405130508192301E-005
  0.50000000000000000       0.69999999999999996        3.7839572295594630E-005
  0.50000000000000000       0.73333333333333328        1.5738202039331301E-005
  0.50000000000000000       0.76666666666666661        6.2845931773025348E-006
  0.50000000000000000       0.80000000000000004        2.4077661108878618E-006
  0.50000000000000000       0.83333333333333337        8.8442123244370211E-007
  0.50000000000000000       0.86666666666666670        3.1127554956991248E-007
  0.50000000000000000       0.90000000000000002        1.0506253496559335E-007
  0.50000000000000000       0.93333333333333335        3.4631689025188542E-008
  0.50000000000000000       0.96666666666666667        1.3454289498499621E-008
  0.50000000000000000        1.0000000000000000        1.3454289498499621E-008

  0.53333333333333333        0.0000000000000000       0.99452189536827340     
  0.53333333333333333        3.3333333333333333E-002  0.82538789041656935     
  0.53333333333333333        6.6666666666666666E-002  0.67007207817467163     
  0.53333333333333333       0.10000000000000001       0.53113614186087699     
  0.53333333333333333       0.13333333333333333       0.41038774158862806     
  0.53333333333333333       0.16666666666666666       0.30863665098654508     
  0.53333333333333333       0.20000000000000001       0.22562932512873393     
  0.53333333333333333       0.23333333333333334       0.16015134160869637     
  0.53333333333333333       0.26666666666666666       0.11025492031542135     
  0.53333333333333333       0.29999999999999999        7.3550955087487879E-002
  0.53333333333333333       0.33333333333333331        4.7503965686579420E-002
  0.53333333333333333       0.36666666666666664        2.9681225197745482E-002
  0.53333333333333333       0.40000000000000002        1.7927852885006909E-002
  0.53333333333333333       0.43333333333333335        1.0460993189324995E-002
  0.53333333333333333       0.46666666666666667        5.8929719988944362E-003
  0.53333333333333333       0.50000000000000000        3.2028910592605511E-003
  0.53333333333333333       0.53333333333333333        1.6785454292505093E-003
  0.53333333333333333       0.56666666666666665        8.4771157984014141E-004
  0.53333333333333333       0.59999999999999998        4.1231529867833522E-004
  0.53333333333333333       0.63333333333333330        1.9302699994981707E-004
  0.53333333333333333       0.66666666666666663        8.6926316057918702E-005
  0.53333333333333333       0.69999999999999996        3.7632283159339578E-005
  0.53333333333333333       0.73333333333333328        1.5651986521844592E-005
  0.53333333333333333       0.76666666666666661        6.2501655183094359E-006
  0.53333333333333333       0.80000000000000004        2.3945761162036925E-006
  0.53333333333333333       0.83333333333333337        8.7957628039385491E-007
  0.53333333333333333       0.86666666666666670        3.0957034954007025E-007
  0.53333333333333333       0.90000000000000002        1.0448699140617739E-007
  0.53333333333333333       0.93333333333333335        3.4441973009135137E-008
  0.53333333333333333       0.96666666666666667        1.3380585492881300E-008
  0.53333333333333333        1.0000000000000000        1.3380585492881300E-008

  0.56666666666666665        0.0000000000000000       0.97814760073380569     
  0.56666666666666665        3.3333333333333333E-002  0.81179830071688963     
  0.56666666666666665        6.6666666666666666E-002  0.65903968393030032     
  0.56666666666666665       0.10000000000000001       0.52239125678760878     
  0.56666666666666665       0.13333333333333333       0.40363091720251676     
  0.56666666666666665       0.16666666666666666       0.30355510629478377     
  0.56666666666666665       0.20000000000000001       0.22191445362611517     
  0.56666666666666665       0.23333333333333334       0.15751453163415577     
  0.56666666666666665       0.26666666666666666       0.10843962941176966     
  0.56666666666666665       0.29999999999999999        7.2339976209236989E-002
  0.56666666666666665       0.33333333333333331        4.6721837174295990E-002
  0.56666666666666665       0.36666666666666664        2.9192538997106422E-002
  0.56666666666666665       0.40000000000000002        1.7632679951490156E-002
  0.56666666666666665       0.43333333333333335        1.0288758283840346E-002
  0.56666666666666665       0.46666666666666667        5.7959472272609931E-003
  0.56666666666666665       0.50000000000000000        3.1501570952013544E-003
  0.56666666666666665       0.53333333333333333        1.6509090367850530E-003
  0.56666666666666665       0.56666666666666665        8.3375444200537059E-004
  0.56666666666666665       0.59999999999999998        4.0552673805005707E-004
  0.56666666666666665       0.63333333333333330        1.8984890906583983E-004
  0.56666666666666665       0.66666666666666663        8.5495118698413464E-005
  0.56666666666666665       0.69999999999999996        3.7012686853729272E-005
  0.56666666666666665       0.73333333333333328        1.5394284564635800E-005
  0.56666666666666665       0.76666666666666661        6.1472597379665192E-006
  0.56666666666666665       0.80000000000000004        2.3551506444931282E-006
  0.56666666666666665       0.83333333333333337        8.6509450655284269E-007
  0.56666666666666665       0.86666666666666670        3.0447343197890664E-007
  0.56666666666666665       0.90000000000000002        1.0276666650360670E-007
  0.56666666666666665       0.93333333333333335        3.3874903529347440E-008
  0.56666666666666665       0.96666666666666667        1.3160280992535440E-008
  0.56666666666666665        1.0000000000000000        1.3160280992535440E-008

  0.59999999999999998        0.0000000000000000       0.95105651629515364     
  0.59999999999999998        3.3333333333333333E-002  0.78931447895483997     
  0.59999999999999998        6.6666666666666666E-002  0.64078671299586865     
  0.59999999999999998       0.10000000000000001       0.50792294378757719     
  0.59999999999999998       0.13333333333333333       0.39245182802233514     
  0.59999999999999998       0.16666666666666666       0.29514774833546698     
  0.59999999999999998       0.20000000000000001       0.21576824093098379     
  0.59999999999999998       0.23333333333333334       0.15315195948899654     
  0.59999999999999998       0.26666666666666666       0.10543625123583129     
  0.59999999999999998       0.29999999999999999        7.0336425413524445E-002
  0.59999999999999998       0.33333333333333331        4.5427814436757967E-002
  0.59999999999999998       0.36666666666666664        2.8384013230283556E-002
  0.59999999999999998       0.40000000000000002        1.7144319686549375E-002
  0.59999999999999998       0.43333333333333335        1.0003797589536855E-002
  0.59999999999999998       0.46666666666666667        5.6354208449257460E-003
  0.59999999999999998       0.50000000000000000        3.0629093507943800E-003
  0.59999999999999998       0.53333333333333333        1.6051849394376539E-003
  0.59999999999999998       0.56666666666666665        8.1066251602965496E-004
  0.59999999999999998       0.59999999999999998        3.9429514161777699E-004
  0.59999999999999998       0.63333333333333330        1.8459079380569893E-004
  0.59999999999999998       0.66666666666666663        8.3127218927444619E-005
  0.59999999999999998       0.69999999999999996        3.5987571805546840E-005
  0.59999999999999998       0.73333333333333328        1.4967919604275712E-005
  0.59999999999999998       0.76666666666666661        5.9770032935376386E-006
  0.59999999999999998       0.80000000000000004        2.2899216494745404E-006
  0.59999999999999998       0.83333333333333337        8.4113457626537346E-007
  0.59999999999999998       0.86666666666666670        2.9604063978182034E-007
  0.59999999999999998       0.90000000000000002        9.9920408497514974E-008
  0.59999999999999998       0.93333333333333335        3.2936693517712914E-008
  0.59999999999999998       0.96666666666666667        1.2795789699669518E-008
  0.59999999999999998        1.0000000000000000        1.2795789699669518E-008

  0.63333333333333330        0.0000000000000000       0.91354545764260098     
  0.63333333333333330        3.3333333333333333E-002  0.75818276258668738     
  0.63333333333333330        6.6666666666666666E-002  0.61551314874061369     
  0.63333333333333330       0.10000000000000001       0.48788972072569964     
  0.63333333333333330       0.13333333333333333       0.37697295448851598     
  0.63333333333333330       0.16666666666666666       0.28350668988174976     
  0.63333333333333330       0.20000000000000001       0.20725802623580536     
  0.63333333333333330       0.23333333333333334       0.14711142242656794     
  0.63333333333333330       0.26666666666666666       0.10127769142739912     
  0.63333333333333330       0.29999999999999999        6.7562254022138071E-002
  0.63333333333333330       0.33333333333333331        4.3636075057869497E-002
  0.63333333333333330       0.36666666666666664        2.7264506274773066E-002
  0.63333333333333330       0.40000000000000002        1.6468122667443224E-002
  0.63333333333333330       0.43333333333333335        9.6092331954131666E-003
  0.63333333333333330       0.46666666666666667        5.4131516125258674E-003
  0.63333333333333330       0.50000000000000000        2.9421037305851138E-003
  0.63333333333333330       0.53333333333333333        1.5418740999872320E-003
  0.63333333333333330       0.56666666666666665        7.7868880188628115E-004
  0.63333333333333330       0.59999999999999998        3.7874356510236943E-004
  0.63333333333333330       0.63333333333333330        1.7731026318051581E-004
  0.63333333333333330       0.66666666666666663        7.9848559950417805E-005
  0.63333333333333330       0.69999999999999996        3.4568169389779281E-005
  0.63333333333333330       0.73333333333333328        1.4377562984492629E-005
  0.63333333333333330       0.76666666666666661        5.7412615502564113E-006
  0.63333333333333330       0.80000000000000004        2.1996037936673969E-006
  0.63333333333333330       0.83333333333333337        8.0795899954161506E-007
  0.63333333333333330       0.86666666666666670        2.8436436438479774E-007
  0.63333333333333330       0.90000000000000002        9.5979401586234746E-008
  0.63333333333333330       0.93333333333333335        3.1637622199452099E-008
  0.63333333333333330       0.96666666666666667        1.2291105057162876E-008
  0.63333333333333330        1.0000000000000000        1.2291105057162876E-008

  0.66666666666666663        0.0000000000000000       0.86602540378443871     
  0.66666666666666663        3.3333333333333333E-002  0.71874423721169167     
  0.66666666666666663        6.6666666666666666E-002  0.58349589362334953     
  0.66666666666666663       0.10000000000000001       0.46251107578606349     
  0.66666666666666663       0.13333333333333333       0.35736388637865835     
  0.66666666666666663       0.16666666666666666       0.26875947280609913     
  0.66666666666666663       0.20000000000000001       0.19647704923365711     
  0.66666666666666663       0.23333333333333334       0.13945910183498955     
  0.66666666666666663       0.26666666666666666        9.6009512037968897E-002
  0.66666666666666663       0.29999999999999999        6.4047856437374553E-002
  0.66666666666666663       0.33333333333333331        4.1366249709211260E-002
  0.66666666666666663       0.36666666666666664        2.5846283683051429E-002
  0.66666666666666663       0.40000000000000002        1.5611497450216340E-002
  0.66666666666666663       0.43333333333333335        9.1093880315392117E-003
  0.66666666666666663       0.46666666666666667        5.1315747582843544E-003
  0.66666666666666663       0.50000000000000000        2.7890638062287704E-003
  0.66666666666666663       0.53333333333333333        1.4616701652394512E-003
  0.66666666666666663       0.56666666666666665        7.3818361027833341E-004
  0.66666666666666663       0.59999999999999998        3.5904239483051405E-004
  0.66666666666666663       0.63333333333333330        1.6808708420736900E-004
  0.66666666666666663       0.66666666666666663        7.5695063441188812E-005
  0.66666666666666663       0.69999999999999996        3.2770030876322799E-005
  0.66666666666666663       0.73333333333333328        1.3629682775952966E-005
  0.66666666666666663       0.76666666666666661        5.4426173439943550E-006
  0.66666666666666663       0.80000000000000004        2.0851866184001480E-006
  0.66666666666666663       0.83333333333333337        7.6593125494258803E-007
  0.66666666666666663       0.86666666666666670        2.6957253350450646E-007
  0.66666666666666663       0.90000000000000002        9.0986824266194678E-008
  0.66666666666666663       0.93333333333333335        2.9991922471776020E-008
  0.66666666666666663       0.96666666666666667        1.1651756495570866E-008
  0.66666666666666663        1.0000000000000000        1.1651756495570866E-008

  0.69999999999999996        0.0000000000000000       0.80901699437494745     
  0.69999999999999996        3.3333333333333333E-002  0.67143099956690389     
  0.69999999999999996        6.6666666666666666E-002  0.54508573539118221     
  0.69999999999999996       0.10000000000000001       0.43206506271345030     
  0.69999999999999996       0.13333333333333333       0.33383946474643517     
  0.69999999999999996       0.16666666666666666       0.25106767070484948     
  0.69999999999999996       0.20000000000000001       0.18354342856463912     
  0.69999999999999996       0.23333333333333334       0.13027883814001379     
  0.69999999999999996       0.26666666666666666        8.9689432343368666E-002
  0.69999999999999996       0.29999999999999999        5.9831737134607543E-002
  0.69999999999999996       0.33333333333333331        3.8643207072294634E-002
  0.69999999999999996       0.36666666666666664        2.4144883798615700E-002
  0.69999999999999996       0.40000000000000002        1.4583829400009022E-002
  0.69999999999999996       0.43333333333333335        8.5097385061297139E-003
  0.69999999999999996       0.46666666666666667        4.7937752971400228E-003
  0.69999999999999996       0.50000000000000000        2.6054663151622612E-003
  0.69999999999999996       0.53333333333333333        1.3654518662871604E-003
  0.69999999999999996       0.56666666666666665        6.8959072456132469E-004
  0.69999999999999996       0.59999999999999998        3.3540748094644399E-004
  0.69999999999999996       0.63333333333333330        1.5702230796516253E-004
  0.69999999999999996       0.66666666666666663        7.0712235976687772E-005
  0.69999999999999996       0.69999999999999996        3.0612857047015501E-005
  0.69999999999999996       0.73333333333333328        1.2732472910725478E-005
  0.69999999999999996       0.76666666666666661        5.0843426831705972E-006
  0.69999999999999996       0.80000000000000004        1.9479237021883541E-006
  0.69999999999999996       0.83333333333333337        7.1551180723299062E-007
  0.69999999999999996       0.86666666666666670        2.5182720953546049E-007
  0.69999999999999996       0.90000000000000002        8.4997376259277147E-008
  0.69999999999999996       0.93333333333333335        2.8017624965285883E-008
  0.69999999999999996       0.96666666666666667        1.0884748851526583E-008
  0.69999999999999996        1.0000000000000000        1.0884748851526583E-008

  0.73333333333333328        0.0000000000000000       0.74314482547739447     
  0.73333333333333328        3.3333333333333333E-002  0.61676142338489126     
  0.73333333333333328        6.6666666666666666E-002  0.50070350377554584     
  0.73333333333333328       0.10000000000000001       0.39688525439832151     
  0.73333333333333328       0.13333333333333333       0.30665742807805080     
  0.73333333333333328       0.16666666666666666       0.23062511866406971     
  0.73333333333333328       0.20000000000000001       0.16859886768333521     
  0.73333333333333328       0.23333333333333334       0.11967121223177649     
  0.73333333333333328       0.26666666666666666        8.2386696459294126E-002
  0.73333333333333328       0.29999999999999999        5.4960088799197844E-002
  0.73333333333333328       0.33333333333333331        3.5496781372082988E-002
  0.73333333333333328       0.36666666666666664        2.2178947514640574E-002
  0.73333333333333328       0.40000000000000002        1.3396377863032698E-002
  0.73333333333333328       0.43333333333333335        7.8168545048697934E-003
  0.73333333333333328       0.46666666666666667        4.4034542306782519E-003
  0.73333333333333328       0.50000000000000000        2.3933227899179551E-003
  0.73333333333333328       0.53333333333333333        1.2542733909486547E-003
  0.73333333333333328       0.56666666666666665        6.3344253855988561E-004
  0.73333333333333328       0.59999999999999998        3.0809777251259704E-004
  0.73333333333333328       0.63333333333333330        1.4423716245785931E-004
  0.73333333333333328       0.66666666666666663        6.4954670457339442E-005
  0.73333333333333328       0.69999999999999996        2.8120282349748916E-005
  0.73333333333333328       0.73333333333333328        1.1695763407846831E-005
  0.73333333333333328       0.76666666666666661        4.6703628999429141E-006
  0.73333333333333328       0.80000000000000004        1.7893189262661443E-006
  0.73333333333333328       0.83333333333333337        6.5725306243287685E-007
  0.73333333333333328       0.86666666666666670        2.3132281396051254E-007
  0.73333333333333328       0.90000000000000002        7.8076679211218510E-008
  0.73333333333333328       0.93333333333333335        2.5736360496611124E-008
  0.73333333333333328       0.96666666666666667        9.9984856212848400E-009
  0.73333333333333328        1.0000000000000000        9.9984856212848400E-009

  0.76666666666666661        0.0000000000000000       0.66913060635885835     
  0.76666666666666661        3.3333333333333333E-002  0.55533447998264851     
  0.76666666666666661        6.6666666666666666E-002  0.45083545979360029     
  0.76666666666666661       0.10000000000000001       0.35735708818242579     
  0.76666666666666661       0.13333333333333333       0.27611558845545092     
  0.76666666666666661       0.16666666666666666       0.20765578956179762     
  0.76666666666666661       0.20000000000000001       0.15180710232611141     
  0.76666666666666661       0.23333333333333334       0.10775244347951667     
  0.76666666666666661       0.26666666666666666        7.4181314688286967E-002
  0.76666666666666661       0.29999999999999999        4.9486286229766155E-002
  0.76666666666666661       0.33333333333333331        3.1961445506979748E-002
  0.76666666666666661       0.36666666666666664        1.9970014040451900E-002
  0.76666666666666661       0.40000000000000002        1.2062152806816695E-002
  0.76666666666666661       0.43333333333333335        7.0383274098725513E-003
  0.76666666666666661       0.46666666666666667        3.9648879981831319E-003
  0.76666666666666661       0.50000000000000000        2.1549575193523167E-003
  0.76666666666666661       0.53333333333333333        1.1293528338653343E-003
  0.76666666666666661       0.56666666666666665        5.7035422354961146E-004
  0.76666666666666661       0.59999999999999998        2.7741248040949820E-004
  0.76666666666666661       0.63333333333333330        1.2987172441510108E-004
  0.76666666666666661       0.66666666666666663        5.8485447975821850E-005
  0.76666666666666661       0.69999999999999996        2.5319615954511089E-005
  0.76666666666666661       0.73333333333333328        1.0530912673575972E-005
  0.76666666666666661       0.76666666666666661        4.2052136434471881E-006
  0.76666666666666661       0.80000000000000004        1.6111099977487046E-006
  0.76666666666666661       0.83333333333333337        5.9179331554170308E-007
  0.76666666666666661       0.86666666666666670        2.0828399722840233E-007
  0.76666666666666661       0.90000000000000002        7.0300557727126219E-008
  0.76666666666666661       0.93333333333333335        2.3173123076655821E-008
  0.76666666666666661       0.96666666666666667        9.0026768902586703E-009
  0.76666666666666661        1.0000000000000000        9.0026768902586703E-009

  0.80000000000000004        0.0000000000000000       0.58778525229247325     
  0.80000000000000004        3.3333333333333333E-002  0.48782317580650469     
  0.80000000000000004        6.6666666666666666E-002  0.39602796817077079     
  0.80000000000000004       0.10000000000000001       0.31391364292662499     
  0.80000000000000004       0.13333333333333333       0.24254856866483154     
  0.80000000000000004       0.16666666666666666       0.18241134017431881     
  0.80000000000000004       0.20000000000000001       0.13335210658812427     
  0.80000000000000004       0.23333333333333334        9.4653116407846849E-002
  0.80000000000000004       0.26666666666666666        6.5163186910116855E-002
  0.80000000000000004       0.29999999999999999        4.3470301552729990E-002
  0.80000000000000004       0.33333333333333331        2.8075933356539580E-002
  0.80000000000000004       0.36666666666666664        1.7542284913441931E-002
  0.80000000000000004       0.40000000000000002        1.0595772280281459E-002
  0.80000000000000004       0.43333333333333335        6.1826869269080457E-003
  0.80000000000000004       0.46666666666666667        3.4828816230737620E-003
  0.80000000000000004       0.50000000000000000        1.8929820832508015E-003
  0.80000000000000004       0.53333333333333333        9.9205885080191165E-004
  0.80000000000000004       0.56666666666666665        5.0101698831183338E-004
  0.80000000000000004       0.59999999999999998        2.4368779911873933E-004
  0.80000000000000004       0.63333333333333330        1.1408338458224547E-004
  0.80000000000000004       0.66666666666666663        5.1375446687414354E-005
  0.80000000000000004       0.69999999999999996        2.2241542548405368E-005
  0.80000000000000004       0.73333333333333328        9.2506830563182647E-006
  0.80000000000000004       0.76666666666666661        3.6939911862763251E-006
  0.80000000000000004       0.80000000000000004        1.4152494109494885E-006
  0.80000000000000004       0.83333333333333337        5.1984975724474155E-007
  0.80000000000000004       0.86666666666666670        1.8296317743642918E-007
  0.80000000000000004       0.90000000000000002        6.1754208621238076E-008
  0.80000000000000004       0.93333333333333335        2.0355996070984917E-008
  0.80000000000000004       0.96666666666666667        7.9082329472915718E-009
  0.80000000000000004        1.0000000000000000        7.9082329472915718E-009

  0.83333333333333337        0.0000000000000000       0.49999999999999994     
  0.83333333333333337        3.3333333333333333E-002  0.41496717883266243     
  0.83333333333333337        6.6666666666666666E-002  0.33688151125448207     
  0.83333333333333337       0.10000000000000001       0.26703089410826719     
  0.83333333333333337       0.13333333333333333       0.20632413599936919     
  0.83333333333333337       0.16666666666666666       0.15516835397186327     
  0.83333333333333337       0.20000000000000001       0.11343607726463530     
  0.83333333333333337       0.23333333333333334        8.0516749985374669E-002
  0.83333333333333337       0.26666666666666666        5.5431117619885971E-002
  0.83333333333333337       0.29999999999999999        3.6978047155136709E-002
  0.83333333333333337       0.33333333333333331        2.3882815404978396E-002
  0.83333333333333337       0.36666666666666664        1.4922358841961175E-002
  0.83333333333333337       0.40000000000000002        9.0133022553355608E-003
  0.83333333333333337       0.43333333333333335        5.2593076321619196E-003
  0.83333333333333337       0.46666666666666667        2.9627160680621603E-003
  0.83333333333333337       0.50000000000000000        1.6102667393132228E-003
  0.83333333333333337       0.53333333333333333        8.4389566336744181E-004
  0.83333333333333337       0.56666666666666665        4.2619050610556551E-004
  0.83333333333333337       0.59999999999999998        2.0729322330588512E-004
  0.83333333333333337       0.63333333333333330        9.7045123314423766E-005
  0.83333333333333337       0.66666666666666663        4.3702565254096150E-005
  0.83333333333333337       0.69999999999999996        1.8919786147797315E-005
  0.83333333333333337       0.73333333333333328        7.8691010196656503E-006
  0.83333333333333337       0.76666666666666661        3.1422965886512670E-006
  0.83333333333333337       0.80000000000000004        1.2038830554439309E-006
  0.83333333333333337       0.83333333333333337        4.4221061622185106E-007
  0.83333333333333337       0.86666666666666670        1.5563777478495621E-007
  0.83333333333333337       0.90000000000000002        5.2531267482796668E-008
  0.83333333333333337       0.93333333333333335        1.7315844512594268E-008
  0.83333333333333337       0.96666666666666667        6.7271447492498095E-009
  0.83333333333333337        1.0000000000000000        6.7271447492498095E-009

  0.86666666666666670        0.0000000000000000       0.40673664307580004     
  0.86666666666666670        3.3333333333333333E-002  0.33756471461006471     
  0.86666666666666670        6.6666666666666666E-002  0.27404411000390089     
  0.86666666666666670       0.10000000000000001       0.21722249893425211     
  0.86666666666666670       0.13333333333333333       0.16783917292379660     
  0.86666666666666670       0.16666666666666666       0.12622531081222635     
  0.86666666666666670       0.20000000000000001        9.2277218540609718E-002
  0.86666666666666670       0.23333333333333334        6.5498225200849539E-002
  0.86666666666666670       0.26666666666666666        4.5091733405304521E-002
  0.86666666666666670       0.29999999999999999        3.0080653534757893E-002
  0.86666666666666670       0.33333333333333331        1.9428032330039844E-002
  0.86666666666666670       0.36666666666666664        1.2138940284303547E-002
  0.86666666666666670       0.40000000000000002        7.3320806047254506E-003
  0.86666666666666670       0.43333333333333335        4.2783062624169484E-003
  0.86666666666666670       0.46666666666666667        2.4100903758206742E-003
  0.86666666666666670       0.50000000000000000        1.3099089760097498E-003
  0.86666666666666670       0.53333333333333333        6.8648657844859766E-004
  0.86666666666666670       0.56666666666666665        3.4669459152830815E-004
  0.86666666666666670       0.59999999999999998        1.6862749955959592E-004
  0.86666666666666670       0.63333333333333330        7.8943615367571603E-005
  0.86666666666666670       0.66666666666666663        3.5550869370504355E-005
  0.86666666666666670       0.69999999999999996        1.5390740610934213E-005
  0.86666666666666670       0.73333333333333328        6.4013034655263270E-006
  0.86666666666666670       0.76666666666666661        2.5561743320331099E-006
  0.86666666666666670       0.80000000000000004        9.7932670525420378E-007
  0.86666666666666670       0.83333333333333337        3.5972652314911342E-007
  0.86666666666666670       0.86666666666666670        1.2660717210364102E-007
  0.86666666666666670       0.90000000000000002        4.2732782784939317E-008
  0.86666666666666670       0.93333333333333335        1.4085976938150216E-008
  0.86666666666666670       0.96666666666666667        5.4723525455897269E-009
  0.86666666666666670        1.0000000000000000        5.4723525455897269E-009

  0.90000000000000002        0.0000000000000000       0.30901699437494751     
  0.90000000000000002        3.3333333333333333E-002  0.25646382073424129     
  0.90000000000000002        6.6666666666666666E-002  0.20820422413670014     
  0.90000000000000002       0.10000000000000001       0.16503416860518313     
  0.90000000000000002       0.13333333333333333       0.12751532874706595     
  0.90000000000000002       0.16666666666666666        9.5899316732986226E-002
  0.90000000000000002       0.20000000000000001        7.0107351300003812E-002
  0.90000000000000002       0.23333333333333334        4.9762088154639145E-002
  0.90000000000000002       0.26666666666666666        3.4258314723482702E-002
  0.90000000000000002       0.29999999999999999        2.2853689979470841E-002
  0.90000000000000002       0.33333333333333331        1.4760391667316235E-002
  0.90000000000000002       0.36666666666666664        9.2225249566545275E-003
  0.90000000000000002       0.40000000000000002        5.5705271446734603E-003
  0.90000000000000002       0.43333333333333335        3.2504308739677956E-003
  0.90000000000000002       0.46666666666666667        1.8310592290778618E-003
  0.90000000000000002       0.50000000000000000        9.9519957584903816E-004
  0.90000000000000002       0.53333333333333333        5.2155620291971863E-004
  0.90000000000000002       0.56666666666666665        2.6340021845575908E-004
  0.90000000000000002       0.59999999999999998        1.2811425764055884E-004
  0.90000000000000002       0.63333333333333330        5.9977184650738742E-005
  0.90000000000000002       0.66666666666666663        2.7009670722591608E-005
  0.90000000000000002       0.69999999999999996        1.1693070899218182E-005
  0.90000000000000002       0.73333333333333328        4.8633718910598273E-006
  0.90000000000000002       0.76666666666666661        1.9420460945193302E-006
  0.90000000000000002       0.80000000000000004        7.4404064674442343E-007
  0.90000000000000002       0.83333333333333337        2.7330119101113957E-007
  0.90000000000000002       0.86666666666666670        9.6189434750504293E-008
  0.90000000000000002       0.90000000000000002        3.2466108776480478E-008
  0.90000000000000002       0.93333333333333335        1.0701780452691613E-008
  0.90000000000000002       0.96666666666666667        4.1576041022767711E-009
  0.90000000000000002        1.0000000000000000        4.1576041022767711E-009

  0.93333333333333335        0.0000000000000000       0.20791169081775931     
  0.93333333333333335        3.3333333333333333E-002  0.17255305556994874     
  0.93333333333333335        6.6666666666666666E-002  0.14008320922032280     
  0.93333333333333335       0.10000000000000001       0.11103768938925576     
  0.93333333333333335       0.13333333333333333        8.5794399944284366E-002
  0.93333333333333335       0.16666666666666666        6.4522629671397339E-002
  0.93333333333333335       0.20000000000000001        4.7169373247648624E-002
  0.93333333333333335       0.23333333333333334        3.3480747257220091E-002
  0.93333333333333335       0.26666666666666666        2.3049554776537164E-002
  0.93333333333333335       0.29999999999999999        1.5376336614326615E-002
  0.93333333333333335       0.33333333333333331        9.9310330646749760E-003
  0.93333333333333335       0.36666666666666664        6.2050657156429781E-003
  0.93333333333333335       0.40000000000000002        3.7479418235166805E-003
  0.93333333333333335       0.43333333333333335        2.1869430846670618E-003
  0.93333333333333335       0.46666666666666667        1.2319666142474952E-003
  0.93333333333333335       0.50000000000000000        6.6958656087642452E-004
  0.93333333333333335       0.53333333333333333        3.5091154848899899E-004
  0.93333333333333335       0.56666666666666665        1.7721997746976943E-004
  0.93333333333333335       0.59999999999999998        8.6197369105179867E-005
  0.93333333333333335       0.63333333333333330        4.0353631347839607E-005
  0.93333333333333335       0.66666666666666663        1.8172548470105184E-005
  0.93333333333333335       0.69999999999999996        7.8672894557979241E-006
  0.93333333333333335       0.73333333333333328        3.2721561964288796E-006
  0.93333333333333335       0.76666666666666661        1.3066403935947245E-006
  0.93333333333333335       0.80000000000000004        5.0060272320839599E-007
  0.93333333333333335       0.83333333333333337        1.8388151383249666E-007
  0.93333333333333335       0.86666666666666670        6.4717825821307761E-008
  0.93333333333333335       0.90000000000000002        2.1843729286296474E-008
  0.93333333333333335       0.93333333333333335        7.2003330211017879E-009
  0.93333333333333335       0.96666666666666667        2.7973040783846795E-009
  0.93333333333333335        1.0000000000000000        2.7973040783846795E-009

  0.96666666666666667        0.0000000000000000       0.10452846326765373     
  0.96666666666666667        3.3333333333333333E-002   8.6751763019783573E-002
  0.96666666666666667        6.6666666666666666E-002   7.0427413349431464E-002
  0.96666666666666667       0.10000000000000001        5.5824658012249347E-002
  0.96666666666666667       0.13333333333333333        4.3133489742080811E-002
  0.96666666666666667       0.16666666666666666        3.2439019176900313E-002
  0.96666666666666667       0.20000000000000001        2.3714597671166262E-002
  0.96666666666666667       0.23333333333333334        1.6832584286554146E-002
  0.96666666666666667       0.26666666666666666        1.1588259084030458E-002
  0.96666666666666667       0.29999999999999999        7.7305168875305297E-003
  0.96666666666666667       0.33333333333333331        4.9928679855748654E-003
  0.96666666666666667       0.36666666666666664        3.1196224761573651E-003
  0.96666666666666667       0.40000000000000002        1.8842932674342028E-003
  0.96666666666666667       0.43333333333333335        1.0994946892834536E-003
  0.96666666666666667       0.46666666666666667        6.1937631538584443E-004
  0.96666666666666667       0.50000000000000000        3.3663741542285262E-004
  0.96666666666666667       0.53333333333333333        1.7642223370007142E-004
  0.96666666666666667       0.56666666666666665        8.9098077324956489E-005
  0.96666666666666667       0.59999999999999998        4.3336084155925406E-005
  0.96666666666666667       0.63333333333333330        2.0287955215353292E-005
  0.96666666666666667       0.66666666666666663        9.1363239737300388E-006
  0.96666666666666667       0.69999999999999996        3.9553123427637816E-006
  0.96666666666666667       0.73333333333333328        1.6450900737671510E-006
  0.96666666666666667       0.76666666666666661        6.5691886708581360E-007
  0.96666666666666667       0.80000000000000004        2.5168009147904271E-007
  0.96666666666666667       0.83333333333333337        9.2447192308624331E-008
  0.96666666666666667       0.86666666666666670        3.2537154849337239E-008
  0.96666666666666667       0.90000000000000002        1.0982025326957583E-008
  0.96666666666666667       0.93333333333333335        3.6199972341662178E-009
  0.96666666666666667       0.96666666666666667        1.4063562056362934E-009
  0.96666666666666667        1.0000000000000000        1.4063562056362934E-009

   1.0000000000000000        0.0000000000000000        1.2246467991473532E-016
   1.0000000000000000        3.3333333333333333E-002   0.0000000000000000     
   1.0000000000000000        6.6666666666666666E-002   0.0000000000000000     
   1.0000000000000000       0.10000000000000001        0.0000000000000000     
   1.0000000000000000       0.13333333333333333        0.0000000000000000     
   1.0000000000000000       0.16666666666666666        0.0000000000000000     
   1.0000000000000000       0.20000000000000001        0.0000000000000000     
   1.0000000000000000       0.23333333333333334        0.0000000000000000     
   1.0000000000000000       0.26666666666666666        0.0000000000000000     
   1.0000000000000000       0.29999999999999999        0.0000000000000000     
   1.0000000000000000       0.33333333333333331        0.0000000000000000     
   1.0000000000000000       0.36666666666666664        0.0000000000000000     
   1.0000000000000000       0.40000000000000002        0.0000000000000000     
   1.0000000000000000       0.43333333333333335        0.0000000000000000     
   1.0000000000000000       0.46666666666666667        0.0000000000000000     
   1.0000000000000000       0.50000000000000000        0.0000000000000000     
   1.0000000000000000       0.53333333333333333        0.0000000000000000     
   1.0000000000000000       0.56666666666666665        0.0000000000000000     
   1.0000000000000000       0.59999999999999998        0.0000000000000000     
   1.0000000000000000       0.63333333333333330        0.0000000000000000     
   1.0000000000000000       0.66666666666666663        0.0000000000000000     
   1.0000000000000000       0.69999999999999996        0.0000000000000000     
   1.0000000000000000       0.73333333333333328        0.0000000000000000     
   1.0000000000000000       0.76666666666666661        0.0000000000000000     
   1.0000000000000000       0.80000000000000004        0.0000000000000000     
   1.0000000000000000       0.83333333333333337        0.0000000000000000     
   1.0000000000000000       0.86666666666666670        0.0000000000000000     
   1.0000000000000000       0.90000000000000002        0.0000000000000000     
   1.0000000000000000       0.93333333333333335        0.0000000000000000     
   1.0000000000000000       0.96666666666666667        0.0000000000000000     
   1.0000000000000000        1.0000000000000000        0.0000000000000000     

