   0.0000000000000000        0.0000000000000000        0.0000000000000000     
   0.0000000000000000        3.3333333333333333E-002   0.0000000000000000     
   0.0000000000000000        6.6666666666666666E-002   0.0000000000000000     
   0.0000000000000000       0.10000000000000001        0.0000000000000000     
   0.0000000000000000       0.13333333333333333        0.0000000000000000     
   0.0000000000000000       0.16666666666666666        0.0000000000000000     
   0.0000000000000000       0.20000000000000001        0.0000000000000000     
   0.0000000000000000       0.23333333333333334        0.0000000000000000     
   0.0000000000000000       0.26666666666666666        0.0000000000000000     
   0.0000000000000000       0.29999999999999999        0.0000000000000000     
   0.0000000000000000       0.33333333333333331        0.0000000000000000     
   0.0000000000000000       0.36666666666666664        0.0000000000000000     
   0.0000000000000000       0.40000000000000002        0.0000000000000000     
   0.0000000000000000       0.43333333333333335        0.0000000000000000     
   0.0000000000000000       0.46666666666666667        0.0000000000000000     
   0.0000000000000000       0.50000000000000000        0.0000000000000000     
   0.0000000000000000       0.53333333333333333        0.0000000000000000     
   0.0000000000000000       0.56666666666666665        0.0000000000000000     
   0.0000000000000000       0.59999999999999998        0.0000000000000000     
   0.0000000000000000       0.63333333333333330        0.0000000000000000     
   0.0000000000000000       0.66666666666666663        0.0000000000000000     
   0.0000000000000000       0.69999999999999996        0.0000000000000000     
   0.0000000000000000       0.73333333333333328        0.0000000000000000     
   0.0000000000000000       0.76666666666666661        0.0000000000000000     
   0.0000000000000000       0.80000000000000004        0.0000000000000000     
   0.0000000000000000       0.83333333333333337        0.0000000000000000     
   0.0000000000000000       0.86666666666666670        0.0000000000000000     
   0.0000000000000000       0.90000000000000002        0.0000000000000000     
   0.0000000000000000       0.93333333333333335        0.0000000000000000     
   0.0000000000000000       0.96666666666666667        0.0000000000000000     
   0.0000000000000000        1.0000000000000000        0.0000000000000000     

   3.3333333333333333E-002   0.0000000000000000       0.10452846326765346     
   3.3333333333333333E-002   3.3333333333333333E-002   8.6974607924257097E-002
   3.3333333333333333E-002   6.6666666666666666E-002   7.0849409062235677E-002
   3.3333333333333333E-002  0.10000000000000001        5.6402549266739953E-002
   3.3333333333333333E-002  0.13333333333333333        4.3811732285486252E-002
   3.3333333333333333E-002  0.16666666666666666        3.3158506368573828E-002
   3.3333333333333333E-002  0.20000000000000001        2.4420959591201583E-002
   3.3333333333333333E-002  0.23333333333333334        1.7482491731159917E-002
   3.3333333333333333E-002  0.26666666666666666        1.2152841357457858E-002
   3.3333333333333333E-002  0.29999999999999999        8.1957963505104210E-003
   3.3333333333333333E-002  0.33333333333333331        5.3577830586601155E-003
   3.3333333333333333E-002  0.36666666666666664        3.3925949843803724E-003
   3.3333333333333333E-002  0.40000000000000002        2.0793563319772977E-003
   3.3333333333333333E-002  0.43333333333333335        1.2328002286028017E-003
   3.3333333333333333E-002  0.46666666666666667        7.0657070994357789E-004
   3.3333333333333333E-002  0.50000000000000000        3.9125641553241288E-004
   3.3333333333333333E-002  0.53333333333333333        2.0920022754011445E-004
   3.3333333333333333E-002  0.56666666666666665        1.0794803633410043E-004
   3.3333333333333333E-002  0.59999999999999998        5.3725296376447511E-005
   3.3333333333333333E-002  0.63333333333333330        2.5775911778147029E-005
   3.3333333333333333E-002  0.66666666666666663        1.1914559060037760E-005
   3.3333333333333333E-002  0.69999999999999996        5.3030302229088744E-006
   3.3333333333333333E-002  0.73333333333333328        2.2714327256379805E-006
   3.3333333333333333E-002  0.76666666666666661        9.3571798154752940E-007
   3.3333333333333333E-002  0.80000000000000004        3.7050159543073055E-007
   3.3333333333333333E-002  0.83333333333333337        1.4091639702785484E-007
   3.3333333333333333E-002  0.86666666666666670        5.1457407873079557E-008
   3.3333333333333333E-002  0.90000000000000002        1.8064401616580066E-008
   3.3333333333333333E-002  0.93333333333333335        6.2225518559827351E-009
   3.3333333333333333E-002  0.96666666666666667        2.5416854161292365E-009
   3.3333333333333333E-002   1.0000000000000000        2.5416854161292365E-009

   6.6666666666666666E-002   0.0000000000000000       0.20791169081775931     
   6.6666666666666666E-002   3.3333333333333333E-002  0.17299630384348924     
   6.6666666666666666E-002   6.6666666666666666E-002  0.14092257717259349     
   6.6666666666666666E-002  0.10000000000000001       0.11218714040072127     
   6.6666666666666666E-002  0.13333333333333333        8.7143454063858330E-002
   6.6666666666666666E-002  0.16666666666666666        6.5953721202510002E-002
   6.6666666666666666E-002  0.20000000000000001        4.8574358038707618E-002
   6.6666666666666666E-002  0.23333333333333334        3.4773441624466654E-002
   6.6666666666666666E-002  0.26666666666666666        2.4172533641857858E-002
   6.6666666666666666E-002  0.29999999999999999        1.6301797841124007E-002
   6.6666666666666666E-002  0.33333333333333331        1.0656865124941366E-002
   6.6666666666666666E-002  0.36666666666666664        6.7480199881657307E-003
   6.6666666666666666E-002  0.40000000000000002        4.1359308008481659E-003
   6.6666666666666666E-002  0.43333333333333335        2.4520936399209975E-003
   6.6666666666666666E-002  0.46666666666666667        1.4054000833295874E-003
   6.6666666666666666E-002  0.50000000000000000        7.7822614390058397E-004
   6.6666666666666666E-002  0.53333333333333333        4.1610841360933737E-004
   6.6666666666666666E-002  0.56666666666666665        2.1471337139254563E-004
   6.6666666666666666E-002  0.59999999999999998        1.0686196716305360E-004
   6.6666666666666666E-002  0.63333333333333330        5.1269417272896371E-005
   6.6666666666666666E-002  0.66666666666666663        2.3698579717731975E-005
   6.6666666666666666E-002  0.69999999999999996        1.0547959336965142E-005
   6.6666666666666666E-002  0.73333333333333328        4.5179791590060149E-006
   6.6666666666666666E-002  0.76666666666666661        1.8611840410776478E-006
   6.6666666666666666E-002  0.80000000000000004        7.3694389784947874E-007
   6.6666666666666666E-002  0.83333333333333337        2.8028888452122062E-007
   6.6666666666666666E-002  0.86666666666666670        1.0235103761734677E-007
   6.6666666666666666E-002  0.90000000000000002        3.5930885868829817E-008
   6.6666666666666666E-002  0.93333333333333335        1.2376928131678633E-008
   6.6666666666666666E-002  0.96666666666666667        5.0555235949574940E-009
   6.6666666666666666E-002   1.0000000000000000        5.0555235949574940E-009

  0.10000000000000001        0.0000000000000000       0.30901699437494740     
  0.10000000000000001        3.3333333333333333E-002  0.25712261605600817     
  0.10000000000000001        6.6666666666666666E-002  0.20945176803750321     
  0.10000000000000001       0.10000000000000001       0.16674258574780387     
  0.10000000000000001       0.13333333333333333       0.12952041392356664     
  0.10000000000000001       0.16666666666666666        9.8026333265248039E-002
  0.10000000000000001       0.20000000000000001        7.2195565654703669E-002
  0.10000000000000001       0.23333333333333334        5.1683406414525249E-002
  0.10000000000000001       0.26666666666666666        3.5927386589249793E-002
  0.10000000000000001       0.29999999999999999        2.4229193423219719E-002
  0.10000000000000001       0.33333333333333331        1.5839188346821360E-002
  0.10000000000000001       0.36666666666666664        1.0029512272846781E-002
  0.10000000000000001       0.40000000000000002        6.1471911463657786E-003
  0.10000000000000001       0.43333333333333335        3.6445214001866364E-003
  0.10000000000000001       0.46666666666666667        2.0888315993037631E-003
  0.10000000000000001       0.50000000000000000        1.1566694637818900E-003
  0.10000000000000001       0.53333333333333333        6.1845762882277281E-004
  0.10000000000000001       0.56666666666666665        3.1912626182235246E-004
  0.10000000000000001       0.59999999999999998        1.5882783587511701E-004
  0.10000000000000001       0.63333333333333330        7.6201204303188541E-005
  0.10000000000000001       0.66666666666666663        3.5222953776792079E-005
  0.10000000000000001       0.69999999999999996        1.5677322801223224E-005
  0.10000000000000001       0.73333333333333328        6.7150256672600579E-006
  0.10000000000000001       0.76666666666666661        2.7662585787759194E-006
  0.10000000000000001       0.80000000000000004        1.0953120887079630E-006
  0.10000000000000001       0.83333333333333337        4.1659046834155196E-007
  0.10000000000000001       0.86666666666666670        1.5212328797514679E-007
  0.10000000000000001       0.90000000000000002        5.3403703816479418E-008
  0.10000000000000001       0.93333333333333335        1.8395700192725140E-008
  0.10000000000000001       0.96666666666666667        7.5139723993430728E-009
  0.10000000000000001        1.0000000000000000        7.5139723993430728E-009

  0.13333333333333333        0.0000000000000000       0.40673664307580015     
  0.13333333333333333        3.3333333333333333E-002  0.33843183908065089     
  0.13333333333333333        6.6666666666666666E-002  0.27568616150119379     
  0.13333333333333333       0.10000000000000001       0.21947116443230419     
  0.13333333333333333       0.13333333333333333       0.17047832102443924     
  0.13333333333333333       0.16666666666666666       0.12902494830740296     
  0.13333333333333333       0.20000000000000001        9.5025783545493403E-002
  0.13333333333333333       0.23333333333333334        6.8027116988458203E-002
  0.13333333333333333       0.26666666666666666        4.7288611570880927E-002
  0.13333333333333333       0.29999999999999999        3.1891128891885952E-002
  0.13333333333333333       0.33333333333333331        2.0847974106610326E-002
  0.13333333333333333       0.36666666666666664        1.3201119122256147E-002
  0.13333333333333333       0.40000000000000002        8.0911015793013602E-003
  0.13333333333333333       0.43333333333333335        4.7970190213266969E-003
  0.13333333333333333       0.46666666666666667        2.7493774391598529E-003
  0.13333333333333333       0.50000000000000000        1.5224400709693551E-003
  0.13333333333333333       0.53333333333333333        8.1403089283424673E-004
  0.13333333333333333       0.56666666666666665        4.2004273814617003E-004
  0.13333333333333333       0.59999999999999998        2.0905355358047124E-004
  0.13333333333333333       0.63333333333333330        1.0029811499300783E-004
  0.13333333333333333       0.66666666666666663        4.6361417783396717E-005
  0.13333333333333333       0.69999999999999996        2.0634922236180394E-005
  0.13333333333333333       0.73333333333333328        8.8385009490941410E-006
  0.13333333333333333       0.76666666666666661        3.6410254086082995E-006
  0.13333333333333333       0.80000000000000004        1.4416798111137727E-006
  0.13333333333333333       0.83333333333333337        5.4832779981357329E-007
  0.13333333333333333       0.86666666666666670        2.0022884375604649E-007
  0.13333333333333333       0.90000000000000002        7.0291419609672175E-008
  0.13333333333333333       0.93333333333333335        2.4212925112912399E-008
  0.13333333333333333       0.96666666666666667        9.8900965497216336E-009
  0.13333333333333333        1.0000000000000000        9.8900965497216336E-009

  0.16666666666666666        0.0000000000000000       0.49999999999999994     
  0.16666666666666666        3.3333333333333333E-002  0.41603313205491066     
  0.16666666666666666        6.6666666666666666E-002  0.33890007968843910     
  0.16666666666666666       0.10000000000000001       0.26979517111199047     
  0.16666666666666666       0.13333333333333333       0.20956843196528593     
  0.16666666666666666       0.16666666666666666       0.15860993901569578     
  0.16666666666666666       0.20000000000000001       0.11681487906633511     
  0.16666666666666666       0.23333333333333334        8.3625508233076185E-002
  0.16666666666666666       0.26666666666666666        5.8131732628363325E-002
  0.16666666666666666       0.29999999999999999        3.9203658478764926E-002
  0.16666666666666666       0.33333333333333331        2.5628345099368215E-002
  0.16666666666666666       0.36666666666666664        1.6228091748050299E-002
  0.16666666666666666       0.40000000000000002        9.9463642101622583E-003
  0.16666666666666666       0.43333333333333335        5.8969594982283356E-003
  0.16666666666666666       0.46666666666666667        3.3798005244482900E-003
  0.16666666666666666       0.50000000000000000        1.8715305061482133E-003
  0.16666666666666666       0.53333333333333333        1.0006854640369129E-003
  0.16666666666666666       0.56666666666666665        5.1635713833126425E-004
  0.16666666666666666       0.59999999999999998        2.5698883680552921E-004
  0.16666666666666666       0.63333333333333330        1.2329613854623382E-004
  0.16666666666666666       0.66666666666666663        5.6991936395016062E-005
  0.16666666666666666       0.69999999999999996        2.5366441144982886E-005
  0.16666666666666666       0.73333333333333328        1.0865139764954716E-005
  0.16666666666666666       0.76666666666666661        4.4759004021304162E-006
  0.16666666666666666       0.80000000000000004        1.7722521878181240E-006
  0.16666666666666666       0.83333333333333337        6.7405753716586816E-007
  0.16666666666666666       0.86666666666666670        2.4614065042417566E-007
  0.16666666666666666       0.90000000000000002        8.6409007900196165E-008
  0.16666666666666666       0.93333333333333335        2.9764868158682265E-008
  0.16666666666666666       0.96666666666666667        1.2157862732665688E-008
  0.16666666666666666        1.0000000000000000        1.2157862732665688E-008

  0.20000000000000001        0.0000000000000000       0.58778525229247314     
  0.20000000000000001        3.3333333333333333E-002  0.48907627897384687     
  0.20000000000000001        6.6666666666666666E-002  0.39840093768321683     
  0.20000000000000001       0.10000000000000001       0.31716324543870456     
  0.20000000000000001       0.13333333333333333       0.24636246731050720     
  0.20000000000000001       0.16666666666666666       0.18645716604086904     
  0.20000000000000001       0.20000000000000001       0.13732412632704105     
  0.20000000000000001       0.23333333333333334        9.8307680909729953E-002
  0.20000000000000001       0.26666666666666666        6.8337950258322247E-002
  0.20000000000000001       0.29999999999999999        4.6086664579457592E-002
  0.20000000000000001       0.33333333333333331        3.0127926580141431E-002
  0.20000000000000001       0.36666666666666664        1.9077266004706293E-002
  0.20000000000000001       0.40000000000000002        1.1692652393326097E-002
  0.20000000000000001       0.43333333333333335        6.9322916528492757E-003
  0.20000000000000001       0.46666666666666667        3.9731938079221422E-003
  0.20000000000000001       0.50000000000000000        2.2001160614587749E-003
  0.20000000000000001       0.53333333333333333        1.1763763158886948E-003
  0.20000000000000001       0.56666666666666665        6.0701422165412313E-004
  0.20000000000000001       0.59999999999999998        3.0210849655617442E-004
  0.20000000000000001       0.63333333333333330        1.4494330380417151E-004
  0.20000000000000001       0.66666666666666663        6.6998039425162202E-005
  0.20000000000000001       0.69999999999999996        2.9820040016331871E-005
  0.20000000000000001       0.73333333333333328        1.2772737835873780E-005
  0.20000000000000001       0.76666666666666661        5.2617364942044174E-006
  0.20000000000000001       0.80000000000000004        2.0834073986851266E-006
  0.20000000000000001       0.83333333333333337        7.9240215908536581E-007
  0.20000000000000001       0.86666666666666670        2.8935568861801500E-007
  0.20000000000000001       0.90000000000000002        1.0157988101791822E-007
  0.20000000000000001       0.93333333333333335        3.4990701080206515E-008
  0.20000000000000001       0.96666666666666667        1.4292424827314316E-008
  0.20000000000000001        1.0000000000000000        1.4292424827314316E-008

  0.23333333333333334        0.0000000000000000       0.66913060635885824     
  0.23333333333333334        3.3333333333333333E-002  0.55676100383455462     
  0.23333333333333334        6.6666666666666666E-002  0.45353683163398129     
  0.23333333333333334       0.10000000000000001       0.36105641287771623     
  0.23333333333333334       0.13333333333333333       0.28045730390921386     
  0.23333333333333334       0.16666666666666666       0.21226152933622808     
  0.23333333333333334       0.20000000000000001       0.15632882172278700     
  0.23333333333333334       0.23333333333333334       0.11191277406213190     
  0.23333333333333334       0.26666666666666666        7.7795443004615550E-002
  0.23333333333333334       0.29999999999999999        5.2464735538763137E-002
  0.23333333333333334       0.33333333333333331        3.4297420192628658E-002
  0.23333333333333334       0.36666666666666664        2.1717425742840159E-002
  0.23333333333333334       0.40000000000000002        1.3310833430023837E-002
  0.23333333333333334       0.43333333333333335        7.8916721694463083E-003
  0.23333333333333334       0.46666666666666667        4.5230559485921421E-003
  0.23333333333333334       0.50000000000000000        2.5045966847961096E-003
  0.23333333333333334       0.53333333333333333        1.3391785426510299E-003
  0.23333333333333334       0.56666666666666665        6.9102073013864733E-004
  0.23333333333333334       0.59999999999999998        3.4391819239828282E-004
  0.23333333333333334       0.63333333333333330        1.6500243989429444E-004
  0.23333333333333334       0.66666666666666663        7.6270097915125172E-005
  0.23333333333333334       0.69999999999999996        3.3946924289017377E-005
  0.23333333333333334       0.73333333333333328        1.4540395118195782E-005
  0.23333333333333334       0.76666666666666661        5.9899239001587661E-006
  0.23333333333333334       0.80000000000000004        2.3717363621111088E-006
  0.23333333333333334       0.83333333333333337        9.0206505712911195E-007
  0.23333333333333334       0.86666666666666670        3.2940048533578481E-007
  0.23333333333333334       0.90000000000000002        1.1563782370225126E-007
  0.23333333333333334       0.93333333333333335        3.9833168558421079E-008
  0.23333333333333334       0.96666666666666667        1.6270396124672712E-008
  0.23333333333333334        1.0000000000000000        1.6270396124672712E-008

  0.26666666666666666        0.0000000000000000       0.74314482547739413     
  0.26666666666666666        3.3333333333333333E-002  0.61834573862752051     
  0.26666666666666666        6.6666666666666666E-002  0.50370368114868014     
  0.26666666666666666       0.10000000000000001       0.40099377070132780     
  0.26666666666666666       0.13333333333333333       0.31147939159682719     
  0.26666666666666666       0.16666666666666666       0.23574031089759878     
  0.26666666666666666       0.20000000000000001       0.17362074583382903     
  0.26666666666666666       0.23333333333333334       0.12429172744265560     
  0.26666666666666666       0.26666666666666666        8.6400592597607212E-002
  0.26666666666666666       0.29999999999999999        5.8267991876554251E-002
  0.26666666666666666       0.33333333333333331        3.8091144092288851E-002
  0.26666666666666666       0.36666666666666664        2.4119644819871965E-002
  0.26666666666666666       0.40000000000000002        1.4783178190191265E-002
  0.26666666666666666       0.43333333333333335        8.7645898743163170E-003
  0.26666666666666666       0.46666666666666667        5.0233625417790599E-003
  0.26666666666666666       0.50000000000000000        2.7816364227342665E-003
  0.26666666666666666       0.53333333333333333        1.4873084490589538E-003
  0.26666666666666666       0.56666666666666665        7.6745627089838805E-004
  0.26666666666666666       0.59999999999999998        3.8195984855496714E-004
  0.26666666666666666       0.63333333333333330        1.8325377472395510E-004
  0.26666666666666666       0.66666666666666663        8.4706525251785939E-005
  0.26666666666666666       0.69999999999999996        3.7701878955341795E-005
  0.26666666666666666       0.73333333333333328        1.6148744788829540E-005
  0.26666666666666666       0.76666666666666661        6.6524844463908142E-006
  0.26666666666666666       0.80000000000000004        2.6340800856360595E-006
  0.26666666666666666       0.83333333333333337        1.0018447416377026E-006
  0.26666666666666666       0.86666666666666670        3.6583630140473259E-007
  0.26666666666666666       0.90000000000000002        1.2842881419133212E-007
  0.26666666666666666       0.93333333333333335        4.4239215506283162E-008
  0.26666666666666666       0.96666666666666667        1.8070105557289915E-008
  0.26666666666666666        1.0000000000000000        1.8070105557289915E-008

  0.29999999999999999        0.0000000000000000       0.80901699437494745     
  0.29999999999999999        3.3333333333333333E-002  0.67315574811091883     
  0.29999999999999999        6.6666666666666666E-002  0.54835184772594237     
  0.29999999999999999       0.10000000000000001       0.43653775685979435     
  0.29999999999999999       0.13333333333333333       0.33908884588885263     
  0.29999999999999999       0.16666666666666666       0.25663627228094382     
  0.29999999999999999       0.20000000000000001       0.18901044472103876     
  0.29999999999999999       0.23333333333333334       0.13530891464760142     
  0.29999999999999999       0.26666666666666666        9.4059119217613119E-002
  0.29999999999999999       0.29999999999999999        6.3432851901984652E-002
  0.29999999999999999       0.33333333333333331        4.1467533446189579E-002
  0.29999999999999999       0.36666666666666664        2.6257604020897080E-002
  0.29999999999999999       0.40000000000000002        1.6093555356528039E-002
  0.29999999999999999       0.43333333333333335        9.5414808984149724E-003
  0.29999999999999999       0.46666666666666667        5.4686321237520531E-003
  0.29999999999999999       0.50000000000000000        3.0281999699301029E-003
  0.29999999999999999       0.53333333333333333        1.6191430928596856E-003
  0.29999999999999999       0.56666666666666665        8.3548340015361666E-004
  0.29999999999999999       0.59999999999999998        4.1581667268064622E-004
  0.29999999999999999       0.63333333333333330        1.9949734284942236E-004
  0.29999999999999999       0.66666666666666663        9.2214890171808154E-005
  0.29999999999999999       0.69999999999999996        4.1043763946206113E-005
  0.29999999999999999       0.73333333333333328        1.7580165432214773E-005
  0.29999999999999999       0.76666666666666661        7.2421589809063368E-006
  0.29999999999999999       0.80000000000000004        2.8675642765260870E-006
  0.29999999999999999       0.83333333333333337        1.0906480055074203E-006
  0.29999999999999999       0.86666666666666670        3.9826393839932242E-007
  0.29999999999999999       0.90000000000000002        1.3981271171667558E-007
  0.29999999999999999       0.93333333333333335        4.8160568351407406E-008
  0.29999999999999999       0.96666666666666667        1.9671835132008757E-008
  0.29999999999999999        1.0000000000000000        1.9671835132008757E-008

  0.33333333333333331        0.0000000000000000       0.86602540378443860     
  0.33333333333333331        3.3333333333333333E-002  0.72059052235111742     
  0.33333333333333331        6.6666666666666666E-002  0.58699215670951777     
  0.33333333333333331       0.10000000000000001       0.46729894400270655     
  0.33333333333333331       0.13333333333333333       0.36298317182641687     
  0.33333333333333331       0.16666666666666666       0.27472047296058627     
  0.33333333333333331       0.20000000000000001       0.20232930562290646     
  0.33333333333333331       0.23333333333333334       0.14484362906845741     
  0.33333333333333331       0.26666666666666666       0.10068711444433476     
  0.33333333333333331       0.29999999999999999        6.7902728327799255E-002
  0.33333333333333331       0.33333333333333331        4.4389595826014601E-002
  0.33333333333333331       0.36666666666666664        2.8107879417512353E-002
  0.33333333333333331       0.40000000000000002        1.7227608162585721E-002
  0.33333333333333331       0.43333333333333335        1.0213833461107352E-002
  0.33333333333333331       0.46666666666666667        5.8539862277923755E-003
  0.33333333333333331       0.50000000000000000        3.2415859245638022E-003
  0.33333333333333331       0.53333333333333333        1.7332380661075719E-003
  0.33333333333333331       0.56666666666666665        8.9435679844062060E-004
  0.33333333333333331       0.59999999999999998        4.4511772232520337E-004
  0.33333333333333331       0.63333333333333330        2.1355517633912848E-004
  0.33333333333333331       0.66666666666666663        9.8712929457901675E-005
  0.33333333333333331       0.69999999999999996        4.3935964870316008E-005
  0.33333333333333331       0.73333333333333328        1.8818974104238540E-005
  0.33333333333333331       0.76666666666666661        7.7524869061078498E-006
  0.33333333333333331       0.80000000000000004        3.0696308331260916E-006
  0.33333333333333331       0.83333333333333337        1.1675019015960305E-006
  0.33333333333333331       0.86666666666666670        4.2632811234272220E-007
  0.33333333333333331       0.90000000000000002        1.4966479191476027E-007
  0.33333333333333331       0.93333333333333335        5.1554263931426785E-008
  0.33333333333333331       0.96666666666666667        2.1058035964425163E-008
  0.33333333333333331        1.0000000000000000        2.1058035964425163E-008

  0.36666666666666664        0.0000000000000000       0.91354545764260087     
  0.36666666666666664        3.3333333333333333E-002  0.76013035603517598     
  0.36666666666666664        6.6666666666666666E-002  0.61920125678817806     
  0.36666666666666664       0.10000000000000001       0.49294030612653428     
  0.36666666666666664       0.13333333333333333       0.38290057817433881     
  0.36666666666666664       0.16666666666666666       0.28979477864951764     
  0.36666666666666664       0.20000000000000001       0.21343140431224036     
  0.36666666666666664       0.23333333333333334       0.15279140637876135     
  0.36666666666666664       0.26666666666666666       0.10621196057507098     
  0.36666666666666664       0.29999999999999999        7.1628648252495070E-002
  0.36666666666666664       0.33333333333333331        4.6825316504849702E-002
  0.36666666666666664       0.36666666666666664        2.9650199005277451E-002
  0.36666666666666664       0.40000000000000002        1.8172911688505336E-002
  0.36666666666666664       0.43333333333333335        1.0774281127017775E-002
  0.36666666666666664       0.46666666666666667        6.1752028336956311E-003
  0.36666666666666664       0.50000000000000000        3.4194563854625156E-003
  0.36666666666666664       0.53333333333333333        1.8283433203998001E-003
  0.36666666666666664       0.56666666666666665        9.4343143648771717E-004
  0.36666666666666664       0.59999999999999998        4.6954196905709376E-004
  0.36666666666666664       0.63333333333333330        2.2527325462756942E-004
  0.36666666666666664       0.66666666666666663        1.0412944923184593E-004
  0.36666666666666664       0.69999999999999996        4.6346794169114985E-005
  0.36666666666666664       0.73333333333333328        1.9851598157852754E-005
  0.36666666666666664       0.76666666666666661        8.1778769624538658E-006
  0.36666666666666664       0.80000000000000004        3.2380658719568177E-006
  0.36666666666666664       0.83333333333333337        1.2315644025352751E-006
  0.36666666666666664       0.86666666666666670        4.4972134627240198E-007
  0.36666666666666664       0.90000000000000002        1.5787711333325568E-007
  0.36666666666666664       0.93333333333333335        5.4383120207390144E-008
  0.36666666666666664       0.96666666666666667        2.2213520548137998E-008
  0.36666666666666664        1.0000000000000000        2.2213520548137998E-008

  0.40000000000000002        0.0000000000000000       0.95105651629515353     
  0.40000000000000002        3.3333333333333333E-002  0.79134204247100981     
  0.40000000000000002        6.6666666666666666E-002  0.64462625832127363     
  0.40000000000000002       0.10000000000000001       0.51318091110204900     
  0.40000000000000002       0.13333333333333333       0.39862284566068545     
  0.40000000000000002       0.16666666666666666       0.30169403210010876     
  0.40000000000000002       0.20000000000000001       0.22219510387253660     
  0.40000000000000002       0.23333333333333334       0.15906516906712223     
  0.40000000000000002       0.26666666666666666       0.11057312623946507     
  0.40000000000000002       0.29999999999999999        7.4569789717678248E-002
  0.40000000000000002       0.33333333333333331        4.8748009217230222E-002
  0.40000000000000002       0.36666666666666664        3.0867664808037695E-002
  0.40000000000000002       0.40000000000000002        1.8919108991039432E-002
  0.40000000000000002       0.43333333333333335        1.1216683514237316E-002
  0.40000000000000002       0.46666666666666667        6.4287626251086473E-003
  0.40000000000000002       0.50000000000000000        3.5598625666348506E-003
  0.40000000000000002       0.53333333333333333        1.9034168626682914E-003
  0.40000000000000002       0.56666666666666665        9.8216964229093373E-004
  0.40000000000000002       0.59999999999999998        4.8882181571802087E-004
  0.40000000000000002       0.63333333333333330        2.3452319199685149E-004
  0.40000000000000002       0.66666666666666663        1.0840510496951792E-004
  0.40000000000000002       0.69999999999999996        4.8249838292306947E-005
  0.40000000000000002       0.73333333333333328        2.0666723947835553E-005
  0.40000000000000002       0.76666666666666661        8.5136684874684609E-006
  0.40000000000000002       0.80000000000000004        3.3710239834855386E-006
  0.40000000000000002       0.83333333333333337        1.2821336261589233E-006
  0.40000000000000002       0.86666666666666670        4.6818733902207944E-007
  0.40000000000000002       0.90000000000000002        1.6435970006016194E-007
  0.40000000000000002       0.93333333333333335        5.6616143637961801E-008
  0.40000000000000002       0.96666666666666667        2.3125629152247412E-008
  0.40000000000000002        1.0000000000000000        2.3125629152247412E-008

  0.43333333333333335        0.0000000000000000       0.97814760073380569     
  0.43333333333333335        3.3333333333333333E-002  0.81388361989056268     
  0.43333333333333335        6.6666666666666666E-002  0.66298859967148449     
  0.43333333333333335       0.10000000000000001       0.52779899862552004     
  0.43333333333333335       0.13333333333333333       0.40997771783278042     
  0.43333333333333335       0.16666666666666666       0.31028786260147612     
  0.43333333333333335       0.20000000000000001       0.22852438737749065     
  0.43333333333333335       0.23333333333333334       0.16359618047665717     
  0.43333333333333335       0.26666666666666666       0.11372282959386534     
  0.43333333333333335       0.29999999999999999        7.6693928961982849E-002
  0.43333333333333335       0.33333333333333331        5.0136608539450025E-002
  0.43333333333333335       0.36666666666666664        3.1746938015686940E-002
  0.43333333333333335       0.40000000000000002        1.9458024576389617E-002
  0.43333333333333335       0.43333333333333335        1.1536193569632945E-002
  0.43333333333333335       0.46666666666666667        6.6118875478959060E-003
  0.43333333333333335       0.50000000000000000        3.6612661485779991E-003
  0.43333333333333335       0.53333333333333333        1.9576361714738026E-003
  0.43333333333333335       0.56666666666666665        1.0101469919609998E-003
  0.43333333333333335       0.59999999999999998        5.0274602827339988E-004
  0.43333333333333335       0.63333333333333330        2.4120364419748301E-004
  0.43333333333333335       0.66666666666666663        1.1149305169191725E-004
  0.43333333333333335       0.69999999999999996        4.9624247090240607E-005
  0.43333333333333335       0.73333333333333328        2.1255420785455842E-005
  0.43333333333333335       0.76666666666666661        8.7561824789346851E-006
  0.43333333333333335       0.80000000000000004        3.4670484508190718E-006
  0.43333333333333335       0.83333333333333337        1.3186555254706641E-006
  0.43333333333333335       0.86666666666666670        4.8152377331093162E-007
  0.43333333333333335       0.90000000000000002        1.6904152751873070E-007
  0.43333333333333335       0.93333333333333335        5.8228868751146219E-008
  0.43333333333333335       0.96666666666666667        2.3784368524015789E-008
  0.43333333333333335        1.0000000000000000        2.3784368524015789E-008

  0.46666666666666667        0.0000000000000000       0.99452189536827329     
  0.46666666666666667        3.3333333333333333E-002  0.82750811805449775     
  0.46666666666666667        6.6666666666666666E-002  0.67408709918441068     
  0.46666666666666667       0.10000000000000001       0.53663440987100886     
  0.46666666666666667       0.13333333333333333       0.41684078833494642     
  0.46666666666666667       0.16666666666666666       0.31548211434827200     
  0.46666666666666667       0.20000000000000001       0.23234990987253443     
  0.46666666666666667       0.23333333333333334       0.16633479789818814     
  0.46666666666666667       0.26666666666666666       0.11562656182920319     
  0.46666666666666667       0.29999999999999999        7.7977793471343537E-002
  0.46666666666666667       0.33333333333333331        5.0975900686751757E-002
  0.46666666666666667       0.36666666666666664        3.2278385126962440E-002
  0.46666666666666667       0.40000000000000002        1.9783753972627462E-002
  0.46666666666666667       0.43333333333333335        1.1729310674175975E-002
  0.46666666666666667       0.46666666666666667        6.7225712470819956E-003
  0.46666666666666667       0.50000000000000000        3.7225561324281302E-003
  0.46666666666666667       0.53333333333333333        1.9904072087229417E-003
  0.46666666666666667       0.56666666666666665        1.0270569598002932E-003
  0.46666666666666667       0.59999999999999998        5.1116205013664560E-004
  0.46666666666666667       0.63333333333333330        2.4524141879717938E-004
  0.46666666666666667       0.66666666666666663        1.1335945720855892E-004
  0.46666666666666667       0.69999999999999996        5.0454962252512265E-005
  0.46666666666666667       0.73333333333333328        2.1611238784967921E-005
  0.46666666666666667       0.76666666666666661        8.9027619028127186E-006
  0.46666666666666667       0.80000000000000004        3.5250872097988999E-006
  0.46666666666666667       0.83333333333333337        1.3407299588989393E-006
  0.46666666666666667       0.86666666666666670        4.8958453237406155E-007
  0.46666666666666667       0.90000000000000002        1.7187130062759042E-007
  0.46666666666666667       0.93333333333333335        5.9203626193118918E-008
  0.46666666666666667       0.96666666666666667        2.4182521377035953E-008
  0.46666666666666667        1.0000000000000000        2.4182521377035953E-008

  0.50000000000000000        0.0000000000000000        1.0000000000000000     
  0.50000000000000000        3.3333333333333333E-002  0.83206626410982132     
  0.50000000000000000        6.6666666666666666E-002  0.67780015937687821     
  0.50000000000000000       0.10000000000000001       0.53959034222398106     
  0.50000000000000000       0.13333333333333333       0.41913686393057187     
  0.50000000000000000       0.16666666666666666       0.31721987803139151     
  0.50000000000000000       0.20000000000000001       0.23362975813267017     
  0.50000000000000000       0.23333333333333334       0.16725101646615237     
  0.50000000000000000       0.26666666666666666       0.11626346525672664     
  0.50000000000000000       0.29999999999999999        7.8407316957529852E-002
  0.50000000000000000       0.33333333333333331        5.1256690198736431E-002
  0.50000000000000000       0.36666666666666664        3.2456183496100598E-002
  0.50000000000000000       0.40000000000000002        1.9892728420324520E-002
  0.50000000000000000       0.43333333333333335        1.1793918996456671E-002
  0.50000000000000000       0.46666666666666667        6.7596010488965800E-003
  0.50000000000000000       0.50000000000000000        3.7430610122964267E-003
  0.50000000000000000       0.53333333333333333        2.0013709280738258E-003
  0.50000000000000000       0.56666666666666665        1.0327142766625285E-003
  0.50000000000000000       0.59999999999999998        5.1397767361105852E-004
  0.50000000000000000       0.63333333333333330        2.4659227709246764E-004
  0.50000000000000000       0.66666666666666663        1.1398387279003215E-004
  0.50000000000000000       0.69999999999999996        5.0732882289965772E-005
  0.50000000000000000       0.73333333333333328        2.1730279529909433E-005
  0.50000000000000000       0.76666666666666661        8.9518008042608340E-006
  0.50000000000000000       0.80000000000000004        3.5445043756362484E-006
  0.50000000000000000       0.83333333333333337        1.3481150743317365E-006
  0.50000000000000000       0.86666666666666670        4.9228130084835132E-007
  0.50000000000000000       0.90000000000000002        1.7281801580039236E-007
  0.50000000000000000       0.93333333333333335        5.9529736317364537E-008
  0.50000000000000000       0.96666666666666667        2.4315725465331379E-008
  0.50000000000000000        1.0000000000000000        2.4315725465331379E-008

  0.53333333333333333        0.0000000000000000       0.99452189536827340     
  0.53333333333333333        3.3333333333333333E-002  0.82750811805449787     
  0.53333333333333333        6.6666666666666666E-002  0.67408709918441068     
  0.53333333333333333       0.10000000000000001       0.53663440987100886     
  0.53333333333333333       0.13333333333333333       0.41684078833494642     
  0.53333333333333333       0.16666666666666666       0.31548211434827200     
  0.53333333333333333       0.20000000000000001       0.23234990987253443     
  0.53333333333333333       0.23333333333333334       0.16633479789818814     
  0.53333333333333333       0.26666666666666666       0.11562656182920319     
  0.53333333333333333       0.29999999999999999        7.7977793471343551E-002
  0.53333333333333333       0.33333333333333331        5.0975900686751764E-002
  0.53333333333333333       0.36666666666666664        3.2278385126962447E-002
  0.53333333333333333       0.40000000000000002        1.9783753972627462E-002
  0.53333333333333333       0.43333333333333335        1.1729310674175975E-002
  0.53333333333333333       0.46666666666666667        6.7225712470819947E-003
  0.53333333333333333       0.50000000000000000        3.7225561324281302E-003
  0.53333333333333333       0.53333333333333333        1.9904072087229417E-003
  0.53333333333333333       0.56666666666666665        1.0270569598002932E-003
  0.53333333333333333       0.59999999999999998        5.1116205013664560E-004
  0.53333333333333333       0.63333333333333330        2.4524141879717938E-004
  0.53333333333333333       0.66666666666666663        1.1335945720855892E-004
  0.53333333333333333       0.69999999999999996        5.0454962252512265E-005
  0.53333333333333333       0.73333333333333328        2.1611238784967921E-005
  0.53333333333333333       0.76666666666666661        8.9027619028127186E-006
  0.53333333333333333       0.80000000000000004        3.5250872097988999E-006
  0.53333333333333333       0.83333333333333337        1.3407299588989393E-006
  0.53333333333333333       0.86666666666666670        4.8958453237406155E-007
  0.53333333333333333       0.90000000000000002        1.7187130062759040E-007
  0.53333333333333333       0.93333333333333335        5.9203626193118918E-008
  0.53333333333333333       0.96666666666666667        2.4182521377035953E-008
  0.53333333333333333        1.0000000000000000        2.4182521377035953E-008

  0.56666666666666665        0.0000000000000000       0.97814760073380569     
  0.56666666666666665        3.3333333333333333E-002  0.81388361989056279     
  0.56666666666666665        6.6666666666666666E-002  0.66298859967148449     
  0.56666666666666665       0.10000000000000001       0.52779899862552004     
  0.56666666666666665       0.13333333333333333       0.40997771783278047     
  0.56666666666666665       0.16666666666666666       0.31028786260147612     
  0.56666666666666665       0.20000000000000001       0.22852438737749067     
  0.56666666666666665       0.23333333333333334       0.16359618047665717     
  0.56666666666666665       0.26666666666666666       0.11372282959386536     
  0.56666666666666665       0.29999999999999999        7.6693928961982863E-002
  0.56666666666666665       0.33333333333333331        5.0136608539450019E-002
  0.56666666666666665       0.36666666666666664        3.1746938015686940E-002
  0.56666666666666665       0.40000000000000002        1.9458024576389617E-002
  0.56666666666666665       0.43333333333333335        1.1536193569632945E-002
  0.56666666666666665       0.46666666666666667        6.6118875478959052E-003
  0.56666666666666665       0.50000000000000000        3.6612661485779991E-003
  0.56666666666666665       0.53333333333333333        1.9576361714738026E-003
  0.56666666666666665       0.56666666666666665        1.0101469919609998E-003
  0.56666666666666665       0.59999999999999998        5.0274602827339988E-004
  0.56666666666666665       0.63333333333333330        2.4120364419748301E-004
  0.56666666666666665       0.66666666666666663        1.1149305169191725E-004
  0.56666666666666665       0.69999999999999996        4.9624247090240607E-005
  0.56666666666666665       0.73333333333333328        2.1255420785455842E-005
  0.56666666666666665       0.76666666666666661        8.7561824789346868E-006
  0.56666666666666665       0.80000000000000004        3.4670484508190718E-006
  0.56666666666666665       0.83333333333333337        1.3186555254706641E-006
  0.56666666666666665       0.86666666666666670        4.8152377331093162E-007
  0.56666666666666665       0.90000000000000002        1.6904152751873070E-007
  0.56666666666666665       0.93333333333333335        5.8228868751146213E-008
  0.56666666666666665       0.96666666666666667        2.3784368524015786E-008
  0.56666666666666665        1.0000000000000000        2.3784368524015786E-008

  0.59999999999999998        0.0000000000000000       0.95105651629515364     
  0.59999999999999998        3.3333333333333333E-002  0.79134204247100981     
  0.59999999999999998        6.6666666666666666E-002  0.64462625832127374     
  0.59999999999999998       0.10000000000000001       0.51318091110204911     
  0.59999999999999998       0.13333333333333333       0.39862284566068551     
  0.59999999999999998       0.16666666666666666       0.30169403210010876     
  0.59999999999999998       0.20000000000000001       0.22219510387253666     
  0.59999999999999998       0.23333333333333334       0.15906516906712226     
  0.59999999999999998       0.26666666666666666       0.11057312623946508     
  0.59999999999999998       0.29999999999999999        7.4569789717678261E-002
  0.59999999999999998       0.33333333333333331        4.8748009217230222E-002
  0.59999999999999998       0.36666666666666664        3.0867664808037695E-002
  0.59999999999999998       0.40000000000000002        1.8919108991039432E-002
  0.59999999999999998       0.43333333333333335        1.1216683514237316E-002
  0.59999999999999998       0.46666666666666667        6.4287626251086473E-003
  0.59999999999999998       0.50000000000000000        3.5598625666348506E-003
  0.59999999999999998       0.53333333333333333        1.9034168626682912E-003
  0.59999999999999998       0.56666666666666665        9.8216964229093373E-004
  0.59999999999999998       0.59999999999999998        4.8882181571802076E-004
  0.59999999999999998       0.63333333333333330        2.3452319199685146E-004
  0.59999999999999998       0.66666666666666663        1.0840510496951792E-004
  0.59999999999999998       0.69999999999999996        4.8249838292306947E-005
  0.59999999999999998       0.73333333333333328        2.0666723947835553E-005
  0.59999999999999998       0.76666666666666661        8.5136684874684626E-006
  0.59999999999999998       0.80000000000000004        3.3710239834855386E-006
  0.59999999999999998       0.83333333333333337        1.2821336261589233E-006
  0.59999999999999998       0.86666666666666670        4.6818733902207944E-007
  0.59999999999999998       0.90000000000000002        1.6435970006016197E-007
  0.59999999999999998       0.93333333333333335        5.6616143637961801E-008
  0.59999999999999998       0.96666666666666667        2.3125629152247412E-008
  0.59999999999999998        1.0000000000000000        2.3125629152247412E-008

  0.63333333333333330        0.0000000000000000       0.91354545764260098     
  0.63333333333333330        3.3333333333333333E-002  0.76013035603517598     
  0.63333333333333330        6.6666666666666666E-002  0.61920125678817806     
  0.63333333333333330       0.10000000000000001       0.49294030612653439     
  0.63333333333333330       0.13333333333333333       0.38290057817433887     
  0.63333333333333330       0.16666666666666666       0.28979477864951764     
  0.63333333333333330       0.20000000000000001       0.21343140431224039     
  0.63333333333333330       0.23333333333333334       0.15279140637876135     
  0.63333333333333330       0.26666666666666666       0.10621196057507098     
  0.63333333333333330       0.29999999999999999        7.1628648252495083E-002
  0.63333333333333330       0.33333333333333331        4.6825316504849696E-002
  0.63333333333333330       0.36666666666666664        2.9650199005277454E-002
  0.63333333333333330       0.40000000000000002        1.8172911688505336E-002
  0.63333333333333330       0.43333333333333335        1.0774281127017775E-002
  0.63333333333333330       0.46666666666666667        6.1752028336956319E-003
  0.63333333333333330       0.50000000000000000        3.4194563854625160E-003
  0.63333333333333330       0.53333333333333333        1.8283433203998003E-003
  0.63333333333333330       0.56666666666666665        9.4343143648771728E-004
  0.63333333333333330       0.59999999999999998        4.6954196905709382E-004
  0.63333333333333330       0.63333333333333330        2.2527325462756945E-004
  0.63333333333333330       0.66666666666666663        1.0412944923184593E-004
  0.63333333333333330       0.69999999999999996        4.6346794169114985E-005
  0.63333333333333330       0.73333333333333328        1.9851598157852754E-005
  0.63333333333333330       0.76666666666666661        8.1778769624538658E-006
  0.63333333333333330       0.80000000000000004        3.2380658719568177E-006
  0.63333333333333330       0.83333333333333337        1.2315644025352751E-006
  0.63333333333333330       0.86666666666666670        4.4972134627240203E-007
  0.63333333333333330       0.90000000000000002        1.5787711333325568E-007
  0.63333333333333330       0.93333333333333335        5.4383120207390151E-008
  0.63333333333333330       0.96666666666666667        2.2213520548137998E-008
  0.63333333333333330        1.0000000000000000        2.2213520548137998E-008

  0.66666666666666663        0.0000000000000000       0.86602540378443871     
  0.66666666666666663        3.3333333333333333E-002  0.72059052235111742     
  0.66666666666666663        6.6666666666666666E-002  0.58699215670951788     
  0.66666666666666663       0.10000000000000001       0.46729894400270661     
  0.66666666666666663       0.13333333333333333       0.36298317182641687     
  0.66666666666666663       0.16666666666666666       0.27472047296058627     
  0.66666666666666663       0.20000000000000001       0.20232930562290646     
  0.66666666666666663       0.23333333333333334       0.14484362906845741     
  0.66666666666666663       0.26666666666666666       0.10068711444433476     
  0.66666666666666663       0.29999999999999999        6.7902728327799255E-002
  0.66666666666666663       0.33333333333333331        4.4389595826014608E-002
  0.66666666666666663       0.36666666666666664        2.8107879417512357E-002
  0.66666666666666663       0.40000000000000002        1.7227608162585721E-002
  0.66666666666666663       0.43333333333333335        1.0213833461107352E-002
  0.66666666666666663       0.46666666666666667        5.8539862277923764E-003
  0.66666666666666663       0.50000000000000000        3.2415859245638031E-003
  0.66666666666666663       0.53333333333333333        1.7332380661075719E-003
  0.66666666666666663       0.56666666666666665        8.9435679844062071E-004
  0.66666666666666663       0.59999999999999998        4.4511772232520337E-004
  0.66666666666666663       0.63333333333333330        2.1355517633912850E-004
  0.66666666666666663       0.66666666666666663        9.8712929457901689E-005
  0.66666666666666663       0.69999999999999996        4.3935964870316002E-005
  0.66666666666666663       0.73333333333333328        1.8818974104238540E-005
  0.66666666666666663       0.76666666666666661        7.7524869061078498E-006
  0.66666666666666663       0.80000000000000004        3.0696308331260916E-006
  0.66666666666666663       0.83333333333333337        1.1675019015960305E-006
  0.66666666666666663       0.86666666666666670        4.2632811234272220E-007
  0.66666666666666663       0.90000000000000002        1.4966479191476027E-007
  0.66666666666666663       0.93333333333333335        5.1554263931426785E-008
  0.66666666666666663       0.96666666666666667        2.1058035964425166E-008
  0.66666666666666663        1.0000000000000000        2.1058035964425166E-008

  0.69999999999999996        0.0000000000000000       0.80901699437494745     
  0.69999999999999996        3.3333333333333333E-002  0.67315574811091894     
  0.69999999999999996        6.6666666666666666E-002  0.54835184772594248     
  0.69999999999999996       0.10000000000000001       0.43653775685979440     
  0.69999999999999996       0.13333333333333333       0.33908884588885269     
  0.69999999999999996       0.16666666666666666       0.25663627228094388     
  0.69999999999999996       0.20000000000000001       0.18901044472103881     
  0.69999999999999996       0.23333333333333334       0.13530891464760145     
  0.69999999999999996       0.26666666666666666        9.4059119217613132E-002
  0.69999999999999996       0.29999999999999999        6.3432851901984652E-002
  0.69999999999999996       0.33333333333333331        4.1467533446189586E-002
  0.69999999999999996       0.36666666666666664        2.6257604020897083E-002
  0.69999999999999996       0.40000000000000002        1.6093555356528039E-002
  0.69999999999999996       0.43333333333333335        9.5414808984149741E-003
  0.69999999999999996       0.46666666666666667        5.4686321237520539E-003
  0.69999999999999996       0.50000000000000000        3.0281999699301038E-003
  0.69999999999999996       0.53333333333333333        1.6191430928596858E-003
  0.69999999999999996       0.56666666666666665        8.3548340015361677E-004
  0.69999999999999996       0.59999999999999998        4.1581667268064627E-004
  0.69999999999999996       0.63333333333333330        1.9949734284942241E-004
  0.69999999999999996       0.66666666666666663        9.2214890171808154E-005
  0.69999999999999996       0.69999999999999996        4.1043763946206113E-005
  0.69999999999999996       0.73333333333333328        1.7580165432214776E-005
  0.69999999999999996       0.76666666666666661        7.2421589809063360E-006
  0.69999999999999996       0.80000000000000004        2.8675642765260870E-006
  0.69999999999999996       0.83333333333333337        1.0906480055074203E-006
  0.69999999999999996       0.86666666666666670        3.9826393839932242E-007
  0.69999999999999996       0.90000000000000002        1.3981271171667560E-007
  0.69999999999999996       0.93333333333333335        4.8160568351407412E-008
  0.69999999999999996       0.96666666666666667        1.9671835132008761E-008
  0.69999999999999996        1.0000000000000000        1.9671835132008761E-008

  0.73333333333333328        0.0000000000000000       0.74314482547739447     
  0.73333333333333328        3.3333333333333333E-002  0.61834573862752074     
  0.73333333333333328        6.6666666666666666E-002  0.50370368114868025     
  0.73333333333333328       0.10000000000000001       0.40099377070132786     
  0.73333333333333328       0.13333333333333333       0.31147939159682725     
  0.73333333333333328       0.16666666666666666       0.23574031089759884     
  0.73333333333333328       0.20000000000000001       0.17362074583382905     
  0.73333333333333328       0.23333333333333334       0.12429172744265561     
  0.73333333333333328       0.26666666666666666        8.6400592597607226E-002
  0.73333333333333328       0.29999999999999999        5.8267991876554265E-002
  0.73333333333333328       0.33333333333333331        3.8091144092288858E-002
  0.73333333333333328       0.36666666666666664        2.4119644819871961E-002
  0.73333333333333328       0.40000000000000002        1.4783178190191266E-002
  0.73333333333333328       0.43333333333333335        8.7645898743163187E-003
  0.73333333333333328       0.46666666666666667        5.0233625417790599E-003
  0.73333333333333328       0.50000000000000000        2.7816364227342665E-003
  0.73333333333333328       0.53333333333333333        1.4873084490589540E-003
  0.73333333333333328       0.56666666666666665        7.6745627089838805E-004
  0.73333333333333328       0.59999999999999998        3.8195984855496714E-004
  0.73333333333333328       0.63333333333333330        1.8325377472395510E-004
  0.73333333333333328       0.66666666666666663        8.4706525251785952E-005
  0.73333333333333328       0.69999999999999996        3.7701878955341802E-005
  0.73333333333333328       0.73333333333333328        1.6148744788829540E-005
  0.73333333333333328       0.76666666666666661        6.6524844463908142E-006
  0.73333333333333328       0.80000000000000004        2.6340800856360595E-006
  0.73333333333333328       0.83333333333333337        1.0018447416377026E-006
  0.73333333333333328       0.86666666666666670        3.6583630140473259E-007
  0.73333333333333328       0.90000000000000002        1.2842881419133212E-007
  0.73333333333333328       0.93333333333333335        4.4239215506283169E-008
  0.73333333333333328       0.96666666666666667        1.8070105557289922E-008
  0.73333333333333328        1.0000000000000000        1.8070105557289922E-008

  0.76666666666666661        0.0000000000000000       0.66913060635885835     
  0.76666666666666661        3.3333333333333333E-002  0.55676100383455474     
  0.76666666666666661        6.6666666666666666E-002  0.45353683163398134     
  0.76666666666666661       0.10000000000000001       0.36105641287771634     
  0.76666666666666661       0.13333333333333333       0.28045730390921392     
  0.76666666666666661       0.16666666666666666       0.21226152933622813     
  0.76666666666666661       0.20000000000000001       0.15632882172278703     
  0.76666666666666661       0.23333333333333334       0.11191277406213195     
  0.76666666666666661       0.26666666666666666        7.7795443004615564E-002
  0.76666666666666661       0.29999999999999999        5.2464735538763137E-002
  0.76666666666666661       0.33333333333333331        3.4297420192628658E-002
  0.76666666666666661       0.36666666666666664        2.1717425742840159E-002
  0.76666666666666661       0.40000000000000002        1.3310833430023835E-002
  0.76666666666666661       0.43333333333333335        7.8916721694463100E-003
  0.76666666666666661       0.46666666666666667        4.5230559485921430E-003
  0.76666666666666661       0.50000000000000000        2.5045966847961096E-003
  0.76666666666666661       0.53333333333333333        1.3391785426510301E-003
  0.76666666666666661       0.56666666666666665        6.9102073013864733E-004
  0.76666666666666661       0.59999999999999998        3.4391819239828282E-004
  0.76666666666666661       0.63333333333333330        1.6500243989429444E-004
  0.76666666666666661       0.66666666666666663        7.6270097915125172E-005
  0.76666666666666661       0.69999999999999996        3.3946924289017377E-005
  0.76666666666666661       0.73333333333333328        1.4540395118195782E-005
  0.76666666666666661       0.76666666666666661        5.9899239001587661E-006
  0.76666666666666661       0.80000000000000004        2.3717363621111088E-006
  0.76666666666666661       0.83333333333333337        9.0206505712911195E-007
  0.76666666666666661       0.86666666666666670        3.2940048533578476E-007
  0.76666666666666661       0.90000000000000002        1.1563782370225126E-007
  0.76666666666666661       0.93333333333333335        3.9833168558421079E-008
  0.76666666666666661       0.96666666666666667        1.6270396124672715E-008
  0.76666666666666661        1.0000000000000000        1.6270396124672715E-008

  0.80000000000000004        0.0000000000000000       0.58778525229247325     
  0.80000000000000004        3.3333333333333333E-002  0.48907627897384692     
  0.80000000000000004        6.6666666666666666E-002  0.39840093768321688     
  0.80000000000000004       0.10000000000000001       0.31716324543870461     
  0.80000000000000004       0.13333333333333333       0.24636246731050723     
  0.80000000000000004       0.16666666666666666       0.18645716604086907     
  0.80000000000000004       0.20000000000000001       0.13732412632704108     
  0.80000000000000004       0.23333333333333334        9.8307680909729966E-002
  0.80000000000000004       0.26666666666666666        6.8337950258322261E-002
  0.80000000000000004       0.29999999999999999        4.6086664579457599E-002
  0.80000000000000004       0.33333333333333331        3.0127926580141434E-002
  0.80000000000000004       0.36666666666666664        1.9077266004706293E-002
  0.80000000000000004       0.40000000000000002        1.1692652393326099E-002
  0.80000000000000004       0.43333333333333335        6.9322916528492757E-003
  0.80000000000000004       0.46666666666666667        3.9731938079221431E-003
  0.80000000000000004       0.50000000000000000        2.2001160614587754E-003
  0.80000000000000004       0.53333333333333333        1.1763763158886950E-003
  0.80000000000000004       0.56666666666666665        6.0701422165412313E-004
  0.80000000000000004       0.59999999999999998        3.0210849655617442E-004
  0.80000000000000004       0.63333333333333330        1.4494330380417151E-004
  0.80000000000000004       0.66666666666666663        6.6998039425162202E-005
  0.80000000000000004       0.69999999999999996        2.9820040016331871E-005
  0.80000000000000004       0.73333333333333328        1.2772737835873780E-005
  0.80000000000000004       0.76666666666666661        5.2617364942044174E-006
  0.80000000000000004       0.80000000000000004        2.0834073986851266E-006
  0.80000000000000004       0.83333333333333337        7.9240215908536581E-007
  0.80000000000000004       0.86666666666666670        2.8935568861801500E-007
  0.80000000000000004       0.90000000000000002        1.0157988101791822E-007
  0.80000000000000004       0.93333333333333335        3.4990701080206515E-008
  0.80000000000000004       0.96666666666666667        1.4292424827314317E-008
  0.80000000000000004        1.0000000000000000        1.4292424827314317E-008

  0.83333333333333337        0.0000000000000000       0.49999999999999994     
  0.83333333333333337        3.3333333333333333E-002  0.41603313205491066     
  0.83333333333333337        6.6666666666666666E-002  0.33890007968843910     
  0.83333333333333337       0.10000000000000001       0.26979517111199053     
  0.83333333333333337       0.13333333333333333       0.20956843196528596     
  0.83333333333333337       0.16666666666666666       0.15860993901569581     
  0.83333333333333337       0.20000000000000001       0.11681487906633513     
  0.83333333333333337       0.23333333333333334        8.3625508233076198E-002
  0.83333333333333337       0.26666666666666666        5.8131732628363332E-002
  0.83333333333333337       0.29999999999999999        3.9203658478764933E-002
  0.83333333333333337       0.33333333333333331        2.5628345099368222E-002
  0.83333333333333337       0.36666666666666664        1.6228091748050299E-002
  0.83333333333333337       0.40000000000000002        9.9463642101622583E-003
  0.83333333333333337       0.43333333333333335        5.8969594982283364E-003
  0.83333333333333337       0.46666666666666667        3.3798005244482900E-003
  0.83333333333333337       0.50000000000000000        1.8715305061482133E-003
  0.83333333333333337       0.53333333333333333        1.0006854640369131E-003
  0.83333333333333337       0.56666666666666665        5.1635713833126425E-004
  0.83333333333333337       0.59999999999999998        2.5698883680552926E-004
  0.83333333333333337       0.63333333333333330        1.2329613854623382E-004
  0.83333333333333337       0.66666666666666663        5.6991936395016076E-005
  0.83333333333333337       0.69999999999999996        2.5366441144982886E-005
  0.83333333333333337       0.73333333333333328        1.0865139764954716E-005
  0.83333333333333337       0.76666666666666661        4.4759004021304162E-006
  0.83333333333333337       0.80000000000000004        1.7722521878181240E-006
  0.83333333333333337       0.83333333333333337        6.7405753716586816E-007
  0.83333333333333337       0.86666666666666670        2.4614065042417566E-007
  0.83333333333333337       0.90000000000000002        8.6409007900196165E-008
  0.83333333333333337       0.93333333333333335        2.9764868158682272E-008
  0.83333333333333337       0.96666666666666667        1.2157862732665688E-008
  0.83333333333333337        1.0000000000000000        1.2157862732665688E-008

  0.86666666666666670        0.0000000000000000       0.40673664307580004     
  0.86666666666666670        3.3333333333333333E-002  0.33843183908065089     
  0.86666666666666670        6.6666666666666666E-002  0.27568616150119379     
  0.86666666666666670       0.10000000000000001       0.21947116443230424     
  0.86666666666666670       0.13333333333333333       0.17047832102443930     
  0.86666666666666670       0.16666666666666666       0.12902494830740302     
  0.86666666666666670       0.20000000000000001        9.5025783545493431E-002
  0.86666666666666670       0.23333333333333334        6.8027116988458203E-002
  0.86666666666666670       0.26666666666666666        4.7288611570880934E-002
  0.86666666666666670       0.29999999999999999        3.1891128891885959E-002
  0.86666666666666670       0.33333333333333331        2.0847974106610330E-002
  0.86666666666666670       0.36666666666666664        1.3201119122256149E-002
  0.86666666666666670       0.40000000000000002        8.0911015793013602E-003
  0.86666666666666670       0.43333333333333335        4.7970190213266969E-003
  0.86666666666666670       0.46666666666666667        2.7493774391598533E-003
  0.86666666666666670       0.50000000000000000        1.5224400709693551E-003
  0.86666666666666670       0.53333333333333333        8.1403089283424673E-004
  0.86666666666666670       0.56666666666666665        4.2004273814617003E-004
  0.86666666666666670       0.59999999999999998        2.0905355358047121E-004
  0.86666666666666670       0.63333333333333330        1.0029811499300784E-004
  0.86666666666666670       0.66666666666666663        4.6361417783396723E-005
  0.86666666666666670       0.69999999999999996        2.0634922236180394E-005
  0.86666666666666670       0.73333333333333328        8.8385009490941410E-006
  0.86666666666666670       0.76666666666666661        3.6410254086082995E-006
  0.86666666666666670       0.80000000000000004        1.4416798111137727E-006
  0.86666666666666670       0.83333333333333337        5.4832779981357329E-007
  0.86666666666666670       0.86666666666666670        2.0022884375604649E-007
  0.86666666666666670       0.90000000000000002        7.0291419609672175E-008
  0.86666666666666670       0.93333333333333335        2.4212925112912399E-008
  0.86666666666666670       0.96666666666666667        9.8900965497216336E-009
  0.86666666666666670        1.0000000000000000        9.8900965497216336E-009

  0.90000000000000002        0.0000000000000000       0.30901699437494751     
  0.90000000000000002        3.3333333333333333E-002  0.25712261605600817     
  0.90000000000000002        6.6666666666666666E-002  0.20945176803750326     
  0.90000000000000002       0.10000000000000001       0.16674258574780390     
  0.90000000000000002       0.13333333333333333       0.12952041392356667     
  0.90000000000000002       0.16666666666666666        9.8026333265248053E-002
  0.90000000000000002       0.20000000000000001        7.2195565654703683E-002
  0.90000000000000002       0.23333333333333334        5.1683406414525256E-002
  0.90000000000000002       0.26666666666666666        3.5927386589249800E-002
  0.90000000000000002       0.29999999999999999        2.4229193423219726E-002
  0.90000000000000002       0.33333333333333331        1.5839188346821360E-002
  0.90000000000000002       0.36666666666666664        1.0029512272846781E-002
  0.90000000000000002       0.40000000000000002        6.1471911463657795E-003
  0.90000000000000002       0.43333333333333335        3.6445214001866377E-003
  0.90000000000000002       0.46666666666666667        2.0888315993037631E-003
  0.90000000000000002       0.50000000000000000        1.1566694637818900E-003
  0.90000000000000002       0.53333333333333333        6.1845762882277281E-004
  0.90000000000000002       0.56666666666666665        3.1912626182235246E-004
  0.90000000000000002       0.59999999999999998        1.5882783587511704E-004
  0.90000000000000002       0.63333333333333330        7.6201204303188554E-005
  0.90000000000000002       0.66666666666666663        3.5222953776792092E-005
  0.90000000000000002       0.69999999999999996        1.5677322801223224E-005
  0.90000000000000002       0.73333333333333328        6.7150256672600587E-006
  0.90000000000000002       0.76666666666666661        2.7662585787759194E-006
  0.90000000000000002       0.80000000000000004        1.0953120887079630E-006
  0.90000000000000002       0.83333333333333337        4.1659046834155206E-007
  0.90000000000000002       0.86666666666666670        1.5212328797514679E-007
  0.90000000000000002       0.90000000000000002        5.3403703816479411E-008
  0.90000000000000002       0.93333333333333335        1.8395700192725140E-008
  0.90000000000000002       0.96666666666666667        7.5139723993430711E-009
  0.90000000000000002        1.0000000000000000        7.5139723993430711E-009

  0.93333333333333335        0.0000000000000000       0.20791169081775931     
  0.93333333333333335        3.3333333333333333E-002  0.17299630384348930     
  0.93333333333333335        6.6666666666666666E-002  0.14092257717259352     
  0.93333333333333335       0.10000000000000001       0.11218714040072129     
  0.93333333333333335       0.13333333333333333        8.7143454063858344E-002
  0.93333333333333335       0.16666666666666666        6.5953721202510029E-002
  0.93333333333333335       0.20000000000000001        4.8574358038707632E-002
  0.93333333333333335       0.23333333333333334        3.4773441624466654E-002
  0.93333333333333335       0.26666666666666666        2.4172533641857862E-002
  0.93333333333333335       0.29999999999999999        1.6301797841124011E-002
  0.93333333333333335       0.33333333333333331        1.0656865124941366E-002
  0.93333333333333335       0.36666666666666664        6.7480199881657307E-003
  0.93333333333333335       0.40000000000000002        4.1359308008481659E-003
  0.93333333333333335       0.43333333333333335        2.4520936399209984E-003
  0.93333333333333335       0.46666666666666667        1.4054000833295876E-003
  0.93333333333333335       0.50000000000000000        7.7822614390058397E-004
  0.93333333333333335       0.53333333333333333        4.1610841360933737E-004
  0.93333333333333335       0.56666666666666665        2.1471337139254560E-004
  0.93333333333333335       0.59999999999999998        1.0686196716305362E-004
  0.93333333333333335       0.63333333333333330        5.1269417272896371E-005
  0.93333333333333335       0.66666666666666663        2.3698579717731978E-005
  0.93333333333333335       0.69999999999999996        1.0547959336965142E-005
  0.93333333333333335       0.73333333333333328        4.5179791590060149E-006
  0.93333333333333335       0.76666666666666661        1.8611840410776478E-006
  0.93333333333333335       0.80000000000000004        7.3694389784947874E-007
  0.93333333333333335       0.83333333333333337        2.8028888452122062E-007
  0.93333333333333335       0.86666666666666670        1.0235103761734677E-007
  0.93333333333333335       0.90000000000000002        3.5930885868829824E-008
  0.93333333333333335       0.93333333333333335        1.2376928131678634E-008
  0.93333333333333335       0.96666666666666667        5.0555235949574940E-009
  0.93333333333333335        1.0000000000000000        5.0555235949574940E-009

  0.96666666666666667        0.0000000000000000       0.10452846326765373     
  0.96666666666666667        3.3333333333333333E-002   8.6974607924257180E-002
  0.96666666666666667        6.6666666666666666E-002   7.0849409062235719E-002
  0.96666666666666667       0.10000000000000001        5.6402549266739981E-002
  0.96666666666666667       0.13333333333333333        4.3811732285486266E-002
  0.96666666666666667       0.16666666666666666        3.3158506368573835E-002
  0.96666666666666667       0.20000000000000001        2.4420959591201583E-002
  0.96666666666666667       0.23333333333333334        1.7482491731159917E-002
  0.96666666666666667       0.26666666666666666        1.2152841357457859E-002
  0.96666666666666667       0.29999999999999999        8.1957963505104228E-003
  0.96666666666666667       0.33333333333333331        5.3577830586601163E-003
  0.96666666666666667       0.36666666666666664        3.3925949843803724E-003
  0.96666666666666667       0.40000000000000002        2.0793563319772977E-003
  0.96666666666666667       0.43333333333333335        1.2328002286028019E-003
  0.96666666666666667       0.46666666666666667        7.0657070994357811E-004
  0.96666666666666667       0.50000000000000000        3.9125641553241288E-004
  0.96666666666666667       0.53333333333333333        2.0920022754011445E-004
  0.96666666666666667       0.56666666666666665        1.0794803633410043E-004
  0.96666666666666667       0.59999999999999998        5.3725296376447511E-005
  0.96666666666666667       0.63333333333333330        2.5775911778147032E-005
  0.96666666666666667       0.66666666666666663        1.1914559060037760E-005
  0.96666666666666667       0.69999999999999996        5.3030302229088744E-006
  0.96666666666666667       0.73333333333333328        2.2714327256379805E-006
  0.96666666666666667       0.76666666666666661        9.3571798154752940E-007
  0.96666666666666667       0.80000000000000004        3.7050159543073055E-007
  0.96666666666666667       0.83333333333333337        1.4091639702785484E-007
  0.96666666666666667       0.86666666666666670        5.1457407873079557E-008
  0.96666666666666667       0.90000000000000002        1.8064401616580069E-008
  0.96666666666666667       0.93333333333333335        6.2225518559827359E-009
  0.96666666666666667       0.96666666666666667        2.5416854161292369E-009
  0.96666666666666667        1.0000000000000000        2.5416854161292369E-009

   1.0000000000000000        0.0000000000000000        1.2246467991473532E-016
   1.0000000000000000        3.3333333333333333E-002   0.0000000000000000     
   1.0000000000000000        6.6666666666666666E-002   0.0000000000000000     
   1.0000000000000000       0.10000000000000001        0.0000000000000000     
   1.0000000000000000       0.13333333333333333        0.0000000000000000     
   1.0000000000000000       0.16666666666666666        0.0000000000000000     
   1.0000000000000000       0.20000000000000001        0.0000000000000000     
   1.0000000000000000       0.23333333333333334        0.0000000000000000     
   1.0000000000000000       0.26666666666666666        0.0000000000000000     
   1.0000000000000000       0.29999999999999999        0.0000000000000000     
   1.0000000000000000       0.33333333333333331        0.0000000000000000     
   1.0000000000000000       0.36666666666666664        0.0000000000000000     
   1.0000000000000000       0.40000000000000002        0.0000000000000000     
   1.0000000000000000       0.43333333333333335        0.0000000000000000     
   1.0000000000000000       0.46666666666666667        0.0000000000000000     
   1.0000000000000000       0.50000000000000000        0.0000000000000000     
   1.0000000000000000       0.53333333333333333        0.0000000000000000     
   1.0000000000000000       0.56666666666666665        0.0000000000000000     
   1.0000000000000000       0.59999999999999998        0.0000000000000000     
   1.0000000000000000       0.63333333333333330        0.0000000000000000     
   1.0000000000000000       0.66666666666666663        0.0000000000000000     
   1.0000000000000000       0.69999999999999996        0.0000000000000000     
   1.0000000000000000       0.73333333333333328        0.0000000000000000     
   1.0000000000000000       0.76666666666666661        0.0000000000000000     
   1.0000000000000000       0.80000000000000004        0.0000000000000000     
   1.0000000000000000       0.83333333333333337        0.0000000000000000     
   1.0000000000000000       0.86666666666666670        0.0000000000000000     
   1.0000000000000000       0.90000000000000002        0.0000000000000000     
   1.0000000000000000       0.93333333333333335        0.0000000000000000     
   1.0000000000000000       0.96666666666666667        0.0000000000000000     
   1.0000000000000000        1.0000000000000000        0.0000000000000000     

