   0.0000000000000000        0.0000000000000000        0.0000000000000000     
   0.0000000000000000        3.3333333333333333E-002   0.0000000000000000     
   0.0000000000000000        6.6666666666666666E-002   0.0000000000000000     
   0.0000000000000000       0.10000000000000001        0.0000000000000000     
   0.0000000000000000       0.13333333333333333        0.0000000000000000     
   0.0000000000000000       0.16666666666666666        0.0000000000000000     
   0.0000000000000000       0.20000000000000001        0.0000000000000000     
   0.0000000000000000       0.23333333333333334        0.0000000000000000     
   0.0000000000000000       0.26666666666666666        0.0000000000000000     
   0.0000000000000000       0.29999999999999999        0.0000000000000000     
   0.0000000000000000       0.33333333333333331        0.0000000000000000     
   0.0000000000000000       0.36666666666666664        0.0000000000000000     
   0.0000000000000000       0.40000000000000002        0.0000000000000000     
   0.0000000000000000       0.43333333333333335        0.0000000000000000     
   0.0000000000000000       0.46666666666666667        0.0000000000000000     
   0.0000000000000000       0.50000000000000000        0.0000000000000000     
   0.0000000000000000       0.53333333333333333        0.0000000000000000     
   0.0000000000000000       0.56666666666666665        0.0000000000000000     
   0.0000000000000000       0.59999999999999998        0.0000000000000000     
   0.0000000000000000       0.63333333333333330        0.0000000000000000     
   0.0000000000000000       0.66666666666666663        0.0000000000000000     
   0.0000000000000000       0.69999999999999996        0.0000000000000000     
   0.0000000000000000       0.73333333333333328        0.0000000000000000     
   0.0000000000000000       0.76666666666666661        0.0000000000000000     
   0.0000000000000000       0.80000000000000004        0.0000000000000000     
   0.0000000000000000       0.83333333333333337        0.0000000000000000     
   0.0000000000000000       0.86666666666666670        0.0000000000000000     
   0.0000000000000000       0.90000000000000002        0.0000000000000000     
   0.0000000000000000       0.93333333333333335        0.0000000000000000     
   0.0000000000000000       0.96666666666666667        0.0000000000000000     
   0.0000000000000000        1.0000000000000000        0.0000000000000000     

   3.3333333333333333E-002   0.0000000000000000       0.10452846326765346     
   3.3333333333333333E-002   3.3333333333333333E-002   8.8256137946467861E-002
   3.3333333333333333E-002   6.6666666666666666E-002   7.3290604791408490E-002
   3.3333333333333333E-002  0.10000000000000001        5.9778784092255802E-002
   3.3333333333333333E-002  0.13333333333333333        4.7829675298112349E-002
   3.3333333333333333E-002  0.16666666666666666        3.7497988629197225E-002
   3.3333333333333333E-002  0.20000000000000001        2.8776406204278709E-002
   3.3333333333333333E-002  0.23333333333333334        2.1596637140389369E-002
   3.3333333333333333E-002  0.26666666666666666        1.5837991475001662E-002
   3.3333333333333333E-002  0.29999999999999999        1.1341162595248941E-002
   3.3333333333333333E-002  0.33333333333333331        7.9244427495679028E-003
   3.3333333333333333E-002  0.36666666666666664        5.3997109392300768E-003
   3.3333333333333333E-002  0.40000000000000002        3.5861020859281156E-003
   3.3333333333333333E-002  0.43333333333333335        2.3200860863870766E-003
   3.3333333333333333E-002  0.46666666666666667        1.4615371656071757E-003
   3.3333333333333333E-002  0.50000000000000000        8.9608285572229779E-004
   3.3333333333333333E-002  0.53333333333333333        5.3448804160987826E-004
   3.3333333333333333E-002  0.56666666666666665        3.1003226182432363E-004
   3.3333333333333333E-002  0.59999999999999998        1.7481917261219482E-004
   3.3333333333333333E-002  0.63333333333333330        9.5790772341302407E-005
   3.3333333333333333E-002  0.66666666666666663        5.0986284234694696E-005
   3.3333333333333333E-002  0.69999999999999996        2.6352565453395310E-005
   3.3333333333333333E-002  0.73333333333333328        1.3221421302689840E-005
   3.3333333333333333E-002  0.76666666666666661        6.4367381465070718E-006
   3.3333333333333333E-002  0.80000000000000004        3.0397554410664287E-006
   3.3333333333333333E-002  0.83333333333333337        1.3921752410826129E-006
   3.3333333333333333E-002  0.86666666666666670        6.1863475127822232E-007
   3.3333333333333333E-002  0.90000000000000002        2.6808539678618717E-007
   3.3333333333333333E-002  0.93333333333333335        1.1724251134771473E-007
   3.3333333333333333E-002  0.96666666666666667        6.2046455465421478E-008
   3.3333333333333333E-002   1.0000000000000000        6.2046455465421478E-008

   6.6666666666666666E-002   0.0000000000000000       0.20791169081775931     
   6.6666666666666666E-002   3.3333333333333333E-002  0.17554532317680999     
   6.6666666666666666E-002   6.6666666666666666E-002  0.14577822237967725     
   6.6666666666666666E-002  0.10000000000000001       0.11890261931648205     
   6.6666666666666666E-002  0.13333333333333333        9.5135318664655549E-002
   6.6666666666666666E-002  0.16666666666666666        7.4585141448014369E-002
   6.6666666666666666E-002  0.20000000000000001        5.7237532080333213E-002
   6.6666666666666666E-002  0.23333333333333334        4.2956657004881757E-002
   6.6666666666666666E-002  0.26666666666666666        3.1502458601090418E-002
   6.6666666666666666E-002  0.29999999999999999        2.2558069039813486E-002
   6.6666666666666666E-002  0.33333333333333331        1.5762063646075283E-002
   6.6666666666666666E-002  0.36666666666666664        1.0740261515447790E-002
   6.6666666666666666E-002  0.40000000000000002        7.1329140869626963E-003
   6.6666666666666666E-002  0.43333333333333335        4.6147528241024700E-003
   6.6666666666666666E-002  0.46666666666666667        2.9070614241816454E-003
   6.6666666666666666E-002  0.50000000000000000        1.7823480401599093E-003
   6.6666666666666666E-002  0.53333333333333333        1.0631201203870654E-003
   6.6666666666666666E-002  0.56666666666666665        6.1666774530967834E-004
   6.6666666666666666E-002  0.59999999999999998        3.4772298978598669E-004
   6.6666666666666666E-002  0.63333333333333330        1.9053204093532572E-004
   6.6666666666666666E-002  0.66666666666666663        1.0141395206974817E-004
   6.6666666666666666E-002  0.69999999999999996        5.2416406685054367E-005
   6.6666666666666666E-002  0.73333333333333328        2.6297985946827130E-005
   6.6666666666666666E-002  0.76666666666666661        1.2802954042906959E-005
   6.6666666666666666E-002  0.80000000000000004        6.0462066854108129E-006
   6.6666666666666666E-002  0.83333333333333337        2.7690975188925262E-006
   6.6666666666666666E-002  0.86666666666666670        1.2304916107637960E-006
   6.6666666666666666E-002  0.90000000000000002        5.3323359386470896E-007
   6.6666666666666666E-002  0.93333333333333335        2.3320048920653111E-007
   6.6666666666666666E-002  0.96666666666666667        1.2341311698070826E-007
   6.6666666666666666E-002   1.0000000000000000        1.2341311698070826E-007

  0.10000000000000001        0.0000000000000000       0.30901699437494740     
  0.10000000000000001        3.3333333333333333E-002  0.26091119711120647     
  0.10000000000000001        6.6666666666666666E-002  0.21666866325750003     
  0.10000000000000001       0.10000000000000001       0.17672373256150420     
  0.10000000000000001       0.13333333333333333       0.14139863957156346     
  0.10000000000000001       0.16666666666666666       0.11085512384918281     
  0.10000000000000001       0.20000000000000001        8.5071551577191956E-002
  0.10000000000000001       0.23333333333333334        6.3846034745970281E-002
  0.10000000000000001       0.26666666666666666        4.6821778198432355E-002
  0.10000000000000001       0.29999999999999999        3.3527824559398407E-002
  0.10000000000000001       0.33333333333333331        2.3426992074852392E-002
  0.10000000000000001       0.36666666666666664        1.5963139538958046E-002
  0.10000000000000001       0.40000000000000002        1.0601576388602280E-002
  0.10000000000000001       0.43333333333333335        6.8588593641778842E-003
  0.10000000000000001       0.46666666666666667        4.3207353094510672E-003
  0.10000000000000001       0.50000000000000000        2.6490854464892230E-003
  0.10000000000000001       0.53333333333333333        1.5801044326531040E-003
  0.10000000000000001       0.56666666666666665        9.1654688793139818E-004
  0.10000000000000001       0.59999999999999998        5.1681708111796958E-004
  0.10000000000000001       0.63333333333333330        2.8318580061746873E-004
  0.10000000000000001       0.66666666666666663        1.5073050742369165E-004
  0.10000000000000001       0.69999999999999996        7.7905962796233710E-005
  0.10000000000000001       0.73333333333333328        3.9086424353723620E-005
  0.10000000000000001       0.76666666666666661        1.9028898095622381E-005
  0.10000000000000001       0.80000000000000004        8.9864144240597479E-006
  0.10000000000000001       0.83333333333333337        4.1156809848145432E-006
  0.10000000000000001       0.86666666666666670        1.8288669466649178E-006
  0.10000000000000001       0.90000000000000002        7.9253957210254574E-007
  0.10000000000000001       0.93333333333333335        3.4660347370526101E-007
  0.10000000000000001       0.96666666666666667        1.8342763856049939E-007
  0.10000000000000001        1.0000000000000000        1.8342763856049939E-007

  0.13333333333333333        0.0000000000000000       0.40673664307580015     
  0.13333333333333333        3.3333333333333333E-002  0.34341847337087444     
  0.13333333333333333        6.6666666666666666E-002  0.28518523691984093     
  0.13333333333333333       0.10000000000000001       0.23260862361076395     
  0.13333333333333333       0.13333333333333333       0.18611276739375771     
  0.13333333333333333       0.16666666666666666       0.14591055431553357     
  0.13333333333333333       0.20000000000000001       0.11197350935260432     
  0.13333333333333333       0.23333333333333334        8.4035901969740243E-002
  0.13333333333333333       0.26666666666666666        6.1628108595745260E-002
  0.13333333333333333       0.29999999999999999        4.4130242216962205E-002
  0.13333333333333333       0.33333333333333331        3.0835249476044154E-002
  0.13333333333333333       0.36666666666666664        2.1011122065177766E-002
  0.13333333333333333       0.40000000000000002        1.3954085600805851E-002
  0.13333333333333333       0.43333333333333335        9.0278188057507699E-003
  0.13333333333333333       0.46666666666666667        5.6870703144981521E-003
  0.13333333333333333       0.50000000000000000        3.4867989183100319E-003
  0.13333333333333333       0.53333333333333333        2.0797767900968852E-003
  0.13333333333333333       0.56666666666666665        1.2063841510491747E-003
  0.13333333333333333       0.59999999999999998        6.8024881635829688E-004
  0.13333333333333333       0.63333333333333330        3.7273691740760814E-004
  0.13333333333333333       0.66666666666666663        1.9839562779591467E-004
  0.13333333333333333       0.69999999999999996        1.0254196487614668E-004
  0.13333333333333333       0.73333333333333328        5.1446623716040589E-005
  0.13333333333333333       0.76666666666666661        2.5046357558749238E-005
  0.13333333333333333       0.80000000000000004        1.1828165125750566E-005
  0.13333333333333333       0.83333333333333337        5.4171721886053167E-006
  0.13333333333333333       0.86666666666666670        2.4072048335833661E-006
  0.13333333333333333       0.90000000000000002        1.0431623209388593E-006
  0.13333333333333333       0.93333333333333335        4.5620899801463625E-007
  0.13333333333333333       0.96666666666666667        2.4143248854752055E-007
  0.13333333333333333        1.0000000000000000        2.4143248854752055E-007

  0.16666666666666666        0.0000000000000000       0.49999999999999994     
  0.16666666666666666        3.3333333333333333E-002  0.42216318497135552     
  0.16666666666666666        6.6666666666666666E-002  0.35057726144764056     
  0.16666666666666666       0.10000000000000001       0.28594500590326033     
  0.16666666666666666       0.13333333333333333       0.22878780478978555     
  0.16666666666666666       0.16666666666666666       0.17936735821505687     
  0.16666666666666666       0.20000000000000001       0.13764866192758629     
  0.16666666666666666       0.23333333333333334       0.10330505426588668     
  0.16666666666666666       0.26666666666666666        7.5759228538772372E-002
  0.16666666666666666       0.29999999999999999        5.4249159705950095E-002
  0.16666666666666666       0.33333333333333331        3.7905669431285587E-002
  0.16666666666666666       0.36666666666666664        2.5828902341191440E-002
  0.16666666666666666       0.40000000000000002        1.7153710931086849E-002
  0.16666666666666666       0.43333333333333335        1.1097867575295310E-002
  0.16666666666666666       0.46666666666666667        6.9910965870836218E-003
  0.16666666666666666       0.50000000000000000        4.2863102915222532E-003
  0.16666666666666666       0.53333333333333333        2.5566626778070916E-003
  0.16666666666666666       0.56666666666666665        1.4830040169559429E-003
  0.16666666666666666       0.59999999999999998        8.3622760321538621E-004
  0.16666666666666666       0.63333333333333330        4.5820425053041529E-004
  0.16666666666666666       0.66666666666666663        2.4388708415305142E-004
  0.16666666666666666       0.69999999999999996        1.2605449573059092E-004
  0.16666666666666666       0.73333333333333328        6.3243163103026464E-005
  0.16666666666666666       0.76666666666666661        3.0789403887175162E-005
  0.16666666666666666       0.80000000000000004        1.4540323975120980E-005
  0.16666666666666666       0.83333333333333337        6.6593117202815716E-006
  0.16666666666666666       0.86666666666666670        2.9591688806050782E-006
  0.16666666666666666       0.90000000000000002        1.2823559650912170E-006
  0.16666666666666666       0.93333333333333335        5.6081620107389272E-007
  0.16666666666666666       0.96666666666666667        2.9679215366701878E-007
  0.16666666666666666        1.0000000000000000        2.9679215366701878E-007

  0.20000000000000001        0.0000000000000000       0.58778525229247314     
  0.20000000000000001        3.3333333333333333E-002  0.49628258837396438     
  0.20000000000000001        6.6666666666666666E-002  0.41212828813601143     
  0.20000000000000001       0.10000000000000001       0.33614851487324116     
  0.20000000000000001       0.13333333333333333       0.26895619511961039     
  0.20000000000000001       0.16666666666666666       0.21085897580294319     
  0.20000000000000001       0.20000000000000001       0.16181570695765532     
  0.20000000000000001       0.23333333333333334       0.12144237476952366     
  0.20000000000000001       0.26666666666666666        8.9060314520290895E-002
  0.20000000000000001       0.29999999999999999        6.3773712048833073E-002
  0.20000000000000001       0.33333333333333331        4.4560786939966575E-002
  0.20000000000000001       0.36666666666666664        3.0363695758109720E-002
  0.20000000000000001       0.40000000000000002        2.0165396614762077E-002
  0.20000000000000001       0.43333333333333335        1.3046325785306821E-002
  0.20000000000000001       0.46666666666666667        8.2185269424799885E-003
  0.20000000000000001       0.50000000000000000        5.0388599522124631E-003
  0.20000000000000001       0.53333333333333333        3.0055372342031824E-003
  0.20000000000000001       0.56666666666666665        1.7433757805144000E-003
  0.20000000000000001       0.59999999999999998        9.8304450545977189E-004
  0.20000000000000001       0.63333333333333330        5.3865140199900745E-004
  0.20000000000000001       0.66666666666666663        2.8670646257955389E-004
  0.20000000000000001       0.69999999999999996        1.4818594715121171E-004
  0.20000000000000001       0.73333333333333328        7.4346797160572872E-005
  0.20000000000000001       0.76666666666666661        3.6195115063516205E-005
  0.20000000000000001       0.80000000000000004        1.7093175992261563E-005
  0.20000000000000001       0.83333333333333337        7.8284904391998534E-006
  0.20000000000000001       0.86666666666666670        3.4787116541249826E-006
  0.20000000000000001       0.90000000000000002        1.5074998489397977E-006
  0.20000000000000001       0.93333333333333335        6.5927898447584890E-007
  0.20000000000000001       0.96666666666666667        3.4890010184319023E-007
  0.20000000000000001        1.0000000000000000        3.4890010184319023E-007

  0.23333333333333334        0.0000000000000000       0.66913060635885824     
  0.23333333333333334        3.3333333333333333E-002  0.56496461588453972     
  0.23333333333333334        6.6666666666666666E-002  0.46916395105617542     
  0.23333333333333334       0.10000000000000001       0.38266911037067175     
  0.23333333333333334       0.13333333333333333       0.30617784509300261     
  0.23333333333333334       0.16666666666666666       0.24004037832685504     
  0.23333333333333334       0.20000000000000001       0.18420986524018262     
  0.23333333333333334       0.23333333333333334       0.13824914720173503     
  0.23333333333333334       0.26666666666666666       0.10138563705885614     
  0.23333333333333334       0.29999999999999999        7.2599546257001851E-002
  0.23333333333333334       0.33333333333333331        5.0727687141989129E-002
  0.23333333333333334       0.36666666666666664        3.4565818170290322E-002
  0.23333333333333334       0.40000000000000002        2.2956145993245438E-002
  0.23333333333333334       0.43333333333333335        1.4851845719895325E-002
  0.23333333333333334       0.46666666666666667        9.3559133968572159E-003
  0.23333333333333334       0.50000000000000000        5.7362028088169996E-003
  0.23333333333333334       0.53333333333333333        3.4214824957122430E-003
  0.23333333333333334       0.56666666666666665        1.9846467541967052E-003
  0.23333333333333334       0.59999999999999998        1.1190909663870521E-003
  0.23333333333333334       0.63333333333333330        6.1319697598724598E-004
  0.23333333333333334       0.66666666666666663        3.2638462500485032E-004
  0.23333333333333334       0.69999999999999996        1.6869384232494081E-004
  0.23333333333333334       0.73333333333333328        8.4635872150360522E-005
  0.23333333333333334       0.76666666666666661        4.1204264984906610E-005
  0.23333333333333334       0.80000000000000004        1.9458751596253891E-005
  0.23333333333333334       0.83333333333333337        8.9118985786493192E-006
  0.23333333333333334       0.86666666666666670        3.9601409347950794E-006
  0.23333333333333334       0.90000000000000002        1.7161272489787696E-006
  0.23333333333333334       0.93333333333333335        7.5051856936089053E-007
  0.23333333333333334       0.96666666666666667        3.9718542749152746E-007
  0.23333333333333334        1.0000000000000000        3.9718542749152746E-007

  0.26666666666666666        0.0000000000000000       0.74314482547739413     
  0.26666666666666666        3.3333333333333333E-002  0.62745677283703771     
  0.26666666666666666        6.6666666666666666E-002  0.52105935554969929     
  0.26666666666666666       0.10000000000000001       0.42499710301622179     
  0.26666666666666666       0.13333333333333333       0.34004494652372269     
  0.26666666666666666       0.16666666666666666       0.26659184823413939     
  0.26666666666666666       0.20000000000000001       0.20458578169074595     
  0.26666666666666666       0.23333333333333334       0.15354123304671016     
  0.26666666666666666       0.26666666666666666       0.11260015734149605     
  0.26666666666666666       0.29999999999999999        8.0629964643947144E-002
  0.26666666666666666       0.33333333333333331        5.6338804188233060E-002
  0.26666666666666666       0.36666666666666664        3.8389230245234753E-002
  0.26666666666666666       0.40000000000000002        2.5495383032344415E-002
  0.26666666666666666       0.43333333333333335        1.6494645724828134E-002
  0.26666666666666666       0.46666666666666667        1.0390794506207730E-002
  0.26666666666666666       0.50000000000000000        6.3706986270705276E-003
  0.26666666666666666       0.53333333333333333        3.7999412790070369E-003
  0.26666666666666666       0.56666666666666665        2.2041735227259977E-003
  0.26666666666666666       0.59999999999999998        1.2428764325017557E-003
  0.26666666666666666       0.63333333333333330        6.8102423558685137E-004
  0.26666666666666666       0.66666666666666663        3.6248684917821990E-004
  0.26666666666666666       0.69999999999999996        1.8735349246070182E-004
  0.26666666666666666       0.73333333333333328        9.3997658813673959E-005
  0.26666666666666666       0.76666666666666661        4.5761972356575578E-005
  0.26666666666666666       0.80000000000000004        2.1611133045752106E-005
  0.26666666666666666       0.83333333333333337        9.8976660923364291E-006
  0.26666666666666666       0.86666666666666670        4.3981820826707939E-006
  0.26666666666666666       0.90000000000000002        1.9059523997552157E-006
  0.26666666666666666       0.93333333333333335        8.3353531574390651E-007
  0.26666666666666666       0.96666666666666667        4.4111910647987334E-007
  0.26666666666666666        1.0000000000000000        4.4111910647987334E-007

  0.29999999999999999        0.0000000000000000       0.80901699437494745     
  0.29999999999999999        3.3333333333333333E-002  0.68307438208256199     
  0.29999999999999999        6.6666666666666666E-002  0.56724592470514068     
  0.29999999999999999       0.10000000000000001       0.46266873846476458     
  0.29999999999999999       0.13333333333333333       0.37018644436134901     
  0.29999999999999999       0.16666666666666666       0.29022248206423967     
  0.29999999999999999       0.20000000000000001       0.22272021350477825     
  0.29999999999999999       0.23333333333333334       0.16715108901185693     
  0.29999999999999999       0.26666666666666666       0.12258100673720473     
  0.29999999999999999       0.29999999999999999        8.7776984265348496E-002
  0.29999999999999999       0.33333333333333331        6.1332661506137989E-002
  0.29999999999999999       0.36666666666666664        4.1792041880149483E-002
  0.29999999999999999       0.40000000000000002        2.7755287319689133E-002
  0.29999999999999999       0.43333333333333335        1.7956726939473196E-002
  0.29999999999999999       0.46666666666666667        1.1311831896534688E-002
  0.29999999999999999       0.50000000000000000        6.9353957380114753E-003
  0.29999999999999999       0.53333333333333333        4.1367671104601961E-003
  0.29999999999999999       0.56666666666666665        2.3995509048873407E-003
  0.29999999999999999       0.59999999999999998        1.3530446843333559E-003
  0.29999999999999999       0.63333333333333330        7.4139005114788408E-004
  0.29999999999999999       0.66666666666666663        3.9461759157674304E-004
  0.29999999999999999       0.69999999999999996        2.0396045852682463E-004
  0.29999999999999999       0.73333333333333328        1.0232958745675010E-004
  0.29999999999999999       0.76666666666666661        4.9818301982797549E-005
  0.29999999999999999       0.80000000000000004        2.3526738399180729E-005
  0.29999999999999999       0.83333333333333337        1.0774992705096117E-005
  0.29999999999999999       0.86666666666666670        4.7880358272699970E-006
  0.29999999999999999       0.90000000000000002        2.0748955371937626E-006
  0.29999999999999999       0.93333333333333335        9.0741967477915384E-007
  0.29999999999999999       0.96666666666666667        4.8021979222751822E-007
  0.29999999999999999        1.0000000000000000        4.8021979222751822E-007

  0.33333333333333331        0.0000000000000000       0.86602540378443860     
  0.33333333333333331        3.3333333333333333E-002  0.73120808545548555     
  0.33333333333333331        6.6666666666666666E-002  0.60721762880567132     
  0.33333333333333331       0.10000000000000001       0.49527127839502949     
  0.33333333333333331       0.13333333333333333       0.39627210204805874     
  0.33333333333333331       0.16666666666666666       0.31067337764788533     
  0.33333333333333331       0.20000000000000001       0.23841447605245122     
  0.33333333333333331       0.23333333333333334       0.17892960266717570     
  0.33333333333333331       0.26666666666666666       0.13121883297137582     
  0.33333333333333331       0.29999999999999999        9.3962300878623853E-002
  0.33333333333333331       0.33333333333333331        6.5654545349897120E-002
  0.33333333333333331       0.36666666666666664        4.4736971158678300E-002
  0.33333333333333331       0.40000000000000002        2.9711098870992058E-002
  0.33333333333333331       0.43333333333333335        1.9222070496082700E-002
  0.33333333333333331       0.46666666666666667        1.2108934489450210E-002
  0.33333333333333331       0.50000000000000000        7.4241072019219081E-003
  0.33333333333333331       0.53333333333333333        4.4282696557769816E-003
  0.33333333333333331       0.56666666666666665        2.5686383051964296E-003
  0.33333333333333331       0.59999999999999998        1.4483886954605963E-003
  0.33333333333333331       0.63333333333333330        7.9363304216269811E-004
  0.33333333333333331       0.66666666666666663        4.2242482106291147E-004
  0.33333333333333331       0.69999999999999996        2.1833279112785762E-004
  0.33333333333333331       0.73333333333333328        1.0954037172580722E-004
  0.33333333333333331       0.76666666666666661        5.3328811867346071E-005
  0.33333333333333331       0.80000000000000004        2.5184579883421403E-005
  0.33333333333333331       0.83333333333333337        1.1534266242966586E-005
  0.33333333333333331       0.86666666666666670        5.1254308493847161E-006
  0.33333333333333331       0.90000000000000002        2.2211056849270095E-006
  0.33333333333333331       0.93333333333333335        9.7136215396774590E-007
  0.33333333333333331       0.96666666666666667        5.1405908943906632E-007
  0.33333333333333331        1.0000000000000000        5.1405908943906632E-007

  0.36666666666666664        0.0000000000000000       0.91354545764260087     
  0.36666666666666664        3.3333333333333333E-002  0.77133052002902980     
  0.36666666666666664        6.6666666666666666E-002  0.64053652949654905     
  0.36666666666666664       0.10000000000000001       0.52244752255702032     
  0.36666666666666664       0.13333333333333333       0.41801611965946139     
  0.36666666666666664       0.16666666666666666       0.32772047069343685     
  0.36666666666666664       0.20000000000000001       0.25149661970905701     
  0.36666666666666664       0.23333333333333334       0.18874772615224633     
  0.36666666666666664       0.26666666666666666       0.13841899821220641     
  0.36666666666666664       0.29999999999999999        9.9118146860597431E-002
  0.36666666666666664       0.33333333333333331        6.9257104255705887E-002
  0.36666666666666664       0.36666666666666664        4.7191752819379561E-002
  0.36666666666666664       0.40000000000000002        3.1341389405617245E-002
  0.36666666666666664       0.43333333333333335        2.0276813025860273E-002
  0.36666666666666664       0.46666666666666667        1.2773369062141866E-002
  0.36666666666666664       0.50000000000000000        7.8314785937337750E-003
  0.36666666666666664       0.53333333333333333        4.6712551520700744E-003
  0.36666666666666664       0.56666666666666665        2.7095831667116647E-003
  0.36666666666666664       0.59999999999999998        1.5278638569455505E-003
  0.36666666666666664       0.63333333333333330        8.3718082348918643E-004
  0.36666666666666664       0.66666666666666663        4.4560387581143779E-004
  0.36666666666666664       0.69999999999999996        2.3031302398021994E-004
  0.36666666666666664       0.73333333333333328        1.1555100875943994E-004
  0.36666666666666664       0.76666666666666661        5.6255040129304620E-005
  0.36666666666666664       0.80000000000000004        2.6566493840247154E-005
  0.36666666666666664       0.83333333333333337        1.2167167946178729E-005
  0.36666666666666664       0.86666666666666670        5.4066705785482193E-006
  0.36666666666666664       0.90000000000000002        2.3429809339799498E-006
  0.36666666666666664       0.93333333333333335        1.0246621861268685E-006
  0.36666666666666664       0.96666666666666667        5.4226624769293970E-007
  0.36666666666666664        1.0000000000000000        5.4226624769293970E-007

  0.40000000000000002        0.0000000000000000       0.95105651629515353     
  0.40000000000000002        3.3333333333333333E-002  0.80300209601384775     
  0.40000000000000002        6.6666666666666666E-002  0.66683757792937659     
  0.40000000000000002       0.10000000000000001       0.54389972233270378     
  0.40000000000000002       0.13333333333333333       0.43518026518837821     
  0.40000000000000002       0.16666666666666666       0.34117698968215376     
  0.40000000000000002       0.20000000000000001       0.26182331377107915     
  0.40000000000000002       0.23333333333333334       0.19649789005159193     
  0.40000000000000002       0.26666666666666666       0.14410261594258644     
  0.40000000000000002       0.29999999999999999       0.10318803368376062     
  0.40000000000000002       0.33333333333333331        7.2100867834308330E-002
  0.40000000000000002       0.36666666666666664        4.9129491760682528E-002
  0.40000000000000002       0.40000000000000002        3.2628297119307106E-002
  0.40000000000000002       0.43333333333333335        2.1109398548930600E-002
  0.40000000000000002       0.46666666666666667        1.3297855930389374E-002
  0.40000000000000002       0.50000000000000000        8.1530466672304364E-003
  0.40000000000000002       0.53333333333333333        4.8630613993941030E-003
  0.40000000000000002       0.56666666666666665        2.8208412680356758E-003
  0.40000000000000002       0.59999999999999998        1.5905994222877424E-003
  0.40000000000000002       0.63333333333333330        8.7155627652217712E-004
  0.40000000000000002       0.66666666666666663        4.6390080124796809E-004
  0.40000000000000002       0.69999999999999996        2.3976989914575622E-004
  0.40000000000000002       0.73333333333333328        1.2029564476050111E-004
  0.40000000000000002       0.76666666666666661        5.8564926399482534E-005
  0.40000000000000002       0.80000000000000004        2.7657339731162920E-005
  0.40000000000000002       0.83333333333333337        1.2666763611228954E-005
  0.40000000000000002       0.86666666666666670        5.6286736934345899E-006
  0.40000000000000002       0.90000000000000002        2.4391859936199246E-006
  0.40000000000000002       0.93333333333333335        1.0667358049504376E-006
  0.40000000000000002       0.96666666666666667        5.6453222346058163E-007
  0.40000000000000002        1.0000000000000000        5.6453222346058163E-007

  0.43333333333333335        0.0000000000000000       0.97814760073380569     
  0.43333333333333335        3.3333333333333333E-002  0.82587581299574631     
  0.43333333333333335        6.6666666666666666E-002  0.68583261431367548     
  0.43333333333333335       0.10000000000000001       0.55939284293217595     
  0.43333333333333335       0.13333333333333333       0.44757648466456607     
  0.43333333333333335       0.16666666666666666       0.35089550217603782     
  0.43333333333333335       0.20000000000000001       0.26928141681737450     
  0.43333333333333335       0.23333333333333334       0.20209518194770526     
  0.43333333333333335       0.26666666666666666       0.14820741525728848     
  0.43333333333333335       0.29999999999999999       0.10612737081640025     
  0.43333333333333335       0.33333333333333331        7.4154679216841504E-002
  0.43333333333333335       0.36666666666666664        5.0528957709248361E-002
  0.43333333333333335       0.40000000000000002        3.3557722381847711E-002
  0.43333333333333335       0.43333333333333335        2.1710705084073210E-002
  0.43333333333333335       0.46666666666666667        1.3676648706308282E-002
  0.43333333333333335       0.50000000000000000        8.3852882553062235E-003
  0.43333333333333335       0.53333333333333333        5.0015869283653470E-003
  0.43333333333333335       0.56666666666666665        2.9011936421281031E-003
  0.43333333333333335       0.59999999999999998        1.6359080475050216E-003
  0.43333333333333335       0.63333333333333330        8.9638277660471471E-004
  0.43333333333333335       0.66666666666666663        4.7711513242854200E-004
  0.43333333333333335       0.69999999999999996        2.4659980512117455E-004
  0.43333333333333335       0.73333333333333328        1.2372229650408416E-004
  0.43333333333333335       0.76666666666666661        6.0233163080528991E-005
  0.43333333333333335       0.80000000000000004        2.8445166020313636E-005
  0.43333333333333335       0.83333333333333337        1.3027579563463863E-005
  0.43333333333333335       0.86666666666666670        5.7890078814599974E-006
  0.43333333333333335       0.90000000000000002        2.5086668210813152E-006
  0.43333333333333335       0.93333333333333335        1.0971220430661514E-006
  0.43333333333333335       0.96666666666666667        5.8061306605202684E-007
  0.43333333333333335        1.0000000000000000        5.8061306605202684E-007

  0.46666666666666667        0.0000000000000000       0.99452189536827329     
  0.46666666666666667        3.3333333333333333E-002  0.83970106174483883     
  0.46666666666666667        6.6666666666666666E-002  0.69731352505585242     
  0.46666666666666667       0.10000000000000001       0.56875713848400511     
  0.46666666666666667       0.13333333333333333       0.45506896251336815     
  0.46666666666666667       0.16666666666666666       0.35676953011847673     
  0.46666666666666667       0.20000000000000001       0.27378921631025960     
  0.46666666666666667       0.23333333333333334       0.20547827673926383     
  0.46666666666666667       0.26666666666666666       0.15068842311603614     
  0.46666666666666667       0.29999999999999999       0.10790395426579528     
  0.46666666666666667       0.33333333333333331        7.5396036416010725E-002
  0.46666666666666667       0.36666666666666664        5.1374817823287483E-002
  0.46666666666666667       0.40000000000000002        3.4119482215567924E-002
  0.46666666666666667       0.43333333333333335        2.2074144591057589E-002
  0.46666666666666667       0.46666666666666667        1.3905597256978141E-002
  0.46666666666666667       0.50000000000000000        8.5256588705224946E-003
  0.46666666666666667       0.53333333333333333        5.0853140243000685E-003
  0.46666666666666667       0.56666666666666665        2.9497599315635743E-003
  0.46666666666666667       0.59999999999999998        1.6632933218180687E-003
  0.46666666666666667       0.63333333333333330        9.1138831940661569E-004
  0.46666666666666667       0.66666666666666663        4.8510209037546862E-004
  0.46666666666666667       0.69999999999999996        2.5072791202735838E-004
  0.46666666666666667       0.73333333333333328        1.2579342087661347E-004
  0.46666666666666667       0.76666666666666661        6.1241472622265440E-005
  0.46666666666666667       0.80000000000000004        2.8921341118012129E-005
  0.46666666666666667       0.83333333333333337        1.3245662627805171E-005
  0.46666666666666667       0.86666666666666670        5.8859164877083483E-006
  0.46666666666666667       0.90000000000000002        2.5506621698786564E-006
  0.46666666666666667       0.93333333333333335        1.1154879824904850E-006
  0.46666666666666667       0.96666666666666667        5.9033259039071083E-007
  0.46666666666666667        1.0000000000000000        5.9033259039071083E-007

  0.50000000000000000        0.0000000000000000        1.0000000000000000     
  0.50000000000000000        3.3333333333333333E-002  0.84432636994271093     
  0.50000000000000000        6.6666666666666666E-002  0.70115452289528113     
  0.50000000000000000       0.10000000000000001       0.57189001180652066     
  0.50000000000000000       0.13333333333333333       0.45757560957957105     
  0.50000000000000000       0.16666666666666666       0.35873471643011368     
  0.50000000000000000       0.20000000000000001       0.27529732385517258     
  0.50000000000000000       0.23333333333333334       0.20661010853177333     
  0.50000000000000000       0.26666666666666666       0.15151845707754472     
  0.50000000000000000       0.29999999999999999       0.10849831941190018     
  0.50000000000000000       0.33333333333333331        7.5811338862571173E-002
  0.50000000000000000       0.36666666666666664        5.1657804682382881E-002
  0.50000000000000000       0.40000000000000002        3.4307421862173698E-002
  0.50000000000000000       0.43333333333333335        2.2195735150590621E-002
  0.50000000000000000       0.46666666666666667        1.3982193174167244E-002
  0.50000000000000000       0.50000000000000000        8.5726205830445063E-003
  0.50000000000000000       0.53333333333333333        5.1133253556141832E-003
  0.50000000000000000       0.56666666666666665        2.9660080339118859E-003
  0.50000000000000000       0.59999999999999998        1.6724552064307724E-003
  0.50000000000000000       0.63333333333333330        9.1640850106083070E-004
  0.50000000000000000       0.66666666666666663        4.8777416830610290E-004
  0.50000000000000000       0.69999999999999996        2.5210899146118184E-004
  0.50000000000000000       0.73333333333333328        1.2648632620605293E-004
  0.50000000000000000       0.76666666666666661        6.1578807774350324E-005
  0.50000000000000000       0.80000000000000004        2.9080647950241960E-005
  0.50000000000000000       0.83333333333333337        1.3318623440563143E-005
  0.50000000000000000       0.86666666666666670        5.9183377612101572E-006
  0.50000000000000000       0.90000000000000002        2.5647119301824340E-006
  0.50000000000000000       0.93333333333333335        1.1216324021477854E-006
  0.50000000000000000       0.96666666666666667        5.9358430733403767E-007
  0.50000000000000000        1.0000000000000000        5.9358430733403767E-007

  0.53333333333333333        0.0000000000000000       0.99452189536827340     
  0.53333333333333333        3.3333333333333333E-002  0.83970106174483894     
  0.53333333333333333        6.6666666666666666E-002  0.69731352505585242     
  0.53333333333333333       0.10000000000000001       0.56875713848400511     
  0.53333333333333333       0.13333333333333333       0.45506896251336815     
  0.53333333333333333       0.16666666666666666       0.35676953011847673     
  0.53333333333333333       0.20000000000000001       0.27378921631025965     
  0.53333333333333333       0.23333333333333334       0.20547827673926386     
  0.53333333333333333       0.26666666666666666       0.15068842311603617     
  0.53333333333333333       0.29999999999999999       0.10790395426579528     
  0.53333333333333333       0.33333333333333331        7.5396036416010725E-002
  0.53333333333333333       0.36666666666666664        5.1374817823287490E-002
  0.53333333333333333       0.40000000000000002        3.4119482215567924E-002
  0.53333333333333333       0.43333333333333335        2.2074144591057592E-002
  0.53333333333333333       0.46666666666666667        1.3905597256978141E-002
  0.53333333333333333       0.50000000000000000        8.5256588705224963E-003
  0.53333333333333333       0.53333333333333333        5.0853140243000685E-003
  0.53333333333333333       0.56666666666666665        2.9497599315635743E-003
  0.53333333333333333       0.59999999999999998        1.6632933218180687E-003
  0.53333333333333333       0.63333333333333330        9.1138831940661569E-004
  0.53333333333333333       0.66666666666666663        4.8510209037546862E-004
  0.53333333333333333       0.69999999999999996        2.5072791202735843E-004
  0.53333333333333333       0.73333333333333328        1.2579342087661347E-004
  0.53333333333333333       0.76666666666666661        6.1241472622265453E-005
  0.53333333333333333       0.80000000000000004        2.8921341118012129E-005
  0.53333333333333333       0.83333333333333337        1.3245662627805173E-005
  0.53333333333333333       0.86666666666666670        5.8859164877083483E-006
  0.53333333333333333       0.90000000000000002        2.5506621698786568E-006
  0.53333333333333333       0.93333333333333335        1.1154879824904850E-006
  0.53333333333333333       0.96666666666666667        5.9033259039071083E-007
  0.53333333333333333        1.0000000000000000        5.9033259039071083E-007

  0.56666666666666665        0.0000000000000000       0.97814760073380569     
  0.56666666666666665        3.3333333333333333E-002  0.82587581299574631     
  0.56666666666666665        6.6666666666666666E-002  0.68583261431367548     
  0.56666666666666665       0.10000000000000001       0.55939284293217595     
  0.56666666666666665       0.13333333333333333       0.44757648466456607     
  0.56666666666666665       0.16666666666666666       0.35089550217603788     
  0.56666666666666665       0.20000000000000001       0.26928141681737455     
  0.56666666666666665       0.23333333333333334       0.20209518194770526     
  0.56666666666666665       0.26666666666666666       0.14820741525728848     
  0.56666666666666665       0.29999999999999999       0.10612737081640024     
  0.56666666666666665       0.33333333333333331        7.4154679216841518E-002
  0.56666666666666665       0.36666666666666664        5.0528957709248361E-002
  0.56666666666666665       0.40000000000000002        3.3557722381847718E-002
  0.56666666666666665       0.43333333333333335        2.1710705084073210E-002
  0.56666666666666665       0.46666666666666667        1.3676648706308284E-002
  0.56666666666666665       0.50000000000000000        8.3852882553062235E-003
  0.56666666666666665       0.53333333333333333        5.0015869283653470E-003
  0.56666666666666665       0.56666666666666665        2.9011936421281036E-003
  0.56666666666666665       0.59999999999999998        1.6359080475050218E-003
  0.56666666666666665       0.63333333333333330        8.9638277660471471E-004
  0.56666666666666665       0.66666666666666663        4.7711513242854205E-004
  0.56666666666666665       0.69999999999999996        2.4659980512117455E-004
  0.56666666666666665       0.73333333333333328        1.2372229650408419E-004
  0.56666666666666665       0.76666666666666661        6.0233163080528991E-005
  0.56666666666666665       0.80000000000000004        2.8445166020313639E-005
  0.56666666666666665       0.83333333333333337        1.3027579563463863E-005
  0.56666666666666665       0.86666666666666670        5.7890078814599974E-006
  0.56666666666666665       0.90000000000000002        2.5086668210813156E-006
  0.56666666666666665       0.93333333333333335        1.0971220430661517E-006
  0.56666666666666665       0.96666666666666667        5.8061306605202684E-007
  0.56666666666666665        1.0000000000000000        5.8061306605202684E-007

  0.59999999999999998        0.0000000000000000       0.95105651629515364     
  0.59999999999999998        3.3333333333333333E-002  0.80300209601384775     
  0.59999999999999998        6.6666666666666666E-002  0.66683757792937659     
  0.59999999999999998       0.10000000000000001       0.54389972233270378     
  0.59999999999999998       0.13333333333333333       0.43518026518837827     
  0.59999999999999998       0.16666666666666666       0.34117698968215371     
  0.59999999999999998       0.20000000000000001       0.26182331377107915     
  0.59999999999999998       0.23333333333333334       0.19649789005159196     
  0.59999999999999998       0.26666666666666666       0.14410261594258647     
  0.59999999999999998       0.29999999999999999       0.10318803368376063     
  0.59999999999999998       0.33333333333333331        7.2100867834308344E-002
  0.59999999999999998       0.36666666666666664        4.9129491760682542E-002
  0.59999999999999998       0.40000000000000002        3.2628297119307113E-002
  0.59999999999999998       0.43333333333333335        2.1109398548930600E-002
  0.59999999999999998       0.46666666666666667        1.3297855930389374E-002
  0.59999999999999998       0.50000000000000000        8.1530466672304364E-003
  0.59999999999999998       0.53333333333333333        4.8630613993941030E-003
  0.59999999999999998       0.56666666666666665        2.8208412680356758E-003
  0.59999999999999998       0.59999999999999998        1.5905994222877426E-003
  0.59999999999999998       0.63333333333333330        8.7155627652217723E-004
  0.59999999999999998       0.66666666666666663        4.6390080124796815E-004
  0.59999999999999998       0.69999999999999996        2.3976989914575625E-004
  0.59999999999999998       0.73333333333333328        1.2029564476050112E-004
  0.59999999999999998       0.76666666666666661        5.8564926399482547E-005
  0.59999999999999998       0.80000000000000004        2.7657339731162920E-005
  0.59999999999999998       0.83333333333333337        1.2666763611228957E-005
  0.59999999999999998       0.86666666666666670        5.6286736934345899E-006
  0.59999999999999998       0.90000000000000002        2.4391859936199250E-006
  0.59999999999999998       0.93333333333333335        1.0667358049504376E-006
  0.59999999999999998       0.96666666666666667        5.6453222346058163E-007
  0.59999999999999998        1.0000000000000000        5.6453222346058163E-007

  0.63333333333333330        0.0000000000000000       0.91354545764260098     
  0.63333333333333330        3.3333333333333333E-002  0.77133052002902980     
  0.63333333333333330        6.6666666666666666E-002  0.64053652949654916     
  0.63333333333333330       0.10000000000000001       0.52244752255702032     
  0.63333333333333330       0.13333333333333333       0.41801611965946145     
  0.63333333333333330       0.16666666666666666       0.32772047069343696     
  0.63333333333333330       0.20000000000000001       0.25149661970905701     
  0.63333333333333330       0.23333333333333334       0.18874772615224636     
  0.63333333333333330       0.26666666666666666       0.13841899821220641     
  0.63333333333333330       0.29999999999999999        9.9118146860597445E-002
  0.63333333333333330       0.33333333333333331        6.9257104255705887E-002
  0.63333333333333330       0.36666666666666664        4.7191752819379568E-002
  0.63333333333333330       0.40000000000000002        3.1341389405617245E-002
  0.63333333333333330       0.43333333333333335        2.0276813025860273E-002
  0.63333333333333330       0.46666666666666667        1.2773369062141866E-002
  0.63333333333333330       0.50000000000000000        7.8314785937337733E-003
  0.63333333333333330       0.53333333333333333        4.6712551520700736E-003
  0.63333333333333330       0.56666666666666665        2.7095831667116651E-003
  0.63333333333333330       0.59999999999999998        1.5278638569455507E-003
  0.63333333333333330       0.63333333333333330        8.3718082348918654E-004
  0.63333333333333330       0.66666666666666663        4.4560387581143784E-004
  0.63333333333333330       0.69999999999999996        2.3031302398021997E-004
  0.63333333333333330       0.73333333333333328        1.1555100875943996E-004
  0.63333333333333330       0.76666666666666661        5.6255040129304626E-005
  0.63333333333333330       0.80000000000000004        2.6566493840247161E-005
  0.63333333333333330       0.83333333333333337        1.2167167946178729E-005
  0.63333333333333330       0.86666666666666670        5.4066705785482193E-006
  0.63333333333333330       0.90000000000000002        2.3429809339799498E-006
  0.63333333333333330       0.93333333333333335        1.0246621861268685E-006
  0.63333333333333330       0.96666666666666667        5.4226624769293970E-007
  0.63333333333333330        1.0000000000000000        5.4226624769293970E-007

  0.66666666666666663        0.0000000000000000       0.86602540378443871     
  0.66666666666666663        3.3333333333333333E-002  0.73120808545548566     
  0.66666666666666663        6.6666666666666666E-002  0.60721762880567132     
  0.66666666666666663       0.10000000000000001       0.49527127839502955     
  0.66666666666666663       0.13333333333333333       0.39627210204805879     
  0.66666666666666663       0.16666666666666666       0.31067337764788538     
  0.66666666666666663       0.20000000000000001       0.23841447605245128     
  0.66666666666666663       0.23333333333333334       0.17892960266717572     
  0.66666666666666663       0.26666666666666666       0.13121883297137582     
  0.66666666666666663       0.29999999999999999        9.3962300878623867E-002
  0.66666666666666663       0.33333333333333331        6.5654545349897120E-002
  0.66666666666666663       0.36666666666666664        4.4736971158678307E-002
  0.66666666666666663       0.40000000000000002        2.9711098870992061E-002
  0.66666666666666663       0.43333333333333335        1.9222070496082704E-002
  0.66666666666666663       0.46666666666666667        1.2108934489450210E-002
  0.66666666666666663       0.50000000000000000        7.4241072019219099E-003
  0.66666666666666663       0.53333333333333333        4.4282696557769825E-003
  0.66666666666666663       0.56666666666666665        2.5686383051964300E-003
  0.66666666666666663       0.59999999999999998        1.4483886954605966E-003
  0.66666666666666663       0.63333333333333330        7.9363304216269811E-004
  0.66666666666666663       0.66666666666666663        4.2242482106291153E-004
  0.66666666666666663       0.69999999999999996        2.1833279112785765E-004
  0.66666666666666663       0.73333333333333328        1.0954037172580724E-004
  0.66666666666666663       0.76666666666666661        5.3328811867346071E-005
  0.66666666666666663       0.80000000000000004        2.5184579883421407E-005
  0.66666666666666663       0.83333333333333337        1.1534266242966586E-005
  0.66666666666666663       0.86666666666666670        5.1254308493847161E-006
  0.66666666666666663       0.90000000000000002        2.2211056849270095E-006
  0.66666666666666663       0.93333333333333335        9.7136215396774590E-007
  0.66666666666666663       0.96666666666666667        5.1405908943906621E-007
  0.66666666666666663        1.0000000000000000        5.1405908943906621E-007

  0.69999999999999996        0.0000000000000000       0.80901699437494745     
  0.69999999999999996        3.3333333333333333E-002  0.68307438208256210     
  0.69999999999999996        6.6666666666666666E-002  0.56724592470514079     
  0.69999999999999996       0.10000000000000001       0.46266873846476464     
  0.69999999999999996       0.13333333333333333       0.37018644436134907     
  0.69999999999999996       0.16666666666666666       0.29022248206423973     
  0.69999999999999996       0.20000000000000001       0.22272021350477830     
  0.69999999999999996       0.23333333333333334       0.16715108901185699     
  0.69999999999999996       0.26666666666666666       0.12258100673720473     
  0.69999999999999996       0.29999999999999999        8.7776984265348496E-002
  0.69999999999999996       0.33333333333333331        6.1332661506137989E-002
  0.69999999999999996       0.36666666666666664        4.1792041880149483E-002
  0.69999999999999996       0.40000000000000002        2.7755287319689133E-002
  0.69999999999999996       0.43333333333333335        1.7956726939473193E-002
  0.69999999999999996       0.46666666666666667        1.1311831896534690E-002
  0.69999999999999996       0.50000000000000000        6.9353957380114762E-003
  0.69999999999999996       0.53333333333333333        4.1367671104601961E-003
  0.69999999999999996       0.56666666666666665        2.3995509048873411E-003
  0.69999999999999996       0.59999999999999998        1.3530446843333559E-003
  0.69999999999999996       0.63333333333333330        7.4139005114788408E-004
  0.69999999999999996       0.66666666666666663        3.9461759157674315E-004
  0.69999999999999996       0.69999999999999996        2.0396045852682463E-004
  0.69999999999999996       0.73333333333333328        1.0232958745675010E-004
  0.69999999999999996       0.76666666666666661        4.9818301982797549E-005
  0.69999999999999996       0.80000000000000004        2.3526738399180729E-005
  0.69999999999999996       0.83333333333333337        1.0774992705096117E-005
  0.69999999999999996       0.86666666666666670        4.7880358272699970E-006
  0.69999999999999996       0.90000000000000002        2.0748955371937626E-006
  0.69999999999999996       0.93333333333333335        9.0741967477915373E-007
  0.69999999999999996       0.96666666666666667        4.8021979222751811E-007
  0.69999999999999996        1.0000000000000000        4.8021979222751811E-007

  0.73333333333333328        0.0000000000000000       0.74314482547739447     
  0.73333333333333328        3.3333333333333333E-002  0.62745677283703793     
  0.73333333333333328        6.6666666666666666E-002  0.52105935554969951     
  0.73333333333333328       0.10000000000000001       0.42499710301622184     
  0.73333333333333328       0.13333333333333333       0.34004494652372275     
  0.73333333333333328       0.16666666666666666       0.26659184823413945     
  0.73333333333333328       0.20000000000000001       0.20458578169074598     
  0.73333333333333328       0.23333333333333334       0.15354123304671022     
  0.73333333333333328       0.26666666666666666       0.11260015734149605     
  0.73333333333333328       0.29999999999999999        8.0629964643947144E-002
  0.73333333333333328       0.33333333333333331        5.6338804188233060E-002
  0.73333333333333328       0.36666666666666664        3.8389230245234753E-002
  0.73333333333333328       0.40000000000000002        2.5495383032344412E-002
  0.73333333333333328       0.43333333333333335        1.6494645724828130E-002
  0.73333333333333328       0.46666666666666667        1.0390794506207729E-002
  0.73333333333333328       0.50000000000000000        6.3706986270705276E-003
  0.73333333333333328       0.53333333333333333        3.7999412790070369E-003
  0.73333333333333328       0.56666666666666665        2.2041735227259981E-003
  0.73333333333333328       0.59999999999999998        1.2428764325017559E-003
  0.73333333333333328       0.63333333333333330        6.8102423558685159E-004
  0.73333333333333328       0.66666666666666663        3.6248684917821995E-004
  0.73333333333333328       0.69999999999999996        1.8735349246070190E-004
  0.73333333333333328       0.73333333333333328        9.3997658813673959E-005
  0.73333333333333328       0.76666666666666661        4.5761972356575578E-005
  0.73333333333333328       0.80000000000000004        2.1611133045752103E-005
  0.73333333333333328       0.83333333333333337        9.8976660923364291E-006
  0.73333333333333328       0.86666666666666670        4.3981820826707939E-006
  0.73333333333333328       0.90000000000000002        1.9059523997552157E-006
  0.73333333333333328       0.93333333333333335        8.3353531574390651E-007
  0.73333333333333328       0.96666666666666667        4.4111910647987329E-007
  0.73333333333333328        1.0000000000000000        4.4111910647987329E-007

  0.76666666666666661        0.0000000000000000       0.66913060635885835     
  0.76666666666666661        3.3333333333333333E-002  0.56496461588453983     
  0.76666666666666661        6.6666666666666666E-002  0.46916395105617559     
  0.76666666666666661       0.10000000000000001       0.38266911037067186     
  0.76666666666666661       0.13333333333333333       0.30617784509300267     
  0.76666666666666661       0.16666666666666666       0.24004037832685507     
  0.76666666666666661       0.20000000000000001       0.18420986524018265     
  0.76666666666666661       0.23333333333333334       0.13824914720173501     
  0.76666666666666661       0.26666666666666666       0.10138563705885616     
  0.76666666666666661       0.29999999999999999        7.2599546257001851E-002
  0.76666666666666661       0.33333333333333331        5.0727687141989129E-002
  0.76666666666666661       0.36666666666666664        3.4565818170290322E-002
  0.76666666666666661       0.40000000000000002        2.2956145993245438E-002
  0.76666666666666661       0.43333333333333335        1.4851845719895325E-002
  0.76666666666666661       0.46666666666666667        9.3559133968572177E-003
  0.76666666666666661       0.50000000000000000        5.7362028088169988E-003
  0.76666666666666661       0.53333333333333333        3.4214824957122434E-003
  0.76666666666666661       0.56666666666666665        1.9846467541967052E-003
  0.76666666666666661       0.59999999999999998        1.1190909663870523E-003
  0.76666666666666661       0.63333333333333330        6.1319697598724598E-004
  0.76666666666666661       0.66666666666666663        3.2638462500485043E-004
  0.76666666666666661       0.69999999999999996        1.6869384232494084E-004
  0.76666666666666661       0.73333333333333328        8.4635872150360549E-005
  0.76666666666666661       0.76666666666666661        4.1204264984906603E-005
  0.76666666666666661       0.80000000000000004        1.9458751596253891E-005
  0.76666666666666661       0.83333333333333337        8.9118985786493176E-006
  0.76666666666666661       0.86666666666666670        3.9601409347950785E-006
  0.76666666666666661       0.90000000000000002        1.7161272489787691E-006
  0.76666666666666661       0.93333333333333335        7.5051856936089043E-007
  0.76666666666666661       0.96666666666666667        3.9718542749152746E-007
  0.76666666666666661        1.0000000000000000        3.9718542749152746E-007

  0.80000000000000004        0.0000000000000000       0.58778525229247325     
  0.80000000000000004        3.3333333333333333E-002  0.49628258837396449     
  0.80000000000000004        6.6666666666666666E-002  0.41212828813601149     
  0.80000000000000004       0.10000000000000001       0.33614851487324127     
  0.80000000000000004       0.13333333333333333       0.26895619511961050     
  0.80000000000000004       0.16666666666666666       0.21085897580294322     
  0.80000000000000004       0.20000000000000001       0.16181570695765535     
  0.80000000000000004       0.23333333333333334       0.12144237476952367     
  0.80000000000000004       0.26666666666666666        8.9060314520290909E-002
  0.80000000000000004       0.29999999999999999        6.3773712048833087E-002
  0.80000000000000004       0.33333333333333331        4.4560786939966575E-002
  0.80000000000000004       0.36666666666666664        3.0363695758109720E-002
  0.80000000000000004       0.40000000000000002        2.0165396614762077E-002
  0.80000000000000004       0.43333333333333335        1.3046325785306822E-002
  0.80000000000000004       0.46666666666666667        8.2185269424799885E-003
  0.80000000000000004       0.50000000000000000        5.0388599522124640E-003
  0.80000000000000004       0.53333333333333333        3.0055372342031829E-003
  0.80000000000000004       0.56666666666666665        1.7433757805144002E-003
  0.80000000000000004       0.59999999999999998        9.8304450545977189E-004
  0.80000000000000004       0.63333333333333330        5.3865140199900756E-004
  0.80000000000000004       0.66666666666666663        2.8670646257955400E-004
  0.80000000000000004       0.69999999999999996        1.4818594715121177E-004
  0.80000000000000004       0.73333333333333328        7.4346797160572886E-005
  0.80000000000000004       0.76666666666666661        3.6195115063516212E-005
  0.80000000000000004       0.80000000000000004        1.7093175992261563E-005
  0.80000000000000004       0.83333333333333337        7.8284904391998534E-006
  0.80000000000000004       0.86666666666666670        3.4787116541249826E-006
  0.80000000000000004       0.90000000000000002        1.5074998489397977E-006
  0.80000000000000004       0.93333333333333335        6.5927898447584879E-007
  0.80000000000000004       0.96666666666666667        3.4890010184319023E-007
  0.80000000000000004        1.0000000000000000        3.4890010184319023E-007

  0.83333333333333337        0.0000000000000000       0.49999999999999994     
  0.83333333333333337        3.3333333333333333E-002  0.42216318497135552     
  0.83333333333333337        6.6666666666666666E-002  0.35057726144764056     
  0.83333333333333337       0.10000000000000001       0.28594500590326039     
  0.83333333333333337       0.13333333333333333       0.22878780478978558     
  0.83333333333333337       0.16666666666666666       0.17936735821505689     
  0.83333333333333337       0.20000000000000001       0.13764866192758632     
  0.83333333333333337       0.23333333333333334       0.10330505426588669     
  0.83333333333333337       0.26666666666666666        7.5759228538772386E-002
  0.83333333333333337       0.29999999999999999        5.4249159705950095E-002
  0.83333333333333337       0.33333333333333331        3.7905669431285587E-002
  0.83333333333333337       0.36666666666666664        2.5828902341191444E-002
  0.83333333333333337       0.40000000000000002        1.7153710931086853E-002
  0.83333333333333337       0.43333333333333335        1.1097867575295312E-002
  0.83333333333333337       0.46666666666666667        6.9910965870836226E-003
  0.83333333333333337       0.50000000000000000        4.2863102915222532E-003
  0.83333333333333337       0.53333333333333333        2.5566626778070920E-003
  0.83333333333333337       0.56666666666666665        1.4830040169559432E-003
  0.83333333333333337       0.59999999999999998        8.3622760321538632E-004
  0.83333333333333337       0.63333333333333330        4.5820425053041540E-004
  0.83333333333333337       0.66666666666666663        2.4388708415305148E-004
  0.83333333333333337       0.69999999999999996        1.2605449573059095E-004
  0.83333333333333337       0.73333333333333328        6.3243163103026477E-005
  0.83333333333333337       0.76666666666666661        3.0789403887175162E-005
  0.83333333333333337       0.80000000000000004        1.4540323975120980E-005
  0.83333333333333337       0.83333333333333337        6.6593117202815708E-006
  0.83333333333333337       0.86666666666666670        2.9591688806050782E-006
  0.83333333333333337       0.90000000000000002        1.2823559650912170E-006
  0.83333333333333337       0.93333333333333335        5.6081620107389272E-007
  0.83333333333333337       0.96666666666666667        2.9679215366701878E-007
  0.83333333333333337        1.0000000000000000        2.9679215366701878E-007

  0.86666666666666670        0.0000000000000000       0.40673664307580004     
  0.86666666666666670        3.3333333333333333E-002  0.34341847337087444     
  0.86666666666666670        6.6666666666666666E-002  0.28518523691984093     
  0.86666666666666670       0.10000000000000001       0.23260862361076401     
  0.86666666666666670       0.13333333333333333       0.18611276739375776     
  0.86666666666666670       0.16666666666666666       0.14591055431553360     
  0.86666666666666670       0.20000000000000001       0.11197350935260435     
  0.86666666666666670       0.23333333333333334        8.4035901969740257E-002
  0.86666666666666670       0.26666666666666666        6.1628108595745280E-002
  0.86666666666666670       0.29999999999999999        4.4130242216962212E-002
  0.86666666666666670       0.33333333333333331        3.0835249476044161E-002
  0.86666666666666670       0.36666666666666664        2.1011122065177770E-002
  0.86666666666666670       0.40000000000000002        1.3954085600805851E-002
  0.86666666666666670       0.43333333333333335        9.0278188057507699E-003
  0.86666666666666670       0.46666666666666667        5.6870703144981521E-003
  0.86666666666666670       0.50000000000000000        3.4867989183100319E-003
  0.86666666666666670       0.53333333333333333        2.0797767900968852E-003
  0.86666666666666670       0.56666666666666665        1.2063841510491747E-003
  0.86666666666666670       0.59999999999999998        6.8024881635829699E-004
  0.86666666666666670       0.63333333333333330        3.7273691740760824E-004
  0.86666666666666670       0.66666666666666663        1.9839562779591467E-004
  0.86666666666666670       0.69999999999999996        1.0254196487614671E-004
  0.86666666666666670       0.73333333333333328        5.1446623716040589E-005
  0.86666666666666670       0.76666666666666661        2.5046357558749238E-005
  0.86666666666666670       0.80000000000000004        1.1828165125750564E-005
  0.86666666666666670       0.83333333333333337        5.4171721886053167E-006
  0.86666666666666670       0.86666666666666670        2.4072048335833661E-006
  0.86666666666666670       0.90000000000000002        1.0431623209388593E-006
  0.86666666666666670       0.93333333333333335        4.5620899801463620E-007
  0.86666666666666670       0.96666666666666667        2.4143248854752055E-007
  0.86666666666666670        1.0000000000000000        2.4143248854752055E-007

  0.90000000000000002        0.0000000000000000       0.30901699437494751     
  0.90000000000000002        3.3333333333333333E-002  0.26091119711120653     
  0.90000000000000002        6.6666666666666666E-002  0.21666866325750006     
  0.90000000000000002       0.10000000000000001       0.17672373256150425     
  0.90000000000000002       0.13333333333333333       0.14139863957156348     
  0.90000000000000002       0.16666666666666666       0.11085512384918284     
  0.90000000000000002       0.20000000000000001        8.5071551577191984E-002
  0.90000000000000002       0.23333333333333334        6.3846034745970295E-002
  0.90000000000000002       0.26666666666666666        4.6821778198432369E-002
  0.90000000000000002       0.29999999999999999        3.3527824559398407E-002
  0.90000000000000002       0.33333333333333331        2.3426992074852396E-002
  0.90000000000000002       0.36666666666666664        1.5963139538958046E-002
  0.90000000000000002       0.40000000000000002        1.0601576388602280E-002
  0.90000000000000002       0.43333333333333335        6.8588593641778850E-003
  0.90000000000000002       0.46666666666666667        4.3207353094510681E-003
  0.90000000000000002       0.50000000000000000        2.6490854464892230E-003
  0.90000000000000002       0.53333333333333333        1.5801044326531042E-003
  0.90000000000000002       0.56666666666666665        9.1654688793139818E-004
  0.90000000000000002       0.59999999999999998        5.1681708111796958E-004
  0.90000000000000002       0.63333333333333330        2.8318580061746873E-004
  0.90000000000000002       0.66666666666666663        1.5073050742369168E-004
  0.90000000000000002       0.69999999999999996        7.7905962796233724E-005
  0.90000000000000002       0.73333333333333328        3.9086424353723627E-005
  0.90000000000000002       0.76666666666666661        1.9028898095622381E-005
  0.90000000000000002       0.80000000000000004        8.9864144240597462E-006
  0.90000000000000002       0.83333333333333337        4.1156809848145440E-006
  0.90000000000000002       0.86666666666666670        1.8288669466649178E-006
  0.90000000000000002       0.90000000000000002        7.9253957210254563E-007
  0.90000000000000002       0.93333333333333335        3.4660347370526101E-007
  0.90000000000000002       0.96666666666666667        1.8342763856049939E-007
  0.90000000000000002        1.0000000000000000        1.8342763856049939E-007

  0.93333333333333335        0.0000000000000000       0.20791169081775931     
  0.93333333333333335        3.3333333333333333E-002  0.17554532317681007     
  0.93333333333333335        6.6666666666666666E-002  0.14577822237967727     
  0.93333333333333335       0.10000000000000001       0.11890261931648208     
  0.93333333333333335       0.13333333333333333        9.5135318664655563E-002
  0.93333333333333335       0.16666666666666666        7.4585141448014383E-002
  0.93333333333333335       0.20000000000000001        5.7237532080333220E-002
  0.93333333333333335       0.23333333333333334        4.2956657004881771E-002
  0.93333333333333335       0.26666666666666666        3.1502458601090425E-002
  0.93333333333333335       0.29999999999999999        2.2558069039813489E-002
  0.93333333333333335       0.33333333333333331        1.5762063646075287E-002
  0.93333333333333335       0.36666666666666664        1.0740261515447793E-002
  0.93333333333333335       0.40000000000000002        7.1329140869626981E-003
  0.93333333333333335       0.43333333333333335        4.6147528241024709E-003
  0.93333333333333335       0.46666666666666667        2.9070614241816454E-003
  0.93333333333333335       0.50000000000000000        1.7823480401599095E-003
  0.93333333333333335       0.53333333333333333        1.0631201203870654E-003
  0.93333333333333335       0.56666666666666665        6.1666774530967834E-004
  0.93333333333333335       0.59999999999999998        3.4772298978598669E-004
  0.93333333333333335       0.63333333333333330        1.9053204093532575E-004
  0.93333333333333335       0.66666666666666663        1.0141395206974818E-004
  0.93333333333333335       0.69999999999999996        5.2416406685054374E-005
  0.93333333333333335       0.73333333333333328        2.6297985946827130E-005
  0.93333333333333335       0.76666666666666661        1.2802954042906959E-005
  0.93333333333333335       0.80000000000000004        6.0462066854108138E-006
  0.93333333333333335       0.83333333333333337        2.7690975188925262E-006
  0.93333333333333335       0.86666666666666670        1.2304916107637960E-006
  0.93333333333333335       0.90000000000000002        5.3323359386470896E-007
  0.93333333333333335       0.93333333333333335        2.3320048920653106E-007
  0.93333333333333335       0.96666666666666667        1.2341311698070826E-007
  0.93333333333333335        1.0000000000000000        1.2341311698070826E-007

  0.96666666666666667        0.0000000000000000       0.10452846326765373     
  0.96666666666666667        3.3333333333333333E-002   8.8256137946467944E-002
  0.96666666666666667        6.6666666666666666E-002   7.3290604791408531E-002
  0.96666666666666667       0.10000000000000001        5.9778784092255823E-002
  0.96666666666666667       0.13333333333333333        4.7829675298112356E-002
  0.96666666666666667       0.16666666666666666        3.7497988629197239E-002
  0.96666666666666667       0.20000000000000001        2.8776406204278723E-002
  0.96666666666666667       0.23333333333333334        2.1596637140389372E-002
  0.96666666666666667       0.26666666666666666        1.5837991475001669E-002
  0.96666666666666667       0.29999999999999999        1.1341162595248942E-002
  0.96666666666666667       0.33333333333333331        7.9244427495679028E-003
  0.96666666666666667       0.36666666666666664        5.3997109392300777E-003
  0.96666666666666667       0.40000000000000002        3.5861020859281161E-003
  0.96666666666666667       0.43333333333333335        2.3200860863870770E-003
  0.96666666666666667       0.46666666666666667        1.4615371656071757E-003
  0.96666666666666667       0.50000000000000000        8.9608285572229779E-004
  0.96666666666666667       0.53333333333333333        5.3448804160987837E-004
  0.96666666666666667       0.56666666666666665        3.1003226182432369E-004
  0.96666666666666667       0.59999999999999998        1.7481917261219482E-004
  0.96666666666666667       0.63333333333333330        9.5790772341302434E-005
  0.96666666666666667       0.66666666666666663        5.0986284234694696E-005
  0.96666666666666667       0.69999999999999996        2.6352565453395310E-005
  0.96666666666666667       0.73333333333333328        1.3221421302689840E-005
  0.96666666666666667       0.76666666666666661        6.4367381465070718E-006
  0.96666666666666667       0.80000000000000004        3.0397554410664291E-006
  0.96666666666666667       0.83333333333333337        1.3921752410826129E-006
  0.96666666666666667       0.86666666666666670        6.1863475127822232E-007
  0.96666666666666667       0.90000000000000002        2.6808539678618717E-007
  0.96666666666666667       0.93333333333333335        1.1724251134771471E-007
  0.96666666666666667       0.96666666666666667        6.2046455465421478E-008
  0.96666666666666667        1.0000000000000000        6.2046455465421478E-008

   1.0000000000000000        0.0000000000000000        1.2246467991473532E-016
   1.0000000000000000        3.3333333333333333E-002   0.0000000000000000     
   1.0000000000000000        6.6666666666666666E-002   0.0000000000000000     
   1.0000000000000000       0.10000000000000001        0.0000000000000000     
   1.0000000000000000       0.13333333333333333        0.0000000000000000     
   1.0000000000000000       0.16666666666666666        0.0000000000000000     
   1.0000000000000000       0.20000000000000001        0.0000000000000000     
   1.0000000000000000       0.23333333333333334        0.0000000000000000     
   1.0000000000000000       0.26666666666666666        0.0000000000000000     
   1.0000000000000000       0.29999999999999999        0.0000000000000000     
   1.0000000000000000       0.33333333333333331        0.0000000000000000     
   1.0000000000000000       0.36666666666666664        0.0000000000000000     
   1.0000000000000000       0.40000000000000002        0.0000000000000000     
   1.0000000000000000       0.43333333333333335        0.0000000000000000     
   1.0000000000000000       0.46666666666666667        0.0000000000000000     
   1.0000000000000000       0.50000000000000000        0.0000000000000000     
   1.0000000000000000       0.53333333333333333        0.0000000000000000     
   1.0000000000000000       0.56666666666666665        0.0000000000000000     
   1.0000000000000000       0.59999999999999998        0.0000000000000000     
   1.0000000000000000       0.63333333333333330        0.0000000000000000     
   1.0000000000000000       0.66666666666666663        0.0000000000000000     
   1.0000000000000000       0.69999999999999996        0.0000000000000000     
   1.0000000000000000       0.73333333333333328        0.0000000000000000     
   1.0000000000000000       0.76666666666666661        0.0000000000000000     
   1.0000000000000000       0.80000000000000004        0.0000000000000000     
   1.0000000000000000       0.83333333333333337        0.0000000000000000     
   1.0000000000000000       0.86666666666666670        0.0000000000000000     
   1.0000000000000000       0.90000000000000002        0.0000000000000000     
   1.0000000000000000       0.93333333333333335        0.0000000000000000     
   1.0000000000000000       0.96666666666666667        0.0000000000000000     
   1.0000000000000000        1.0000000000000000        0.0000000000000000     

