   0.0000000000000000        0.0000000000000000        0.0000000000000000     
   0.0000000000000000        3.3333333333333333E-002   0.0000000000000000     
   0.0000000000000000        6.6666666666666666E-002   0.0000000000000000     
   0.0000000000000000       0.10000000000000001        0.0000000000000000     
   0.0000000000000000       0.13333333333333333        0.0000000000000000     
   0.0000000000000000       0.16666666666666666        0.0000000000000000     
   0.0000000000000000       0.20000000000000001        0.0000000000000000     
   0.0000000000000000       0.23333333333333334        0.0000000000000000     
   0.0000000000000000       0.26666666666666666        0.0000000000000000     
   0.0000000000000000       0.29999999999999999        0.0000000000000000     
   0.0000000000000000       0.33333333333333331        0.0000000000000000     
   0.0000000000000000       0.36666666666666664        0.0000000000000000     
   0.0000000000000000       0.40000000000000002        0.0000000000000000     
   0.0000000000000000       0.43333333333333335        0.0000000000000000     
   0.0000000000000000       0.46666666666666667        0.0000000000000000     
   0.0000000000000000       0.50000000000000000        0.0000000000000000     
   0.0000000000000000       0.53333333333333333        0.0000000000000000     
   0.0000000000000000       0.56666666666666665        0.0000000000000000     
   0.0000000000000000       0.59999999999999998        0.0000000000000000     
   0.0000000000000000       0.63333333333333330        0.0000000000000000     
   0.0000000000000000       0.66666666666666663        0.0000000000000000     
   0.0000000000000000       0.69999999999999996        0.0000000000000000     
   0.0000000000000000       0.73333333333333328        0.0000000000000000     
   0.0000000000000000       0.76666666666666661        0.0000000000000000     
   0.0000000000000000       0.80000000000000004        0.0000000000000000     
   0.0000000000000000       0.83333333333333337        0.0000000000000000     
   0.0000000000000000       0.86666666666666670        0.0000000000000000     
   0.0000000000000000       0.90000000000000002        0.0000000000000000     
   0.0000000000000000       0.93333333333333335        0.0000000000000000     
   0.0000000000000000       0.96666666666666667        0.0000000000000000     
   0.0000000000000000        1.0000000000000000        0.0000000000000000     

   3.3333333333333333E-002   0.0000000000000000       0.10452846326765346     
   3.3333333333333333E-002   3.3333333333333333E-002   8.8480620695447057E-002
   3.3333333333333333E-002   6.6666666666666666E-002   7.3720681242478825E-002
   3.3333333333333333E-002  0.10000000000000001        6.0379292322542098E-002
   3.3333333333333333E-002  0.13333333333333333        4.8553911782550169E-002
   3.3333333333333333E-002  0.16666666666666666        3.8293674375345851E-002
   3.3333333333333333E-002  0.20000000000000001        2.9591836311556877E-002
   3.3333333333333333E-002  0.23333333333333334        2.2386025883894649E-002
   3.3333333333333333E-002  0.26666666666666666        1.6565286942499837E-002
   3.3333333333333333E-002  0.29999999999999999        1.1981981771595271E-002
   3.3333333333333333E-002  0.33333333333333331        8.4661678501617779E-003
   3.3333333333333333E-002  0.36666666666666664        5.8401009941329383E-003
   3.3333333333333333E-002  0.40000000000000002        3.9309550732076967E-003
   3.3333333333333333E-002  0.43333333333333335        2.5805240901887179E-003
   3.3333333333333333E-002  0.46666666666666667        1.6514052125965793E-003
   3.3333333333333333E-002  0.50000000000000000        1.0297986393052452E-003
   3.3333333333333333E-002  0.53333333333333333        6.2550652862414127E-004
   3.3333333333333333E-002  0.56666666666666665        3.6993807864386653E-004
   3.3333333333333333E-002  0.59999999999999998        2.1295492832216792E-004
   3.3333333333333333E-002  0.63333333333333330        1.1927709686599612E-004
   3.3333333333333333E-002  0.66666666666666663        6.4981597123713885E-005
   3.3333333333333333E-002  0.69999999999999996        3.4422602089132718E-005
   3.3333333333333333E-002  0.73333333333333328        1.7724538202432363E-005
   3.3333333333333333E-002  0.76666666666666661        8.8683792390897527E-006
   3.3333333333333333E-002  0.80000000000000004        4.3104411109061284E-006
   3.3333333333333333E-002  0.83333333333333337        2.0348786491456394E-006
   3.3333333333333333E-002  0.86666666666666670        9.3369289392097300E-007
   3.3333333333333333E-002  0.90000000000000002        4.1891123802351657E-007
   3.3333333333333333E-002  0.93333333333333335        1.9062778483388720E-007
   3.3333333333333333E-002  0.96666666666666667        1.0505470348494318E-007
   3.3333333333333333E-002   1.0000000000000000        1.0505470348494318E-007

   6.6666666666666666E-002   0.0000000000000000       0.20791169081775931     
   6.6666666666666666E-002   3.3333333333333333E-002  0.17599182919479453     
   6.6666666666666666E-002   6.6666666666666666E-002  0.14663366327422073     
   6.6666666666666666E-002  0.10000000000000001       0.12009705648321921     
   6.6666666666666666E-002  0.13333333333333333        9.6575856747051464E-002
   6.6666666666666666E-002  0.16666666666666666        7.6167795240768874E-002
   6.6666666666666666E-002  0.20000000000000001        5.8859458271994479E-002
   6.6666666666666666E-002  0.23333333333333334        4.4526785783628266E-002
   6.6666666666666666E-002  0.26666666666666666        3.2949081134748495E-002
   6.6666666666666666E-002  0.29999999999999999        2.3832686443510064E-002
   6.6666666666666666E-002  0.33333333333333331        1.6839578593697661E-002
   6.6666666666666666E-002  0.36666666666666664        1.1616216619654455E-002
   6.6666666666666666E-002  0.40000000000000002        7.8188417800280959E-003
   6.6666666666666666E-002  0.43333333333333335        5.1327754184359465E-003
   6.6666666666666666E-002  0.46666666666666667        3.2847172841051924E-003
   6.6666666666666666E-002  0.50000000000000000        2.0483145892190428E-003
   6.6666666666666666E-002  0.53333333333333333        1.2441598768250202E-003
   6.6666666666666666E-002  0.56666666666666665        7.3582303828359107E-004
   6.6666666666666666E-002  0.59999999999999998        4.2357667788595440E-004
   6.6666666666666666E-002  0.63333333333333330        2.3724736889839119E-004
   6.6666666666666666E-002  0.66666666666666663        1.2925124227106694E-004
   6.6666666666666666E-002  0.69999999999999996        6.8468062946384307E-005
   6.6666666666666666E-002  0.73333333333333328        3.5254882655220803E-005
   6.6666666666666666E-002  0.76666666666666661        1.7639594659408373E-005
   6.6666666666666666E-002  0.80000000000000004        8.5736561269833782E-006
   6.6666666666666666E-002  0.83333333333333337        4.0474627419855059E-006
   6.6666666666666666E-002  0.86666666666666670        1.8571560531083486E-006
   6.6666666666666666E-002  0.90000000000000002        8.3323279686043521E-007
   6.6666666666666666E-002  0.93333333333333335        3.7916701176570580E-007
   6.6666666666666666E-002  0.96666666666666667        2.0895840565439526E-007
   6.6666666666666666E-002   1.0000000000000000        2.0895840565439526E-007

  0.10000000000000001        0.0000000000000000       0.30901699437494740     
  0.10000000000000001        3.3333333333333333E-002  0.26157483438482593     
  0.10000000000000001        6.6666666666666666E-002  0.21794009620606350     
  0.10000000000000001       0.10000000000000001       0.17849901216114142     
  0.10000000000000001       0.13333333333333333       0.14353969641523479     
  0.10000000000000001       0.16666666666666666       0.11320740580239817     
  0.10000000000000001       0.20000000000000001        8.7482203690470620E-002
  0.10000000000000001       0.23333333333333334        6.6179700900487484E-002
  0.10000000000000001       0.26666666666666666        4.8971878299046347E-002
  0.10000000000000001       0.29999999999999999        3.5422275215439496E-002
  0.10000000000000001       0.33333333333333331        2.5028491390252629E-002
  0.10000000000000001       0.36666666666666664        1.7265062545041430E-002
  0.10000000000000001       0.40000000000000002        1.1621063620108677E-002
  0.10000000000000001       0.43333333333333335        7.6287909850964808E-003
  0.10000000000000001       0.46666666666666667        4.8820413056778677E-003
  0.10000000000000001       0.50000000000000000        3.0443887758559718E-003
  0.10000000000000001       0.53333333333333333        1.8491819490582117E-003
  0.10000000000000001       0.56666666666666665        1.0936461667350105E-003
  0.10000000000000001       0.59999999999999998        6.2955763272770410E-004
  0.10000000000000001       0.63333333333333330        3.5261830910993173E-004
  0.10000000000000001       0.66666666666666663        1.9210478376053687E-004
  0.10000000000000001       0.69999999999999996        1.0176337337813202E-004
  0.10000000000000001       0.73333333333333328        5.2398967236080152E-005
  0.10000000000000001       0.76666666666666661        2.6217546989316021E-005
  0.10000000000000001       0.80000000000000004        1.2742936372380510E-005
  0.10000000000000001       0.83333333333333337        6.0157019860381504E-006
  0.10000000000000001       0.86666666666666670        2.7602718219429800E-006
  0.10000000000000001       0.90000000000000002        1.2384252828097784E-006
  0.10000000000000001       0.93333333333333335        5.6355200557082096E-007
  0.10000000000000001       0.96666666666666667        3.1057271580414027E-007
  0.10000000000000001        1.0000000000000000        3.1057271580414027E-007

  0.13333333333333333        0.0000000000000000       0.40673664307580015     
  0.13333333333333333        3.3333333333333333E-002  0.34429197095128405     
  0.13333333333333333        6.6666666666666666E-002  0.28685873183697552     
  0.13333333333333333       0.10000000000000001       0.23494529530850641     
  0.13333333333333333       0.13333333333333333       0.18893088513188022     
  0.13333333333333333       0.16666666666666666       0.14900669233588371     
  0.13333333333333333       0.20000000000000001       0.11514647577848591     
  0.13333333333333333       0.23333333333333334        8.7107537365288215E-002
  0.13333333333333333       0.26666666666666666        6.4458129316675480E-002
  0.13333333333333333       0.29999999999999999        4.6623770127520933E-002
  0.13333333333333333       0.33333333333333331        3.2943186797587440E-002
  0.13333333333333333       0.36666666666666664        2.2724748832238323E-002
  0.13333333333333333       0.40000000000000002        1.5295962655303440E-002
  0.13333333333333333       0.43333333333333335        1.0041223921297152E-002
  0.13333333333333333       0.46666666666666667        6.4258766610727127E-003
  0.13333333333333333       0.50000000000000000        4.0071080019853152E-003
  0.13333333333333333       0.53333333333333333        2.4339439968913213E-003
  0.13333333333333333       0.56666666666666665        1.4394870789235076E-003
  0.13333333333333333       0.59999999999999998        8.2864102240188479E-004
  0.13333333333333333       0.63333333333333330        4.6412588933673887E-004
  0.13333333333333333       0.66666666666666663        2.5285358503861590E-004
  0.13333333333333333       0.69999999999999996        1.3394374299579399E-004
  0.13333333333333333       0.73333333333333328        6.8968957766712180E-005
  0.13333333333333333       0.76666666666666661        3.4508254388034301E-005
  0.13333333333333333       0.80000000000000004        1.6772602340250968E-005
  0.13333333333333333       0.83333333333333337        7.9180319402651870E-006
  0.13333333333333333       0.86666666666666670        3.6331454750723907E-006
  0.13333333333333333       0.90000000000000002        1.6300493222035063E-006
  0.13333333333333333       0.93333333333333335        7.4176260567206359E-007
  0.13333333333333333       0.96666666666666667        4.0878432628801604E-007
  0.13333333333333333        1.0000000000000000        4.0878432628801604E-007

  0.16666666666666666        0.0000000000000000       0.49999999999999994     
  0.16666666666666666        3.3333333333333333E-002  0.42323697263627308     
  0.16666666666666666        6.6666666666666666E-002  0.35263448317283275     
  0.16666666666666666       0.10000000000000001       0.28881746863500762     
  0.16666666666666666       0.13333333333333333       0.23225210753469130     
  0.16666666666666666       0.16666666666666666       0.18317343036648231     
  0.16666666666666666       0.20000000000000001       0.14154917898192293     
  0.16666666666666666       0.23333333333333334       0.10708100542229078     
  0.16666666666666666       0.26666666666666666        7.9238163580780382E-002
  0.16666666666666666       0.29999999999999999        5.7314445257434107E-002
  0.16666666666666666       0.33333333333333331        4.0496949756562858E-002
  0.16666666666666666       0.36666666666666664        2.7935458015769795E-002
  0.16666666666666666       0.40000000000000002        1.8803275922760734E-002
  0.16666666666666666       0.43333333333333335        1.2343643106954896E-002
  0.16666666666666666       0.46666666666666667        7.8993087670677052E-003
  0.16666666666666666       0.50000000000000000        4.9259245143036482E-003
  0.16666666666666666       0.53333333333333333        2.9920392449589630E-003
  0.16666666666666666       0.56666666666666665        1.7695566694432819E-003
  0.16666666666666666       0.59999999999999998        1.0186456476303483E-003
  0.16666666666666666       0.63333333333333330        5.7054840919538617E-004
  0.16666666666666666       0.66666666666666663        3.1083206952599752E-004
  0.16666666666666666       0.69999999999999996        1.6465659693566380E-004
  0.16666666666666666       0.73333333333333328        8.4783309963369822E-005
  0.16666666666666666       0.76666666666666661        4.2420882130360800E-005
  0.16666666666666666       0.80000000000000004        2.0618504166988947E-005
  0.16666666666666666       0.83333333333333337        9.7336102795999704E-006
  0.16666666666666666       0.86666666666666670        4.4662136260923399E-006
  0.16666666666666666       0.90000000000000002        2.0038142001134224E-006
  0.16666666666666666       0.93333333333333335        9.1184629944175862E-007
  0.16666666666666666       0.96666666666666667        5.0251721014946047E-007
  0.16666666666666666        1.0000000000000000        5.0251721014946047E-007

  0.20000000000000001        0.0000000000000000       0.58778525229247314     
  0.20000000000000001        3.3333333333333333E-002  0.49754490148102870     
  0.20000000000000001        6.6666666666666666E-002  0.41454669731753874     
  0.20000000000000001       0.10000000000000001       0.33952529733620274     
  0.20000000000000001       0.13333333333333333       0.27302872724547428     
  0.20000000000000001       0.16666666666666666       0.21533328196248114     
  0.20000000000000001       0.20000000000000001       0.16640103975936402     
  0.20000000000000001       0.23333333333333334       0.12588127157574575     
  0.20000000000000001       0.26666666666666666        9.3150047943042491E-002
  0.20000000000000001       0.29999999999999999        6.7377171331288094E-002
  0.20000000000000001       0.33333333333333331        4.7607019659473809E-002
  0.20000000000000001       0.36666666666666664        3.2840100475410083E-002
  0.20000000000000001       0.40000000000000002        2.2104576564369805E-002
  0.20000000000000001       0.43333333333333335        1.4510822755659463E-002
  0.20000000000000001       0.46666666666666667        9.2861943931740708E-003
  0.20000000000000001       0.50000000000000000        5.7907715668272962E-003
  0.20000000000000001       0.53333333333333333        3.5173530849343703E-003
  0.20000000000000001       0.56666666666666665        2.0802386267890953E-003
  0.20000000000000001       0.59999999999999998        1.1974897779780678E-003
  0.20000000000000001       0.63333333333333330        6.7071988128795848E-004
  0.20000000000000001       0.66666666666666663        3.6540501281385996E-004
  0.20000000000000001       0.69999999999999996        1.9356543874289841E-004
  0.20000000000000001       0.73333333333333328        9.9668758474020551E-005
  0.20000000000000001       0.76666666666666661        4.9868737810926772E-005
  0.20000000000000001       0.80000000000000004        2.4238505347374014E-005
  0.20000000000000001       0.83333333333333337        1.1442545147822558E-005
  0.20000000000000001       0.86666666666666670        5.2503490060095347E-006
  0.20000000000000001       0.90000000000000002        2.3556248703218168E-006
  0.20000000000000001       0.93333333333333335        1.0719396143386641E-006
  0.20000000000000001       0.96666666666666667        5.9074441029802078E-007
  0.20000000000000001        1.0000000000000000        5.9074441029802078E-007

  0.23333333333333334        0.0000000000000000       0.66913060635885824     
  0.23333333333333334        3.3333333333333333E-002  0.56640162426719387     
  0.23333333333333334        6.6666666666666666E-002  0.47191705109696030     
  0.23333333333333334       0.10000000000000001       0.38651321582954634     
  0.23333333333333334       0.13333333333333333       0.31081398708562147     
  0.23333333333333334       0.16666666666666666       0.24513389705991284     
  0.23333333333333334       0.20000000000000001       0.18942977592354529     
  0.23333333333333334       0.23333333333333334       0.14330235617546724     
  0.23333333333333334       0.26666666666666666       0.10604136088713995     
  0.23333333333333334       0.29999999999999999        7.6701699016456931E-002
  0.23333333333333334       0.33333333333333331        5.4195497092586246E-002
  0.23333333333333334       0.36666666666666664        3.7384939922008947E-002
  0.23333333333333334       0.40000000000000002        2.5163694839459617E-002
  0.23333333333333334       0.43333333333333335        1.6519018793668142E-002
  0.23333333333333334       0.46666666666666667        1.0571338530247717E-002
  0.23333333333333334       0.50000000000000000        6.5921737142679284E-003
  0.23333333333333334       0.53333333333333333        4.0041300684577827E-003
  0.23333333333333334       0.56666666666666665        2.3681290544218894E-003
  0.23333333333333334       0.59999999999999998        1.3632139597274135E-003
  0.23333333333333334       0.63333333333333330        7.6354280600398141E-004
  0.23333333333333334       0.66666666666666663        4.1597450231541891E-004
  0.23333333333333334       0.69999999999999996        2.2035353709709364E-004
  0.23333333333333334       0.73333333333333328        1.1346221520980133E-004
  0.23333333333333334       0.76666666666666661        5.6770221164331945E-005
  0.23333333333333334       0.80000000000000004        2.7592944390939920E-005
  0.23333333333333334       0.83333333333333337        1.3026113096899088E-005
  0.23333333333333334       0.86666666666666670        5.9769604635107244E-006
  0.23333333333333334       0.90000000000000002        2.6816268215047699E-006
  0.23333333333333334       0.93333333333333335        1.2202885345030896E-006
  0.23333333333333334       0.96666666666666667        6.7249929106614066E-007
  0.23333333333333334        1.0000000000000000        6.7249929106614066E-007

  0.26666666666666666        0.0000000000000000       0.74314482547739413     
  0.26666666666666666        3.3333333333333333E-002  0.62905273233072767     
  0.26666666666666666        6.6666666666666666E-002  0.52411698290957187     
  0.26666666666666666       0.10000000000000001       0.42926641464717102     
  0.26666666666666666       0.13333333333333333       0.34519390384125037     
  0.26666666666666666       0.16666666666666666       0.27224877388359026     
  0.26666666666666666       0.20000000000000001       0.21038307982197915     
  0.26666666666666666       0.23333333333333334       0.15915339017298438     
  0.26666666666666666       0.26666666666666666       0.11777086249077651     
  0.26666666666666666       0.29999999999999999        8.5185866836339066E-002
  0.26666666666666666       0.33333333333333331        6.0190197318415420E-002
  0.26666666666666666       0.36666666666666664        4.1520182143520636E-002
  0.26666666666666666       0.40000000000000002        2.7947114408046630E-002
  0.26666666666666666       0.43333333333333335        1.8346229004946476E-002
  0.26666666666666666       0.46666666666666667        1.1740660870189159E-002
  0.26666666666666666       0.50000000000000000        7.3213506269940052E-003
  0.26666666666666666       0.53333333333333333        4.4470369650330861E-003
  0.26666666666666666       0.56666666666666665        2.6300737645715733E-003
  0.26666666666666666       0.59999999999999998        1.5140024840631248E-003
  0.26666666666666666       0.63333333333333330        8.4800019595582038E-004
  0.26666666666666666       0.66666666666666663        4.6198648812134933E-004
  0.26666666666666666       0.69999999999999996        2.4472739598691104E-004
  0.26666666666666666       0.73333333333333328        1.2601255617224855E-004
  0.26666666666666666       0.76666666666666661        6.3049718094728170E-005
  0.26666666666666666       0.80000000000000004        3.0645069361563858E-005
  0.26666666666666666       0.83333333333333337        1.4466964224996583E-005
  0.26666666666666666       0.86666666666666670        6.6380870914143040E-006
  0.26666666666666666       0.90000000000000002        2.9782483080648269E-006
  0.26666666666666666       0.93333333333333335        1.3552677181217067E-006
  0.26666666666666666       0.96666666666666667        7.4688612887181583E-007
  0.26666666666666666        1.0000000000000000        7.4688612887181583E-007

  0.29999999999999999        0.0000000000000000       0.80901699437494745     
  0.29999999999999999        3.3333333333333333E-002  0.68481180702109912     
  0.29999999999999999        6.6666666666666666E-002  0.57057457937889622     
  0.29999999999999999       0.10000000000000001       0.46731648079614896     
  0.29999999999999999       0.13333333333333333       0.37579180394992612     
  0.29999999999999999       0.16666666666666666       0.29638083616888056     
  0.29999999999999999       0.20000000000000001       0.22903138267239356     
  0.29999999999999999       0.23333333333333334       0.17326070632277829     
  0.29999999999999999       0.26666666666666666       0.12821004187982674     
  0.29999999999999999       0.29999999999999999        9.2736720472873610E-002
  0.29999999999999999       0.33333333333333331        6.5525441146815480E-002
  0.29999999999999999       0.36666666666666664        4.5200520560811232E-002
  0.29999999999999999       0.40000000000000002        3.0424339542869411E-002
  0.29999999999999999       0.43333333333333335        1.9972434092051378E-002
  0.29999999999999999       0.46666666666666667        1.2781350072745572E-002
  0.29999999999999999       0.50000000000000000        7.9703132901596200E-003
  0.29999999999999999       0.53333333333333333        4.8412211940171744E-003
  0.29999999999999999       0.56666666666666665        2.8632028361782920E-003
  0.29999999999999999       0.59999999999999998        1.6482032803580523E-003
  0.29999999999999999       0.63333333333333330        9.2316671830531790E-004
  0.29999999999999999       0.66666666666666663        5.0293685328653436E-004
  0.29999999999999999       0.69999999999999996        2.6641997031379584E-004
  0.29999999999999999       0.73333333333333328        1.3718227719944999E-004
  0.29999999999999999       0.76666666666666661        6.8638429119676820E-005
  0.29999999999999999       0.80000000000000004        3.3361440539369457E-005
  0.29999999999999999       0.83333333333333337        1.5749312265638122E-005
  0.29999999999999999       0.86666666666666670        7.2264854480353195E-006
  0.29999999999999999       0.90000000000000002        3.2422394829232010E-006
  0.29999999999999999       0.93333333333333335        1.4753983050125795E-006
  0.29999999999999999       0.96666666666666667        8.1308992595360079E-007
  0.29999999999999999        1.0000000000000000        8.1308992595360079E-007

  0.33333333333333331        0.0000000000000000       0.86602540378443860     
  0.33333333333333331        3.3333333333333333E-002  0.73306794024766353     
  0.33333333333333331        6.6666666666666666E-002  0.61078084135613864     
  0.33333333333333331       0.10000000000000001       0.50024652978926376     
  0.33333333333333331       0.13333333333333333       0.40227245041503584     
  0.33333333333333331       0.16666666666666666       0.31726568799142724     
  0.33333333333333331       0.20000000000000001       0.24517036976635120     
  0.33333333333333331       0.23333333333333334       0.18546974191696608     
  0.33333333333333331       0.26666666666666666       0.13724452522036545     
  0.33333333333333331       0.29999999999999999        9.9271531193500948E-002
  0.33333333333333331       0.33333333333333331        7.0142774529930951E-002
  0.33333333333333331       0.36666666666666664        4.8385632616020538E-002
  0.33333333333333331       0.40000000000000002        3.2568229246958152E-002
  0.33333333333333331       0.43333333333333335        2.1379817011743237E-002
  0.33333333333333331       0.46666666666666667        1.3682004129235530E-002
  0.33333333333333331       0.50000000000000000        8.5319515330229620E-003
  0.33333333333333331       0.53333333333333333        5.1823639905089463E-003
  0.33333333333333331       0.56666666666666665        3.0649620583481285E-003
  0.33333333333333331       0.59999999999999998        1.7643460166046668E-003
  0.33333333333333331       0.63333333333333330        9.8821883290400696E-004
  0.33333333333333331       0.66666666666666663        5.3837693704080944E-004
  0.33333333333333331       0.69999999999999996        2.8519359169395961E-004
  0.33333333333333331       0.73333333333333328        1.4684900049041714E-004
  0.33333333333333331       0.76666666666666661        7.3475123151675581E-005
  0.33333333333333331       0.80000000000000004        3.5712296793295472E-005
  0.33333333333333331       0.83333333333333337        1.6859107545341856E-005
  0.33333333333333331       0.86666666666666670        7.7357089178483606E-006
  0.33333333333333331       0.90000000000000002        3.4707080035244371E-006
  0.33333333333333331       0.93333333333333335        1.5793641193267902E-006
  0.33333333333333331       0.96666666666666667        8.7038533965663236E-007
  0.33333333333333331        1.0000000000000000        8.7038533965663236E-007

  0.36666666666666664        0.0000000000000000       0.91354545764260087     
  0.36666666666666664        3.3333333333333333E-002  0.77329242771654616     
  0.36666666666666664        6.6666666666666666E-002  0.64429526062137510     
  0.36666666666666664       0.10000000000000001       0.52769577311869109     
  0.36666666666666664       0.13333333333333333       0.42434571573247626     
  0.36666666666666664       0.16666666666666666       0.33467451054422637     
  0.36666666666666664       0.20000000000000001       0.25862321898395041     
  0.36666666666666664       0.23333333333333334       0.19564673220667295     
  0.36666666666666664       0.26666666666666666       0.14477532882232658     
  0.36666666666666664       0.29999999999999999       0.10471870224446887     
  0.36666666666666664       0.33333333333333331        7.3991608996977265E-002
  0.36666666666666664       0.36666666666666664        5.1040621554944168E-002
  0.36666666666666664       0.40000000000000002        3.4355294616077101E-002
  0.36666666666666664       0.43333333333333335        2.2552958182240096E-002
  0.36666666666666664       0.46666666666666667        1.4432755285342151E-002
  0.36666666666666664       0.50000000000000000        9.0001119294648661E-003
  0.36666666666666664       0.53333333333333333        5.4667277226413168E-003
  0.36666666666666664       0.56666666666666665        3.2331409148221588E-003
  0.36666666666666664       0.59999999999999998        1.8611582086802204E-003
  0.36666666666666664       0.63333333333333330        1.0424438151713140E-003
  0.36666666666666664       0.66666666666666663        5.6791845041024821E-004
  0.36666666666666664       0.69999999999999996        3.0084257240292850E-004
  0.36666666666666664       0.73333333333333328        1.5490681540188234E-004
  0.36666666666666664       0.76666666666666661        7.7506808358766575E-005
  0.36666666666666664       0.80000000000000004        3.7671881650275592E-005
  0.36666666666666664       0.83333333333333337        1.7784190914783759E-005
  0.36666666666666664       0.86666666666666670        8.1601783419562929E-006
  0.36666666666666664       0.90000000000000002        3.6611507209467175E-006
  0.36666666666666664       0.93333333333333335        1.6660260898464668E-006
  0.36666666666666664       0.96666666666666667        9.1814462943854384E-007
  0.36666666666666664        1.0000000000000000        9.1814462943854384E-007

  0.40000000000000002        0.0000000000000000       0.95105651629515353     
  0.40000000000000002        3.3333333333333333E-002  0.80504456152552228     
  0.40000000000000002        6.6666666666666666E-002  0.67075064618379254     
  0.40000000000000002       0.10000000000000001       0.54936347113039019     
  0.40000000000000002       0.13333333333333333       0.44176976058830181     
  0.40000000000000002       0.16666666666666666       0.34841656912435909     
  0.40000000000000002       0.20000000000000001       0.26924253809397358     
  0.40000000000000002       0.23333333333333334       0.20368017595661261     
  0.40000000000000002       0.26666666666666666       0.15071994362552499     
  0.40000000000000002       0.29999999999999999       0.10901855327984912     
  0.40000000000000002       0.33333333333333331        7.7029775912113074E-002
  0.40000000000000002       0.36666666666666664        5.3136398763175087E-002
  0.40000000000000002       0.40000000000000002        3.5765956188074717E-002
  0.40000000000000002       0.43333333333333335        2.3479004423382421E-002
  0.40000000000000002       0.46666666666666667        1.5025378154294352E-002
  0.40000000000000002       0.50000000000000000        9.3696652162130484E-003
  0.40000000000000002       0.53333333333333333        5.6911968418581066E-003
  0.40000000000000002       0.56666666666666665        3.3658968028551640E-003
  0.40000000000000002       0.59999999999999998        1.9375791619490792E-003
  0.40000000000000002       0.63333333333333330        1.0852475648542115E-003
  0.40000000000000002       0.66666666666666663        5.9123773039241635E-004
  0.40000000000000002       0.69999999999999996        3.1319545893329534E-004
  0.40000000000000002       0.73333333333333328        1.6126743882746936E-004
  0.40000000000000002       0.76666666666666661        8.0689312754136553E-005
  0.40000000000000002       0.80000000000000004        3.9218725488547238E-005
  0.40000000000000002       0.83333333333333337        1.8514426966982087E-005
  0.40000000000000002       0.86666666666666670        8.4952431445226526E-006
  0.40000000000000002       0.90000000000000002        3.8114811049252623E-006
  0.40000000000000002       0.93333333333333335        1.7344347298874127E-006
  0.40000000000000002       0.96666666666666667        9.5584453452621096E-007
  0.40000000000000002        1.0000000000000000        9.5584453452621096E-007

  0.43333333333333335        0.0000000000000000       0.97814760073380569     
  0.43333333333333335        3.3333333333333333E-002  0.82797645865201974     
  0.43333333333333335        6.6666666666666666E-002  0.68985714730302383     
  0.43333333333333335       0.10000000000000001       0.56501222799068773     
  0.43333333333333335       0.13333333333333333       0.45435368350085625     
  0.43333333333333335       0.16666666666666666       0.35834130286231097     
  0.43333333333333335       0.20000000000000001       0.27691197961401587     
  0.43333333333333335       0.23333333333333334       0.20948205707595471     
  0.43333333333333335       0.26666666666666666       0.15501323918618629     
  0.43333333333333335       0.29999999999999999       0.11212397423189642     
  0.43333333333333335       0.33333333333333331        7.9223988482838861E-002
  0.43333333333333335       0.36666666666666664        5.4650002467050367E-002
  0.43333333333333335       0.40000000000000002        3.6784758459568294E-002
  0.43333333333333335       0.43333333333333335        2.4147809778764621E-002
  0.43333333333333335       0.46666666666666667        1.5453379835925584E-002
  0.43333333333333335       0.50000000000000000        9.6365624901238994E-003
  0.43333333333333335       0.53333333333333333        5.8533120175159950E-003
  0.43333333333333335       0.56666666666666665        3.4617752211568999E-003
  0.43333333333333335       0.59999999999999998        1.9927715924551179E-003
  0.43333333333333335       0.63333333333333330        1.1161611151139133E-003
  0.43333333333333335       0.66666666666666663        6.0807928607595576E-004
  0.43333333333333335       0.69999999999999996        3.2211691047522571E-004
  0.43333333333333335       0.73333333333333328        1.6586118244588151E-004
  0.43333333333333335       0.76666666666666661        8.2987768153647973E-005
  0.43333333333333335       0.80000000000000004        4.0335880763320430E-005
  0.43333333333333335       0.83333333333333337        1.9041815082937237E-005
  0.43333333333333335       0.86666666666666670        8.7372322854537040E-006
  0.43333333333333335       0.90000000000000002        3.9200521043145481E-006
  0.43333333333333335       0.93333333333333335        1.7838405400739107E-006
  0.43333333333333335       0.96666666666666667        9.8307200687028067E-007
  0.43333333333333335        1.0000000000000000        9.8307200687028067E-007

  0.46666666666666667        0.0000000000000000       0.99452189536827329     
  0.46666666666666667        3.3333333333333333E-002  0.84183687243231264     
  0.46666666666666667        6.6666666666666666E-002  0.70140542915451431     
  0.46666666666666667       0.10000000000000001       0.57447059264470912     
  0.46666666666666667       0.13333333333333333       0.46195961237735450     
  0.46666666666666667       0.16666666666666666       0.36433997429836484     
  0.46666666666666667       0.20000000000000001       0.28154751553784990     
  0.46666666666666667       0.23333333333333334       0.21298880894103395     
  0.46666666666666667       0.26666666666666666       0.15760817725971796     
  0.46666666666666667       0.29999999999999999       0.11400094145880901     
  0.46666666666666667       0.33333333333333331        8.0550206457061249E-002
  0.46666666666666667       0.36666666666666664        5.5564849307648399E-002
  0.46666666666666667       0.40000000000000002        3.7400539219673241E-002
  0.46666666666666667       0.43333333333333335        2.4552046676956613E-002
  0.46666666666666667       0.46666666666666667        1.5712071054246782E-002
  0.46666666666666667       0.50000000000000000        9.7978795688126105E-003
  0.46666666666666667       0.53333333333333333        5.9512970818256915E-003
  0.46666666666666667       0.56666666666666665        3.5197257057126034E-003
  0.46666666666666667       0.59999999999999998        2.0261308003799530E-003
  0.46666666666666667       0.63333333333333330        1.1348457706246975E-003
  0.46666666666666667       0.66666666666666663        6.1825859785247597E-004
  0.46666666666666667       0.69999999999999996        3.2750918173869243E-004
  0.46666666666666667       0.73333333333333328        1.6863771624073273E-004
  0.46666666666666667       0.76666666666666661        8.4376992198961073E-005
  0.46666666666666667       0.80000000000000004        4.1011107687624982E-005
  0.46666666666666667       0.83333333333333337        1.9360577088087743E-005
  0.46666666666666667       0.86666666666666670        8.8834944810819262E-006
  0.46666666666666667       0.90000000000000002        3.9856741925253224E-006
  0.46666666666666667       0.93333333333333335        1.8137022200107276E-006
  0.46666666666666667       0.96666666666666667        9.9952873658603687E-007
  0.46666666666666667        1.0000000000000000        9.9952873658603687E-007

  0.50000000000000000        0.0000000000000000        1.0000000000000000     
  0.50000000000000000        3.3333333333333333E-002  0.84647394527254616     
  0.50000000000000000        6.6666666666666666E-002  0.70526896634566549     
  0.50000000000000000       0.10000000000000001       0.57763493727001525     
  0.50000000000000000       0.13333333333333333       0.46450421506938266     
  0.50000000000000000       0.16666666666666666       0.36634686073296457     
  0.50000000000000000       0.20000000000000001       0.28309835796384586     
  0.50000000000000000       0.23333333333333334       0.21416201084458153     
  0.50000000000000000       0.26666666666666666       0.15847632716156074     
  0.50000000000000000       0.29999999999999999       0.11462889051486820     
  0.50000000000000000       0.33333333333333331        8.0993899513125703E-002
  0.50000000000000000       0.36666666666666664        5.5870916031539590E-002
  0.50000000000000000       0.40000000000000002        3.7606551845521467E-002
  0.50000000000000000       0.43333333333333335        2.4687286213909792E-002
  0.50000000000000000       0.46666666666666667        1.5798617534135410E-002
  0.50000000000000000       0.50000000000000000        9.8518490286072947E-003
  0.50000000000000000       0.53333333333333333        5.9840784899179269E-003
  0.50000000000000000       0.56666666666666665        3.5391133388865633E-003
  0.50000000000000000       0.59999999999999998        2.0372912952606966E-003
  0.50000000000000000       0.63333333333333330        1.1410968183907725E-003
  0.50000000000000000       0.66666666666666663        6.2166413905199503E-004
  0.50000000000000000       0.69999999999999996        3.2931319387132765E-004
  0.50000000000000000       0.73333333333333328        1.6956661992673964E-004
  0.50000000000000000       0.76666666666666661        8.4841764260721599E-005
  0.50000000000000000       0.80000000000000004        4.1237008333977902E-005
  0.50000000000000000       0.83333333333333337        1.9467220559199941E-005
  0.50000000000000000       0.86666666666666670        8.9324272521846798E-006
  0.50000000000000000       0.90000000000000002        4.0076284002268448E-006
  0.50000000000000000       0.93333333333333335        1.8236925988835170E-006
  0.50000000000000000       0.96666666666666667        1.0050344202989209E-006
  0.50000000000000000        1.0000000000000000        1.0050344202989209E-006

  0.53333333333333333        0.0000000000000000       0.99452189536827340     
  0.53333333333333333        3.3333333333333333E-002  0.84183687243231287     
  0.53333333333333333        6.6666666666666666E-002  0.70140542915451431     
  0.53333333333333333       0.10000000000000001       0.57447059264470923     
  0.53333333333333333       0.13333333333333333       0.46195961237735450     
  0.53333333333333333       0.16666666666666666       0.36433997429836490     
  0.53333333333333333       0.20000000000000001       0.28154751553784990     
  0.53333333333333333       0.23333333333333334       0.21298880894103395     
  0.53333333333333333       0.26666666666666666       0.15760817725971799     
  0.53333333333333333       0.29999999999999999       0.11400094145880901     
  0.53333333333333333       0.33333333333333331        8.0550206457061249E-002
  0.53333333333333333       0.36666666666666664        5.5564849307648406E-002
  0.53333333333333333       0.40000000000000002        3.7400539219673248E-002
  0.53333333333333333       0.43333333333333335        2.4552046676956613E-002
  0.53333333333333333       0.46666666666666667        1.5712071054246785E-002
  0.53333333333333333       0.50000000000000000        9.7978795688126105E-003
  0.53333333333333333       0.53333333333333333        5.9512970818256915E-003
  0.53333333333333333       0.56666666666666665        3.5197257057126034E-003
  0.53333333333333333       0.59999999999999998        2.0261308003799530E-003
  0.53333333333333333       0.63333333333333330        1.1348457706246975E-003
  0.53333333333333333       0.66666666666666663        6.1825859785247597E-004
  0.53333333333333333       0.69999999999999996        3.2750918173869243E-004
  0.53333333333333333       0.73333333333333328        1.6863771624073276E-004
  0.53333333333333333       0.76666666666666661        8.4376992198961087E-005
  0.53333333333333333       0.80000000000000004        4.1011107687624989E-005
  0.53333333333333333       0.83333333333333337        1.9360577088087746E-005
  0.53333333333333333       0.86666666666666670        8.8834944810819262E-006
  0.53333333333333333       0.90000000000000002        3.9856741925253224E-006
  0.53333333333333333       0.93333333333333335        1.8137022200107276E-006
  0.53333333333333333       0.96666666666666667        9.9952873658603687E-007
  0.53333333333333333        1.0000000000000000        9.9952873658603687E-007

  0.56666666666666665        0.0000000000000000       0.97814760073380569     
  0.56666666666666665        3.3333333333333333E-002  0.82797645865201985     
  0.56666666666666665        6.6666666666666666E-002  0.68985714730302394     
  0.56666666666666665       0.10000000000000001       0.56501222799068773     
  0.56666666666666665       0.13333333333333333       0.45435368350085625     
  0.56666666666666665       0.16666666666666666       0.35834130286231097     
  0.56666666666666665       0.20000000000000001       0.27691197961401592     
  0.56666666666666665       0.23333333333333334       0.20948205707595471     
  0.56666666666666665       0.26666666666666666       0.15501323918618629     
  0.56666666666666665       0.29999999999999999       0.11212397423189642     
  0.56666666666666665       0.33333333333333331        7.9223988482838861E-002
  0.56666666666666665       0.36666666666666664        5.4650002467050367E-002
  0.56666666666666665       0.40000000000000002        3.6784758459568294E-002
  0.56666666666666665       0.43333333333333335        2.4147809778764625E-002
  0.56666666666666665       0.46666666666666667        1.5453379835925585E-002
  0.56666666666666665       0.50000000000000000        9.6365624901238994E-003
  0.56666666666666665       0.53333333333333333        5.8533120175159950E-003
  0.56666666666666665       0.56666666666666665        3.4617752211568999E-003
  0.56666666666666665       0.59999999999999998        1.9927715924551179E-003
  0.56666666666666665       0.63333333333333330        1.1161611151139133E-003
  0.56666666666666665       0.66666666666666663        6.0807928607595587E-004
  0.56666666666666665       0.69999999999999996        3.2211691047522576E-004
  0.56666666666666665       0.73333333333333328        1.6586118244588149E-004
  0.56666666666666665       0.76666666666666661        8.2987768153647986E-005
  0.56666666666666665       0.80000000000000004        4.0335880763320430E-005
  0.56666666666666665       0.83333333333333337        1.9041815082937240E-005
  0.56666666666666665       0.86666666666666670        8.7372322854537040E-006
  0.56666666666666665       0.90000000000000002        3.9200521043145481E-006
  0.56666666666666665       0.93333333333333335        1.7838405400739109E-006
  0.56666666666666665       0.96666666666666667        9.8307200687028088E-007
  0.56666666666666665        1.0000000000000000        9.8307200687028088E-007

  0.59999999999999998        0.0000000000000000       0.95105651629515364     
  0.59999999999999998        3.3333333333333333E-002  0.80504456152552228     
  0.59999999999999998        6.6666666666666666E-002  0.67075064618379265     
  0.59999999999999998       0.10000000000000001       0.54936347113039019     
  0.59999999999999998       0.13333333333333333       0.44176976058830186     
  0.59999999999999998       0.16666666666666666       0.34841656912435920     
  0.59999999999999998       0.20000000000000001       0.26924253809397364     
  0.59999999999999998       0.23333333333333334       0.20368017595661267     
  0.59999999999999998       0.26666666666666666       0.15071994362552502     
  0.59999999999999998       0.29999999999999999       0.10901855327984913     
  0.59999999999999998       0.33333333333333331        7.7029775912113074E-002
  0.59999999999999998       0.36666666666666664        5.3136398763175094E-002
  0.59999999999999998       0.40000000000000002        3.5765956188074724E-002
  0.59999999999999998       0.43333333333333335        2.3479004423382421E-002
  0.59999999999999998       0.46666666666666667        1.5025378154294354E-002
  0.59999999999999998       0.50000000000000000        9.3696652162130484E-003
  0.59999999999999998       0.53333333333333333        5.6911968418581066E-003
  0.59999999999999998       0.56666666666666665        3.3658968028551649E-003
  0.59999999999999998       0.59999999999999998        1.9375791619490794E-003
  0.59999999999999998       0.63333333333333330        1.0852475648542117E-003
  0.59999999999999998       0.66666666666666663        5.9123773039241635E-004
  0.59999999999999998       0.69999999999999996        3.1319545893329539E-004
  0.59999999999999998       0.73333333333333328        1.6126743882746938E-004
  0.59999999999999998       0.76666666666666661        8.0689312754136567E-005
  0.59999999999999998       0.80000000000000004        3.9218725488547245E-005
  0.59999999999999998       0.83333333333333337        1.8514426966982091E-005
  0.59999999999999998       0.86666666666666670        8.4952431445226526E-006
  0.59999999999999998       0.90000000000000002        3.8114811049252627E-006
  0.59999999999999998       0.93333333333333335        1.7344347298874127E-006
  0.59999999999999998       0.96666666666666667        9.5584453452621096E-007
  0.59999999999999998        1.0000000000000000        9.5584453452621096E-007

  0.63333333333333330        0.0000000000000000       0.91354545764260098     
  0.63333333333333330        3.3333333333333333E-002  0.77329242771654627     
  0.63333333333333330        6.6666666666666666E-002  0.64429526062137521     
  0.63333333333333330       0.10000000000000001       0.52769577311869120     
  0.63333333333333330       0.13333333333333333       0.42434571573247626     
  0.63333333333333330       0.16666666666666666       0.33467451054422637     
  0.63333333333333330       0.20000000000000001       0.25862321898395046     
  0.63333333333333330       0.23333333333333334       0.19564673220667295     
  0.63333333333333330       0.26666666666666666       0.14477532882232660     
  0.63333333333333330       0.29999999999999999       0.10471870224446889     
  0.63333333333333330       0.33333333333333331        7.3991608996977279E-002
  0.63333333333333330       0.36666666666666664        5.1040621554944168E-002
  0.63333333333333330       0.40000000000000002        3.4355294616077107E-002
  0.63333333333333330       0.43333333333333335        2.2552958182240099E-002
  0.63333333333333330       0.46666666666666667        1.4432755285342153E-002
  0.63333333333333330       0.50000000000000000        9.0001119294648678E-003
  0.63333333333333330       0.53333333333333333        5.4667277226413168E-003
  0.63333333333333330       0.56666666666666665        3.2331409148221592E-003
  0.63333333333333330       0.59999999999999998        1.8611582086802206E-003
  0.63333333333333330       0.63333333333333330        1.0424438151713140E-003
  0.63333333333333330       0.66666666666666663        5.6791845041024832E-004
  0.63333333333333330       0.69999999999999996        3.0084257240292855E-004
  0.63333333333333330       0.73333333333333328        1.5490681540188234E-004
  0.63333333333333330       0.76666666666666661        7.7506808358766588E-005
  0.63333333333333330       0.80000000000000004        3.7671881650275599E-005
  0.63333333333333330       0.83333333333333337        1.7784190914783759E-005
  0.63333333333333330       0.86666666666666670        8.1601783419562929E-006
  0.63333333333333330       0.90000000000000002        3.6611507209467175E-006
  0.63333333333333330       0.93333333333333335        1.6660260898464668E-006
  0.63333333333333330       0.96666666666666667        9.1814462943854395E-007
  0.63333333333333330        1.0000000000000000        9.1814462943854395E-007

  0.66666666666666663        0.0000000000000000       0.86602540378443871     
  0.66666666666666663        3.3333333333333333E-002  0.73306794024766375     
  0.66666666666666663        6.6666666666666666E-002  0.61078084135613886     
  0.66666666666666663       0.10000000000000001       0.50024652978926387     
  0.66666666666666663       0.13333333333333333       0.40227245041503590     
  0.66666666666666663       0.16666666666666666       0.31726568799142724     
  0.66666666666666663       0.20000000000000001       0.24517036976635120     
  0.66666666666666663       0.23333333333333334       0.18546974191696611     
  0.66666666666666663       0.26666666666666666       0.13724452522036545     
  0.66666666666666663       0.29999999999999999        9.9271531193500975E-002
  0.66666666666666663       0.33333333333333331        7.0142774529930951E-002
  0.66666666666666663       0.36666666666666664        4.8385632616020552E-002
  0.66666666666666663       0.40000000000000002        3.2568229246958159E-002
  0.66666666666666663       0.43333333333333335        2.1379817011743237E-002
  0.66666666666666663       0.46666666666666667        1.3682004129235531E-002
  0.66666666666666663       0.50000000000000000        8.5319515330229637E-003
  0.66666666666666663       0.53333333333333333        5.1823639905089472E-003
  0.66666666666666663       0.56666666666666665        3.0649620583481293E-003
  0.66666666666666663       0.59999999999999998        1.7643460166046670E-003
  0.66666666666666663       0.63333333333333330        9.8821883290400696E-004
  0.66666666666666663       0.66666666666666663        5.3837693704080944E-004
  0.66666666666666663       0.69999999999999996        2.8519359169395966E-004
  0.66666666666666663       0.73333333333333328        1.4684900049041714E-004
  0.66666666666666663       0.76666666666666661        7.3475123151675581E-005
  0.66666666666666663       0.80000000000000004        3.5712296793295472E-005
  0.66666666666666663       0.83333333333333337        1.6859107545341856E-005
  0.66666666666666663       0.86666666666666670        7.7357089178483606E-006
  0.66666666666666663       0.90000000000000002        3.4707080035244371E-006
  0.66666666666666663       0.93333333333333335        1.5793641193267902E-006
  0.66666666666666663       0.96666666666666667        8.7038533965663236E-007
  0.66666666666666663        1.0000000000000000        8.7038533965663236E-007

  0.69999999999999996        0.0000000000000000       0.80901699437494745     
  0.69999999999999996        3.3333333333333333E-002  0.68481180702109923     
  0.69999999999999996        6.6666666666666666E-002  0.57057457937889633     
  0.69999999999999996       0.10000000000000001       0.46731648079614913     
  0.69999999999999996       0.13333333333333333       0.37579180394992617     
  0.69999999999999996       0.16666666666666666       0.29638083616888061     
  0.69999999999999996       0.20000000000000001       0.22903138267239362     
  0.69999999999999996       0.23333333333333334       0.17326070632277829     
  0.69999999999999996       0.26666666666666666       0.12821004187982676     
  0.69999999999999996       0.29999999999999999        9.2736720472873610E-002
  0.69999999999999996       0.33333333333333331        6.5525441146815480E-002
  0.69999999999999996       0.36666666666666664        4.5200520560811232E-002
  0.69999999999999996       0.40000000000000002        3.0424339542869411E-002
  0.69999999999999996       0.43333333333333335        1.9972434092051381E-002
  0.69999999999999996       0.46666666666666667        1.2781350072745572E-002
  0.69999999999999996       0.50000000000000000        7.9703132901596200E-003
  0.69999999999999996       0.53333333333333333        4.8412211940171753E-003
  0.69999999999999996       0.56666666666666665        2.8632028361782929E-003
  0.69999999999999996       0.59999999999999998        1.6482032803580527E-003
  0.69999999999999996       0.63333333333333330        9.2316671830531801E-004
  0.69999999999999996       0.66666666666666663        5.0293685328653447E-004
  0.69999999999999996       0.69999999999999996        2.6641997031379584E-004
  0.69999999999999996       0.73333333333333328        1.3718227719944999E-004
  0.69999999999999996       0.76666666666666661        6.8638429119676834E-005
  0.69999999999999996       0.80000000000000004        3.3361440539369457E-005
  0.69999999999999996       0.83333333333333337        1.5749312265638119E-005
  0.69999999999999996       0.86666666666666670        7.2264854480353195E-006
  0.69999999999999996       0.90000000000000002        3.2422394829232010E-006
  0.69999999999999996       0.93333333333333335        1.4753983050125795E-006
  0.69999999999999996       0.96666666666666667        8.1308992595360079E-007
  0.69999999999999996        1.0000000000000000        8.1308992595360079E-007

  0.73333333333333328        0.0000000000000000       0.74314482547739447     
  0.73333333333333328        3.3333333333333333E-002  0.62905273233072789     
  0.73333333333333328        6.6666666666666666E-002  0.52411698290957198     
  0.73333333333333328       0.10000000000000001       0.42926641464717108     
  0.73333333333333328       0.13333333333333333       0.34519390384125043     
  0.73333333333333328       0.16666666666666666       0.27224877388359031     
  0.73333333333333328       0.20000000000000001       0.21038307982197915     
  0.73333333333333328       0.23333333333333334       0.15915339017298441     
  0.73333333333333328       0.26666666666666666       0.11777086249077652     
  0.73333333333333328       0.29999999999999999        8.5185866836339080E-002
  0.73333333333333328       0.33333333333333331        6.0190197318415420E-002
  0.73333333333333328       0.36666666666666664        4.1520182143520636E-002
  0.73333333333333328       0.40000000000000002        2.7947114408046630E-002
  0.73333333333333328       0.43333333333333335        1.8346229004946476E-002
  0.73333333333333328       0.46666666666666667        1.1740660870189160E-002
  0.73333333333333328       0.50000000000000000        7.3213506269940052E-003
  0.73333333333333328       0.53333333333333333        4.4470369650330870E-003
  0.73333333333333328       0.56666666666666665        2.6300737645715733E-003
  0.73333333333333328       0.59999999999999998        1.5140024840631251E-003
  0.73333333333333328       0.63333333333333330        8.4800019595582048E-004
  0.73333333333333328       0.66666666666666663        4.6198648812134939E-004
  0.73333333333333328       0.69999999999999996        2.4472739598691110E-004
  0.73333333333333328       0.73333333333333328        1.2601255617224858E-004
  0.73333333333333328       0.76666666666666661        6.3049718094728183E-005
  0.73333333333333328       0.80000000000000004        3.0645069361563858E-005
  0.73333333333333328       0.83333333333333337        1.4466964224996581E-005
  0.73333333333333328       0.86666666666666670        6.6380870914143032E-006
  0.73333333333333328       0.90000000000000002        2.9782483080648269E-006
  0.73333333333333328       0.93333333333333335        1.3552677181217067E-006
  0.73333333333333328       0.96666666666666667        7.4688612887181572E-007
  0.73333333333333328        1.0000000000000000        7.4688612887181572E-007

  0.76666666666666661        0.0000000000000000       0.66913060635885835     
  0.76666666666666661        3.3333333333333333E-002  0.56640162426719387     
  0.76666666666666661        6.6666666666666666E-002  0.47191705109696047     
  0.76666666666666661       0.10000000000000001       0.38651321582954634     
  0.76666666666666661       0.13333333333333333       0.31081398708562158     
  0.76666666666666661       0.16666666666666666       0.24513389705991287     
  0.76666666666666661       0.20000000000000001       0.18942977592354529     
  0.76666666666666661       0.23333333333333334       0.14330235617546724     
  0.76666666666666661       0.26666666666666666       0.10604136088713996     
  0.76666666666666661       0.29999999999999999        7.6701699016456945E-002
  0.76666666666666661       0.33333333333333331        5.4195497092586246E-002
  0.76666666666666661       0.36666666666666664        3.7384939922008947E-002
  0.76666666666666661       0.40000000000000002        2.5163694839459617E-002
  0.76666666666666661       0.43333333333333335        1.6519018793668142E-002
  0.76666666666666661       0.46666666666666667        1.0571338530247715E-002
  0.76666666666666661       0.50000000000000000        6.5921737142679284E-003
  0.76666666666666661       0.53333333333333333        4.0041300684577836E-003
  0.76666666666666661       0.56666666666666665        2.3681290544218898E-003
  0.76666666666666661       0.59999999999999998        1.3632139597274137E-003
  0.76666666666666661       0.63333333333333330        7.6354280600398152E-004
  0.76666666666666661       0.66666666666666663        4.1597450231541897E-004
  0.76666666666666661       0.69999999999999996        2.2035353709709372E-004
  0.76666666666666661       0.73333333333333328        1.1346221520980135E-004
  0.76666666666666661       0.76666666666666661        5.6770221164331959E-005
  0.76666666666666661       0.80000000000000004        2.7592944390939924E-005
  0.76666666666666661       0.83333333333333337        1.3026113096899088E-005
  0.76666666666666661       0.86666666666666670        5.9769604635107236E-006
  0.76666666666666661       0.90000000000000002        2.6816268215047695E-006
  0.76666666666666661       0.93333333333333335        1.2202885345030896E-006
  0.76666666666666661       0.96666666666666667        6.7249929106614056E-007
  0.76666666666666661        1.0000000000000000        6.7249929106614056E-007

  0.80000000000000004        0.0000000000000000       0.58778525229247325     
  0.80000000000000004        3.3333333333333333E-002  0.49754490148102876     
  0.80000000000000004        6.6666666666666666E-002  0.41454669731753885     
  0.80000000000000004       0.10000000000000001       0.33952529733620285     
  0.80000000000000004       0.13333333333333333       0.27302872724547433     
  0.80000000000000004       0.16666666666666666       0.21533328196248117     
  0.80000000000000004       0.20000000000000001       0.16640103975936404     
  0.80000000000000004       0.23333333333333334       0.12588127157574575     
  0.80000000000000004       0.26666666666666666        9.3150047943042505E-002
  0.80000000000000004       0.29999999999999999        6.7377171331288094E-002
  0.80000000000000004       0.33333333333333331        4.7607019659473816E-002
  0.80000000000000004       0.36666666666666664        3.2840100475410083E-002
  0.80000000000000004       0.40000000000000002        2.2104576564369809E-002
  0.80000000000000004       0.43333333333333335        1.4510822755659462E-002
  0.80000000000000004       0.46666666666666667        9.2861943931740708E-003
  0.80000000000000004       0.50000000000000000        5.7907715668272962E-003
  0.80000000000000004       0.53333333333333333        3.5173530849343703E-003
  0.80000000000000004       0.56666666666666665        2.0802386267890953E-003
  0.80000000000000004       0.59999999999999998        1.1974897779780680E-003
  0.80000000000000004       0.63333333333333330        6.7071988128795858E-004
  0.80000000000000004       0.66666666666666663        3.6540501281386007E-004
  0.80000000000000004       0.69999999999999996        1.9356543874289844E-004
  0.80000000000000004       0.73333333333333328        9.9668758474020578E-005
  0.80000000000000004       0.76666666666666661        4.9868737810926772E-005
  0.80000000000000004       0.80000000000000004        2.4238505347374021E-005
  0.80000000000000004       0.83333333333333337        1.1442545147822558E-005
  0.80000000000000004       0.86666666666666670        5.2503490060095338E-006
  0.80000000000000004       0.90000000000000002        2.3556248703218159E-006
  0.80000000000000004       0.93333333333333335        1.0719396143386641E-006
  0.80000000000000004       0.96666666666666667        5.9074441029802078E-007
  0.80000000000000004        1.0000000000000000        5.9074441029802078E-007

  0.83333333333333337        0.0000000000000000       0.49999999999999994     
  0.83333333333333337        3.3333333333333333E-002  0.42323697263627308     
  0.83333333333333337        6.6666666666666666E-002  0.35263448317283280     
  0.83333333333333337       0.10000000000000001       0.28881746863500757     
  0.83333333333333337       0.13333333333333333       0.23225210753469136     
  0.83333333333333337       0.16666666666666666       0.18317343036648234     
  0.83333333333333337       0.20000000000000001       0.14154917898192296     
  0.83333333333333337       0.23333333333333334       0.10708100542229079     
  0.83333333333333337       0.26666666666666666        7.9238163580780396E-002
  0.83333333333333337       0.29999999999999999        5.7314445257434107E-002
  0.83333333333333337       0.33333333333333331        4.0496949756562865E-002
  0.83333333333333337       0.36666666666666664        2.7935458015769798E-002
  0.83333333333333337       0.40000000000000002        1.8803275922760734E-002
  0.83333333333333337       0.43333333333333335        1.2343643106954898E-002
  0.83333333333333337       0.46666666666666667        7.8993087670677052E-003
  0.83333333333333337       0.50000000000000000        4.9259245143036482E-003
  0.83333333333333337       0.53333333333333333        2.9920392449589630E-003
  0.83333333333333337       0.56666666666666665        1.7695566694432819E-003
  0.83333333333333337       0.59999999999999998        1.0186456476303485E-003
  0.83333333333333337       0.63333333333333330        5.7054840919538627E-004
  0.83333333333333337       0.66666666666666663        3.1083206952599746E-004
  0.83333333333333337       0.69999999999999996        1.6465659693566383E-004
  0.83333333333333337       0.73333333333333328        8.4783309963369822E-005
  0.83333333333333337       0.76666666666666661        4.2420882130360806E-005
  0.83333333333333337       0.80000000000000004        2.0618504166988951E-005
  0.83333333333333337       0.83333333333333337        9.7336102795999721E-006
  0.83333333333333337       0.86666666666666670        4.4662136260923391E-006
  0.83333333333333337       0.90000000000000002        2.0038142001134224E-006
  0.83333333333333337       0.93333333333333335        9.1184629944175852E-007
  0.83333333333333337       0.96666666666666667        5.0251721014946047E-007
  0.83333333333333337        1.0000000000000000        5.0251721014946047E-007

  0.86666666666666670        0.0000000000000000       0.40673664307580004     
  0.86666666666666670        3.3333333333333333E-002  0.34429197095128400     
  0.86666666666666670        6.6666666666666666E-002  0.28685873183697552     
  0.86666666666666670       0.10000000000000001       0.23494529530850644     
  0.86666666666666670       0.13333333333333333       0.18893088513188025     
  0.86666666666666670       0.16666666666666666       0.14900669233588373     
  0.86666666666666670       0.20000000000000001       0.11514647577848591     
  0.86666666666666670       0.23333333333333334        8.7107537365288229E-002
  0.86666666666666670       0.26666666666666666        6.4458129316675494E-002
  0.86666666666666670       0.29999999999999999        4.6623770127520933E-002
  0.86666666666666670       0.33333333333333331        3.2943186797587440E-002
  0.86666666666666670       0.36666666666666664        2.2724748832238323E-002
  0.86666666666666670       0.40000000000000002        1.5295962655303440E-002
  0.86666666666666670       0.43333333333333335        1.0041223921297152E-002
  0.86666666666666670       0.46666666666666667        6.4258766610727136E-003
  0.86666666666666670       0.50000000000000000        4.0071080019853152E-003
  0.86666666666666670       0.53333333333333333        2.4339439968913213E-003
  0.86666666666666670       0.56666666666666665        1.4394870789235078E-003
  0.86666666666666670       0.59999999999999998        8.2864102240188479E-004
  0.86666666666666670       0.63333333333333330        4.6412588933673882E-004
  0.86666666666666670       0.66666666666666663        2.5285358503861595E-004
  0.86666666666666670       0.69999999999999996        1.3394374299579399E-004
  0.86666666666666670       0.73333333333333328        6.8968957766712180E-005
  0.86666666666666670       0.76666666666666661        3.4508254388034308E-005
  0.86666666666666670       0.80000000000000004        1.6772602340250968E-005
  0.86666666666666670       0.83333333333333337        7.9180319402651870E-006
  0.86666666666666670       0.86666666666666670        3.6331454750723907E-006
  0.86666666666666670       0.90000000000000002        1.6300493222035063E-006
  0.86666666666666670       0.93333333333333335        7.4176260567206349E-007
  0.86666666666666670       0.96666666666666667        4.0878432628801599E-007
  0.86666666666666670        1.0000000000000000        4.0878432628801599E-007

  0.90000000000000002        0.0000000000000000       0.30901699437494751     
  0.90000000000000002        3.3333333333333333E-002  0.26157483438482604     
  0.90000000000000002        6.6666666666666666E-002  0.21794009620606350     
  0.90000000000000002       0.10000000000000001       0.17849901216114142     
  0.90000000000000002       0.13333333333333333       0.14353969641523481     
  0.90000000000000002       0.16666666666666666       0.11320740580239820     
  0.90000000000000002       0.20000000000000001        8.7482203690470633E-002
  0.90000000000000002       0.23333333333333334        6.6179700900487498E-002
  0.90000000000000002       0.26666666666666666        4.8971878299046361E-002
  0.90000000000000002       0.29999999999999999        3.5422275215439503E-002
  0.90000000000000002       0.33333333333333331        2.5028491390252629E-002
  0.90000000000000002       0.36666666666666664        1.7265062545041430E-002
  0.90000000000000002       0.40000000000000002        1.1621063620108677E-002
  0.90000000000000002       0.43333333333333335        7.6287909850964808E-003
  0.90000000000000002       0.46666666666666667        4.8820413056778686E-003
  0.90000000000000002       0.50000000000000000        3.0443887758559722E-003
  0.90000000000000002       0.53333333333333333        1.8491819490582121E-003
  0.90000000000000002       0.56666666666666665        1.0936461667350105E-003
  0.90000000000000002       0.59999999999999998        6.2955763272770410E-004
  0.90000000000000002       0.63333333333333330        3.5261830910993173E-004
  0.90000000000000002       0.66666666666666663        1.9210478376053690E-004
  0.90000000000000002       0.69999999999999996        1.0176337337813204E-004
  0.90000000000000002       0.73333333333333328        5.2398967236080158E-005
  0.90000000000000002       0.76666666666666661        2.6217546989316024E-005
  0.90000000000000002       0.80000000000000004        1.2742936372380508E-005
  0.90000000000000002       0.83333333333333337        6.0157019860381496E-006
  0.90000000000000002       0.86666666666666670        2.7602718219429800E-006
  0.90000000000000002       0.90000000000000002        1.2384252828097784E-006
  0.90000000000000002       0.93333333333333335        5.6355200557082096E-007
  0.90000000000000002       0.96666666666666667        3.1057271580414021E-007
  0.90000000000000002        1.0000000000000000        3.1057271580414021E-007

  0.93333333333333335        0.0000000000000000       0.20791169081775931     
  0.93333333333333335        3.3333333333333333E-002  0.17599182919479459     
  0.93333333333333335        6.6666666666666666E-002  0.14663366327422075     
  0.93333333333333335       0.10000000000000001       0.12009705648321922     
  0.93333333333333335       0.13333333333333333        9.6575856747051478E-002
  0.93333333333333335       0.16666666666666666        7.6167795240768887E-002
  0.93333333333333335       0.20000000000000001        5.8859458271994493E-002
  0.93333333333333335       0.23333333333333334        4.4526785783628273E-002
  0.93333333333333335       0.26666666666666666        3.2949081134748502E-002
  0.93333333333333335       0.29999999999999999        2.3832686443510068E-002
  0.93333333333333335       0.33333333333333331        1.6839578593697665E-002
  0.93333333333333335       0.36666666666666664        1.1616216619654455E-002
  0.93333333333333335       0.40000000000000002        7.8188417800280977E-003
  0.93333333333333335       0.43333333333333335        5.1327754184359465E-003
  0.93333333333333335       0.46666666666666667        3.2847172841051929E-003
  0.93333333333333335       0.50000000000000000        2.0483145892190428E-003
  0.93333333333333335       0.53333333333333333        1.2441598768250202E-003
  0.93333333333333335       0.56666666666666665        7.3582303828359117E-004
  0.93333333333333335       0.59999999999999998        4.2357667788595451E-004
  0.93333333333333335       0.63333333333333330        2.3724736889839116E-004
  0.93333333333333335       0.66666666666666663        1.2925124227106694E-004
  0.93333333333333335       0.69999999999999996        6.8468062946384320E-005
  0.93333333333333335       0.73333333333333328        3.5254882655220803E-005
  0.93333333333333335       0.76666666666666661        1.7639594659408376E-005
  0.93333333333333335       0.80000000000000004        8.5736561269833782E-006
  0.93333333333333335       0.83333333333333337        4.0474627419855068E-006
  0.93333333333333335       0.86666666666666670        1.8571560531083488E-006
  0.93333333333333335       0.90000000000000002        8.3323279686043521E-007
  0.93333333333333335       0.93333333333333335        3.7916701176570580E-007
  0.93333333333333335       0.96666666666666667        2.0895840565439523E-007
  0.93333333333333335        1.0000000000000000        2.0895840565439523E-007

  0.96666666666666667        0.0000000000000000       0.10452846326765373     
  0.96666666666666667        3.3333333333333333E-002   8.8480620695447154E-002
  0.96666666666666667        6.6666666666666666E-002   7.3720681242478867E-002
  0.96666666666666667       0.10000000000000001        6.0379292322542112E-002
  0.96666666666666667       0.13333333333333333        4.8553911782550183E-002
  0.96666666666666667       0.16666666666666666        3.8293674375345858E-002
  0.96666666666666667       0.20000000000000001        2.9591836311556884E-002
  0.96666666666666667       0.23333333333333334        2.2386025883894656E-002
  0.96666666666666667       0.26666666666666666        1.6565286942499841E-002
  0.96666666666666667       0.29999999999999999        1.1981981771595275E-002
  0.96666666666666667       0.33333333333333331        8.4661678501617797E-003
  0.96666666666666667       0.36666666666666664        5.8401009941329391E-003
  0.96666666666666667       0.40000000000000002        3.9309550732076967E-003
  0.96666666666666667       0.43333333333333335        2.5805240901887183E-003
  0.96666666666666667       0.46666666666666667        1.6514052125965796E-003
  0.96666666666666667       0.50000000000000000        1.0297986393052454E-003
  0.96666666666666667       0.53333333333333333        6.2550652862414138E-004
  0.96666666666666667       0.56666666666666665        3.6993807864386664E-004
  0.96666666666666667       0.59999999999999998        2.1295492832216792E-004
  0.96666666666666667       0.63333333333333330        1.1927709686599612E-004
  0.96666666666666667       0.66666666666666663        6.4981597123713885E-005
  0.96666666666666667       0.69999999999999996        3.4422602089132718E-005
  0.96666666666666667       0.73333333333333328        1.7724538202432363E-005
  0.96666666666666667       0.76666666666666661        8.8683792390897527E-006
  0.96666666666666667       0.80000000000000004        4.3104411109061293E-006
  0.96666666666666667       0.83333333333333337        2.0348786491456398E-006
  0.96666666666666667       0.86666666666666670        9.3369289392097310E-007
  0.96666666666666667       0.90000000000000002        4.1891123802351657E-007
  0.96666666666666667       0.93333333333333335        1.9062778483388722E-007
  0.96666666666666667       0.96666666666666667        1.0505470348494318E-007
  0.96666666666666667        1.0000000000000000        1.0505470348494318E-007

   1.0000000000000000        0.0000000000000000        1.2246467991473532E-016
   1.0000000000000000        3.3333333333333333E-002   0.0000000000000000     
   1.0000000000000000        6.6666666666666666E-002   0.0000000000000000     
   1.0000000000000000       0.10000000000000001        0.0000000000000000     
   1.0000000000000000       0.13333333333333333        0.0000000000000000     
   1.0000000000000000       0.16666666666666666        0.0000000000000000     
   1.0000000000000000       0.20000000000000001        0.0000000000000000     
   1.0000000000000000       0.23333333333333334        0.0000000000000000     
   1.0000000000000000       0.26666666666666666        0.0000000000000000     
   1.0000000000000000       0.29999999999999999        0.0000000000000000     
   1.0000000000000000       0.33333333333333331        0.0000000000000000     
   1.0000000000000000       0.36666666666666664        0.0000000000000000     
   1.0000000000000000       0.40000000000000002        0.0000000000000000     
   1.0000000000000000       0.43333333333333335        0.0000000000000000     
   1.0000000000000000       0.46666666666666667        0.0000000000000000     
   1.0000000000000000       0.50000000000000000        0.0000000000000000     
   1.0000000000000000       0.53333333333333333        0.0000000000000000     
   1.0000000000000000       0.56666666666666665        0.0000000000000000     
   1.0000000000000000       0.59999999999999998        0.0000000000000000     
   1.0000000000000000       0.63333333333333330        0.0000000000000000     
   1.0000000000000000       0.66666666666666663        0.0000000000000000     
   1.0000000000000000       0.69999999999999996        0.0000000000000000     
   1.0000000000000000       0.73333333333333328        0.0000000000000000     
   1.0000000000000000       0.76666666666666661        0.0000000000000000     
   1.0000000000000000       0.80000000000000004        0.0000000000000000     
   1.0000000000000000       0.83333333333333337        0.0000000000000000     
   1.0000000000000000       0.86666666666666670        0.0000000000000000     
   1.0000000000000000       0.90000000000000002        0.0000000000000000     
   1.0000000000000000       0.93333333333333335        0.0000000000000000     
   1.0000000000000000       0.96666666666666667        0.0000000000000000     
   1.0000000000000000        1.0000000000000000        0.0000000000000000     

