   0.0000000000000000        0.0000000000000000        0.0000000000000000     
   0.0000000000000000        3.3333333333333333E-002   0.0000000000000000     
   0.0000000000000000        6.6666666666666666E-002   0.0000000000000000     
   0.0000000000000000       0.10000000000000001        0.0000000000000000     
   0.0000000000000000       0.13333333333333333        0.0000000000000000     
   0.0000000000000000       0.16666666666666666        0.0000000000000000     
   0.0000000000000000       0.20000000000000001        0.0000000000000000     
   0.0000000000000000       0.23333333333333334        0.0000000000000000     
   0.0000000000000000       0.26666666666666666        0.0000000000000000     
   0.0000000000000000       0.29999999999999999        0.0000000000000000     
   0.0000000000000000       0.33333333333333331        0.0000000000000000     
   0.0000000000000000       0.36666666666666664        0.0000000000000000     
   0.0000000000000000       0.40000000000000002        0.0000000000000000     
   0.0000000000000000       0.43333333333333335        0.0000000000000000     
   0.0000000000000000       0.46666666666666667        0.0000000000000000     
   0.0000000000000000       0.50000000000000000        0.0000000000000000     
   0.0000000000000000       0.53333333333333333        0.0000000000000000     
   0.0000000000000000       0.56666666666666665        0.0000000000000000     
   0.0000000000000000       0.59999999999999998        0.0000000000000000     
   0.0000000000000000       0.63333333333333330        0.0000000000000000     
   0.0000000000000000       0.66666666666666663        0.0000000000000000     
   0.0000000000000000       0.69999999999999996        0.0000000000000000     
   0.0000000000000000       0.73333333333333328        0.0000000000000000     
   0.0000000000000000       0.76666666666666661        0.0000000000000000     
   0.0000000000000000       0.80000000000000004        0.0000000000000000     
   0.0000000000000000       0.83333333333333337        0.0000000000000000     
   0.0000000000000000       0.86666666666666670        0.0000000000000000     
   0.0000000000000000       0.90000000000000002        0.0000000000000000     
   0.0000000000000000       0.93333333333333335        0.0000000000000000     
   0.0000000000000000       0.96666666666666667        0.0000000000000000     
   0.0000000000000000        1.0000000000000000        0.0000000000000000     

   3.3333333333333333E-002   0.0000000000000000       0.10452846326765346     
   3.3333333333333333E-002   3.3333333333333333E-002   8.9723151393633335E-002
   3.3333333333333333E-002   6.6666666666666666E-002   7.6113879222753061E-002
   3.3333333333333333E-002  0.10000000000000001        6.3750674214477082E-002
   3.3333333333333333E-002  0.13333333333333333        5.2670947685134334E-002
   3.3333333333333333E-002  0.16666666666666666        4.2890280065369095E-002
   3.3333333333333333E-002  0.20000000000000001        3.4396597352536959E-002
   3.3333333333333333E-002  0.23333333333333334        2.7148033760986904E-002
   3.3333333333333333E-002  0.26666666666666666        2.1074292541646916E-002
   3.3333333333333333E-002  0.29999999999999999        1.6080903703128136E-002
   3.3333333333333333E-002  0.33333333333333331        1.2055495156324638E-002
   3.3333333333333333E-002  0.36666666666666664        8.8750732013119695E-003
   3.3333333333333333E-002  0.40000000000000002        6.4133466972684221E-003
   3.3333333333333333E-002  0.43333333333333335        4.5472960117909954E-003
   3.3333333333333333E-002  0.46666666666666667        3.1624345200289583E-003
   3.3333333333333333E-002  0.50000000000000000        2.1564833550670711E-003
   3.3333333333333333E-002  0.53333333333333333        1.4414317234676102E-003
   3.3333333333333333E-002  0.56666666666666665        9.4415171841316680E-004
   3.3333333333333333E-002  0.59999999999999998        6.0586166502420093E-004
   3.3333333333333333E-002  0.63333333333333330        3.8078522634254011E-004
   3.3333333333333333E-002  0.66666666666666663        2.3434647284058623E-004
   3.3333333333333333E-002  0.69999999999999996        1.4119222516116873E-004
   3.3333333333333333E-002  0.73333333333333328        8.3261998718225743E-005
   3.3333333333333333E-002  0.76666666666666661        4.8050039450032219E-005
   3.3333333333333333E-002  0.80000000000000004        2.7135674316327108E-005
   3.3333333333333333E-002  0.83333333333333337        1.5004555070152375E-005
   3.3333333333333333E-002  0.86666666666666670        8.1466619615956317E-006
   3.3333333333333333E-002  0.90000000000000002        4.3960627492395363E-006
   3.3333333333333333E-002  0.93333333333333335        2.4693874837513369E-006
   3.3333333333333333E-002  0.96666666666666667        1.6611574066756294E-006
   3.3333333333333333E-002   1.0000000000000000        1.6611574066756294E-006

   6.6666666666666666E-002   0.0000000000000000       0.20791169081775931     
   6.6666666666666666E-002   3.3333333333333333E-002  0.17846327716482152     
   6.6666666666666666E-002   6.6666666666666666E-002  0.15139383885688840     
   6.6666666666666666E-002  0.10000000000000001       0.12680288270157411     
   6.6666666666666666E-002  0.13333333333333333       0.10476482144532594     
   6.6666666666666666E-002  0.16666666666666666        8.5310645246973876E-002
   6.6666666666666666E-002  0.20000000000000001        6.8416338386528774E-002
   6.6666666666666666E-002  0.23333333333333334        5.3998627982997136E-002
   6.6666666666666666E-002  0.26666666666666666        4.1917690724128313E-002
   6.6666666666666666E-002  0.29999999999999999        3.1985621660139359E-002
   6.6666666666666666E-002  0.33333333333333331        2.3978907784942036E-002
   6.6666666666666666E-002  0.36666666666666664        1.7652909243401897E-002
   6.6666666666666666E-002  0.40000000000000002        1.2756427426042497E-002
   6.6666666666666666E-002  0.43333333333333335        9.0447708968939416E-003
   6.6666666666666666E-002  0.46666666666666667        6.2902207456745109E-003
   6.6666666666666666E-002  0.50000000000000000        4.2893398272228732E-003
   6.6666666666666666E-002  0.53333333333333333        2.8670708193339290E-003
   6.6666666666666666E-002  0.56666666666666665        1.8779591130229497E-003
   6.6666666666666666E-002  0.59999999999999998        1.2050853828616925E-003
   6.6666666666666666E-002  0.63333333333333330        7.5739849006083984E-004
   6.6666666666666666E-002  0.66666666666666663        4.6612539668457892E-004
   6.6666666666666666E-002  0.69999999999999996        2.8083751875709905E-004
   6.6666666666666666E-002  0.73333333333333328        1.6561176155480123E-004
   6.6666666666666666E-002  0.76666666666666661        9.5573632612732680E-005
   6.6666666666666666E-002  0.80000000000000004        5.3974044506339622E-005
   6.6666666666666666E-002  0.83333333333333337        2.9844717095051150E-005
   6.6666666666666666E-002  0.86666666666666670        1.6204067389941405E-005
   6.6666666666666666E-002  0.90000000000000002        8.7439613150631336E-006
   6.6666666666666666E-002  0.93333333333333335        4.9117198414781418E-006
   6.6666666666666666E-002  0.96666666666666667        3.3041148251841853E-006
   6.6666666666666666E-002   1.0000000000000000        3.3041148251841853E-006

  0.10000000000000001        0.0000000000000000       0.30901699437494740     
  0.10000000000000001        3.3333333333333333E-002  0.26524812192555020     
  0.10000000000000001        6.6666666666666666E-002  0.22501509591131019     
  0.10000000000000001       0.10000000000000001       0.18846581227058357     
  0.10000000000000001       0.13333333333333333       0.15571086989831420     
  0.10000000000000001       0.16666666666666666       0.12679632914685260     
  0.10000000000000001       0.20000000000000001       0.10168649570011855     
  0.10000000000000001       0.23333333333333334        8.0257601936886289E-002
  0.10000000000000001       0.26666666666666666        6.2301829915195443E-002
  0.10000000000000001       0.29999999999999999        4.7539898452820452E-002
  0.10000000000000001       0.33333333333333331        3.5639602481958556E-002
  0.10000000000000001       0.36666666666666664        2.6237336317712367E-002
  0.10000000000000001       0.40000000000000002        1.8959746066482791E-002
  0.10000000000000001       0.43333333333333335        1.3443149379310527E-002
  0.10000000000000001       0.46666666666666667        9.3490899965171393E-003
  0.10000000000000001       0.50000000000000000        6.3752013946295578E-003
  0.10000000000000001       0.53333333333333333        4.2612976873304849E-003
  0.10000000000000001       0.56666666666666665        2.7911911946022442E-003
  0.10000000000000001       0.59999999999999998        1.7911059330642225E-003
  0.10000000000000001       0.63333333333333330        1.1257135374262094E-003
  0.10000000000000001       0.66666666666666663        6.9279735313948509E-004
  0.10000000000000001       0.69999999999999996        4.1740589772849764E-004
  0.10000000000000001       0.73333333333333328        2.4614704727529322E-004
  0.10000000000000001       0.76666666666666661        1.4205010105645965E-004
  0.10000000000000001       0.80000000000000004        8.0221063769945721E-005
  0.10000000000000001       0.83333333333333337        4.4357894154047986E-005
  0.10000000000000001       0.86666666666666670        2.4083937665043883E-005
  0.10000000000000001       0.90000000000000002        1.2996059210927357E-005
  0.10000000000000001       0.93333333333333335        7.3002383687782558E-006
  0.10000000000000001       0.96666666666666667        4.9108716702375451E-006
  0.10000000000000001        1.0000000000000000        4.9108716702375451E-006

  0.13333333333333333        0.0000000000000000       0.40673664307580015     
  0.13333333333333333        3.3333333333333333E-002  0.34912685275572464     
  0.13333333333333333        6.6666666666666666E-002  0.29617104048749154     
  0.13333333333333333       0.10000000000000001       0.24806387096134980     
  0.13333333333333333       0.13333333333333333       0.20495091747610222     
  0.13333333333333333       0.16666666666666666       0.16689280593076070     
  0.13333333333333333       0.20000000000000001       0.13384255448755059     
  0.13333333333333333       0.23333333333333334       0.10563725680897197     
  0.13333333333333333       0.26666666666666666        8.2003377220215626E-002
  0.13333333333333333       0.29999999999999999        6.2573318169689127E-002
  0.13333333333333333       0.33333333333333331        4.6909822236116450E-002
  0.13333333333333333       0.36666666666666664        3.4534301644810368E-002
  0.13333333333333333       0.40000000000000002        2.4955337761436769E-002
  0.13333333333333333       0.43333333333333335        1.7694241903967522E-002
  0.13333333333333333       0.46666666666666667        1.2305528660935067E-002
  0.13333333333333333       0.50000000000000000        8.3912149214600221E-003
  0.13333333333333333       0.53333333333333333        5.6088368861307789E-003
  0.13333333333333333       0.56666666666666665        3.6738424013591686E-003
  0.13333333333333333       0.59999999999999998        2.3575027518510879E-003
  0.13333333333333333       0.63333333333333330        1.4816950317048353E-003
  0.13333333333333333       0.66666666666666663        9.1187887681622843E-004
  0.13333333333333333       0.69999999999999996        5.4940109033658319E-004
  0.13333333333333333       0.73333333333333328        3.2398549443625588E-004
  0.13333333333333333       0.76666666666666661        1.8697023886711734E-004
  0.13333333333333333       0.80000000000000004        1.0558916427155148E-004
  0.13333333333333333       0.83333333333333337        5.8385076842206952E-005
  0.13333333333333333       0.86666666666666670        3.1699939279200170E-005
  0.13333333333333333       0.90000000000000002        1.7105769562476433E-005
  0.13333333333333333       0.93333333333333335        9.6087739568369450E-006
  0.13333333333333333       0.96666666666666667        6.4638239776058173E-006
  0.13333333333333333        1.0000000000000000        6.4638239776058173E-006

  0.16666666666666666        0.0000000000000000       0.49999999999999994     
  0.16666666666666666        3.3333333333333333E-002  0.42918047672761650     
  0.16666666666666666        6.6666666666666666E-002  0.36408207316631735     
  0.16666666666666666       0.10000000000000001       0.30494408997116118     
  0.16666666666666666       0.13333333333333333       0.25194547991328531     
  0.16666666666666666       0.16666666666666666       0.20516077020832646     
  0.16666666666666666       0.20000000000000001       0.16453220623966186     
  0.16666666666666666       0.23333333333333334       0.12985952778944140     
  0.16666666666666666       0.26666666666666666       0.10080647836410121     
  0.16666666666666666       0.29999999999999999        7.6921171518382028E-002
  0.16666666666666666       0.33333333333333331        5.7666088161344047E-002
  0.16666666666666666       0.36666666666666664        4.2452901936320613E-002
  0.16666666666666666       0.40000000000000002        3.0677513553636279E-002
  0.16666666666666666       0.43333333333333335        2.1751472611566482E-002
  0.16666666666666666       0.46666666666666667        1.5127145378246366E-002
  0.16666666666666666       0.50000000000000000        1.0315292541636356E-002
  0.16666666666666666       0.53333333333333333        6.8949244942820478E-003
  0.16666666666666666       0.56666666666666665        4.5162422219658530E-003
  0.16666666666666666       0.59999999999999998        2.8980702771495060E-003
  0.16666666666666666       0.63333333333333330        1.8214427651514836E-003
  0.16666666666666666       0.66666666666666663        1.1209696646956506E-003
  0.16666666666666666       0.69999999999999996        6.7537692962937163E-004
  0.16666666666666666       0.73333333333333328        3.9827428872185155E-004
  0.16666666666666666       0.76666666666666661        2.2984189161470904E-004
  0.16666666666666666       0.80000000000000004        1.2980040779344496E-004
  0.16666666666666666       0.83333333333333337        7.1772580410619906E-005
  0.16666666666666666       0.86666666666666670        3.8968629724974779E-005
  0.16666666666666666       0.90000000000000002        2.1028065523086603E-005
  0.16666666666666666       0.93333333333333335        1.1812033806659306E-005
  0.16666666666666666       0.96666666666666667        7.9459572768333138E-006
  0.16666666666666666        1.0000000000000000        7.9459572768333138E-006

  0.20000000000000001        0.0000000000000000       0.58778525229247314     
  0.20000000000000001        3.3333333333333333E-002  0.50453190958469185     
  0.20000000000000001        6.6666666666666666E-002  0.42800414646246104     
  0.20000000000000001       0.10000000000000001       0.35848327771759525     
  0.20000000000000001       0.13333333333333333       0.29617967494955721     
  0.20000000000000001       0.16666666666666666       0.24118095015483856     
  0.20000000000000001       0.20000000000000001       0.19341920870963375     
  0.20000000000000001       0.23333333333333334       0.15265903060859648     
  0.20000000000000001       0.26666666666666666       0.11850512263591793     
  0.20000000000000001       0.29999999999999999        9.0426260415129564E-002
  0.20000000000000001       0.33333333333333331        6.7790552357271217E-002
  0.20000000000000001       0.36666666666666664        4.9906379350375667E-002
  0.20000000000000001       0.40000000000000002        3.6063580087659731E-002
  0.20000000000000001       0.43333333333333335        2.5570389633444851E-002
  0.20000000000000001       0.46666666666666667        1.7783025925234917E-002
  0.20000000000000001       0.50000000000000000        1.2126353658112782E-002
  0.20000000000000001       0.53333333333333333        8.1054698668182497E-003
  0.20000000000000001       0.56666666666666665        5.3091611477042366E-003
  0.20000000000000001       0.59999999999999998        3.4068859380312795E-003
  0.20000000000000001       0.63333333333333330        2.1412343905017291E-003
  0.20000000000000001       0.66666666666666663        1.3177788743506838E-003
  0.20000000000000001       0.69999999999999996        7.9395319794943226E-004
  0.20000000000000001       0.73333333333333328        4.6819950655595753E-004
  0.20000000000000001       0.76666666666666661        2.7019534850026200E-004
  0.20000000000000001       0.80000000000000004        1.5258953088507189E-004
  0.20000000000000001       0.83333333333333337        8.4373728568676079E-005
  0.20000000000000001       0.86666666666666670        4.5810371708772544E-005
  0.20000000000000001       0.90000000000000002        2.4719973597420232E-005
  0.20000000000000001       0.93333333333333335        1.3885878542268928E-005
  0.20000000000000001       0.96666666666666667        9.3410330053373641E-006
  0.20000000000000001        1.0000000000000000        9.3410330053373641E-006

  0.23333333333333334        0.0000000000000000       0.66913060635885824     
  0.23333333333333334        3.3333333333333333E-002  0.57435558526026775     
  0.23333333333333334        6.6666666666666666E-002  0.48723691676433623     
  0.23333333333333334       0.10000000000000001       0.40809484765590659     
  0.23333333333333334       0.13333333333333333       0.33716886348750025     
  0.23333333333333334       0.16666666666666666       0.27455870114109571     
  0.23333333333333334       0.20000000000000001       0.22018706985341130     
  0.23333333333333334       0.23333333333333334       0.17378596914244784     
  0.23333333333333334       0.26666666666666666       0.13490539998534434     
  0.23333333333333334       0.29999999999999999       0.10294062027985740     
  0.23333333333333334       0.33333333333333331        7.7172289075487038E-002
  0.23333333333333334       0.36666666666666664        5.6813072028686712E-002
  0.23333333333333334       0.40000000000000002        4.1054526491453476E-002
  0.23333333333333334       0.43333333333333335        2.9109152115551158E-002
  0.23333333333333334       0.46666666666666667        2.0244071918849176E-002
  0.23333333333333334       0.50000000000000000        1.3804555906308285E-002
  0.23333333333333334       0.53333333333333333        9.2272100153149798E-003
  0.23333333333333334       0.56666666666666665        6.0439117928949761E-003
  0.23333333333333334       0.59999999999999998        3.8783750436392666E-003
  0.23333333333333334       0.63333333333333330        2.4375662037875345E-003
  0.23333333333333334       0.66666666666666663        1.5001502228953732E-003
  0.23333333333333334       0.69999999999999996        9.0383074888737073E-004
  0.23333333333333334       0.73333333333333328        5.3299503261919096E-004
  0.23333333333333334       0.76666666666666661        3.0758848860563444E-004
  0.23333333333333334       0.80000000000000004        1.7370685114490979E-004
  0.23333333333333334       0.83333333333333337        9.6050460500196003E-005
  0.23333333333333334       0.86666666666666670        5.2150205673692406E-005
  0.23333333333333334       0.90000000000000002        2.8141044468033480E-005
  0.23333333333333334       0.93333333333333335        1.5807586686762549E-005
  0.23333333333333334       0.96666666666666667        1.0633766421498116E-005
  0.23333333333333334        1.0000000000000000        1.0633766421498116E-005

  0.26666666666666666        0.0000000000000000       0.74314482547739413     
  0.26666666666666666        3.3333333333333333E-002  0.63788650095209887     
  0.26666666666666666        6.6666666666666666E-002  0.54113141744526150     
  0.26666666666666666       0.10000000000000001       0.45323524504396279     
  0.26666666666666666       0.13333333333333333       0.37446395939995347     
  0.26666666666666666       0.16666666666666666       0.30492832954254917     
  0.26666666666666666       0.20000000000000001       0.24454251538276831     
  0.26666666666666666       0.23333333333333334       0.19300887223132251     
  0.26666666666666666       0.26666666666666666       0.14982762554176141     
  0.26666666666666666       0.29999999999999999       0.11432714116708945     
  0.26666666666666666       0.33333333333333331        8.5708510045252109E-002
  0.26666666666666666       0.36666666666666664        6.3097308800951823E-002
  0.26666666666666666       0.40000000000000002        4.5595670911794860E-002
  0.26666666666666666       0.43333333333333335        3.2328988635597786E-002
  0.26666666666666666       0.46666666666666667        2.2483319624176133E-002
  0.26666666666666666       0.50000000000000000        1.5331512551205231E-002
  0.26666666666666666       0.53333333333333333        1.0247854919966085E-002
  0.26666666666666666       0.56666666666666665        6.7124440757129061E-003
  0.26666666666666666       0.59999999999999998        4.3073718606669855E-003
  0.26666666666666666       0.63333333333333330        2.7071915316511232E-003
  0.26666666666666666       0.66666666666666663        1.6660856116714044E-003
  0.26666666666666666       0.69999999999999996        1.0038057410017556E-003
  0.26666666666666666       0.73333333333333328        5.9195095356866733E-004
  0.26666666666666666       0.76666666666666661        3.4161162486281423E-004
  0.26666666666666666       0.80000000000000004        1.9292100279310850E-004
  0.26666666666666666       0.83333333333333337        1.0667484348662475E-004
  0.26666666666666666       0.86666666666666670        5.7918671072119162E-005
  0.26666666666666666       0.90000000000000002        3.1253796166562806E-005
  0.26666666666666666       0.93333333333333335        1.7556103603565826E-005
  0.26666666666666666       0.96666666666666667        1.1809994067486250E-005
  0.26666666666666666        1.0000000000000000        1.1809994067486250E-005

  0.29999999999999999        0.0000000000000000       0.80901699437494745     
  0.29999999999999999        3.3333333333333333E-002  0.69442859865316686     
  0.29999999999999999        6.6666666666666666E-002  0.58909716907762755     
  0.29999999999999999       0.10000000000000001       0.49340990224174486     
  0.29999999999999999       0.13333333333333333       0.40765634981159948     
  0.29999999999999999       0.16666666666666666       0.33195709935517909     
  0.29999999999999999       0.20000000000000001       0.26621870193978048     
  0.29999999999999999       0.23333333333333334       0.21011712972632771     
  0.29999999999999999       0.26666666666666666       0.16310830827929668     
  0.29999999999999999       0.29999999999999999       0.12446106997120249     
  0.29999999999999999       0.33333333333333331        9.3305690643302616E-002
  0.29999999999999999       0.36666666666666664        6.8690238254032990E-002
  0.29999999999999999       0.40000000000000002        4.9637259620119070E-002
  0.29999999999999999       0.43333333333333335        3.5194621990877008E-002
  0.29999999999999999       0.46666666666666667        2.4476235374763504E-002
  0.29999999999999999       0.50000000000000000        1.6690493936265916E-002
  0.29999999999999999       0.53333333333333333        1.1156222181612531E-002
  0.29999999999999999       0.56666666666666665        7.3074334165680963E-003
  0.29999999999999999       0.59999999999999998        4.6891762102137290E-003
  0.29999999999999999       0.63333333333333330        2.9471563025776923E-003
  0.29999999999999999       0.66666666666666663        1.8137670178351355E-003
  0.29999999999999999       0.69999999999999996        1.0927828273578691E-003
  0.29999999999999999       0.73333333333333328        6.4442133599714477E-004
  0.29999999999999999       0.76666666666666661        3.7189199267116869E-004
  0.29999999999999999       0.80000000000000004        2.1002147156339067E-004
  0.29999999999999999       0.83333333333333337        1.1613047456466788E-004
  0.29999999999999999       0.86666666666666670        6.3052567390018655E-005
  0.29999999999999999       0.90000000000000002        3.4024124734013962E-005
  0.29999999999999999       0.93333333333333335        1.9112272175437566E-005
  0.29999999999999999       0.96666666666666667        1.2856828947070861E-005
  0.29999999999999999        1.0000000000000000        1.2856828947070861E-005

  0.33333333333333331        0.0000000000000000       0.86602540378443860     
  0.33333333333333331        3.3333333333333333E-002  0.74336239130886395     
  0.33333333333333331        6.6666666666666666E-002  0.63060864884907109     
  0.33333333333333331       0.10000000000000001       0.52817865729790614     
  0.33333333333333331       0.13333333333333333       0.43638237194713414     
  0.33333333333333331       0.16666666666666666       0.35534887772078477     
  0.33333333333333331       0.20000000000000001       0.28497814068849542     
  0.33333333333333331       0.23333333333333334       0.22492329997821506     
  0.33333333333333331       0.26666666666666666       0.17460194225871606     
  0.33333333333333331       0.29999999999999999       0.13323137724755774     
  0.33333333333333331       0.33333333333333331        9.9880594569194042E-002
  0.33333333333333331       0.36666666666666664        7.3530583082446491E-002
  0.33333333333333331       0.40000000000000002        5.3135012124780903E-002
  0.33333333333333331       0.43333333333333335        3.7674655702676051E-002
  0.33333333333333331       0.46666666666666667        2.6200984368603429E-002
  0.33333333333333331       0.50000000000000000        1.7866610777050467E-002
  0.33333333333333331       0.53333333333333333        1.1942359538447652E-002
  0.33333333333333331       0.56666666666666665        7.8223609877326166E-003
  0.33333333333333331       0.59999999999999998        5.0196049639281617E-003
  0.33333333333333331       0.63333333333333330        3.1548314123211155E-003
  0.33333333333333331       0.66666666666666663        1.9415764129963146E-003
  0.33333333333333331       0.69999999999999996        1.1697871563779421E-003
  0.33333333333333331       0.73333333333333328        6.8983130341460314E-004
  0.33333333333333331       0.76666666666666661        3.9809783398441520E-004
  0.33333333333333331       0.80000000000000004        2.2482090114140594E-004
  0.33333333333333331       0.83333333333333337        1.2431375586151639E-004
  0.33333333333333331       0.86666666666666670        6.7495646584995130E-005
  0.33333333333333331       0.90000000000000002        3.6421677870873409E-005
  0.33333333333333331       0.93333333333333335        2.0459042693855133E-005
  0.33333333333333331       0.96666666666666667        1.3762801718246938E-005
  0.33333333333333331        1.0000000000000000        1.3762801718246938E-005

  0.36666666666666664        0.0000000000000000       0.91354545764260087     
  0.36666666666666664        3.3333333333333333E-002  0.78415175004680016     
  0.36666666666666664        6.6666666666666666E-002  0.66521104830038058     
  0.36666666666666664       0.10000000000000001       0.55716057645622186     
  0.36666666666666664       0.13333333333333333       0.46032729749673384     
  0.36666666666666664       0.16666666666666666       0.37484737942054824     
  0.36666666666666664       0.20000000000000001       0.30061529929231739     
  0.36666666666666664       0.23333333333333334       0.23726516348731461     
  0.36666666666666664       0.26666666666666666       0.18418260082094359     
  0.36666666666666664       0.29999999999999999       0.14054197367433061     
  0.36666666666666664       0.33333333333333331       0.10536118579962725     
  0.36666666666666664       0.36666666666666664        7.7565311455344954E-002
  0.36666666666666664       0.40000000000000002        5.6050606317387501E-002
  0.36666666666666664       0.43333333333333335        3.9741918002668006E-002
  0.36666666666666664       0.46666666666666667        2.7638669894792460E-002
  0.36666666666666664       0.50000000000000000        1.8846977291332986E-002
  0.36666666666666664       0.53333333333333333        1.2597653905080141E-002
  0.36666666666666664       0.56666666666666665        8.2515851349812645E-003
  0.36666666666666664       0.59999999999999998        5.2950378752379288E-003
  0.36666666666666664       0.63333333333333330        3.3279415289202323E-003
  0.36666666666666664       0.66666666666666663        2.0481134906757217E-003
  0.36666666666666664       0.69999999999999996        1.2339750525190382E-003
  0.36666666666666664       0.73333333333333328        7.2768333471537046E-004
  0.36666666666666664       0.76666666666666661        4.1994203212120091E-004
  0.36666666666666664       0.80000000000000004        2.3715714587971780E-004
  0.36666666666666664       0.83333333333333337        1.3113502963482026E-004
  0.36666666666666664       0.86666666666666670        7.1199229351614300E-005
  0.36666666666666664       0.90000000000000002        3.8420187483253499E-005
  0.36666666666666664       0.93333333333333335        2.1581659659188898E-005
  0.36666666666666664       0.96666666666666667        1.4517986353746491E-005
  0.36666666666666664        1.0000000000000000        1.4517986353746491E-005

  0.40000000000000002        0.0000000000000000       0.95105651629515353     
  0.40000000000000002        3.3333333333333333E-002  0.81634977811692033     
  0.40000000000000002        6.6666666666666666E-002  0.69252525630215001     
  0.40000000000000002       0.10000000000000001       0.58003812774553698     
  0.40000000000000002       0.13333333333333333       0.47922878084527948     
  0.40000000000000002       0.16666666666666666       0.39023897478952302     
  0.40000000000000002       0.20000000000000001       0.31295885376929716     
  0.40000000000000002       0.23333333333333334       0.24700750021431969     
  0.40000000000000002       0.26666666666666666       0.19174531626588975     
  0.40000000000000002       0.29999999999999999       0.14631276282722880     
  0.40000000000000002       0.33333333333333331       0.10968741783019414     
  0.40000000000000002       0.36666666666666664        8.0750218044353728E-002
  0.40000000000000002       0.40000000000000002        5.8352098337837360E-002
  0.40000000000000002       0.43333333333333335        4.1373759532491734E-002
  0.40000000000000002       0.46666666666666667        2.8773540369850643E-002
  0.40000000000000002       0.50000000000000000        1.9620852378428106E-002
  0.40000000000000002       0.53333333333333333        1.3114925739300015E-002
  0.40000000000000002       0.56666666666666665        8.5904031887358567E-003
  0.40000000000000002       0.59999999999999998        5.5124572435286791E-003
  0.40000000000000002       0.63333333333333330        3.4645900217119630E-003
  0.40000000000000002       0.66666666666666663        2.1322110083559836E-003
  0.40000000000000002       0.69999999999999996        1.2846432597588546E-003
  0.40000000000000002       0.73333333333333328        7.5756271512346862E-004
  0.40000000000000002       0.76666666666666661        4.3718525747554689E-004
  0.40000000000000002       0.80000000000000004        2.4689504729944812E-004
  0.40000000000000002       0.83333333333333337        1.3651956058167590E-004
  0.40000000000000002       0.86666666666666670        7.4122738462060564E-005
  0.40000000000000002       0.90000000000000002        3.9997757481625943E-005
  0.40000000000000002       0.93333333333333335        2.2467823445043967E-005
  0.40000000000000002       0.96666666666666667        1.5114108892670434E-005
  0.40000000000000002        1.0000000000000000        1.5114108892670434E-005

  0.43333333333333335        0.0000000000000000       0.97814760073380569     
  0.43333333333333335        3.3333333333333333E-002  0.83960370718581812     
  0.43333333333333335        6.6666666666666666E-002  0.71225201267564642     
  0.43333333333333335       0.10000000000000001       0.59656065992649021     
  0.43333333333333335       0.13333333333333333       0.49287973338581448     
  0.43333333333333335       0.16666666666666666       0.40135503028794839     
  0.43333333333333335       0.20000000000000001       0.32187356555352992     
  0.43333333333333335       0.23333333333333334       0.25404357107933412     
  0.43333333333333335       0.26666666666666666       0.19720722990053982     
  0.43333333333333335       0.29999999999999999       0.15048051873267787     
  0.43333333333333335       0.33333333333333331       0.11281189155744559     
  0.43333333333333335       0.36666666666666664        8.3050408346399096E-002
  0.43333333333333335       0.40000000000000002        6.0014272557936260E-002
  0.43333333333333335       0.43333333333333335        4.2552301494861680E-002
  0.43333333333333335       0.46666666666666667        2.9593161915366314E-002
  0.43333333333333335       0.50000000000000000        2.0179757300937844E-002
  0.43333333333333335       0.53333333333333333        1.3488507702645463E-002
  0.43333333333333335       0.56666666666666665        8.8351029874972203E-003
  0.43333333333333335       0.59999999999999998        5.6694809767034891E-003
  0.43333333333333335       0.63333333333333330        3.5632797412137444E-003
  0.43333333333333335       0.66666666666666663        2.1929475760348580E-003
  0.43333333333333335       0.69999999999999996        1.3212366466158686E-003
  0.43333333333333335       0.73333333333333328        7.7914207989448418E-004
  0.43333333333333335       0.76666666666666661        4.4963858966209409E-004
  0.43333333333333335       0.80000000000000004        2.5392791491485550E-004
  0.43333333333333335       0.83333333333333337        1.4040835465424400E-004
  0.43333333333333335       0.86666666666666670        7.6234143338736282E-005
  0.43333333333333335       0.90000000000000002        4.1137103678960839E-005
  0.43333333333333335       0.93333333333333335        2.3107825055540802E-005
  0.43333333333333335       0.96666666666666667        1.5544638091735661E-005
  0.43333333333333335        1.0000000000000000        1.5544638091735661E-005

  0.46666666666666667        0.0000000000000000       0.99452189536827329     
  0.46666666666666667        3.3333333333333333E-002  0.85365876234041660     
  0.46666666666666667        6.6666666666666666E-002  0.72417518694995264     
  0.46666666666666667       0.10000000000000001       0.60654714867894521     
  0.46666666666666667       0.13333333333333333       0.50113059242565949     
  0.46666666666666667       0.16666666666666666       0.40807375608559926     
  0.46666666666666667       0.20000000000000001       0.32726176319718436     
  0.46666666666666667       0.23333333333333334       0.25829628741756844     
  0.46666666666666667       0.26666666666666666       0.20050849985613359     
  0.46666666666666667       0.29999999999999999       0.15299957858481866     
  0.46666666666666667       0.33333333333333331       0.11470037459338768     
  0.46666666666666667       0.36666666666666664        8.4440680995186035E-002
  0.46666666666666667       0.40000000000000002        6.1018917849096493E-002
  0.46666666666666667       0.43333333333333335        4.3264631537412369E-002
  0.46666666666666667       0.46666666666666667        3.0088554586169984E-002
  0.46666666666666667       0.50000000000000000        2.0517568579572806E-002
  0.46666666666666667       0.53333333333333333        1.3714306752949030E-002
  0.46666666666666667       0.56666666666666665        8.9830035490634057E-003
  0.46666666666666667       0.59999999999999998        5.7643886898823679E-003
  0.46666666666666667       0.63333333333333330        3.6229294222065644E-003
  0.46666666666666667       0.66666666666666663        2.2296577511669124E-003
  0.46666666666666667       0.69999999999999996        1.3433542882860154E-003
  0.46666666666666667       0.73333333333333328        7.9218500099221352E-004
  0.46666666666666667       0.76666666666666661        4.5716558736737939E-004
  0.46666666666666667       0.80000000000000004        2.5817869515662337E-004
  0.46666666666666667       0.83333333333333337        1.4275880541088302E-004
  0.46666666666666667       0.86666666666666670        7.7510310987972714E-005
  0.46666666666666667       0.90000000000000002        4.1825743159896665E-005
  0.46666666666666667       0.93333333333333335        2.3494652499105869E-005
  0.46666666666666667       0.96666666666666667        1.5804856982943180E-005
  0.46666666666666667        1.0000000000000000        1.5804856982943180E-005

  0.50000000000000000        0.0000000000000000        1.0000000000000000     
  0.50000000000000000        3.3333333333333333E-002  0.85836095345523300     
  0.50000000000000000        6.6666666666666666E-002  0.72816414633263471     
  0.50000000000000000       0.10000000000000001       0.60988817994232247     
  0.50000000000000000       0.13333333333333333       0.50389095982657062     
  0.50000000000000000       0.16666666666666666       0.41032154041665297     
  0.50000000000000000       0.20000000000000001       0.32906441247932372     
  0.50000000000000000       0.23333333333333334       0.25971905557888281     
  0.50000000000000000       0.26666666666666666       0.20161295672820242     
  0.50000000000000000       0.29999999999999999       0.15384234303676408     
  0.50000000000000000       0.33333333333333331       0.11533217632268811     
  0.50000000000000000       0.36666666666666664        8.4905803872641239E-002
  0.50000000000000000       0.40000000000000002        6.1355027107272565E-002
  0.50000000000000000       0.43333333333333335        4.3502945223132965E-002
  0.50000000000000000       0.46666666666666667        3.0254290756492729E-002
  0.50000000000000000       0.50000000000000000        2.0630585083272715E-002
  0.50000000000000000       0.53333333333333333        1.3789848988564092E-002
  0.50000000000000000       0.56666666666666665        9.0324844439317060E-003
  0.50000000000000000       0.59999999999999998        5.7961405542990120E-003
  0.50000000000000000       0.63333333333333330        3.6428855303029671E-003
  0.50000000000000000       0.66666666666666663        2.2419393293913012E-003
  0.50000000000000000       0.69999999999999996        1.3507538592587437E-003
  0.50000000000000000       0.73333333333333328        7.9654857744370310E-004
  0.50000000000000000       0.76666666666666661        4.5968378322941813E-004
  0.50000000000000000       0.80000000000000004        2.5960081558688993E-004
  0.50000000000000000       0.83333333333333337        1.4354516082123981E-004
  0.50000000000000000       0.86666666666666670        7.7937259449949571E-005
  0.50000000000000000       0.90000000000000002        4.2056131046173206E-005
  0.50000000000000000       0.93333333333333335        2.3624067613318616E-005
  0.50000000000000000       0.96666666666666667        1.5891914553666628E-005
  0.50000000000000000        1.0000000000000000        1.5891914553666628E-005

  0.53333333333333333        0.0000000000000000       0.99452189536827340     
  0.53333333333333333        3.3333333333333333E-002  0.85365876234041660     
  0.53333333333333333        6.6666666666666666E-002  0.72417518694995264     
  0.53333333333333333       0.10000000000000001       0.60654714867894510     
  0.53333333333333333       0.13333333333333333       0.50113059242565949     
  0.53333333333333333       0.16666666666666666       0.40807375608559926     
  0.53333333333333333       0.20000000000000001       0.32726176319718436     
  0.53333333333333333       0.23333333333333334       0.25829628741756844     
  0.53333333333333333       0.26666666666666666       0.20050849985613356     
  0.53333333333333333       0.29999999999999999       0.15299957858481869     
  0.53333333333333333       0.33333333333333331       0.11470037459338768     
  0.53333333333333333       0.36666666666666664        8.4440680995186049E-002
  0.53333333333333333       0.40000000000000002        6.1018917849096500E-002
  0.53333333333333333       0.43333333333333335        4.3264631537412376E-002
  0.53333333333333333       0.46666666666666667        3.0088554586169984E-002
  0.53333333333333333       0.50000000000000000        2.0517568579572806E-002
  0.53333333333333333       0.53333333333333333        1.3714306752949032E-002
  0.53333333333333333       0.56666666666666665        8.9830035490634057E-003
  0.53333333333333333       0.59999999999999998        5.7643886898823679E-003
  0.53333333333333333       0.63333333333333330        3.6229294222065648E-003
  0.53333333333333333       0.66666666666666663        2.2296577511669129E-003
  0.53333333333333333       0.69999999999999996        1.3433542882860154E-003
  0.53333333333333333       0.73333333333333328        7.9218500099221352E-004
  0.53333333333333333       0.76666666666666661        4.5716558736737939E-004
  0.53333333333333333       0.80000000000000004        2.5817869515662337E-004
  0.53333333333333333       0.83333333333333337        1.4275880541088305E-004
  0.53333333333333333       0.86666666666666670        7.7510310987972727E-005
  0.53333333333333333       0.90000000000000002        4.1825743159896658E-005
  0.53333333333333333       0.93333333333333335        2.3494652499105873E-005
  0.53333333333333333       0.96666666666666667        1.5804856982943183E-005
  0.53333333333333333        1.0000000000000000        1.5804856982943183E-005

  0.56666666666666665        0.0000000000000000       0.97814760073380569     
  0.56666666666666665        3.3333333333333333E-002  0.83960370718581812     
  0.56666666666666665        6.6666666666666666E-002  0.71225201267564642     
  0.56666666666666665       0.10000000000000001       0.59656065992649021     
  0.56666666666666665       0.13333333333333333       0.49287973338581448     
  0.56666666666666665       0.16666666666666666       0.40135503028794839     
  0.56666666666666665       0.20000000000000001       0.32187356555352992     
  0.56666666666666665       0.23333333333333334       0.25404357107933412     
  0.56666666666666665       0.26666666666666666       0.19720722990053979     
  0.56666666666666665       0.29999999999999999       0.15048051873267784     
  0.56666666666666665       0.33333333333333331       0.11281189155744560     
  0.56666666666666665       0.36666666666666664        8.3050408346399082E-002
  0.56666666666666665       0.40000000000000002        6.0014272557936260E-002
  0.56666666666666665       0.43333333333333335        4.2552301494861680E-002
  0.56666666666666665       0.46666666666666667        2.9593161915366317E-002
  0.56666666666666665       0.50000000000000000        2.0179757300937847E-002
  0.56666666666666665       0.53333333333333333        1.3488507702645465E-002
  0.56666666666666665       0.56666666666666665        8.8351029874972203E-003
  0.56666666666666665       0.59999999999999998        5.6694809767034891E-003
  0.56666666666666665       0.63333333333333330        3.5632797412137448E-003
  0.56666666666666665       0.66666666666666663        2.1929475760348580E-003
  0.56666666666666665       0.69999999999999996        1.3212366466158689E-003
  0.56666666666666665       0.73333333333333328        7.7914207989448429E-004
  0.56666666666666665       0.76666666666666661        4.4963858966209420E-004
  0.56666666666666665       0.80000000000000004        2.5392791491485556E-004
  0.56666666666666665       0.83333333333333337        1.4040835465424403E-004
  0.56666666666666665       0.86666666666666670        7.6234143338736296E-005
  0.56666666666666665       0.90000000000000002        4.1137103678960846E-005
  0.56666666666666665       0.93333333333333335        2.3107825055540809E-005
  0.56666666666666665       0.96666666666666667        1.5544638091735661E-005
  0.56666666666666665        1.0000000000000000        1.5544638091735661E-005

  0.59999999999999998        0.0000000000000000       0.95105651629515364     
  0.59999999999999998        3.3333333333333333E-002  0.81634977811692044     
  0.59999999999999998        6.6666666666666666E-002  0.69252525630215012     
  0.59999999999999998       0.10000000000000001       0.58003812774553698     
  0.59999999999999998       0.13333333333333333       0.47922878084527948     
  0.59999999999999998       0.16666666666666666       0.39023897478952307     
  0.59999999999999998       0.20000000000000001       0.31295885376929711     
  0.59999999999999998       0.23333333333333334       0.24700750021431966     
  0.59999999999999998       0.26666666666666666       0.19174531626588973     
  0.59999999999999998       0.29999999999999999       0.14631276282722883     
  0.59999999999999998       0.33333333333333331       0.10968741783019413     
  0.59999999999999998       0.36666666666666664        8.0750218044353714E-002
  0.59999999999999998       0.40000000000000002        5.8352098337837353E-002
  0.59999999999999998       0.43333333333333335        4.1373759532491734E-002
  0.59999999999999998       0.46666666666666667        2.8773540369850643E-002
  0.59999999999999998       0.50000000000000000        1.9620852378428109E-002
  0.59999999999999998       0.53333333333333333        1.3114925739300015E-002
  0.59999999999999998       0.56666666666666665        8.5904031887358550E-003
  0.59999999999999998       0.59999999999999998        5.5124572435286791E-003
  0.59999999999999998       0.63333333333333330        3.4645900217119630E-003
  0.59999999999999998       0.66666666666666663        2.1322110083559836E-003
  0.59999999999999998       0.69999999999999996        1.2846432597588549E-003
  0.59999999999999998       0.73333333333333328        7.5756271512346872E-004
  0.59999999999999998       0.76666666666666661        4.3718525747554700E-004
  0.59999999999999998       0.80000000000000004        2.4689504729944817E-004
  0.59999999999999998       0.83333333333333337        1.3651956058167593E-004
  0.59999999999999998       0.86666666666666670        7.4122738462060577E-005
  0.59999999999999998       0.90000000000000002        3.9997757481625950E-005
  0.59999999999999998       0.93333333333333335        2.2467823445043967E-005
  0.59999999999999998       0.96666666666666667        1.5114108892670435E-005
  0.59999999999999998        1.0000000000000000        1.5114108892670435E-005

  0.63333333333333330        0.0000000000000000       0.91354545764260098     
  0.63333333333333330        3.3333333333333333E-002  0.78415175004680016     
  0.63333333333333330        6.6666666666666666E-002  0.66521104830038069     
  0.63333333333333330       0.10000000000000001       0.55716057645622186     
  0.63333333333333330       0.13333333333333333       0.46032729749673384     
  0.63333333333333330       0.16666666666666666       0.37484737942054819     
  0.63333333333333330       0.20000000000000001       0.30061529929231745     
  0.63333333333333330       0.23333333333333334       0.23726516348731463     
  0.63333333333333330       0.26666666666666666       0.18418260082094362     
  0.63333333333333330       0.29999999999999999       0.14054197367433063     
  0.63333333333333330       0.33333333333333331       0.10536118579962725     
  0.63333333333333330       0.36666666666666664        7.7565311455344954E-002
  0.63333333333333330       0.40000000000000002        5.6050606317387501E-002
  0.63333333333333330       0.43333333333333335        3.9741918002668006E-002
  0.63333333333333330       0.46666666666666667        2.7638669894792467E-002
  0.63333333333333330       0.50000000000000000        1.8846977291332986E-002
  0.63333333333333330       0.53333333333333333        1.2597653905080141E-002
  0.63333333333333330       0.56666666666666665        8.2515851349812645E-003
  0.63333333333333330       0.59999999999999998        5.2950378752379297E-003
  0.63333333333333330       0.63333333333333330        3.3279415289202332E-003
  0.63333333333333330       0.66666666666666663        2.0481134906757217E-003
  0.63333333333333330       0.69999999999999996        1.2339750525190384E-003
  0.63333333333333330       0.73333333333333328        7.2768333471537057E-004
  0.63333333333333330       0.76666666666666661        4.1994203212120096E-004
  0.63333333333333330       0.80000000000000004        2.3715714587971786E-004
  0.63333333333333330       0.83333333333333337        1.3113502963482028E-004
  0.63333333333333330       0.86666666666666670        7.1199229351614314E-005
  0.63333333333333330       0.90000000000000002        3.8420187483253499E-005
  0.63333333333333330       0.93333333333333335        2.1581659659188902E-005
  0.63333333333333330       0.96666666666666667        1.4517986353746491E-005
  0.63333333333333330        1.0000000000000000        1.4517986353746491E-005

  0.66666666666666663        0.0000000000000000       0.86602540378443871     
  0.66666666666666663        3.3333333333333333E-002  0.74336239130886395     
  0.66666666666666663        6.6666666666666666E-002  0.63060864884907109     
  0.66666666666666663       0.10000000000000001       0.52817865729790625     
  0.66666666666666663       0.13333333333333333       0.43638237194713414     
  0.66666666666666663       0.16666666666666666       0.35534887772078477     
  0.66666666666666663       0.20000000000000001       0.28497814068849542     
  0.66666666666666663       0.23333333333333334       0.22492329997821509     
  0.66666666666666663       0.26666666666666666       0.17460194225871609     
  0.66666666666666663       0.29999999999999999       0.13323137724755774     
  0.66666666666666663       0.33333333333333331        9.9880594569194042E-002
  0.66666666666666663       0.36666666666666664        7.3530583082446491E-002
  0.66666666666666663       0.40000000000000002        5.3135012124780903E-002
  0.66666666666666663       0.43333333333333335        3.7674655702676051E-002
  0.66666666666666663       0.46666666666666667        2.6200984368603429E-002
  0.66666666666666663       0.50000000000000000        1.7866610777050471E-002
  0.66666666666666663       0.53333333333333333        1.1942359538447654E-002
  0.66666666666666663       0.56666666666666665        7.8223609877326166E-003
  0.66666666666666663       0.59999999999999998        5.0196049639281625E-003
  0.66666666666666663       0.63333333333333330        3.1548314123211159E-003
  0.66666666666666663       0.66666666666666663        1.9415764129963151E-003
  0.66666666666666663       0.69999999999999996        1.1697871563779423E-003
  0.66666666666666663       0.73333333333333328        6.8983130341460325E-004
  0.66666666666666663       0.76666666666666661        3.9809783398441520E-004
  0.66666666666666663       0.80000000000000004        2.2482090114140594E-004
  0.66666666666666663       0.83333333333333337        1.2431375586151639E-004
  0.66666666666666663       0.86666666666666670        6.7495646584995144E-005
  0.66666666666666663       0.90000000000000002        3.6421677870873422E-005
  0.66666666666666663       0.93333333333333335        2.0459042693855136E-005
  0.66666666666666663       0.96666666666666667        1.3762801718246938E-005
  0.66666666666666663        1.0000000000000000        1.3762801718246938E-005

  0.69999999999999996        0.0000000000000000       0.80901699437494745     
  0.69999999999999996        3.3333333333333333E-002  0.69442859865316686     
  0.69999999999999996        6.6666666666666666E-002  0.58909716907762755     
  0.69999999999999996       0.10000000000000001       0.49340990224174486     
  0.69999999999999996       0.13333333333333333       0.40765634981159954     
  0.69999999999999996       0.16666666666666666       0.33195709935517914     
  0.69999999999999996       0.20000000000000001       0.26621870193978048     
  0.69999999999999996       0.23333333333333334       0.21011712972632771     
  0.69999999999999996       0.26666666666666666       0.16310830827929670     
  0.69999999999999996       0.29999999999999999       0.12446106997120250     
  0.69999999999999996       0.33333333333333331        9.3305690643302616E-002
  0.69999999999999996       0.36666666666666664        6.8690238254032976E-002
  0.69999999999999996       0.40000000000000002        4.9637259620119077E-002
  0.69999999999999996       0.43333333333333335        3.5194621990877015E-002
  0.69999999999999996       0.46666666666666667        2.4476235374763504E-002
  0.69999999999999996       0.50000000000000000        1.6690493936265916E-002
  0.69999999999999996       0.53333333333333333        1.1156222181612533E-002
  0.69999999999999996       0.56666666666666665        7.3074334165680972E-003
  0.69999999999999996       0.59999999999999998        4.6891762102137281E-003
  0.69999999999999996       0.63333333333333330        2.9471563025776928E-003
  0.69999999999999996       0.66666666666666663        1.8137670178351357E-003
  0.69999999999999996       0.69999999999999996        1.0927828273578695E-003
  0.69999999999999996       0.73333333333333328        6.4442133599714488E-004
  0.69999999999999996       0.76666666666666661        3.7189199267116874E-004
  0.69999999999999996       0.80000000000000004        2.1002147156339070E-004
  0.69999999999999996       0.83333333333333337        1.1613047456466791E-004
  0.69999999999999996       0.86666666666666670        6.3052567390018668E-005
  0.69999999999999996       0.90000000000000002        3.4024124734013962E-005
  0.69999999999999996       0.93333333333333335        1.9112272175437566E-005
  0.69999999999999996       0.96666666666666667        1.2856828947070861E-005
  0.69999999999999996        1.0000000000000000        1.2856828947070861E-005

  0.73333333333333328        0.0000000000000000       0.74314482547739447     
  0.73333333333333328        3.3333333333333333E-002  0.63788650095209898     
  0.73333333333333328        6.6666666666666666E-002  0.54113141744526172     
  0.73333333333333328       0.10000000000000001       0.45323524504396284     
  0.73333333333333328       0.13333333333333333       0.37446395939995353     
  0.73333333333333328       0.16666666666666666       0.30492832954254911     
  0.73333333333333328       0.20000000000000001       0.24454251538276833     
  0.73333333333333328       0.23333333333333334       0.19300887223132254     
  0.73333333333333328       0.26666666666666666       0.14982762554176143     
  0.73333333333333328       0.29999999999999999       0.11432714116708945     
  0.73333333333333328       0.33333333333333331        8.5708510045252123E-002
  0.73333333333333328       0.36666666666666664        6.3097308800951837E-002
  0.73333333333333328       0.40000000000000002        4.5595670911794867E-002
  0.73333333333333328       0.43333333333333335        3.2328988635597793E-002
  0.73333333333333328       0.46666666666666667        2.2483319624176133E-002
  0.73333333333333328       0.50000000000000000        1.5331512551205234E-002
  0.73333333333333328       0.53333333333333333        1.0247854919966087E-002
  0.73333333333333328       0.56666666666666665        6.7124440757129061E-003
  0.73333333333333328       0.59999999999999998        4.3073718606669864E-003
  0.73333333333333328       0.63333333333333330        2.7071915316511232E-003
  0.73333333333333328       0.66666666666666663        1.6660856116714048E-003
  0.73333333333333328       0.69999999999999996        1.0038057410017558E-003
  0.73333333333333328       0.73333333333333328        5.9195095356866744E-004
  0.73333333333333328       0.76666666666666661        3.4161162486281429E-004
  0.73333333333333328       0.80000000000000004        1.9292100279310855E-004
  0.73333333333333328       0.83333333333333337        1.0667484348662476E-004
  0.73333333333333328       0.86666666666666670        5.7918671072119169E-005
  0.73333333333333328       0.90000000000000002        3.1253796166562813E-005
  0.73333333333333328       0.93333333333333335        1.7556103603565826E-005
  0.73333333333333328       0.96666666666666667        1.1809994067486250E-005
  0.73333333333333328        1.0000000000000000        1.1809994067486250E-005

  0.76666666666666661        0.0000000000000000       0.66913060635885835     
  0.76666666666666661        3.3333333333333333E-002  0.57435558526026786     
  0.76666666666666661        6.6666666666666666E-002  0.48723691676433634     
  0.76666666666666661       0.10000000000000001       0.40809484765590670     
  0.76666666666666661       0.13333333333333333       0.33716886348750030     
  0.76666666666666661       0.16666666666666666       0.27455870114109576     
  0.76666666666666661       0.20000000000000001       0.22018706985341135     
  0.76666666666666661       0.23333333333333334       0.17378596914244787     
  0.76666666666666661       0.26666666666666666       0.13490539998534437     
  0.76666666666666661       0.29999999999999999       0.10294062027985741     
  0.76666666666666661       0.33333333333333331        7.7172289075487052E-002
  0.76666666666666661       0.36666666666666664        5.6813072028686726E-002
  0.76666666666666661       0.40000000000000002        4.1054526491453476E-002
  0.76666666666666661       0.43333333333333335        2.9109152115551162E-002
  0.76666666666666661       0.46666666666666667        2.0244071918849183E-002
  0.76666666666666661       0.50000000000000000        1.3804555906308287E-002
  0.76666666666666661       0.53333333333333333        9.2272100153149798E-003
  0.76666666666666661       0.56666666666666665        6.0439117928949770E-003
  0.76666666666666661       0.59999999999999998        3.8783750436392670E-003
  0.76666666666666661       0.63333333333333330        2.4375662037875354E-003
  0.76666666666666661       0.66666666666666663        1.5001502228953732E-003
  0.76666666666666661       0.69999999999999996        9.0383074888737095E-004
  0.76666666666666661       0.73333333333333328        5.3299503261919096E-004
  0.76666666666666661       0.76666666666666661        3.0758848860563455E-004
  0.76666666666666661       0.80000000000000004        1.7370685114490979E-004
  0.76666666666666661       0.83333333333333337        9.6050460500196017E-005
  0.76666666666666661       0.86666666666666670        5.2150205673692406E-005
  0.76666666666666661       0.90000000000000002        2.8141044468033484E-005
  0.76666666666666661       0.93333333333333335        1.5807586686762549E-005
  0.76666666666666661       0.96666666666666667        1.0633766421498116E-005
  0.76666666666666661        1.0000000000000000        1.0633766421498116E-005

  0.80000000000000004        0.0000000000000000       0.58778525229247325     
  0.80000000000000004        3.3333333333333333E-002  0.50453190958469196     
  0.80000000000000004        6.6666666666666666E-002  0.42800414646246115     
  0.80000000000000004       0.10000000000000001       0.35848327771759531     
  0.80000000000000004       0.13333333333333333       0.29617967494955727     
  0.80000000000000004       0.16666666666666666       0.24118095015483859     
  0.80000000000000004       0.20000000000000001       0.19341920870963378     
  0.80000000000000004       0.23333333333333334       0.15265903060859651     
  0.80000000000000004       0.26666666666666666       0.11850512263591793     
  0.80000000000000004       0.29999999999999999        9.0426260415129564E-002
  0.80000000000000004       0.33333333333333331        6.7790552357271230E-002
  0.80000000000000004       0.36666666666666664        4.9906379350375674E-002
  0.80000000000000004       0.40000000000000002        3.6063580087659731E-002
  0.80000000000000004       0.43333333333333335        2.5570389633444855E-002
  0.80000000000000004       0.46666666666666667        1.7783025925234917E-002
  0.80000000000000004       0.50000000000000000        1.2126353658112784E-002
  0.80000000000000004       0.53333333333333333        8.1054698668182532E-003
  0.80000000000000004       0.56666666666666665        5.3091611477042366E-003
  0.80000000000000004       0.59999999999999998        3.4068859380312799E-003
  0.80000000000000004       0.63333333333333330        2.1412343905017296E-003
  0.80000000000000004       0.66666666666666663        1.3177788743506840E-003
  0.80000000000000004       0.69999999999999996        7.9395319794943226E-004
  0.80000000000000004       0.73333333333333328        4.6819950655595764E-004
  0.80000000000000004       0.76666666666666661        2.7019534850026205E-004
  0.80000000000000004       0.80000000000000004        1.5258953088507189E-004
  0.80000000000000004       0.83333333333333337        8.4373728568676079E-005
  0.80000000000000004       0.86666666666666670        4.5810371708772544E-005
  0.80000000000000004       0.90000000000000002        2.4719973597420232E-005
  0.80000000000000004       0.93333333333333335        1.3885878542268926E-005
  0.80000000000000004       0.96666666666666667        9.3410330053373641E-006
  0.80000000000000004        1.0000000000000000        9.3410330053373641E-006

  0.83333333333333337        0.0000000000000000       0.49999999999999994     
  0.83333333333333337        3.3333333333333333E-002  0.42918047672761656     
  0.83333333333333337        6.6666666666666666E-002  0.36408207316631741     
  0.83333333333333337       0.10000000000000001       0.30494408997116129     
  0.83333333333333337       0.13333333333333333       0.25194547991328531     
  0.83333333333333337       0.16666666666666666       0.20516077020832652     
  0.83333333333333337       0.20000000000000001       0.16453220623966189     
  0.83333333333333337       0.23333333333333334       0.12985952778944140     
  0.83333333333333337       0.26666666666666666       0.10080647836410123     
  0.83333333333333337       0.29999999999999999        7.6921171518382042E-002
  0.83333333333333337       0.33333333333333331        5.7666088161344060E-002
  0.83333333333333337       0.36666666666666664        4.2452901936320619E-002
  0.83333333333333337       0.40000000000000002        3.0677513553636283E-002
  0.83333333333333337       0.43333333333333335        2.1751472611566486E-002
  0.83333333333333337       0.46666666666666667        1.5127145378246366E-002
  0.83333333333333337       0.50000000000000000        1.0315292541636358E-002
  0.83333333333333337       0.53333333333333333        6.8949244942820469E-003
  0.83333333333333337       0.56666666666666665        4.5162422219658530E-003
  0.83333333333333337       0.59999999999999998        2.8980702771495060E-003
  0.83333333333333337       0.63333333333333330        1.8214427651514836E-003
  0.83333333333333337       0.66666666666666663        1.1209696646956506E-003
  0.83333333333333337       0.69999999999999996        6.7537692962937185E-004
  0.83333333333333337       0.73333333333333328        3.9827428872185155E-004
  0.83333333333333337       0.76666666666666661        2.2984189161470906E-004
  0.83333333333333337       0.80000000000000004        1.2980040779344496E-004
  0.83333333333333337       0.83333333333333337        7.1772580410619906E-005
  0.83333333333333337       0.86666666666666670        3.8968629724974786E-005
  0.83333333333333337       0.90000000000000002        2.1028065523086606E-005
  0.83333333333333337       0.93333333333333335        1.1812033806659308E-005
  0.83333333333333337       0.96666666666666667        7.9459572768333138E-006
  0.83333333333333337        1.0000000000000000        7.9459572768333138E-006

  0.86666666666666670        0.0000000000000000       0.40673664307580004     
  0.86666666666666670        3.3333333333333333E-002  0.34912685275572464     
  0.86666666666666670        6.6666666666666666E-002  0.29617104048749165     
  0.86666666666666670       0.10000000000000001       0.24806387096134985     
  0.86666666666666670       0.13333333333333333       0.20495091747610228     
  0.86666666666666670       0.16666666666666666       0.16689280593076072     
  0.86666666666666670       0.20000000000000001       0.13384255448755061     
  0.86666666666666670       0.23333333333333334       0.10563725680897199     
  0.86666666666666670       0.26666666666666666        8.2003377220215626E-002
  0.86666666666666670       0.29999999999999999        6.2573318169689127E-002
  0.86666666666666670       0.33333333333333331        4.6909822236116450E-002
  0.86666666666666670       0.36666666666666664        3.4534301644810375E-002
  0.86666666666666670       0.40000000000000002        2.4955337761436765E-002
  0.86666666666666670       0.43333333333333335        1.7694241903967522E-002
  0.86666666666666670       0.46666666666666667        1.2305528660935065E-002
  0.86666666666666670       0.50000000000000000        8.3912149214600221E-003
  0.86666666666666670       0.53333333333333333        5.6088368861307780E-003
  0.86666666666666670       0.56666666666666665        3.6738424013591682E-003
  0.86666666666666670       0.59999999999999998        2.3575027518510879E-003
  0.86666666666666670       0.63333333333333330        1.4816950317048353E-003
  0.86666666666666670       0.66666666666666663        9.1187887681622854E-004
  0.86666666666666670       0.69999999999999996        5.4940109033658319E-004
  0.86666666666666670       0.73333333333333328        3.2398549443625593E-004
  0.86666666666666670       0.76666666666666661        1.8697023886711736E-004
  0.86666666666666670       0.80000000000000004        1.0558916427155148E-004
  0.86666666666666670       0.83333333333333337        5.8385076842206959E-005
  0.86666666666666670       0.86666666666666670        3.1699939279200177E-005
  0.86666666666666670       0.90000000000000002        1.7105769562476433E-005
  0.86666666666666670       0.93333333333333335        9.6087739568369467E-006
  0.86666666666666670       0.96666666666666667        6.4638239776058182E-006
  0.86666666666666670        1.0000000000000000        6.4638239776058182E-006

  0.90000000000000002        0.0000000000000000       0.30901699437494751     
  0.90000000000000002        3.3333333333333333E-002  0.26524812192555031     
  0.90000000000000002        6.6666666666666666E-002  0.22501509591131022     
  0.90000000000000002       0.10000000000000001       0.18846581227058362     
  0.90000000000000002       0.13333333333333333       0.15571086989831426     
  0.90000000000000002       0.16666666666666666       0.12679632914685265     
  0.90000000000000002       0.20000000000000001       0.10168649570011858     
  0.90000000000000002       0.23333333333333334        8.0257601936886303E-002
  0.90000000000000002       0.26666666666666666        6.2301829915195457E-002
  0.90000000000000002       0.29999999999999999        4.7539898452820452E-002
  0.90000000000000002       0.33333333333333331        3.5639602481958563E-002
  0.90000000000000002       0.36666666666666664        2.6237336317712367E-002
  0.90000000000000002       0.40000000000000002        1.8959746066482795E-002
  0.90000000000000002       0.43333333333333335        1.3443149379310525E-002
  0.90000000000000002       0.46666666666666667        9.3490899965171376E-003
  0.90000000000000002       0.50000000000000000        6.3752013946295578E-003
  0.90000000000000002       0.53333333333333333        4.2612976873304849E-003
  0.90000000000000002       0.56666666666666665        2.7911911946022442E-003
  0.90000000000000002       0.59999999999999998        1.7911059330642225E-003
  0.90000000000000002       0.63333333333333330        1.1257135374262094E-003
  0.90000000000000002       0.66666666666666663        6.9279735313948509E-004
  0.90000000000000002       0.69999999999999996        4.1740589772849769E-004
  0.90000000000000002       0.73333333333333328        2.4614704727529316E-004
  0.90000000000000002       0.76666666666666661        1.4205010105645965E-004
  0.90000000000000002       0.80000000000000004        8.0221063769945735E-005
  0.90000000000000002       0.83333333333333337        4.4357894154047986E-005
  0.90000000000000002       0.86666666666666670        2.4083937665043883E-005
  0.90000000000000002       0.90000000000000002        1.2996059210927357E-005
  0.90000000000000002       0.93333333333333335        7.3002383687782567E-006
  0.90000000000000002       0.96666666666666667        4.9108716702375459E-006
  0.90000000000000002        1.0000000000000000        4.9108716702375459E-006

  0.93333333333333335        0.0000000000000000       0.20791169081775931     
  0.93333333333333335        3.3333333333333333E-002  0.17846327716482155     
  0.93333333333333335        6.6666666666666666E-002  0.15139383885688845     
  0.93333333333333335       0.10000000000000001       0.12680288270157414     
  0.93333333333333335       0.13333333333333333       0.10476482144532596     
  0.93333333333333335       0.16666666666666666        8.5310645246973918E-002
  0.93333333333333335       0.20000000000000001        6.8416338386528788E-002
  0.93333333333333335       0.23333333333333334        5.3998627982997142E-002
  0.93333333333333335       0.26666666666666666        4.1917690724128320E-002
  0.93333333333333335       0.29999999999999999        3.1985621660139366E-002
  0.93333333333333335       0.33333333333333331        2.3978907784942036E-002
  0.93333333333333335       0.36666666666666664        1.7652909243401901E-002
  0.93333333333333335       0.40000000000000002        1.2756427426042497E-002
  0.93333333333333335       0.43333333333333335        9.0447708968939434E-003
  0.93333333333333335       0.46666666666666667        6.2902207456745109E-003
  0.93333333333333335       0.50000000000000000        4.2893398272228741E-003
  0.93333333333333335       0.53333333333333333        2.8670708193339290E-003
  0.93333333333333335       0.56666666666666665        1.8779591130229499E-003
  0.93333333333333335       0.59999999999999998        1.2050853828616925E-003
  0.93333333333333335       0.63333333333333330        7.5739849006083984E-004
  0.93333333333333335       0.66666666666666663        4.6612539668457892E-004
  0.93333333333333335       0.69999999999999996        2.8083751875709905E-004
  0.93333333333333335       0.73333333333333328        1.6561176155480123E-004
  0.93333333333333335       0.76666666666666661        9.5573632612732694E-005
  0.93333333333333335       0.80000000000000004        5.3974044506339615E-005
  0.93333333333333335       0.83333333333333337        2.9844717095051150E-005
  0.93333333333333335       0.86666666666666670        1.6204067389941405E-005
  0.93333333333333335       0.90000000000000002        8.7439613150631336E-006
  0.93333333333333335       0.93333333333333335        4.9117198414781427E-006
  0.93333333333333335       0.96666666666666667        3.3041148251841862E-006
  0.93333333333333335        1.0000000000000000        3.3041148251841862E-006

  0.96666666666666667        0.0000000000000000       0.10452846326765373     
  0.96666666666666667        3.3333333333333333E-002   8.9723151393633419E-002
  0.96666666666666667        6.6666666666666666E-002   7.6113879222753103E-002
  0.96666666666666667       0.10000000000000001        6.3750674214477096E-002
  0.96666666666666667       0.13333333333333333        5.2670947685134348E-002
  0.96666666666666667       0.16666666666666666        4.2890280065369109E-002
  0.96666666666666667       0.20000000000000001        3.4396597352536966E-002
  0.96666666666666667       0.23333333333333334        2.7148033760986907E-002
  0.96666666666666667       0.26666666666666666        2.1074292541646920E-002
  0.96666666666666667       0.29999999999999999        1.6080903703128136E-002
  0.96666666666666667       0.33333333333333331        1.2055495156324640E-002
  0.96666666666666667       0.36666666666666664        8.8750732013119712E-003
  0.96666666666666667       0.40000000000000002        6.4133466972684239E-003
  0.96666666666666667       0.43333333333333335        4.5472960117909963E-003
  0.96666666666666667       0.46666666666666667        3.1624345200289587E-003
  0.96666666666666667       0.50000000000000000        2.1564833550670715E-003
  0.96666666666666667       0.53333333333333333        1.4414317234676102E-003
  0.96666666666666667       0.56666666666666665        9.4415171841316680E-004
  0.96666666666666667       0.59999999999999998        6.0586166502420093E-004
  0.96666666666666667       0.63333333333333330        3.8078522634254005E-004
  0.96666666666666667       0.66666666666666663        2.3434647284058626E-004
  0.96666666666666667       0.69999999999999996        1.4119222516116873E-004
  0.96666666666666667       0.73333333333333328        8.3261998718225743E-005
  0.96666666666666667       0.76666666666666661        4.8050039450032212E-005
  0.96666666666666667       0.80000000000000004        2.7135674316327108E-005
  0.96666666666666667       0.83333333333333337        1.5004555070152375E-005
  0.96666666666666667       0.86666666666666670        8.1466619615956317E-006
  0.96666666666666667       0.90000000000000002        4.3960627492395363E-006
  0.96666666666666667       0.93333333333333335        2.4693874837513369E-006
  0.96666666666666667       0.96666666666666667        1.6611574066756298E-006
  0.96666666666666667        1.0000000000000000        1.6611574066756298E-006

   1.0000000000000000        0.0000000000000000        1.2246467991473532E-016
   1.0000000000000000        3.3333333333333333E-002   0.0000000000000000     
   1.0000000000000000        6.6666666666666666E-002   0.0000000000000000     
   1.0000000000000000       0.10000000000000001        0.0000000000000000     
   1.0000000000000000       0.13333333333333333        0.0000000000000000     
   1.0000000000000000       0.16666666666666666        0.0000000000000000     
   1.0000000000000000       0.20000000000000001        0.0000000000000000     
   1.0000000000000000       0.23333333333333334        0.0000000000000000     
   1.0000000000000000       0.26666666666666666        0.0000000000000000     
   1.0000000000000000       0.29999999999999999        0.0000000000000000     
   1.0000000000000000       0.33333333333333331        0.0000000000000000     
   1.0000000000000000       0.36666666666666664        0.0000000000000000     
   1.0000000000000000       0.40000000000000002        0.0000000000000000     
   1.0000000000000000       0.43333333333333335        0.0000000000000000     
   1.0000000000000000       0.46666666666666667        0.0000000000000000     
   1.0000000000000000       0.50000000000000000        0.0000000000000000     
   1.0000000000000000       0.53333333333333333        0.0000000000000000     
   1.0000000000000000       0.56666666666666665        0.0000000000000000     
   1.0000000000000000       0.59999999999999998        0.0000000000000000     
   1.0000000000000000       0.63333333333333330        0.0000000000000000     
   1.0000000000000000       0.66666666666666663        0.0000000000000000     
   1.0000000000000000       0.69999999999999996        0.0000000000000000     
   1.0000000000000000       0.73333333333333328        0.0000000000000000     
   1.0000000000000000       0.76666666666666661        0.0000000000000000     
   1.0000000000000000       0.80000000000000004        0.0000000000000000     
   1.0000000000000000       0.83333333333333337        0.0000000000000000     
   1.0000000000000000       0.86666666666666670        0.0000000000000000     
   1.0000000000000000       0.90000000000000002        0.0000000000000000     
   1.0000000000000000       0.93333333333333335        0.0000000000000000     
   1.0000000000000000       0.96666666666666667        0.0000000000000000     
   1.0000000000000000        1.0000000000000000        0.0000000000000000     

