   0.0000000000000000        0.0000000000000000        0.0000000000000000     
   0.0000000000000000        3.3333333333333333E-002   0.0000000000000000     
   0.0000000000000000        6.6666666666666666E-002   0.0000000000000000     
   0.0000000000000000       0.10000000000000001        0.0000000000000000     
   0.0000000000000000       0.13333333333333333        0.0000000000000000     
   0.0000000000000000       0.16666666666666666        0.0000000000000000     
   0.0000000000000000       0.20000000000000001        0.0000000000000000     
   0.0000000000000000       0.23333333333333334        0.0000000000000000     
   0.0000000000000000       0.26666666666666666        0.0000000000000000     
   0.0000000000000000       0.29999999999999999        0.0000000000000000     
   0.0000000000000000       0.33333333333333331        0.0000000000000000     
   0.0000000000000000       0.36666666666666664        0.0000000000000000     
   0.0000000000000000       0.40000000000000002        0.0000000000000000     
   0.0000000000000000       0.43333333333333335        0.0000000000000000     
   0.0000000000000000       0.46666666666666667        0.0000000000000000     
   0.0000000000000000       0.50000000000000000        0.0000000000000000     
   0.0000000000000000       0.53333333333333333        0.0000000000000000     
   0.0000000000000000       0.56666666666666665        0.0000000000000000     
   0.0000000000000000       0.59999999999999998        0.0000000000000000     
   0.0000000000000000       0.63333333333333330        0.0000000000000000     
   0.0000000000000000       0.66666666666666663        0.0000000000000000     
   0.0000000000000000       0.69999999999999996        0.0000000000000000     
   0.0000000000000000       0.73333333333333328        0.0000000000000000     
   0.0000000000000000       0.76666666666666661        0.0000000000000000     
   0.0000000000000000       0.80000000000000004        0.0000000000000000     
   0.0000000000000000       0.83333333333333337        0.0000000000000000     
   0.0000000000000000       0.86666666666666670        0.0000000000000000     
   0.0000000000000000       0.90000000000000002        0.0000000000000000     
   0.0000000000000000       0.93333333333333335        0.0000000000000000     
   0.0000000000000000       0.96666666666666667        0.0000000000000000     
   0.0000000000000000        1.0000000000000000        0.0000000000000000     

   3.3333333333333333E-002   0.0000000000000000       0.10452846326765346     
   3.3333333333333333E-002   3.3333333333333333E-002   8.9771079564066117E-002
   3.3333333333333333E-002   6.6666666666666666E-002   7.6206612431304624E-002
   3.3333333333333333E-002  0.10000000000000001        6.3882302089828535E-002
   3.3333333333333333E-002  0.13333333333333333        5.2833394314392962E-002
   3.3333333333333333E-002  0.16666666666666666        4.3074120829314035E-002
   3.3333333333333333E-002  0.20000000000000001        3.4591956492431832E-002
   3.3333333333333333E-002  0.23333333333333334        2.7345444907840941E-002
   3.3333333333333333E-002  0.26666666666666666        2.1265420605597541E-002
   3.3333333333333333E-002  0.29999999999999999        1.6259057484349620E-002
   3.3333333333333333E-002  0.33333333333333331        1.2215898578362199E-002
   3.3333333333333333E-002  0.36666666666666664        9.0149013235965424E-003
   3.3333333333333333E-002  0.40000000000000002        6.5315639191495878E-003
   3.3333333333333333E-002  0.43333333333333335        4.6443538314821457E-003
   3.3333333333333333E-002  0.46666666666666667        3.2398934810018288E-003
   3.3333333333333333E-002  0.50000000000000000        2.2166197042749049E-003
   3.3333333333333333E-002  0.53333333333333333        1.4868770003884832E-003
   3.3333333333333333E-002  0.56666666666666665        9.7759698627070276E-004
   3.3333333333333333E-002  0.59999999999999998        6.2984119135530130E-004
   3.3333333333333333E-002  0.63333333333333330        3.9754001471332983E-004
   3.3333333333333333E-002  0.66666666666666663        2.4575778866843176E-004
   3.3333333333333333E-002  0.69999999999999996        1.4876957069710146E-004
   3.3333333333333333E-002  0.73333333333333328        8.8168355992212529E-005
   3.3333333333333333E-002  0.76666666666666661        5.1148547862813715E-005
   3.3333333333333333E-002  0.80000000000000004        2.9045011303289295E-005
   3.3333333333333333E-002  0.83333333333333337        1.6154042570532086E-005
   3.3333333333333333E-002  0.86666666666666670        8.8257204005131041E-006
   3.3333333333333333E-002  0.90000000000000002        4.7956087149936412E-006
   3.3333333333333333E-002  0.93333333333333335        2.7149502594522329E-006
   3.3333333333333333E-002  0.96666666666666667        1.8389141851230656E-006
   3.3333333333333333E-002   1.0000000000000000        1.8389141851230656E-006

   6.6666666666666666E-002   0.0000000000000000       0.20791169081775931     
   6.6666666666666666E-002   3.3333333333333333E-002  0.17855860839462218     
   6.6666666666666666E-002   6.6666666666666666E-002  0.15157828926955300     
   6.6666666666666666E-002  0.10000000000000001       0.12706469630972977     
   6.6666666666666666E-002  0.13333333333333333       0.10508793490457888     
   6.6666666666666666E-002  0.16666666666666666        8.5676312576982841E-002
   6.6666666666666666E-002  0.20000000000000001        6.8804916270700303E-002
   6.6666666666666666E-002  0.23333333333333334        5.4391287398869344E-002
   6.6666666666666666E-002  0.26666666666666666        4.2297852812964803E-002
   6.6666666666666666E-002  0.29999999999999999        3.2339977332474186E-002
   6.6666666666666666E-002  0.33333333333333331        2.4297957215558739E-002
   6.6666666666666666E-002  0.36666666666666664        1.7931033501802380E-002
   6.6666666666666666E-002  0.40000000000000002        1.2991566657183351E-002
   6.6666666666666666E-002  0.43333333333333335        9.2378231504930530E-003
   6.6666666666666666E-002  0.46666666666666667        6.4442900110345041E-003
   6.6666666666666666E-002  0.50000000000000000        4.4089536592122796E-003
   6.6666666666666666E-002  0.53333333333333333        2.9574634652116947E-003
   6.6666666666666666E-002  0.56666666666666665        1.9444832153845024E-003
   6.6666666666666666E-002  0.59999999999999998        1.2527817108153711E-003
   6.6666666666666666E-002  0.63333333333333330        7.9072449783486407E-004
   6.6666666666666666E-002  0.66666666666666663        4.8882300357608864E-004
   6.6666666666666666E-002  0.69999999999999996        2.9590919084561136E-004
   6.6666666666666666E-002  0.73333333333333328        1.7537072102575971E-004
   6.6666666666666666E-002  0.76666666666666661        1.0173670153172068E-004
   6.6666666666666666E-002  0.80000000000000004        5.7771799384680378E-005
   6.6666666666666666E-002  0.83333333333333337        3.2131098070210692E-005
   6.6666666666666666E-002  0.86666666666666670        1.7554744361417456E-005
   6.6666666666666666E-002  0.90000000000000002        9.5386757373601705E-006
   6.6666666666666666E-002  0.93333333333333335        5.4001549557220411E-006
   6.6666666666666666E-002  0.96666666666666667        3.6576808416163901E-006
   6.6666666666666666E-002   1.0000000000000000        3.6576808416163901E-006

  0.10000000000000001        0.0000000000000000       0.30901699437494740     
  0.10000000000000001        3.3333333333333333E-002  0.26538981174581577     
  0.10000000000000001        6.6666666666666666E-002  0.22528924265076786     
  0.10000000000000001       0.10000000000000001       0.18885494312686443     
  0.10000000000000001       0.13333333333333333       0.15619111008888606     
  0.10000000000000001       0.16666666666666666       0.12733981671513717     
  0.10000000000000001       0.20000000000000001       0.10226403498795261     
  0.10000000000000001       0.23333333333333334        8.0841207563047093E-002
  0.10000000000000001       0.26666666666666666        6.2866860893518478E-002
  0.10000000000000001       0.29999999999999999        4.8066573621368833E-002
  0.10000000000000001       0.33333333333333331        3.6113802348827183E-002
  0.10000000000000001       0.36666666666666664        2.6650709524652472E-002
  0.10000000000000001       0.40000000000000002        1.9309231072260912E-002
  0.10000000000000001       0.43333333333333335        1.3730080945928385E-002
  0.10000000000000001       0.46666666666666667        9.5780815511519023E-003
  0.10000000000000001       0.50000000000000000        6.5529821952264571E-003
  0.10000000000000001       0.53333333333333333        4.3956473414210294E-003
  0.10000000000000001       0.56666666666666665        2.8900652794812769E-003
  0.10000000000000001       0.59999999999999998        1.8619964916903207E-003
  0.10000000000000001       0.63333333333333330        1.1752456378883805E-003
  0.10000000000000001       0.66666666666666663        7.2653257136377606E-004
  0.10000000000000001       0.69999999999999996        4.3980676797623756E-004
  0.10000000000000001       0.73333333333333328        2.6065168774106596E-004
  0.10000000000000001       0.76666666666666661        1.5121020660887263E-004
  0.10000000000000001       0.80000000000000004        8.5865627542486676E-005
  0.10000000000000001       0.83333333333333337        4.7756118535567519E-005
  0.10000000000000001       0.86666666666666670        2.6091434869531689E-005
  0.10000000000000001       0.90000000000000002        1.4177235032251958E-005
  0.10000000000000001       0.93333333333333335        8.0261944242418842E-006
  0.10000000000000001       0.96666666666666667        5.4363731813900411E-006
  0.10000000000000001        1.0000000000000000        5.4363731813900411E-006

  0.13333333333333333        0.0000000000000000       0.40673664307580015     
  0.13333333333333333        3.3333333333333333E-002  0.34931334878313369     
  0.13333333333333333        6.6666666666666666E-002  0.29653187994469604     
  0.13333333333333333       0.10000000000000001       0.24857605566666360     
  0.13333333333333333       0.13333333333333333       0.20558302278596835     
  0.13333333333333333       0.16666666666666666       0.16760815917379071     
  0.13333333333333333       0.20000000000000001       0.13460272753775179     
  0.13333333333333333       0.23333333333333334       0.10640541454005385     
  0.13333333333333333       0.26666666666666666        8.2747086490386354E-002
  0.13333333333333333       0.29999999999999999        6.3266542471090578E-002
  0.13333333333333333       0.33333333333333331        4.7533977106262885E-002
  0.13333333333333333       0.36666666666666664        3.5078394796930971E-002
  0.13333333333333333       0.40000000000000002        2.5415339510994402E-002
  0.13333333333333333       0.43333333333333335        1.8071909101315974E-002
  0.13333333333333333       0.46666666666666667        1.2606933625452460E-002
  0.13333333333333333       0.50000000000000000        8.6252148870100496E-003
  0.13333333333333333       0.53333333333333333        5.7856715855094127E-003
  0.13333333333333333       0.56666666666666665        3.8039831835910143E-003
  0.13333333333333333       0.59999999999999998        2.4508108493544950E-003
  0.13333333333333333       0.63333333333333330        1.5468905407972310E-003
  0.13333333333333333       0.66666666666666663        9.5628209626288723E-004
  0.13333333333333333       0.69999999999999996        5.7888573012143305E-004
  0.13333333333333333       0.73333333333333328        3.4307690002060887E-004
  0.13333333333333333       0.76666666666666661        1.9902702101964775E-004
  0.13333333333333333       0.80000000000000004        1.1301869391639972E-004
  0.13333333333333333       0.83333333333333337        6.2857912972638392E-005
  0.13333333333333333       0.86666666666666670        3.4342262157231569E-005
  0.13333333333333333       0.90000000000000002        1.8660465573353227E-005
  0.13333333333333333       0.93333333333333335        1.0564297227060571E-005
  0.13333333333333333       0.96666666666666667        7.1555034789541577E-006
  0.13333333333333333        1.0000000000000000        7.1555034789541577E-006

  0.16666666666666666        0.0000000000000000       0.49999999999999994     
  0.16666666666666666        3.3333333333333333E-002  0.42940973567266599     
  0.16666666666666666        6.6666666666666666E-002  0.36452565190866487     
  0.16666666666666666       0.10000000000000001       0.30557371692269503     
  0.16666666666666666       0.13333333333333333       0.25272252486439428     
  0.16666666666666666       0.16666666666666666       0.20604015156627395     
  0.16666666666666666       0.20000000000000001       0.16546668443721574     
  0.16666666666666666       0.23333333333333334       0.13080382152859527     
  0.16666666666666666       0.26666666666666666       0.10172071769172447     
  0.16666666666666666       0.29999999999999999        7.7773349842123890E-002
  0.16666666666666666       0.33333333333333331        5.8433359663398167E-002
  0.16666666666666666       0.36666666666666664        4.3121753835188251E-002
  0.16666666666666666       0.40000000000000002        3.1242992171543728E-002
  0.16666666666666666       0.43333333333333335        2.2215737638799433E-002
  0.16666666666666666       0.46666666666666667        1.5497661496782092E-002
  0.16666666666666666       0.50000000000000000        1.0602947919549306E-002
  0.16666666666666666       0.53333333333333333        7.1123068009773379E-003
  0.16666666666666666       0.56666666666666665        4.6762238519066704E-003
  0.16666666666666666       0.59999999999999998        3.0127736104879998E-003
  0.16666666666666666       0.63333333333333330        1.9015873872334508E-003
  0.16666666666666666       0.66666666666666663        1.1755543944004482E-003
  0.16666666666666666       0.69999999999999996        7.1162229906779112E-004
  0.16666666666666666       0.73333333333333328        4.2174328999006899E-004
  0.16666666666666666       0.76666666666666661        2.4466325373904984E-004
  0.16666666666666666       0.80000000000000004        1.3893350382908253E-004
  0.16666666666666666       0.83333333333333337        7.7271022961317105E-005
  0.16666666666666666       0.86666666666666670        4.2216828434156456E-005
  0.16666666666666666       0.90000000000000002        2.2939248148679382E-005
  0.16666666666666666       0.93333333333333335        1.2986655378738262E-005
  0.16666666666666666       0.96666666666666667        8.7962365830174844E-006
  0.16666666666666666        1.0000000000000000        8.7962365830174844E-006

  0.20000000000000001        0.0000000000000000       0.58778525229247314     
  0.20000000000000001        3.3333333333333333E-002  0.50480141963840441     
  0.20000000000000001        6.6666666666666666E-002  0.42852560454842570     
  0.20000000000000001       0.10000000000000001       0.35922344859071009     
  0.20000000000000001       0.13333333333333333       0.29709314607481763     
  0.20000000000000001       0.16666666666666666       0.24221472494152349     
  0.20000000000000001       0.20000000000000001       0.19451775371585581     
  0.20000000000000001       0.23333333333333334       0.15376911447600999     
  0.20000000000000001       0.26666666666666666       0.11957987542360342     
  0.20000000000000001       0.29999999999999999        9.1428056117167117E-002
  0.20000000000000001       0.33333333333333331        6.8692534104094635E-002
  0.20000000000000001       0.36666666666666664        5.0692661914620088E-002
  0.20000000000000001       0.40000000000000002        3.6728340071845188E-002
  0.20000000000000001       0.43333333333333335        2.6116165905770230E-002
  0.20000000000000001       0.46666666666666667        1.8218593745658818E-002
  0.20000000000000001       0.50000000000000000        1.2464512835872483E-002
  0.20000000000000001       0.53333333333333333        8.3610180947878750E-003
  0.20000000000000001       0.56666666666666665        5.4972308331380851E-003
  0.20000000000000001       0.59999999999999998        3.5417277934815883E-003
  0.20000000000000001       0.63333333333333330        2.2354500443223973E-003
  0.20000000000000001       0.66666666666666663        1.3819470725923858E-003
  0.20000000000000001       0.69999999999999996        8.3656218518902276E-004
  0.20000000000000001       0.73333333333333328        4.9578897221894071E-004
  0.20000000000000001       0.76666666666666661        2.8761890465140957E-004
  0.20000000000000001       0.80000000000000004        1.6332612920010910E-004
  0.20000000000000001       0.83333333333333337        9.0837535452430521E-005
  0.20000000000000001       0.86666666666666670        4.9628858304317410E-005
  0.20000000000000001       0.90000000000000002        2.6966703520942310E-005
  0.20000000000000001       0.93333333333333335        1.5266729016454144E-005
  0.20000000000000001       0.96666666666666667        1.0340596278346431E-005
  0.20000000000000001        1.0000000000000000        1.0340596278346431E-005

  0.23333333333333334        0.0000000000000000       0.66913060635885824     
  0.23333333333333334        3.3333333333333333E-002  0.57466239361409599     
  0.23333333333333334        6.6666666666666666E-002  0.48783054099000606     
  0.23333333333333334       0.10000000000000001       0.40893745298362605     
  0.23333333333333334       0.13333333333333333       0.33820875260610750     
  0.23333333333333334       0.16666666666666666       0.27573554310362391     
  0.23333333333333334       0.20000000000000001       0.22143764577932806     
  0.23333333333333334       0.23333333333333334       0.17504968082696967     
  0.23333333333333334       0.26666666666666666       0.13612889101664366     
  0.23333333333333334       0.29999999999999999       0.10408105747683993     
  0.23333333333333334       0.33333333333333331        7.8199098766309719E-002
  0.23333333333333334       0.36666666666666664        5.7708170581993873E-002
  0.23333333333333334       0.40000000000000002        4.1811284592420228E-002
  0.23333333333333334       0.43333333333333335        2.9730459993918348E-002
  0.23333333333333334       0.46666666666666667        2.0739919268972264E-002
  0.23333333333333334       0.50000000000000000        1.4189513941198840E-002
  0.23333333333333334       0.53333333333333333        9.5181243246963941E-003
  0.23333333333333334       0.56666666666666665        6.2580090029921310E-003
  0.23333333333333334       0.59999999999999998        4.0318780656156033E-003
  0.23333333333333334       0.63333333333333330        2.5448206429277511E-003
  0.23333333333333334       0.66666666666666663        1.5731988494659844E-003
  0.23333333333333334       0.69999999999999996        9.5233652094743170E-004
  0.23333333333333334       0.73333333333333328        5.6440268671766926E-004
  0.23333333333333334       0.76666666666666661        3.2742334265628326E-004
  0.23333333333333334       0.80000000000000004        1.8592931932142948E-004
  0.23333333333333334       0.83333333333333337        1.0340881289615075E-004
  0.23333333333333334       0.86666666666666670        5.6497144017389992E-005
  0.23333333333333334       0.90000000000000002        3.0698706046284300E-005
  0.23333333333333334       0.93333333333333335        1.7379537176297324E-005
  0.23333333333333334       0.96666666666666667        1.1771662236940922E-005
  0.23333333333333334        1.0000000000000000        1.1771662236940922E-005

  0.26666666666666666        0.0000000000000000       0.74314482547739413     
  0.26666666666666666        3.3333333333333333E-002  0.63822724614951476     
  0.26666666666666666        6.6666666666666666E-002  0.54179070393939632     
  0.26666666666666666       0.10000000000000001       0.45417105306598970     
  0.26666666666666666       0.13333333333333333       0.37561887326911342     
  0.26666666666666666       0.16666666666666666       0.30623534495410903     
  0.26666666666666666       0.20000000000000001       0.24593142065683557     
  0.26666666666666666       0.23333333333333334       0.19441236624328834     
  0.26666666666666666       0.26666666666666666       0.15118644999290376     
  0.26666666666666666       0.29999999999999999       0.11559372499043497     
  0.26666666666666666       0.33333333333333331        8.6848897738227682E-002
  0.26666666666666666       0.36666666666666664        6.4091416456260264E-002
  0.26666666666666666       0.40000000000000002        4.6436135929426914E-002
  0.26666666666666666       0.43333333333333335        3.3019020940874361E-002
  0.26666666666666666       0.46666666666666667        2.3034013896667718E-002
  0.26666666666666666       0.50000000000000000        1.5759051762438740E-002
  0.26666666666666666       0.53333333333333333        1.0570947992707976E-002
  0.26666666666666666       0.56666666666666665        6.9502231166368210E-003
  0.26666666666666666       0.59999999999999998        4.4778542379380077E-003
  0.26666666666666666       0.63333333333333330        2.8263096540312332E-003
  0.26666666666666666       0.66666666666666663        1.7472143305318098E-003
  0.26666666666666666       0.69999999999999996        1.0576768584931115E-003
  0.26666666666666666       0.73333333333333328        6.2683268727186379E-004
  0.26666666666666666       0.76666666666666661        3.6364046200127522E-004
  0.26666666666666666       0.80000000000000004        2.0649542891205285E-004
  0.26666666666666666       0.83333333333333337        1.1484712174609544E-004
  0.26666666666666666       0.86666666666666670        6.2746435197820583E-005
  0.26666666666666666       0.90000000000000002        3.4094367124065952E-005
  0.26666666666666666       0.93333333333333335        1.9301931489935018E-005
  0.26666666666666666       0.96666666666666667        1.3073755400688800E-005
  0.26666666666666666        1.0000000000000000        1.3073755400688800E-005

  0.29999999999999999        0.0000000000000000       0.80901699437494745     
  0.29999999999999999        3.3333333333333333E-002  0.69479954741848182     
  0.29999999999999999        6.6666666666666666E-002  0.58981489455943281     
  0.29999999999999999       0.10000000000000001       0.49442866004955943     
  0.29999999999999999       0.13333333333333333       0.40891363495328037     
  0.29999999999999999       0.16666666666666666       0.33337996828141114     
  0.29999999999999999       0.20000000000000001       0.26773071942516841     
  0.29999999999999999       0.23333333333333334       0.21164502909164240     
  0.29999999999999999       0.26666666666666666       0.16458757858524295     
  0.29999999999999999       0.29999999999999999       0.12583992346349271     
  0.29999999999999999       0.33333333333333331        9.4547162012225350E-002
  0.29999999999999999       0.36666666666666664        6.9772463359840733E-002
  0.29999999999999999       0.40000000000000002        5.0552223243804636E-002
  0.29999999999999999       0.43333333333333335        3.5945818584727812E-002
  0.29999999999999999       0.46666666666666667        2.5075743047933995E-002
  0.29999999999999999       0.50000000000000000        1.7155930114775765E-002
  0.29999999999999999       0.53333333333333333        1.1507954142398368E-002
  0.29999999999999999       0.56666666666666665        7.5662891313879469E-003
  0.29999999999999999       0.59999999999999998        4.8747701021783201E-003
  0.29999999999999999       0.63333333333333330        3.0768330251218310E-003
  0.29999999999999999       0.66666666666666663        1.9020869657642239E-003
  0.29999999999999999       0.69999999999999996        1.1514290670440288E-003
  0.29999999999999999       0.73333333333333328        6.8239497773113489E-004
  0.29999999999999999       0.76666666666666661        3.9587346034792252E-004
  0.29999999999999999       0.80000000000000004        2.2479913137156920E-004
  0.29999999999999999       0.83333333333333337        1.2502714149688462E-004
  0.29999999999999999       0.86666666666666670        6.8308263303688135E-005
  0.29999999999999999       0.90000000000000002        3.7116483180931336E-005
  0.29999999999999999       0.93333333333333335        2.1012849802980147E-005
  0.29999999999999999       0.96666666666666667        1.4232609764407527E-005
  0.29999999999999999        1.0000000000000000        1.4232609764407527E-005

  0.33333333333333331        0.0000000000000000       0.86602540378443860     
  0.33333333333333331        3.3333333333333333E-002  0.74375947944977938     
  0.33333333333333331        6.6666666666666666E-002  0.63137694976797454     
  0.33333333333333331       0.10000000000000001       0.52926920316777748     
  0.33333333333333331       0.13333333333333333       0.43772825328221981     
  0.33333333333333331       0.16666666666666666       0.35687201091197868     
  0.33333333333333331       0.20000000000000001       0.28659670440522422     
  0.33333333333333331       0.23333333333333334       0.22655886471169875     
  0.33333333333333331       0.26666666666666666       0.17618545122443718     
  0.33333333333333331       0.29999999999999999       0.13470739340138749     
  0.33333333333333331       0.33333333333333331       0.10120954779395146     
  0.33333333333333331       0.36666666666666664        7.4689068554024157E-002
  0.33333333333333331       0.40000000000000002        5.4114449821590430E-002
  0.33333333333333331       0.43333333333333335        3.8478786318020861E-002
  0.33333333333333331       0.46666666666666667        2.6842737110930520E-002
  0.33333333333333331       0.50000000000000000        1.8364844506666124E-002
  0.33333333333333331       0.53333333333333333        1.2318876738310417E-002
  0.33333333333333331       0.56666666666666665        8.0994572990677940E-003
  0.33333333333333331       0.59999999999999998        5.2182769650679422E-003
  0.33333333333333331       0.63333333333333330        3.2936459697204892E-003
  0.33333333333333331       0.66666666666666663        2.0361199381624387E-003
  0.33333333333333331       0.69999999999999996        1.2325659777843887E-003
  0.33333333333333331       0.73333333333333328        7.3048080601405437E-004
  0.33333333333333331       0.76666666666666661        4.2376918622115048E-004
  0.33333333333333331       0.80000000000000004        2.4063988750553611E-004
  0.33333333333333331       0.83333333333333337        1.3383733772182255E-004
  0.33333333333333331       0.86666666666666670        7.3121691782377429E-005
  0.33333333333333331       0.90000000000000002        3.9731943280942996E-005
  0.33333333333333331       0.93333333333333335        2.2493546936362306E-005
  0.33333333333333331       0.96666666666666667        1.5235528677182338E-005
  0.33333333333333331        1.0000000000000000        1.5235528677182338E-005

  0.36666666666666664        0.0000000000000000       0.91354545764260087     
  0.36666666666666664        3.3333333333333333E-002  0.78457062698254787     
  0.36666666666666664        6.6666666666666666E-002  0.66602150699073748     
  0.36666666666666664       0.10000000000000001       0.55831096213938802     
  0.36666666666666664       0.13333333333333333       0.46174702926767336     
  0.36666666666666664       0.16666666666666666       0.37645408911072520     
  0.36666666666666664       0.20000000000000001       0.30232267591760026     
  0.36666666666666664       0.23333333333333334       0.23899047399948334     
  0.36666666666666664       0.26666666666666666       0.18585299919084050     
  0.36666666666666664       0.29999999999999999       0.14209898094784235     
  0.36666666666666664       0.33333333333333331       0.10676306059058754     
  0.36666666666666664       0.36666666666666664        7.8787364683437278E-002
  0.36666666666666664       0.40000000000000002        5.7083787162954230E-002
  0.36666666666666664       0.43333333333333335        4.0590172416209970E-002
  0.36666666666666664       0.46666666666666667        2.8315636528935824E-002
  0.36666666666666664       0.50000000000000000        1.9372549819050667E-002
  0.36666666666666664       0.53333333333333333        1.2994831142786850E-002
  0.36666666666666664       0.56666666666666665        8.5438861176586490E-003
  0.36666666666666664       0.59999999999999998        5.5046112935336214E-003
  0.36666666666666664       0.63333333333333330        3.4743730398351606E-003
  0.36666666666666664       0.66666666666666663        2.1478447544326556E-003
  0.36666666666666664       0.69999999999999996        1.3001986377411303E-003
  0.36666666666666664       0.73333333333333328        7.7056333372334761E-004
  0.36666666666666664       0.76666666666666661        4.4702200821073623E-004
  0.36666666666666664       0.80000000000000004        2.5384414267485850E-004
  0.36666666666666664       0.83333333333333337        1.4118118406741673E-004
  0.36666666666666664       0.86666666666666670        7.7133983704201248E-005
  0.36666666666666664       0.90000000000000002        4.1912091895924980E-005
  0.36666666666666664       0.93333333333333335        2.3727800062432379E-005
  0.36666666666666664       0.96666666666666667        1.6071523949530595E-005
  0.36666666666666664        1.0000000000000000        1.6071523949530595E-005

  0.40000000000000002        0.0000000000000000       0.95105651629515353     
  0.40000000000000002        3.3333333333333333E-002  0.81678585454413699     
  0.40000000000000002        6.6666666666666666E-002  0.69336899320894929     
  0.40000000000000002       0.10000000000000001       0.58123574937571953     
  0.40000000000000002       0.13333333333333333       0.48070680817369238     
  0.40000000000000002       0.16666666666666666       0.39191165753109197     
  0.40000000000000002       0.20000000000000001       0.31473633692753589     
  0.40000000000000002       0.23333333333333334       0.24880365364215767     
  0.40000000000000002       0.26666666666666666       0.19348430280586859     
  0.40000000000000002       0.29999999999999999       0.14793370232290917     
  0.40000000000000002       0.33333333333333331       0.11114685495378641     
  0.40000000000000002       0.36666666666666664        8.2022449958062654E-002
  0.40000000000000002       0.40000000000000002        5.9427702586610266E-002
  0.40000000000000002       0.43333333333333335        4.2256844091367422E-002
  0.40000000000000002       0.46666666666666667        2.9478303907702223E-002
  0.40000000000000002       0.50000000000000000        2.0168005421651019E-002
  0.40000000000000002       0.53333333333333333        1.3528411457919670E-002
  0.40000000000000002       0.56666666666666665        8.8947063320213241E-003
  0.40000000000000002       0.59999999999999998        5.7306359487533784E-003
  0.40000000000000002       0.63333333333333330        3.6170341518660973E-003
  0.40000000000000002       0.66666666666666663        2.2360373341078982E-003
  0.40000000000000002       0.69999999999999996        1.3535860493387227E-003
  0.40000000000000002       0.73333333333333328        8.0220340829762350E-004
  0.40000000000000002       0.76666666666666661        4.6537716353299596E-004
  0.40000000000000002       0.80000000000000004        2.6426722829673324E-004
  0.40000000000000002       0.83333333333333337        1.4697821981630614E-004
  0.40000000000000002       0.86666666666666670        8.0301179559238046E-005
  0.40000000000000002       0.90000000000000002        4.3633042861426126E-005
  0.40000000000000002       0.93333333333333335        2.4702086445657058E-005
  0.40000000000000002       0.96666666666666667        1.6731436242305191E-005
  0.40000000000000002        1.0000000000000000        1.6731436242305191E-005

  0.43333333333333335        0.0000000000000000       0.97814760073380569     
  0.43333333333333335        3.3333333333333333E-002  0.84005220535991187     
  0.43333333333333335        6.6666666666666666E-002  0.71311978364077400     
  0.43333333333333335       0.10000000000000001       0.59779239611049051     
  0.43333333333333335       0.13333333333333333       0.49439986269499370     
  0.43333333333333335       0.16666666666666666       0.40307535981876114     
  0.43333333333333335       0.20000000000000001       0.32370168076728073     
  0.43333333333333335       0.23333333333333334       0.25589088839001684     
  0.43333333333333335       0.26666666666666666       0.19899575191016217     
  0.43333333333333335       0.29999999999999999       0.15214763109820875     
  0.43333333333333335       0.33333333333333331       0.11431290111513691     
  0.43333333333333335       0.36666666666666664        8.4358880106646342E-002
  0.43333333333333335       0.40000000000000002        6.1120515664681144E-002
  0.43333333333333335       0.43333333333333335        4.3460540939846727E-002
  0.43333333333333335       0.46666666666666667        3.0318000820124164E-002
  0.43333333333333335       0.50000000000000000        2.0742496136425301E-002
  0.43333333333333335       0.53333333333333333        1.3913771666117425E-002
  0.43333333333333335       0.56666666666666665        9.1480742824734083E-003
  0.43333333333333335       0.59999999999999998        5.8938745573059240E-003
  0.43333333333333335       0.63333333333333330        3.7200662808161318E-003
  0.43333333333333335       0.66666666666666663        2.2997314208297605E-003
  0.43333333333333335       0.69999999999999996        1.3921432889236693E-003
  0.43333333333333335       0.73333333333333328        8.2505437445873537E-004
  0.43333333333333335       0.76666666666666661        4.7863354926515583E-004
  0.43333333333333335       0.80000000000000004        2.7179494686391617E-004
  0.43333333333333335       0.83333333333333337        1.5116493143171829E-004
  0.43333333333333335       0.86666666666666670        8.2588578886921677E-005
  0.43333333333333335       0.90000000000000002        4.4875941078536252E-005
  0.43333333333333335       0.93333333333333335        2.5405731600539205E-005
  0.43333333333333335       0.96666666666666667        1.7208035418330963E-005
  0.43333333333333335        1.0000000000000000        1.7208035418330963E-005

  0.46666666666666667        0.0000000000000000       0.99452189536827329     
  0.46666666666666667        3.3333333333333333E-002  0.85411476842153811     
  0.46666666666666667        6.6666666666666666E-002  0.72505748449312180     
  0.46666666666666667       0.10000000000000001       0.60779950425737372     
  0.46666666666666667       0.13333333333333333       0.50267616886078603     
  0.46666666666666667       0.16666666666666666       0.40982288411531426     
  0.46666666666666667       0.20000000000000001       0.32912048125360760     
  0.46666666666666667       0.23333333333333334       0.26017452901606386     
  0.46666666666666667       0.26666666666666666       0.20232696191398977     
  0.46666666666666667       0.29999999999999999       0.15469459858825771     
  0.46666666666666667       0.33333333333333331       0.11622651121035751     
  0.46666666666666667       0.36666666666666664        8.5771056711551080E-002
  0.46666666666666667       0.40000000000000002        6.2143679582839589E-002
  0.46666666666666667       0.43333333333333335        4.4188075007086200E-002
  0.46666666666666667       0.46666666666666667        3.0825527371111272E-002
  0.46666666666666667       0.50000000000000000        2.1089727722882534E-002
  0.46666666666666667       0.53333333333333333        1.4146689680297286E-002
  0.46666666666666667       0.56666666666666665        9.3012140167290994E-003
  0.46666666666666667       0.59999999999999998        5.9925386428360834E-003
  0.46666666666666667       0.63333333333333330        3.7823405851196285E-003
  0.46666666666666667       0.66666666666666663        2.3382291688552729E-003
  0.46666666666666667       0.69999999999999996        1.4154479153104561E-003
  0.46666666666666667       0.73333333333333328        8.3886587223954963E-004
  0.46666666666666667       0.76666666666666661        4.8664592567105734E-004
  0.46666666666666667       0.80000000000000004        2.7634482311650885E-004
  0.46666666666666667       0.83333333333333337        1.5369544842506894E-004
  0.46666666666666667       0.86666666666666670        8.3971120461548979E-005
  0.46666666666666667       0.90000000000000002        4.5627169094295541E-005
  0.46666666666666667       0.93333333333333335        2.5831026243514713E-005
  0.46666666666666667       0.96666666666666667        1.7496099757300588E-005
  0.46666666666666667        1.0000000000000000        1.7496099757300588E-005

  0.50000000000000000        0.0000000000000000        1.0000000000000000     
  0.50000000000000000        3.3333333333333333E-002  0.85881947134533199     
  0.50000000000000000        6.6666666666666666E-002  0.72905130381732985     
  0.50000000000000000       0.10000000000000001       0.61114743384539005     
  0.50000000000000000       0.13333333333333333       0.50544504972878856     
  0.50000000000000000       0.16666666666666666       0.41208030313254795     
  0.50000000000000000       0.20000000000000001       0.33093336887443159     
  0.50000000000000000       0.23333333333333334       0.26160764305719053     
  0.50000000000000000       0.26666666666666666       0.20344143538344897     
  0.50000000000000000       0.29999999999999999       0.15554669968424778     
  0.50000000000000000       0.33333333333333331       0.11686671932679635     
  0.50000000000000000       0.36666666666666664        8.6243507670376515E-002
  0.50000000000000000       0.40000000000000002        6.2485984343087456E-002
  0.50000000000000000       0.43333333333333335        4.4431475277598866E-002
  0.50000000000000000       0.46666666666666667        3.0995322993564185E-002
  0.50000000000000000       0.50000000000000000        2.1205895839098612E-002
  0.50000000000000000       0.53333333333333333        1.4224613601954678E-002
  0.50000000000000000       0.56666666666666665        9.3524477038133390E-003
  0.50000000000000000       0.59999999999999998        6.0255472209759997E-003
  0.50000000000000000       0.63333333333333330        3.8031747744669015E-003
  0.50000000000000000       0.66666666666666663        2.3511087888008968E-003
  0.50000000000000000       0.69999999999999996        1.4232445981355825E-003
  0.50000000000000000       0.73333333333333328        8.4348657998013820E-004
  0.50000000000000000       0.76666666666666661        4.8932650747809969E-004
  0.50000000000000000       0.80000000000000004        2.7786700765816506E-004
  0.50000000000000000       0.83333333333333337        1.5454204592263421E-004
  0.50000000000000000       0.86666666666666670        8.4433656868312913E-005
  0.50000000000000000       0.90000000000000002        4.5878496297358757E-005
  0.50000000000000000       0.93333333333333335        2.5973310757476521E-005
  0.50000000000000000       0.96666666666666667        1.7592473166034969E-005
  0.50000000000000000        1.0000000000000000        1.7592473166034969E-005

  0.53333333333333333        0.0000000000000000       0.99452189536827340     
  0.53333333333333333        3.3333333333333333E-002  0.85411476842153822     
  0.53333333333333333        6.6666666666666666E-002  0.72505748449312180     
  0.53333333333333333       0.10000000000000001       0.60779950425737383     
  0.53333333333333333       0.13333333333333333       0.50267616886078603     
  0.53333333333333333       0.16666666666666666       0.40982288411531426     
  0.53333333333333333       0.20000000000000001       0.32912048125360760     
  0.53333333333333333       0.23333333333333334       0.26017452901606386     
  0.53333333333333333       0.26666666666666666       0.20232696191398977     
  0.53333333333333333       0.29999999999999999       0.15469459858825771     
  0.53333333333333333       0.33333333333333331       0.11622651121035751     
  0.53333333333333333       0.36666666666666664        8.5771056711551066E-002
  0.53333333333333333       0.40000000000000002        6.2143679582839596E-002
  0.53333333333333333       0.43333333333333335        4.4188075007086200E-002
  0.53333333333333333       0.46666666666666667        3.0825527371111279E-002
  0.53333333333333333       0.50000000000000000        2.1089727722882538E-002
  0.53333333333333333       0.53333333333333333        1.4146689680297288E-002
  0.53333333333333333       0.56666666666666665        9.3012140167290994E-003
  0.53333333333333333       0.59999999999999998        5.9925386428360834E-003
  0.53333333333333333       0.63333333333333330        3.7823405851196285E-003
  0.53333333333333333       0.66666666666666663        2.3382291688552729E-003
  0.53333333333333333       0.69999999999999996        1.4154479153104561E-003
  0.53333333333333333       0.73333333333333328        8.3886587223954963E-004
  0.53333333333333333       0.76666666666666661        4.8664592567105734E-004
  0.53333333333333333       0.80000000000000004        2.7634482311650885E-004
  0.53333333333333333       0.83333333333333337        1.5369544842506894E-004
  0.53333333333333333       0.86666666666666670        8.3971120461548993E-005
  0.53333333333333333       0.90000000000000002        4.5627169094295547E-005
  0.53333333333333333       0.93333333333333335        2.5831026243514717E-005
  0.53333333333333333       0.96666666666666667        1.7496099757300588E-005
  0.53333333333333333        1.0000000000000000        1.7496099757300588E-005

  0.56666666666666665        0.0000000000000000       0.97814760073380569     
  0.56666666666666665        3.3333333333333333E-002  0.84005220535991187     
  0.56666666666666665        6.6666666666666666E-002  0.71311978364077400     
  0.56666666666666665       0.10000000000000001       0.59779239611049051     
  0.56666666666666665       0.13333333333333333       0.49439986269499370     
  0.56666666666666665       0.16666666666666666       0.40307535981876114     
  0.56666666666666665       0.20000000000000001       0.32370168076728073     
  0.56666666666666665       0.23333333333333334       0.25589088839001678     
  0.56666666666666665       0.26666666666666666       0.19899575191016214     
  0.56666666666666665       0.29999999999999999       0.15214763109820878     
  0.56666666666666665       0.33333333333333331       0.11431290111513691     
  0.56666666666666665       0.36666666666666664        8.4358880106646342E-002
  0.56666666666666665       0.40000000000000002        6.1120515664681144E-002
  0.56666666666666665       0.43333333333333335        4.3460540939846727E-002
  0.56666666666666665       0.46666666666666667        3.0318000820124164E-002
  0.56666666666666665       0.50000000000000000        2.0742496136425301E-002
  0.56666666666666665       0.53333333333333333        1.3913771666117427E-002
  0.56666666666666665       0.56666666666666665        9.1480742824734083E-003
  0.56666666666666665       0.59999999999999998        5.8938745573059248E-003
  0.56666666666666665       0.63333333333333330        3.7200662808161318E-003
  0.56666666666666665       0.66666666666666663        2.2997314208297605E-003
  0.56666666666666665       0.69999999999999996        1.3921432889236695E-003
  0.56666666666666665       0.73333333333333328        8.2505437445873548E-004
  0.56666666666666665       0.76666666666666661        4.7863354926515594E-004
  0.56666666666666665       0.80000000000000004        2.7179494686391622E-004
  0.56666666666666665       0.83333333333333337        1.5116493143171831E-004
  0.56666666666666665       0.86666666666666670        8.2588578886921691E-005
  0.56666666666666665       0.90000000000000002        4.4875941078536258E-005
  0.56666666666666665       0.93333333333333335        2.5405731600539208E-005
  0.56666666666666665       0.96666666666666667        1.7208035418330963E-005
  0.56666666666666665        1.0000000000000000        1.7208035418330963E-005

  0.59999999999999998        0.0000000000000000       0.95105651629515364     
  0.59999999999999998        3.3333333333333333E-002  0.81678585454413710     
  0.59999999999999998        6.6666666666666666E-002  0.69336899320894940     
  0.59999999999999998       0.10000000000000001       0.58123574937571965     
  0.59999999999999998       0.13333333333333333       0.48070680817369238     
  0.59999999999999998       0.16666666666666666       0.39191165753109192     
  0.59999999999999998       0.20000000000000001       0.31473633692753589     
  0.59999999999999998       0.23333333333333334       0.24880365364215767     
  0.59999999999999998       0.26666666666666666       0.19348430280586856     
  0.59999999999999998       0.29999999999999999       0.14793370232290914     
  0.59999999999999998       0.33333333333333331       0.11114685495378641     
  0.59999999999999998       0.36666666666666664        8.2022449958062640E-002
  0.59999999999999998       0.40000000000000002        5.9427702586610259E-002
  0.59999999999999998       0.43333333333333335        4.2256844091367422E-002
  0.59999999999999998       0.46666666666666667        2.9478303907702227E-002
  0.59999999999999998       0.50000000000000000        2.0168005421651022E-002
  0.59999999999999998       0.53333333333333333        1.3528411457919672E-002
  0.59999999999999998       0.56666666666666665        8.8947063320213241E-003
  0.59999999999999998       0.59999999999999998        5.7306359487533784E-003
  0.59999999999999998       0.63333333333333330        3.6170341518660977E-003
  0.59999999999999998       0.66666666666666663        2.2360373341078982E-003
  0.59999999999999998       0.69999999999999996        1.3535860493387229E-003
  0.59999999999999998       0.73333333333333328        8.0220340829762361E-004
  0.59999999999999998       0.76666666666666661        4.6537716353299601E-004
  0.59999999999999998       0.80000000000000004        2.6426722829673329E-004
  0.59999999999999998       0.83333333333333337        1.4697821981630616E-004
  0.59999999999999998       0.86666666666666670        8.0301179559238059E-005
  0.59999999999999998       0.90000000000000002        4.3633042861426133E-005
  0.59999999999999998       0.93333333333333335        2.4702086445657061E-005
  0.59999999999999998       0.96666666666666667        1.6731436242305191E-005
  0.59999999999999998        1.0000000000000000        1.6731436242305191E-005

  0.63333333333333330        0.0000000000000000       0.91354545764260098     
  0.63333333333333330        3.3333333333333333E-002  0.78457062698254798     
  0.63333333333333330        6.6666666666666666E-002  0.66602150699073759     
  0.63333333333333330       0.10000000000000001       0.55831096213938813     
  0.63333333333333330       0.13333333333333333       0.46174702926767336     
  0.63333333333333330       0.16666666666666666       0.37645408911072525     
  0.63333333333333330       0.20000000000000001       0.30232267591760020     
  0.63333333333333330       0.23333333333333334       0.23899047399948337     
  0.63333333333333330       0.26666666666666666       0.18585299919084053     
  0.63333333333333330       0.29999999999999999       0.14209898094784237     
  0.63333333333333330       0.33333333333333331       0.10676306059058754     
  0.63333333333333330       0.36666666666666664        7.8787364683437278E-002
  0.63333333333333330       0.40000000000000002        5.7083787162954223E-002
  0.63333333333333330       0.43333333333333335        4.0590172416209970E-002
  0.63333333333333330       0.46666666666666667        2.8315636528935824E-002
  0.63333333333333330       0.50000000000000000        1.9372549819050670E-002
  0.63333333333333330       0.53333333333333333        1.2994831142786850E-002
  0.63333333333333330       0.56666666666666665        8.5438861176586490E-003
  0.63333333333333330       0.59999999999999998        5.5046112935336223E-003
  0.63333333333333330       0.63333333333333330        3.4743730398351610E-003
  0.63333333333333330       0.66666666666666663        2.1478447544326564E-003
  0.63333333333333330       0.69999999999999996        1.3001986377411303E-003
  0.63333333333333330       0.73333333333333328        7.7056333372334772E-004
  0.63333333333333330       0.76666666666666661        4.4702200821073628E-004
  0.63333333333333330       0.80000000000000004        2.5384414267485850E-004
  0.63333333333333330       0.83333333333333337        1.4118118406741676E-004
  0.63333333333333330       0.86666666666666670        7.7133983704201262E-005
  0.63333333333333330       0.90000000000000002        4.1912091895924987E-005
  0.63333333333333330       0.93333333333333335        2.3727800062432379E-005
  0.63333333333333330       0.96666666666666667        1.6071523949530595E-005
  0.63333333333333330        1.0000000000000000        1.6071523949530595E-005

  0.66666666666666663        0.0000000000000000       0.86602540378443871     
  0.66666666666666663        3.3333333333333333E-002  0.74375947944977938     
  0.66666666666666663        6.6666666666666666E-002  0.63137694976797454     
  0.66666666666666663       0.10000000000000001       0.52926920316777748     
  0.66666666666666663       0.13333333333333333       0.43772825328221981     
  0.66666666666666663       0.16666666666666666       0.35687201091197868     
  0.66666666666666663       0.20000000000000001       0.28659670440522422     
  0.66666666666666663       0.23333333333333334       0.22655886471169878     
  0.66666666666666663       0.26666666666666666       0.17618545122443721     
  0.66666666666666663       0.29999999999999999       0.13470739340138749     
  0.66666666666666663       0.33333333333333331       0.10120954779395146     
  0.66666666666666663       0.36666666666666664        7.4689068554024143E-002
  0.66666666666666663       0.40000000000000002        5.4114449821590430E-002
  0.66666666666666663       0.43333333333333335        3.8478786318020861E-002
  0.66666666666666663       0.46666666666666667        2.6842737110930524E-002
  0.66666666666666663       0.50000000000000000        1.8364844506666127E-002
  0.66666666666666663       0.53333333333333333        1.2318876738310417E-002
  0.66666666666666663       0.56666666666666665        8.0994572990677940E-003
  0.66666666666666663       0.59999999999999998        5.2182769650679422E-003
  0.66666666666666663       0.63333333333333330        3.2936459697204897E-003
  0.66666666666666663       0.66666666666666663        2.0361199381624387E-003
  0.66666666666666663       0.69999999999999996        1.2325659777843890E-003
  0.66666666666666663       0.73333333333333328        7.3048080601405448E-004
  0.66666666666666663       0.76666666666666661        4.2376918622115048E-004
  0.66666666666666663       0.80000000000000004        2.4063988750553614E-004
  0.66666666666666663       0.83333333333333337        1.3383733772182255E-004
  0.66666666666666663       0.86666666666666670        7.3121691782377442E-005
  0.66666666666666663       0.90000000000000002        3.9731943280942996E-005
  0.66666666666666663       0.93333333333333335        2.2493546936362312E-005
  0.66666666666666663       0.96666666666666667        1.5235528677182338E-005
  0.66666666666666663        1.0000000000000000        1.5235528677182338E-005

  0.69999999999999996        0.0000000000000000       0.80901699437494745     
  0.69999999999999996        3.3333333333333333E-002  0.69479954741848182     
  0.69999999999999996        6.6666666666666666E-002  0.58981489455943292     
  0.69999999999999996       0.10000000000000001       0.49442866004955954     
  0.69999999999999996       0.13333333333333333       0.40891363495328042     
  0.69999999999999996       0.16666666666666666       0.33337996828141120     
  0.69999999999999996       0.20000000000000001       0.26773071942516841     
  0.69999999999999996       0.23333333333333334       0.21164502909164243     
  0.69999999999999996       0.26666666666666666       0.16458757858524298     
  0.69999999999999996       0.29999999999999999       0.12583992346349274     
  0.69999999999999996       0.33333333333333331        9.4547162012225364E-002
  0.69999999999999996       0.36666666666666664        6.9772463359840733E-002
  0.69999999999999996       0.40000000000000002        5.0552223243804643E-002
  0.69999999999999996       0.43333333333333335        3.5945818584727819E-002
  0.69999999999999996       0.46666666666666667        2.5075743047933995E-002
  0.69999999999999996       0.50000000000000000        1.7155930114775765E-002
  0.69999999999999996       0.53333333333333333        1.1507954142398368E-002
  0.69999999999999996       0.56666666666666665        7.5662891313879469E-003
  0.69999999999999996       0.59999999999999998        4.8747701021783210E-003
  0.69999999999999996       0.63333333333333330        3.0768330251218310E-003
  0.69999999999999996       0.66666666666666663        1.9020869657642243E-003
  0.69999999999999996       0.69999999999999996        1.1514290670440290E-003
  0.69999999999999996       0.73333333333333328        6.8239497773113511E-004
  0.69999999999999996       0.76666666666666661        3.9587346034792258E-004
  0.69999999999999996       0.80000000000000004        2.2479913137156922E-004
  0.69999999999999996       0.83333333333333337        1.2502714149688465E-004
  0.69999999999999996       0.86666666666666670        6.8308263303688149E-005
  0.69999999999999996       0.90000000000000002        3.7116483180931336E-005
  0.69999999999999996       0.93333333333333335        2.1012849802980147E-005
  0.69999999999999996       0.96666666666666667        1.4232609764407527E-005
  0.69999999999999996        1.0000000000000000        1.4232609764407527E-005

  0.73333333333333328        0.0000000000000000       0.74314482547739447     
  0.73333333333333328        3.3333333333333333E-002  0.63822724614951487     
  0.73333333333333328        6.6666666666666666E-002  0.54179070393939632     
  0.73333333333333328       0.10000000000000001       0.45417105306598982     
  0.73333333333333328       0.13333333333333333       0.37561887326911342     
  0.73333333333333328       0.16666666666666666       0.30623534495410909     
  0.73333333333333328       0.20000000000000001       0.24593142065683560     
  0.73333333333333328       0.23333333333333334       0.19441236624328836     
  0.73333333333333328       0.26666666666666666       0.15118644999290376     
  0.73333333333333328       0.29999999999999999       0.11559372499043497     
  0.73333333333333328       0.33333333333333331        8.6848897738227696E-002
  0.73333333333333328       0.36666666666666664        6.4091416456260264E-002
  0.73333333333333328       0.40000000000000002        4.6436135929426921E-002
  0.73333333333333328       0.43333333333333335        3.3019020940874368E-002
  0.73333333333333328       0.46666666666666667        2.3034013896667722E-002
  0.73333333333333328       0.50000000000000000        1.5759051762438740E-002
  0.73333333333333328       0.53333333333333333        1.0570947992707977E-002
  0.73333333333333328       0.56666666666666665        6.9502231166368210E-003
  0.73333333333333328       0.59999999999999998        4.4778542379380068E-003
  0.73333333333333328       0.63333333333333330        2.8263096540312336E-003
  0.73333333333333328       0.66666666666666663        1.7472143305318098E-003
  0.73333333333333328       0.69999999999999996        1.0576768584931117E-003
  0.73333333333333328       0.73333333333333328        6.2683268727186390E-004
  0.73333333333333328       0.76666666666666661        3.6364046200127538E-004
  0.73333333333333328       0.80000000000000004        2.0649542891205285E-004
  0.73333333333333328       0.83333333333333337        1.1484712174609547E-004
  0.73333333333333328       0.86666666666666670        6.2746435197820596E-005
  0.73333333333333328       0.90000000000000002        3.4094367124065959E-005
  0.73333333333333328       0.93333333333333335        1.9301931489935018E-005
  0.73333333333333328       0.96666666666666667        1.3073755400688800E-005
  0.73333333333333328        1.0000000000000000        1.3073755400688800E-005

  0.76666666666666661        0.0000000000000000       0.66913060635885835     
  0.76666666666666661        3.3333333333333333E-002  0.57466239361409610     
  0.76666666666666661        6.6666666666666666E-002  0.48783054099000622     
  0.76666666666666661       0.10000000000000001       0.40893745298362605     
  0.76666666666666661       0.13333333333333333       0.33820875260610755     
  0.76666666666666661       0.16666666666666666       0.27573554310362391     
  0.76666666666666661       0.20000000000000001       0.22143764577932809     
  0.76666666666666661       0.23333333333333334       0.17504968082696970     
  0.76666666666666661       0.26666666666666666       0.13612889101664369     
  0.76666666666666661       0.29999999999999999       0.10408105747683995     
  0.76666666666666661       0.33333333333333331        7.8199098766309733E-002
  0.76666666666666661       0.36666666666666664        5.7708170581993873E-002
  0.76666666666666661       0.40000000000000002        4.1811284592420235E-002
  0.76666666666666661       0.43333333333333335        2.9730459993918351E-002
  0.76666666666666661       0.46666666666666667        2.0739919268972264E-002
  0.76666666666666661       0.50000000000000000        1.4189513941198845E-002
  0.76666666666666661       0.53333333333333333        9.5181243246963958E-003
  0.76666666666666661       0.56666666666666665        6.2580090029921319E-003
  0.76666666666666661       0.59999999999999998        4.0318780656156041E-003
  0.76666666666666661       0.63333333333333330        2.5448206429277520E-003
  0.76666666666666661       0.66666666666666663        1.5731988494659846E-003
  0.76666666666666661       0.69999999999999996        9.5233652094743181E-004
  0.76666666666666661       0.73333333333333328        5.6440268671766947E-004
  0.76666666666666661       0.76666666666666661        3.2742334265628331E-004
  0.76666666666666661       0.80000000000000004        1.8592931932142950E-004
  0.76666666666666661       0.83333333333333337        1.0340881289615075E-004
  0.76666666666666661       0.86666666666666670        5.6497144017389998E-005
  0.76666666666666661       0.90000000000000002        3.0698706046284300E-005
  0.76666666666666661       0.93333333333333335        1.7379537176297324E-005
  0.76666666666666661       0.96666666666666667        1.1771662236940922E-005
  0.76666666666666661        1.0000000000000000        1.1771662236940922E-005

  0.80000000000000004        0.0000000000000000       0.58778525229247325     
  0.80000000000000004        3.3333333333333333E-002  0.50480141963840452     
  0.80000000000000004        6.6666666666666666E-002  0.42852560454842575     
  0.80000000000000004       0.10000000000000001       0.35922344859071020     
  0.80000000000000004       0.13333333333333333       0.29709314607481768     
  0.80000000000000004       0.16666666666666666       0.24221472494152352     
  0.80000000000000004       0.20000000000000001       0.19451775371585586     
  0.80000000000000004       0.23333333333333334       0.15376911447601002     
  0.80000000000000004       0.26666666666666666       0.11957987542360343     
  0.80000000000000004       0.29999999999999999        9.1428056117167131E-002
  0.80000000000000004       0.33333333333333331        6.8692534104094635E-002
  0.80000000000000004       0.36666666666666664        5.0692661914620102E-002
  0.80000000000000004       0.40000000000000002        3.6728340071845195E-002
  0.80000000000000004       0.43333333333333335        2.6116165905770233E-002
  0.80000000000000004       0.46666666666666667        1.8218593745658821E-002
  0.80000000000000004       0.50000000000000000        1.2464512835872485E-002
  0.80000000000000004       0.53333333333333333        8.3610180947878750E-003
  0.80000000000000004       0.56666666666666665        5.4972308331380859E-003
  0.80000000000000004       0.59999999999999998        3.5417277934815888E-003
  0.80000000000000004       0.63333333333333330        2.2354500443223973E-003
  0.80000000000000004       0.66666666666666663        1.3819470725923858E-003
  0.80000000000000004       0.69999999999999996        8.3656218518902298E-004
  0.80000000000000004       0.73333333333333328        4.9578897221894081E-004
  0.80000000000000004       0.76666666666666661        2.8761890465140962E-004
  0.80000000000000004       0.80000000000000004        1.6332612920010912E-004
  0.80000000000000004       0.83333333333333337        9.0837535452430534E-005
  0.80000000000000004       0.86666666666666670        4.9628858304317410E-005
  0.80000000000000004       0.90000000000000002        2.6966703520942314E-005
  0.80000000000000004       0.93333333333333335        1.5266729016454144E-005
  0.80000000000000004       0.96666666666666667        1.0340596278346429E-005
  0.80000000000000004        1.0000000000000000        1.0340596278346429E-005

  0.83333333333333337        0.0000000000000000       0.49999999999999994     
  0.83333333333333337        3.3333333333333333E-002  0.42940973567266605     
  0.83333333333333337        6.6666666666666666E-002  0.36452565190866498     
  0.83333333333333337       0.10000000000000001       0.30557371692269508     
  0.83333333333333337       0.13333333333333333       0.25272252486439434     
  0.83333333333333337       0.16666666666666666       0.20604015156627400     
  0.83333333333333337       0.20000000000000001       0.16546668443721577     
  0.83333333333333337       0.23333333333333334       0.13080382152859529     
  0.83333333333333337       0.26666666666666666       0.10172071769172449     
  0.83333333333333337       0.29999999999999999        7.7773349842123890E-002
  0.83333333333333337       0.33333333333333331        5.8433359663398174E-002
  0.83333333333333337       0.36666666666666664        4.3121753835188258E-002
  0.83333333333333337       0.40000000000000002        3.1242992171543728E-002
  0.83333333333333337       0.43333333333333335        2.2215737638799433E-002
  0.83333333333333337       0.46666666666666667        1.5497661496782092E-002
  0.83333333333333337       0.50000000000000000        1.0602947919549306E-002
  0.83333333333333337       0.53333333333333333        7.1123068009773388E-003
  0.83333333333333337       0.56666666666666665        4.6762238519066695E-003
  0.83333333333333337       0.59999999999999998        3.0127736104879998E-003
  0.83333333333333337       0.63333333333333330        1.9015873872334508E-003
  0.83333333333333337       0.66666666666666663        1.1755543944004484E-003
  0.83333333333333337       0.69999999999999996        7.1162229906779123E-004
  0.83333333333333337       0.73333333333333328        4.2174328999006910E-004
  0.83333333333333337       0.76666666666666661        2.4466325373904990E-004
  0.83333333333333337       0.80000000000000004        1.3893350382908253E-004
  0.83333333333333337       0.83333333333333337        7.7271022961317105E-005
  0.83333333333333337       0.86666666666666670        4.2216828434156456E-005
  0.83333333333333337       0.90000000000000002        2.2939248148679382E-005
  0.83333333333333337       0.93333333333333335        1.2986655378738262E-005
  0.83333333333333337       0.96666666666666667        8.7962365830174844E-006
  0.83333333333333337        1.0000000000000000        8.7962365830174844E-006

  0.86666666666666670        0.0000000000000000       0.40673664307580004     
  0.86666666666666670        3.3333333333333333E-002  0.34931334878313369     
  0.86666666666666670        6.6666666666666666E-002  0.29653187994469610     
  0.86666666666666670       0.10000000000000001       0.24857605566666371     
  0.86666666666666670       0.13333333333333333       0.20558302278596841     
  0.86666666666666670       0.16666666666666666       0.16760815917379074     
  0.86666666666666670       0.20000000000000001       0.13460272753775182     
  0.86666666666666670       0.23333333333333334       0.10640541454005387     
  0.86666666666666670       0.26666666666666666        8.2747086490386368E-002
  0.86666666666666670       0.29999999999999999        6.3266542471090578E-002
  0.86666666666666670       0.33333333333333331        4.7533977106262885E-002
  0.86666666666666670       0.36666666666666664        3.5078394796930971E-002
  0.86666666666666670       0.40000000000000002        2.5415339510994405E-002
  0.86666666666666670       0.43333333333333335        1.8071909101315970E-002
  0.86666666666666670       0.46666666666666667        1.2606933625452460E-002
  0.86666666666666670       0.50000000000000000        8.6252148870100496E-003
  0.86666666666666670       0.53333333333333333        5.7856715855094127E-003
  0.86666666666666670       0.56666666666666665        3.8039831835910138E-003
  0.86666666666666670       0.59999999999999998        2.4508108493544950E-003
  0.86666666666666670       0.63333333333333330        1.5468905407972310E-003
  0.86666666666666670       0.66666666666666663        9.5628209626288712E-004
  0.86666666666666670       0.69999999999999996        5.7888573012143316E-004
  0.86666666666666670       0.73333333333333328        3.4307690002060887E-004
  0.86666666666666670       0.76666666666666661        1.9902702101964775E-004
  0.86666666666666670       0.80000000000000004        1.1301869391639973E-004
  0.86666666666666670       0.83333333333333337        6.2857912972638405E-005
  0.86666666666666670       0.86666666666666670        3.4342262157231576E-005
  0.86666666666666670       0.90000000000000002        1.8660465573353234E-005
  0.86666666666666670       0.93333333333333335        1.0564297227060570E-005
  0.86666666666666670       0.96666666666666667        7.1555034789541594E-006
  0.86666666666666670        1.0000000000000000        7.1555034789541594E-006

  0.90000000000000002        0.0000000000000000       0.30901699437494751     
  0.90000000000000002        3.3333333333333333E-002  0.26538981174581583     
  0.90000000000000002        6.6666666666666666E-002  0.22528924265076794     
  0.90000000000000002       0.10000000000000001       0.18885494312686449     
  0.90000000000000002       0.13333333333333333       0.15619111008888611     
  0.90000000000000002       0.16666666666666666       0.12733981671513722     
  0.90000000000000002       0.20000000000000001       0.10226403498795263     
  0.90000000000000002       0.23333333333333334        8.0841207563047121E-002
  0.90000000000000002       0.26666666666666666        6.2866860893518478E-002
  0.90000000000000002       0.29999999999999999        4.8066573621368840E-002
  0.90000000000000002       0.33333333333333331        3.6113802348827183E-002
  0.90000000000000002       0.36666666666666664        2.6650709524652479E-002
  0.90000000000000002       0.40000000000000002        1.9309231072260909E-002
  0.90000000000000002       0.43333333333333335        1.3730080945928385E-002
  0.90000000000000002       0.46666666666666667        9.5780815511519023E-003
  0.90000000000000002       0.50000000000000000        6.5529821952264571E-003
  0.90000000000000002       0.53333333333333333        4.3956473414210294E-003
  0.90000000000000002       0.56666666666666665        2.8900652794812769E-003
  0.90000000000000002       0.59999999999999998        1.8619964916903205E-003
  0.90000000000000002       0.63333333333333330        1.1752456378883805E-003
  0.90000000000000002       0.66666666666666663        7.2653257136377606E-004
  0.90000000000000002       0.69999999999999996        4.3980676797623756E-004
  0.90000000000000002       0.73333333333333328        2.6065168774106601E-004
  0.90000000000000002       0.76666666666666661        1.5121020660887263E-004
  0.90000000000000002       0.80000000000000004        8.5865627542486663E-005
  0.90000000000000002       0.83333333333333337        4.7756118535567526E-005
  0.90000000000000002       0.86666666666666670        2.6091434869531693E-005
  0.90000000000000002       0.90000000000000002        1.4177235032251958E-005
  0.90000000000000002       0.93333333333333335        8.0261944242418842E-006
  0.90000000000000002       0.96666666666666667        5.4363731813900419E-006
  0.90000000000000002        1.0000000000000000        5.4363731813900419E-006

  0.93333333333333335        0.0000000000000000       0.20791169081775931     
  0.93333333333333335        3.3333333333333333E-002  0.17855860839462223     
  0.93333333333333335        6.6666666666666666E-002  0.15157828926955305     
  0.93333333333333335       0.10000000000000001       0.12706469630972980     
  0.93333333333333335       0.13333333333333333       0.10508793490457891     
  0.93333333333333335       0.16666666666666666        8.5676312576982869E-002
  0.93333333333333335       0.20000000000000001        6.8804916270700331E-002
  0.93333333333333335       0.23333333333333334        5.4391287398869358E-002
  0.93333333333333335       0.26666666666666666        4.2297852812964810E-002
  0.93333333333333335       0.29999999999999999        3.2339977332474186E-002
  0.93333333333333335       0.33333333333333331        2.4297957215558743E-002
  0.93333333333333335       0.36666666666666664        1.7931033501802376E-002
  0.93333333333333335       0.40000000000000002        1.2991566657183352E-002
  0.93333333333333335       0.43333333333333335        9.2378231504930530E-003
  0.93333333333333335       0.46666666666666667        6.4442900110345033E-003
  0.93333333333333335       0.50000000000000000        4.4089536592122804E-003
  0.93333333333333335       0.53333333333333333        2.9574634652116947E-003
  0.93333333333333335       0.56666666666666665        1.9444832153845027E-003
  0.93333333333333335       0.59999999999999998        1.2527817108153713E-003
  0.93333333333333335       0.63333333333333330        7.9072449783486407E-004
  0.93333333333333335       0.66666666666666663        4.8882300357608864E-004
  0.93333333333333335       0.69999999999999996        2.9590919084561136E-004
  0.93333333333333335       0.73333333333333328        1.7537072102575968E-004
  0.93333333333333335       0.76666666666666661        1.0173670153172068E-004
  0.93333333333333335       0.80000000000000004        5.7771799384680384E-005
  0.93333333333333335       0.83333333333333337        3.2131098070210692E-005
  0.93333333333333335       0.86666666666666670        1.7554744361417456E-005
  0.93333333333333335       0.90000000000000002        9.5386757373601705E-006
  0.93333333333333335       0.93333333333333335        5.4001549557220420E-006
  0.93333333333333335       0.96666666666666667        3.6576808416163910E-006
  0.93333333333333335        1.0000000000000000        3.6576808416163910E-006

  0.96666666666666667        0.0000000000000000       0.10452846326765373     
  0.96666666666666667        3.3333333333333333E-002   8.9771079564066186E-002
  0.96666666666666667        6.6666666666666666E-002   7.6206612431304666E-002
  0.96666666666666667       0.10000000000000001        6.3882302089828549E-002
  0.96666666666666667       0.13333333333333333        5.2833394314392976E-002
  0.96666666666666667       0.16666666666666666        4.3074120829314055E-002
  0.96666666666666667       0.20000000000000001        3.4591956492431838E-002
  0.96666666666666667       0.23333333333333334        2.7345444907840948E-002
  0.96666666666666667       0.26666666666666666        2.1265420605597544E-002
  0.96666666666666667       0.29999999999999999        1.6259057484349620E-002
  0.96666666666666667       0.33333333333333331        1.2215898578362199E-002
  0.96666666666666667       0.36666666666666664        9.0149013235965442E-003
  0.96666666666666667       0.40000000000000002        6.5315639191495887E-003
  0.96666666666666667       0.43333333333333335        4.6443538314821465E-003
  0.96666666666666667       0.46666666666666667        3.2398934810018293E-003
  0.96666666666666667       0.50000000000000000        2.2166197042749049E-003
  0.96666666666666667       0.53333333333333333        1.4868770003884832E-003
  0.96666666666666667       0.56666666666666665        9.7759698627070298E-004
  0.96666666666666667       0.59999999999999998        6.2984119135530130E-004
  0.96666666666666667       0.63333333333333330        3.9754001471332978E-004
  0.96666666666666667       0.66666666666666663        2.4575778866843176E-004
  0.96666666666666667       0.69999999999999996        1.4876957069710146E-004
  0.96666666666666667       0.73333333333333328        8.8168355992212529E-005
  0.96666666666666667       0.76666666666666661        5.1148547862813715E-005
  0.96666666666666667       0.80000000000000004        2.9045011303289292E-005
  0.96666666666666667       0.83333333333333337        1.6154042570532086E-005
  0.96666666666666667       0.86666666666666670        8.8257204005131041E-006
  0.96666666666666667       0.90000000000000002        4.7956087149936412E-006
  0.96666666666666667       0.93333333333333335        2.7149502594522338E-006
  0.96666666666666667       0.96666666666666667        1.8389141851230660E-006
  0.96666666666666667        1.0000000000000000        1.8389141851230660E-006

   1.0000000000000000        0.0000000000000000        1.2246467991473532E-016
   1.0000000000000000        3.3333333333333333E-002   0.0000000000000000     
   1.0000000000000000        6.6666666666666666E-002   0.0000000000000000     
   1.0000000000000000       0.10000000000000001        0.0000000000000000     
   1.0000000000000000       0.13333333333333333        0.0000000000000000     
   1.0000000000000000       0.16666666666666666        0.0000000000000000     
   1.0000000000000000       0.20000000000000001        0.0000000000000000     
   1.0000000000000000       0.23333333333333334        0.0000000000000000     
   1.0000000000000000       0.26666666666666666        0.0000000000000000     
   1.0000000000000000       0.29999999999999999        0.0000000000000000     
   1.0000000000000000       0.33333333333333331        0.0000000000000000     
   1.0000000000000000       0.36666666666666664        0.0000000000000000     
   1.0000000000000000       0.40000000000000002        0.0000000000000000     
   1.0000000000000000       0.43333333333333335        0.0000000000000000     
   1.0000000000000000       0.46666666666666667        0.0000000000000000     
   1.0000000000000000       0.50000000000000000        0.0000000000000000     
   1.0000000000000000       0.53333333333333333        0.0000000000000000     
   1.0000000000000000       0.56666666666666665        0.0000000000000000     
   1.0000000000000000       0.59999999999999998        0.0000000000000000     
   1.0000000000000000       0.63333333333333330        0.0000000000000000     
   1.0000000000000000       0.66666666666666663        0.0000000000000000     
   1.0000000000000000       0.69999999999999996        0.0000000000000000     
   1.0000000000000000       0.73333333333333328        0.0000000000000000     
   1.0000000000000000       0.76666666666666661        0.0000000000000000     
   1.0000000000000000       0.80000000000000004        0.0000000000000000     
   1.0000000000000000       0.83333333333333337        0.0000000000000000     
   1.0000000000000000       0.86666666666666670        0.0000000000000000     
   1.0000000000000000       0.90000000000000002        0.0000000000000000     
   1.0000000000000000       0.93333333333333335        0.0000000000000000     
   1.0000000000000000       0.96666666666666667        0.0000000000000000     
   1.0000000000000000        1.0000000000000000        0.0000000000000000     

