   0.0000000000000000        0.0000000000000000        0.0000000000000000     
   0.0000000000000000        3.3333333333333333E-002   0.0000000000000000     
   0.0000000000000000        6.6666666666666666E-002   0.0000000000000000     
   0.0000000000000000       0.10000000000000001        0.0000000000000000     
   0.0000000000000000       0.13333333333333333        0.0000000000000000     
   0.0000000000000000       0.16666666666666666        0.0000000000000000     
   0.0000000000000000       0.20000000000000001        0.0000000000000000     
   0.0000000000000000       0.23333333333333334        0.0000000000000000     
   0.0000000000000000       0.26666666666666666        0.0000000000000000     
   0.0000000000000000       0.29999999999999999        0.0000000000000000     
   0.0000000000000000       0.33333333333333331        0.0000000000000000     
   0.0000000000000000       0.36666666666666664        0.0000000000000000     
   0.0000000000000000       0.40000000000000002        0.0000000000000000     
   0.0000000000000000       0.43333333333333335        0.0000000000000000     
   0.0000000000000000       0.46666666666666667        0.0000000000000000     
   0.0000000000000000       0.50000000000000000        0.0000000000000000     
   0.0000000000000000       0.53333333333333333        0.0000000000000000     
   0.0000000000000000       0.56666666666666665        0.0000000000000000     
   0.0000000000000000       0.59999999999999998        0.0000000000000000     
   0.0000000000000000       0.63333333333333330        0.0000000000000000     
   0.0000000000000000       0.66666666666666663        0.0000000000000000     
   0.0000000000000000       0.69999999999999996        0.0000000000000000     
   0.0000000000000000       0.73333333333333328        0.0000000000000000     
   0.0000000000000000       0.76666666666666661        0.0000000000000000     
   0.0000000000000000       0.80000000000000004        0.0000000000000000     
   0.0000000000000000       0.83333333333333337        0.0000000000000000     
   0.0000000000000000       0.86666666666666670        0.0000000000000000     
   0.0000000000000000       0.90000000000000002        0.0000000000000000     
   0.0000000000000000       0.93333333333333335        0.0000000000000000     
   0.0000000000000000       0.96666666666666667        0.0000000000000000     
   0.0000000000000000        1.0000000000000000        0.0000000000000000     

   3.3333333333333333E-002   0.0000000000000000       0.10452846326765346     
   3.3333333333333333E-002   3.3333333333333333E-002   7.4718700228523560E-002
   3.3333333333333333E-002   6.6666666666666666E-002   4.8964175657526691E-002
   3.3333333333333333E-002  0.10000000000000001        2.9146489646697013E-002
   3.3333333333333333E-002  0.13333333333333333        1.5631071320304373E-002
   3.3333333333333333E-002  0.16666666666666666        7.4948411009552029E-003
   3.3333333333333333E-002  0.20000000000000001        3.1888185259402249E-003
   3.3333333333333333E-002  0.23333333333333334        1.1944381684272447E-003
   3.3333333333333333E-002  0.26666666666666666        3.9046221660277722E-004
   3.3333333333333333E-002  0.29999999999999999        1.1027831827922119E-004
   3.3333333333333333E-002  0.33333333333333331        2.6582555496315776E-005
   3.3333333333333333E-002  0.36666666666666664        5.3856363547698480E-006
   3.3333333333333333E-002  0.40000000000000002        8.9886131381601348E-007
   3.3333333333333333E-002  0.43333333333333335        1.2022835034856725E-007
   3.3333333333333333E-002  0.46666666666666667        1.2381021705520786E-008
   3.3333333333333333E-002  0.50000000000000000        9.2095127924853280E-010
   3.3333333333333333E-002  0.53333333333333333        4.4017948801161464E-011
   3.3333333333333333E-002  0.56666666666666665        1.0147001491236880E-012
   3.3333333333333333E-002  0.59999999999999998        0.0000000000000000     
   3.3333333333333333E-002  0.63333333333333330        0.0000000000000000     
   3.3333333333333333E-002  0.66666666666666663        0.0000000000000000     
   3.3333333333333333E-002  0.69999999999999996        0.0000000000000000     
   3.3333333333333333E-002  0.73333333333333328        0.0000000000000000     
   3.3333333333333333E-002  0.76666666666666661        0.0000000000000000     
   3.3333333333333333E-002  0.80000000000000004        0.0000000000000000     
   3.3333333333333333E-002  0.83333333333333337        0.0000000000000000     
   3.3333333333333333E-002  0.86666666666666670        0.0000000000000000     
   3.3333333333333333E-002  0.90000000000000002        0.0000000000000000     
   3.3333333333333333E-002  0.93333333333333335        0.0000000000000000     
   3.3333333333333333E-002  0.96666666666666667        0.0000000000000000     
   3.3333333333333333E-002   1.0000000000000000        0.0000000000000000     

   6.6666666666666666E-002   0.0000000000000000       0.20791169081775931     
   6.6666666666666666E-002   3.3333333333333333E-002  0.14861876674145019     
   6.6666666666666666E-002   6.6666666666666666E-002   9.7391889560137043E-002
   6.6666666666666666E-002  0.10000000000000001        5.7973644253529730E-002
   6.6666666666666666E-002  0.13333333333333333        3.1090885352211533E-002
   6.6666666666666666E-002  0.16666666666666666        1.4907567154412006E-002
   6.6666666666666666E-002  0.20000000000000001        6.3426996888070715E-003
   6.6666666666666666E-002  0.23333333333333334        2.3757898223289446E-003
   6.6666666666666666E-002  0.26666666666666666        7.7664644745098260E-004
   6.6666666666666666E-002  0.29999999999999999        2.1934840422615351E-004
   6.6666666666666666E-002  0.33333333333333331        5.2873866951856557E-005
   6.6666666666666666E-002  0.36666666666666664        1.0712266550619977E-005
   6.6666666666666666E-002  0.40000000000000002        1.7878745149790364E-006
   6.6666666666666666E-002  0.43333333333333335        2.3913945373131579E-007
   6.6666666666666666E-002  0.46666666666666667        2.4626394346340527E-008
   6.6666666666666666E-002  0.50000000000000000        1.8318124235601743E-009
   6.6666666666666666E-002  0.53333333333333333        8.7553627743909443E-011
   6.6666666666666666E-002  0.56666666666666665        2.0182830310739193E-012
   6.6666666666666666E-002  0.59999999999999998        0.0000000000000000     
   6.6666666666666666E-002  0.63333333333333330        0.0000000000000000     
   6.6666666666666666E-002  0.66666666666666663        0.0000000000000000     
   6.6666666666666666E-002  0.69999999999999996        0.0000000000000000     
   6.6666666666666666E-002  0.73333333333333328        0.0000000000000000     
   6.6666666666666666E-002  0.76666666666666661        0.0000000000000000     
   6.6666666666666666E-002  0.80000000000000004        0.0000000000000000     
   6.6666666666666666E-002  0.83333333333333337        0.0000000000000000     
   6.6666666666666666E-002  0.86666666666666670        0.0000000000000000     
   6.6666666666666666E-002  0.90000000000000002        0.0000000000000000     
   6.6666666666666666E-002  0.93333333333333335        0.0000000000000000     
   6.6666666666666666E-002  0.96666666666666667        0.0000000000000000     
   6.6666666666666666E-002   1.0000000000000000        0.0000000000000000     

  0.10000000000000001        0.0000000000000000       0.30901699437494740     
  0.10000000000000001        3.3333333333333333E-002  0.22089053494548114     
  0.10000000000000001        6.6666666666666666E-002  0.14475255754016339     
  0.10000000000000001       0.10000000000000001        8.6165627482155796E-002
  0.10000000000000001       0.13333333333333333        4.6210061138013819E-002
  0.10000000000000001       0.16666666666666666        2.2156962782516096E-002
  0.10000000000000001       0.20000000000000001        9.4270889065881068E-003
  0.10000000000000001       0.23333333333333334        3.5311118257712257E-003
  0.10000000000000001       0.26666666666666666        1.1543215772971975E-003
  0.10000000000000001       0.29999999999999999        3.2601526315477957E-004
  0.10000000000000001       0.33333333333333331        7.8585881256504803E-005
  0.10000000000000001       0.36666666666666664        1.5921530912455619E-005
  0.10000000000000001       0.40000000000000002        2.6572993888191536E-006
  0.10000000000000001       0.43333333333333335        3.5543049521583606E-007
  0.10000000000000001       0.46666666666666667        3.6601955057297433E-008
  0.10000000000000001       0.50000000000000000        2.7226038476278967E-009
  0.10000000000000001       0.53333333333333333        1.3013005081932065E-010
  0.10000000000000001       0.56666666666666665        2.9997531817828275E-012
  0.10000000000000001       0.59999999999999998        0.0000000000000000     
  0.10000000000000001       0.63333333333333330        0.0000000000000000     
  0.10000000000000001       0.66666666666666663        0.0000000000000000     
  0.10000000000000001       0.69999999999999996        0.0000000000000000     
  0.10000000000000001       0.73333333333333328        0.0000000000000000     
  0.10000000000000001       0.76666666666666661        0.0000000000000000     
  0.10000000000000001       0.80000000000000004        0.0000000000000000     
  0.10000000000000001       0.83333333333333337        0.0000000000000000     
  0.10000000000000001       0.86666666666666670        0.0000000000000000     
  0.10000000000000001       0.90000000000000002        0.0000000000000000     
  0.10000000000000001       0.93333333333333335        0.0000000000000000     
  0.10000000000000001       0.96666666666666667        0.0000000000000000     
  0.10000000000000001        1.0000000000000000        0.0000000000000000     

  0.13333333333333333        0.0000000000000000       0.40673664307580015     
  0.13333333333333333        3.3333333333333333E-002  0.29074218022433324     
  0.13333333333333333        6.6666666666666666E-002  0.19052728620835965     
  0.13333333333333333       0.10000000000000001       0.11341356206477057     
  0.13333333333333333       0.13333333333333333        6.0822949823911059E-002
  0.13333333333333333       0.16666666666666666        2.9163602089732382E-002
  0.13333333333333333       0.20000000000000001        1.2408192965563385E-002
  0.13333333333333333       0.23333333333333334        4.6477462291177035E-003
  0.13333333333333333       0.26666666666666666        1.5193497183852247E-003
  0.13333333333333333       0.29999999999999999        4.2911023063720206E-004
  0.13333333333333333       0.33333333333333331        1.0343689220095389E-004
  0.13333333333333333       0.36666666666666664        2.0956355649819857E-005
  0.13333333333333333       0.40000000000000002        3.4976103344797220E-006
  0.13333333333333333       0.43333333333333335        4.6782736581615886E-007
  0.13333333333333333       0.46666666666666667        4.8176497089195088E-008
  0.13333333333333333       0.50000000000000000        3.5835658541995230E-009
  0.13333333333333333       0.53333333333333333        1.7128074182649153E-010
  0.13333333333333333       0.56666666666666665        3.9483574088934138E-012
  0.13333333333333333       0.59999999999999998        0.0000000000000000     
  0.13333333333333333       0.63333333333333330        0.0000000000000000     
  0.13333333333333333       0.66666666666666663        0.0000000000000000     
  0.13333333333333333       0.69999999999999996        0.0000000000000000     
  0.13333333333333333       0.73333333333333328        0.0000000000000000     
  0.13333333333333333       0.76666666666666661        0.0000000000000000     
  0.13333333333333333       0.80000000000000004        0.0000000000000000     
  0.13333333333333333       0.83333333333333337        0.0000000000000000     
  0.13333333333333333       0.86666666666666670        0.0000000000000000     
  0.13333333333333333       0.90000000000000002        0.0000000000000000     
  0.13333333333333333       0.93333333333333335        0.0000000000000000     
  0.13333333333333333       0.96666666666666667        0.0000000000000000     
  0.13333333333333333        1.0000000000000000        0.0000000000000000     

  0.16666666666666666        0.0000000000000000       0.49999999999999994     
  0.16666666666666666        3.3333333333333333E-002  0.35740839333493490     
  0.16666666666666666        6.6666666666666666E-002  0.23421455805845923     
  0.16666666666666666       0.10000000000000001       0.13941891392809011     
  0.16666666666666666       0.13333333333333333        7.4769449543517011E-002
  0.16666666666666666       0.16666666666666666        3.5850718869577483E-002
  0.16666666666666666       0.20000000000000001        1.5253350265826641E-002
  0.16666666666666666       0.23333333333333334        5.7134589521745400E-003
  0.16666666666666666       0.26666666666666666        1.8677315460142547E-003
  0.16666666666666666       0.29999999999999999        5.2750377663567463E-004
  0.16666666666666666       0.33333333333333331        1.2715462690888807E-004
  0.16666666666666666       0.36666666666666664        2.5761578169285322E-005
  0.16666666666666666       0.40000000000000002        4.2996007293937135E-006
  0.16666666666666666       0.43333333333333335        5.7509862189742980E-007
  0.16666666666666666       0.46666666666666667        5.9223207337403356E-008
  0.16666666666666666       0.50000000000000000        4.4052655633631754E-009
  0.16666666666666666       0.53333333333333333        2.1055484518341185E-010
  0.16666666666666666       0.56666666666666665        4.8537026059852565E-012
  0.16666666666666666       0.59999999999999998        0.0000000000000000     
  0.16666666666666666       0.63333333333333330        0.0000000000000000     
  0.16666666666666666       0.66666666666666663        0.0000000000000000     
  0.16666666666666666       0.69999999999999996        0.0000000000000000     
  0.16666666666666666       0.73333333333333328        0.0000000000000000     
  0.16666666666666666       0.76666666666666661        0.0000000000000000     
  0.16666666666666666       0.80000000000000004        0.0000000000000000     
  0.16666666666666666       0.83333333333333337        0.0000000000000000     
  0.16666666666666666       0.86666666666666670        0.0000000000000000     
  0.16666666666666666       0.90000000000000002        0.0000000000000000     
  0.16666666666666666       0.93333333333333335        0.0000000000000000     
  0.16666666666666666       0.96666666666666667        0.0000000000000000     
  0.16666666666666666        1.0000000000000000        0.0000000000000000     

  0.20000000000000001        0.0000000000000000       0.58778525229247314     
  0.20000000000000001        3.3333333333333333E-002  0.42015876529564439     
  0.20000000000000001        6.6666666666666666E-002  0.27533572619792318     
  0.20000000000000001       0.10000000000000001       0.16389676299513006     
  0.20000000000000001       0.13333333333333333        8.7896759527410967E-002
  0.20000000000000001       0.16666666666666666        4.2145047671242261E-002
  0.20000000000000001       0.20000000000000001        1.7931388668608748E-002
  0.20000000000000001       0.23333333333333334        6.7165738233332028E-003
  0.20000000000000001       0.26666666666666666        2.1956501159771987E-003
  0.20000000000000001       0.29999999999999999        6.2011788087006482E-004
  0.20000000000000001       0.33333333333333331        1.4947922891559215E-004
  0.20000000000000001       0.36666666666666664        3.0284551447371280E-005
  0.20000000000000001       0.40000000000000002        5.0544837989671705E-006
  0.20000000000000001       0.43333333333333335        6.7606897713006867E-007
  0.20000000000000001       0.46666666666666667        6.9621055732770161E-008
  0.20000000000000001       0.50000000000000000        5.1787002611535355E-009
  0.20000000000000001       0.53333333333333333        2.4752206559506881E-010
  0.20000000000000001       0.56666666666666665        5.7058696216233558E-012
  0.20000000000000001       0.59999999999999998        0.0000000000000000     
  0.20000000000000001       0.63333333333333330        0.0000000000000000     
  0.20000000000000001       0.66666666666666663        0.0000000000000000     
  0.20000000000000001       0.69999999999999996        0.0000000000000000     
  0.20000000000000001       0.73333333333333328        0.0000000000000000     
  0.20000000000000001       0.76666666666666661        0.0000000000000000     
  0.20000000000000001       0.80000000000000004        0.0000000000000000     
  0.20000000000000001       0.83333333333333337        0.0000000000000000     
  0.20000000000000001       0.86666666666666670        0.0000000000000000     
  0.20000000000000001       0.90000000000000002        0.0000000000000000     
  0.20000000000000001       0.93333333333333335        0.0000000000000000     
  0.20000000000000001       0.96666666666666667        0.0000000000000000     
  0.20000000000000001        1.0000000000000000        0.0000000000000000     

  0.23333333333333334        0.0000000000000000       0.66913060635885824     
  0.23333333333333334        3.3333333333333333E-002  0.47830578989990064     
  0.23333333333333334        6.6666666666666666E-002  0.31344025850345769     
  0.23333333333333334       0.10000000000000001       0.18657892482919278     
  0.23333333333333334       0.13333333333333333       0.10006105422034318     
  0.23333333333333334       0.16666666666666666        4.7977626511202680E-002
  0.23333333333333334       0.20000000000000001        2.0412967024753259E-002
  0.23333333333333334       0.23333333333333334        7.6461005061499929E-003
  0.23333333333333334       0.26666666666666666        2.4995126838001716E-003
  0.23333333333333334       0.29999999999999999        7.0593784383363330E-004
  0.23333333333333334       0.33333333333333331        1.7016610520975733E-004
  0.23333333333333334       0.36666666666666664        3.4475720842350028E-005
  0.23333333333333334       0.40000000000000002        5.7539888863204097E-006
  0.23333333333333334       0.43333333333333335        7.6963217917274174E-007
  0.23333333333333334       0.46666666666666667        7.9256121272386163E-008
  0.23333333333333334       0.50000000000000000        5.8953960351699988E-009
  0.23333333333333334       0.53333333333333333        2.8177738245874375E-010
  0.23333333333333334       0.56666666666666665        6.4955219356569718E-012
  0.23333333333333334       0.59999999999999998        0.0000000000000000     
  0.23333333333333334       0.63333333333333330        0.0000000000000000     
  0.23333333333333334       0.66666666666666663        0.0000000000000000     
  0.23333333333333334       0.69999999999999996        0.0000000000000000     
  0.23333333333333334       0.73333333333333328        0.0000000000000000     
  0.23333333333333334       0.76666666666666661        0.0000000000000000     
  0.23333333333333334       0.80000000000000004        0.0000000000000000     
  0.23333333333333334       0.83333333333333337        0.0000000000000000     
  0.23333333333333334       0.86666666666666670        0.0000000000000000     
  0.23333333333333334       0.90000000000000002        0.0000000000000000     
  0.23333333333333334       0.93333333333333335        0.0000000000000000     
  0.23333333333333334       0.96666666666666667        0.0000000000000000     
  0.23333333333333334        1.0000000000000000        0.0000000000000000     

  0.26666666666666666        0.0000000000000000       0.74314482547739413     
  0.26666666666666666        3.3333333333333333E-002  0.53121239617809213     
  0.26666666666666666        6.6666666666666666E-002  0.34811067374523741     
  0.26666666666666666       0.10000000000000001       0.20721688891867671     
  0.26666666666666666       0.13333333333333333       0.11112905906411556     
  0.26666666666666666       0.16666666666666666        5.3284552435142567E-002
  0.26666666666666666       0.20000000000000001        2.2670896642486605E-002
  0.26666666666666666       0.23333333333333334        8.4918549117720087E-003
  0.26666666666666666       0.26666666666666666        2.7759900676027735E-003
  0.26666666666666666       0.29999999999999999        7.8402340405316951E-004
  0.26666666666666666       0.33333333333333331        1.8898860604569761E-004
  0.26666666666666666       0.36666666666666664        3.8289167025271583E-005
  0.26666666666666666       0.40000000000000002        6.3904520673355342E-006
  0.26666666666666666       0.43333333333333335        8.5476313000451070E-007
  0.26666666666666666       0.46666666666666667        8.8022840161932313E-008
  0.26666666666666666       0.50000000000000000        6.5475006165342053E-009
  0.26666666666666666       0.53333333333333333        3.1294548735449288E-010
  0.26666666666666666       0.56666666666666665        7.2140079520881725E-012
  0.26666666666666666       0.59999999999999998        0.0000000000000000     
  0.26666666666666666       0.63333333333333330        0.0000000000000000     
  0.26666666666666666       0.66666666666666663        0.0000000000000000     
  0.26666666666666666       0.69999999999999996        0.0000000000000000     
  0.26666666666666666       0.73333333333333328        0.0000000000000000     
  0.26666666666666666       0.76666666666666661        0.0000000000000000     
  0.26666666666666666       0.80000000000000004        0.0000000000000000     
  0.26666666666666666       0.83333333333333337        0.0000000000000000     
  0.26666666666666666       0.86666666666666670        0.0000000000000000     
  0.26666666666666666       0.90000000000000002        0.0000000000000000     
  0.26666666666666666       0.93333333333333335        0.0000000000000000     
  0.26666666666666666       0.96666666666666667        0.0000000000000000     
  0.26666666666666666        1.0000000000000000        0.0000000000000000     

  0.29999999999999999        0.0000000000000000       0.80901699437494745     
  0.29999999999999999        3.3333333333333333E-002  0.57829892828041607     
  0.29999999999999999        6.6666666666666666E-002  0.37896711559862267     
  0.29999999999999999       0.10000000000000001       0.22558454141024586     
  0.29999999999999999       0.13333333333333333       0.12097951068153083     
  0.29999999999999999       0.16666666666666666        5.8007681652093579E-002
  0.29999999999999999       0.20000000000000001        2.4680439172414748E-002
  0.29999999999999999       0.23333333333333334        9.2445707779457657E-003
  0.29999999999999999       0.26666666666666666        3.0220531233114516E-003
  0.29999999999999999       0.29999999999999999        8.5351903979045420E-004
  0.29999999999999999       0.33333333333333331        2.0574050816539284E-004
  0.29999999999999999       0.36666666666666664        4.1683109081740941E-005
  0.29999999999999999       0.40000000000000002        6.9569001182128671E-006
  0.29999999999999999       0.43333333333333335        9.3052911711326576E-007
  0.29999999999999999       0.46666666666666667        9.5825162394700801E-008
  0.29999999999999999       0.50000000000000000        7.1278694109910730E-009
  0.29999999999999999       0.53333333333333333        3.4068489600273258E-010
  0.29999999999999999       0.56666666666666665        7.8534557877680880E-012
  0.29999999999999999       0.59999999999999998        0.0000000000000000     
  0.29999999999999999       0.63333333333333330        0.0000000000000000     
  0.29999999999999999       0.66666666666666663        0.0000000000000000     
  0.29999999999999999       0.69999999999999996        0.0000000000000000     
  0.29999999999999999       0.73333333333333328        0.0000000000000000     
  0.29999999999999999       0.76666666666666661        0.0000000000000000     
  0.29999999999999999       0.80000000000000004        0.0000000000000000     
  0.29999999999999999       0.83333333333333337        0.0000000000000000     
  0.29999999999999999       0.86666666666666670        0.0000000000000000     
  0.29999999999999999       0.90000000000000002        0.0000000000000000     
  0.29999999999999999       0.93333333333333335        0.0000000000000000     
  0.29999999999999999       0.96666666666666667        0.0000000000000000     
  0.29999999999999999        1.0000000000000000        0.0000000000000000     

  0.33333333333333331        0.0000000000000000       0.86602540378443860     
  0.33333333333333331        3.3333333333333333E-002  0.61904949630766892     
  0.33333333333333331        6.6666666666666666E-002  0.40567151442954202     
  0.33333333333333331       0.10000000000000001       0.24148064245952425     
  0.33333333333333331       0.13333333333333333       0.12950448546332904     
  0.33333333333333331       0.16666666666666666        6.2095266569976472E-002
  0.33333333333333331       0.20000000000000001        2.6419577646055983E-002
  0.33333333333333331       0.23333333333333334        9.8960011921255444E-003
  0.33333333333333331       0.26666666666666666        3.2350059325958569E-003
  0.33333333333333331       0.29999999999999999        9.1366334231745292E-004
  0.33333333333333331       0.33333333333333331        2.2023827422365890E-004
  0.33333333333333331       0.36666666666666664        4.4620362272359385E-005
  0.33333333333333331       0.40000000000000002        7.4471269155701130E-006
  0.33333333333333331       0.43333333333333335        9.9610003248919137E-007
  0.33333333333333331       0.46666666666666667        1.0257760409556856E-007
  0.33333333333333331       0.50000000000000000        7.6301437765785553E-009
  0.33333333333333331       0.53333333333333333        3.6469168963746849E-010
  0.33333333333333331       0.56666666666666665        8.4068595183959311E-012
  0.33333333333333331       0.59999999999999998        0.0000000000000000     
  0.33333333333333331       0.63333333333333330        0.0000000000000000     
  0.33333333333333331       0.66666666666666663        0.0000000000000000     
  0.33333333333333331       0.69999999999999996        0.0000000000000000     
  0.33333333333333331       0.73333333333333328        0.0000000000000000     
  0.33333333333333331       0.76666666666666661        0.0000000000000000     
  0.33333333333333331       0.80000000000000004        0.0000000000000000     
  0.33333333333333331       0.83333333333333337        0.0000000000000000     
  0.33333333333333331       0.86666666666666670        0.0000000000000000     
  0.33333333333333331       0.90000000000000002        0.0000000000000000     
  0.33333333333333331       0.93333333333333335        0.0000000000000000     
  0.33333333333333331       0.96666666666666667        0.0000000000000000     
  0.33333333333333331        1.0000000000000000        0.0000000000000000     

  0.36666666666666664        0.0000000000000000       0.91354545764260087     
  0.36666666666666664        3.3333333333333333E-002  0.65301762850893963     
  0.36666666666666664        6.6666666666666666E-002  0.42793129125614932     
  0.36666666666666664       0.10000000000000001       0.25473103105694289     
  0.36666666666666664       0.13333333333333333       0.13661058200183521     
  0.36666666666666664       0.16666666666666666        6.5502522753048784E-002
  0.36666666666666664       0.20000000000000001        2.7869257698354976E-002
  0.36666666666666664       0.23333333333333334        1.0439008946373011E-002
  0.36666666666666664       0.26666666666666666        3.4125153399142292E-003
  0.36666666666666664       0.29999999999999999        9.6379735806967543E-004
  0.36666666666666664       0.33333333333333331        2.3232306366170865E-004
  0.36666666666666664       0.36666666666666664        4.7068745436510781E-005
  0.36666666666666664       0.40000000000000002        7.8557614320288788E-006
  0.36666666666666664       0.43333333333333335        1.0507574674618332E-006
  0.36666666666666664       0.46666666666666667        1.0820618410022156E-007
  0.36666666666666664       0.50000000000000000        8.0488206902396035E-009
  0.36666666666666664       0.53333333333333333        3.8470284480389407E-010
  0.36666666666666664       0.56666666666666665        8.8681559368917732E-012
  0.36666666666666664       0.59999999999999998        0.0000000000000000     
  0.36666666666666664       0.63333333333333330        0.0000000000000000     
  0.36666666666666664       0.66666666666666663        0.0000000000000000     
  0.36666666666666664       0.69999999999999996        0.0000000000000000     
  0.36666666666666664       0.73333333333333328        0.0000000000000000     
  0.36666666666666664       0.76666666666666661        0.0000000000000000     
  0.36666666666666664       0.80000000000000004        0.0000000000000000     
  0.36666666666666664       0.83333333333333337        0.0000000000000000     
  0.36666666666666664       0.86666666666666670        0.0000000000000000     
  0.36666666666666664       0.90000000000000002        0.0000000000000000     
  0.36666666666666664       0.93333333333333335        0.0000000000000000     
  0.36666666666666664       0.96666666666666667        0.0000000000000000     
  0.36666666666666664        1.0000000000000000        0.0000000000000000     

  0.40000000000000002        0.0000000000000000       0.95105651629515353     
  0.40000000000000002        3.3333333333333333E-002  0.67983116291954238     
  0.40000000000000002        6.6666666666666666E-002  0.44550256330537447     
  0.40000000000000002       0.10000000000000001       0.26519053317220642     
  0.40000000000000002       0.13333333333333333       0.14221994441632707     
  0.40000000000000002       0.16666666666666666        6.8192119589554581E-002
  0.40000000000000002       0.20000000000000001        2.9013596331293679E-002
  0.40000000000000002       0.23333333333333334        1.0867644734100955E-002
  0.40000000000000002       0.26666666666666666        3.5526365150537571E-003
  0.40000000000000002       0.29999999999999999        1.0033718082793231E-003
  0.40000000000000002       0.33333333333333331        2.4186247299755418E-004
  0.40000000000000002       0.36666666666666664        4.9001433575891546E-005
  0.40000000000000002       0.40000000000000002        8.1783265823145721E-006
  0.40000000000000002       0.43333333333333335        1.0939025837358264E-006
  0.40000000000000002       0.46666666666666667        1.1264923450827283E-007
  0.40000000000000002       0.50000000000000000        8.3793130400943780E-009
  0.40000000000000002       0.53333333333333333        4.0049911509840234E-010
  0.40000000000000002       0.56666666666666665        9.2322909831620966E-012
  0.40000000000000002       0.59999999999999998        0.0000000000000000     
  0.40000000000000002       0.63333333333333330        0.0000000000000000     
  0.40000000000000002       0.66666666666666663        0.0000000000000000     
  0.40000000000000002       0.69999999999999996        0.0000000000000000     
  0.40000000000000002       0.73333333333333328        0.0000000000000000     
  0.40000000000000002       0.76666666666666661        0.0000000000000000     
  0.40000000000000002       0.80000000000000004        0.0000000000000000     
  0.40000000000000002       0.83333333333333337        0.0000000000000000     
  0.40000000000000002       0.86666666666666670        0.0000000000000000     
  0.40000000000000002       0.90000000000000002        0.0000000000000000     
  0.40000000000000002       0.93333333333333335        0.0000000000000000     
  0.40000000000000002       0.96666666666666667        0.0000000000000000     
  0.40000000000000002        1.0000000000000000        0.0000000000000000     

  0.43333333333333335        0.0000000000000000       0.97814760073380569     
  0.43333333333333335        3.3333333333333333E-002  0.69919632484538174     
  0.43333333333333335        6.6666666666666666E-002  0.45819281604362111     
  0.43333333333333335       0.10000000000000001       0.27274455231134853     
  0.43333333333333335       0.13333333333333333       0.14627111535835696     
  0.43333333333333335       0.16666666666666666        7.0134589293718769E-002
  0.43333333333333335       0.20000000000000001        2.9840055931341369E-002
  0.43333333333333335       0.23333333333333334        1.1177212331921219E-002
  0.43333333333333335       0.26666666666666666        3.6538342610973693E-003
  0.43333333333333335       0.29999999999999999        1.0319531069884129E-003
  0.43333333333333335       0.33333333333333331        2.4875198646626216E-004
  0.43333333333333335       0.36666666666666664        5.0397251754805641E-005
  0.43333333333333335       0.40000000000000002        8.4112882751395633E-006
  0.43333333333333335       0.43333333333333335        1.1250626743885780E-006
  0.43333333333333335       0.46666666666666667        1.1585807632968361E-007
  0.43333333333333335       0.50000000000000000        8.6179998827978939E-009
  0.43333333333333335       0.53333333333333333        4.1190743327806445E-010
  0.43333333333333335       0.56666666666666665        9.4952751174397985E-012
  0.43333333333333335       0.59999999999999998        0.0000000000000000     
  0.43333333333333335       0.63333333333333330        0.0000000000000000     
  0.43333333333333335       0.66666666666666663        0.0000000000000000     
  0.43333333333333335       0.69999999999999996        0.0000000000000000     
  0.43333333333333335       0.73333333333333328        0.0000000000000000     
  0.43333333333333335       0.76666666666666661        0.0000000000000000     
  0.43333333333333335       0.80000000000000004        0.0000000000000000     
  0.43333333333333335       0.83333333333333337        0.0000000000000000     
  0.43333333333333335       0.86666666666666670        0.0000000000000000     
  0.43333333333333335       0.90000000000000002        0.0000000000000000     
  0.43333333333333335       0.93333333333333335        0.0000000000000000     
  0.43333333333333335       0.96666666666666667        0.0000000000000000     
  0.43333333333333335        1.0000000000000000        0.0000000000000000     

  0.46666666666666667        0.0000000000000000       0.99452189536827329     
  0.46666666666666667        3.3333333333333333E-002  0.71090094551997762     
  0.46666666666666667        6.6666666666666666E-002  0.46586301240628281     
  0.46666666666666667       0.10000000000000001       0.27731032505990061     
  0.46666666666666667       0.13333333333333333       0.14871970935132200     
  0.46666666666666667       0.16666666666666666        7.1308649760974646E-002
  0.46666666666666667       0.20000000000000001        3.0339581634172136E-002
  0.46666666666666667       0.23333333333333334        1.1364320052450905E-002
  0.46666666666666667       0.26666666666666666        3.7149998343624234E-003
  0.46666666666666667       0.29999999999999999        1.0492281115072669E-003
  0.46666666666666667       0.33333333333333331        2.5291612111654605E-004
  0.46666666666666667       0.36666666666666664        5.1240907097191134E-005
  0.46666666666666667       0.40000000000000002        8.5520941334468925E-006
  0.46666666666666667       0.43333333333333335        1.1438963429462275E-006
  0.46666666666666667       0.46666666666666667        1.1779755282196522E-007
  0.46666666666666667       0.50000000000000000        8.7622661153530609E-009
  0.46666666666666667       0.53333333333333333        4.1880280742156031E-010
  0.46666666666666667       0.56666666666666665        9.6542270305167713E-012
  0.46666666666666667       0.59999999999999998        0.0000000000000000     
  0.46666666666666667       0.63333333333333330        0.0000000000000000     
  0.46666666666666667       0.66666666666666663        0.0000000000000000     
  0.46666666666666667       0.69999999999999996        0.0000000000000000     
  0.46666666666666667       0.73333333333333328        0.0000000000000000     
  0.46666666666666667       0.76666666666666661        0.0000000000000000     
  0.46666666666666667       0.80000000000000004        0.0000000000000000     
  0.46666666666666667       0.83333333333333337        0.0000000000000000     
  0.46666666666666667       0.86666666666666670        0.0000000000000000     
  0.46666666666666667       0.90000000000000002        0.0000000000000000     
  0.46666666666666667       0.93333333333333335        0.0000000000000000     
  0.46666666666666667       0.96666666666666667        0.0000000000000000     
  0.46666666666666667        1.0000000000000000        0.0000000000000000     

  0.50000000000000000        0.0000000000000000        1.0000000000000000     
  0.50000000000000000        3.3333333333333333E-002  0.71481678666986981     
  0.50000000000000000        6.6666666666666666E-002  0.46842911611691851     
  0.50000000000000000       0.10000000000000001       0.27883782785618016     
  0.50000000000000000       0.13333333333333333       0.14953889908703402     
  0.50000000000000000       0.16666666666666666        7.1701437739154966E-002
  0.50000000000000000       0.20000000000000001        3.0506700531653282E-002
  0.50000000000000000       0.23333333333333334        1.1426917904349080E-002
  0.50000000000000000       0.26666666666666666        3.7354630920285086E-003
  0.50000000000000000       0.29999999999999999        1.0550075532713493E-003
  0.50000000000000000       0.33333333333333331        2.5430925381777613E-004
  0.50000000000000000       0.36666666666666664        5.1523156338570644E-005
  0.50000000000000000       0.40000000000000002        8.5992014587874270E-006
  0.50000000000000000       0.43333333333333335        1.1501972437948594E-006
  0.50000000000000000       0.46666666666666667        1.1844641467480674E-007
  0.50000000000000000       0.50000000000000000        8.8105311267263525E-009
  0.50000000000000000       0.53333333333333333        4.2110969036682376E-010
  0.50000000000000000       0.56666666666666665        9.7074052119705145E-012
  0.50000000000000000       0.59999999999999998        0.0000000000000000     
  0.50000000000000000       0.63333333333333330        0.0000000000000000     
  0.50000000000000000       0.66666666666666663        0.0000000000000000     
  0.50000000000000000       0.69999999999999996        0.0000000000000000     
  0.50000000000000000       0.73333333333333328        0.0000000000000000     
  0.50000000000000000       0.76666666666666661        0.0000000000000000     
  0.50000000000000000       0.80000000000000004        0.0000000000000000     
  0.50000000000000000       0.83333333333333337        0.0000000000000000     
  0.50000000000000000       0.86666666666666670        0.0000000000000000     
  0.50000000000000000       0.90000000000000002        0.0000000000000000     
  0.50000000000000000       0.93333333333333335        0.0000000000000000     
  0.50000000000000000       0.96666666666666667        0.0000000000000000     
  0.50000000000000000        1.0000000000000000        0.0000000000000000     

  0.53333333333333333        0.0000000000000000       0.99452189536827340     
  0.53333333333333333        3.3333333333333333E-002  0.71090094551997762     
  0.53333333333333333        6.6666666666666666E-002  0.46586301240628275     
  0.53333333333333333       0.10000000000000001       0.27731032505990066     
  0.53333333333333333       0.13333333333333333       0.14871970935132203     
  0.53333333333333333       0.16666666666666666        7.1308649760974646E-002
  0.53333333333333333       0.20000000000000001        3.0339581634172136E-002
  0.53333333333333333       0.23333333333333334        1.1364320052450905E-002
  0.53333333333333333       0.26666666666666666        3.7149998343624234E-003
  0.53333333333333333       0.29999999999999999        1.0492281115072669E-003
  0.53333333333333333       0.33333333333333331        2.5291612111654605E-004
  0.53333333333333333       0.36666666666666664        5.1240907097191134E-005
  0.53333333333333333       0.40000000000000002        8.5520941334468925E-006
  0.53333333333333333       0.43333333333333335        1.1438963429462275E-006
  0.53333333333333333       0.46666666666666667        1.1779755282196522E-007
  0.53333333333333333       0.50000000000000000        8.7622661153530609E-009
  0.53333333333333333       0.53333333333333333        4.1880280742156031E-010
  0.53333333333333333       0.56666666666666665        9.6542270305167713E-012
  0.53333333333333333       0.59999999999999998        0.0000000000000000     
  0.53333333333333333       0.63333333333333330        0.0000000000000000     
  0.53333333333333333       0.66666666666666663        0.0000000000000000     
  0.53333333333333333       0.69999999999999996        0.0000000000000000     
  0.53333333333333333       0.73333333333333328        0.0000000000000000     
  0.53333333333333333       0.76666666666666661        0.0000000000000000     
  0.53333333333333333       0.80000000000000004        0.0000000000000000     
  0.53333333333333333       0.83333333333333337        0.0000000000000000     
  0.53333333333333333       0.86666666666666670        0.0000000000000000     
  0.53333333333333333       0.90000000000000002        0.0000000000000000     
  0.53333333333333333       0.93333333333333335        0.0000000000000000     
  0.53333333333333333       0.96666666666666667        0.0000000000000000     
  0.53333333333333333        1.0000000000000000        0.0000000000000000     

  0.56666666666666665        0.0000000000000000       0.97814760073380569     
  0.56666666666666665        3.3333333333333333E-002  0.69919632484538186     
  0.56666666666666665        6.6666666666666666E-002  0.45819281604362111     
  0.56666666666666665       0.10000000000000001       0.27274455231134853     
  0.56666666666666665       0.13333333333333333       0.14627111535835702     
  0.56666666666666665       0.16666666666666666        7.0134589293718783E-002
  0.56666666666666665       0.20000000000000001        2.9840055931341369E-002
  0.56666666666666665       0.23333333333333334        1.1177212331921219E-002
  0.56666666666666665       0.26666666666666666        3.6538342610973693E-003
  0.56666666666666665       0.29999999999999999        1.0319531069884129E-003
  0.56666666666666665       0.33333333333333331        2.4875198646626216E-004
  0.56666666666666665       0.36666666666666664        5.0397251754805641E-005
  0.56666666666666665       0.40000000000000002        8.4112882751395633E-006
  0.56666666666666665       0.43333333333333335        1.1250626743885780E-006
  0.56666666666666665       0.46666666666666667        1.1585807632968361E-007
  0.56666666666666665       0.50000000000000000        8.6179998827978939E-009
  0.56666666666666665       0.53333333333333333        4.1190743327806445E-010
  0.56666666666666665       0.56666666666666665        9.4952751174397985E-012
  0.56666666666666665       0.59999999999999998        0.0000000000000000     
  0.56666666666666665       0.63333333333333330        0.0000000000000000     
  0.56666666666666665       0.66666666666666663        0.0000000000000000     
  0.56666666666666665       0.69999999999999996        0.0000000000000000     
  0.56666666666666665       0.73333333333333328        0.0000000000000000     
  0.56666666666666665       0.76666666666666661        0.0000000000000000     
  0.56666666666666665       0.80000000000000004        0.0000000000000000     
  0.56666666666666665       0.83333333333333337        0.0000000000000000     
  0.56666666666666665       0.86666666666666670        0.0000000000000000     
  0.56666666666666665       0.90000000000000002        0.0000000000000000     
  0.56666666666666665       0.93333333333333335        0.0000000000000000     
  0.56666666666666665       0.96666666666666667        0.0000000000000000     
  0.56666666666666665        1.0000000000000000        0.0000000000000000     

  0.59999999999999998        0.0000000000000000       0.95105651629515364     
  0.59999999999999998        3.3333333333333333E-002  0.67983116291954249     
  0.59999999999999998        6.6666666666666666E-002  0.44550256330537452     
  0.59999999999999998       0.10000000000000001       0.26519053317220648     
  0.59999999999999998       0.13333333333333333       0.14221994441632710     
  0.59999999999999998       0.16666666666666666        6.8192119589554581E-002
  0.59999999999999998       0.20000000000000001        2.9013596331293683E-002
  0.59999999999999998       0.23333333333333334        1.0867644734100955E-002
  0.59999999999999998       0.26666666666666666        3.5526365150537567E-003
  0.59999999999999998       0.29999999999999999        1.0033718082793233E-003
  0.59999999999999998       0.33333333333333331        2.4186247299755423E-004
  0.59999999999999998       0.36666666666666664        4.9001433575891567E-005
  0.59999999999999998       0.40000000000000002        8.1783265823145738E-006
  0.59999999999999998       0.43333333333333335        1.0939025837358264E-006
  0.59999999999999998       0.46666666666666667        1.1264923450827283E-007
  0.59999999999999998       0.50000000000000000        8.3793130400943780E-009
  0.59999999999999998       0.53333333333333333        4.0049911509840223E-010
  0.59999999999999998       0.56666666666666665        9.2322909831620966E-012
  0.59999999999999998       0.59999999999999998        0.0000000000000000     
  0.59999999999999998       0.63333333333333330        0.0000000000000000     
  0.59999999999999998       0.66666666666666663        0.0000000000000000     
  0.59999999999999998       0.69999999999999996        0.0000000000000000     
  0.59999999999999998       0.73333333333333328        0.0000000000000000     
  0.59999999999999998       0.76666666666666661        0.0000000000000000     
  0.59999999999999998       0.80000000000000004        0.0000000000000000     
  0.59999999999999998       0.83333333333333337        0.0000000000000000     
  0.59999999999999998       0.86666666666666670        0.0000000000000000     
  0.59999999999999998       0.90000000000000002        0.0000000000000000     
  0.59999999999999998       0.93333333333333335        0.0000000000000000     
  0.59999999999999998       0.96666666666666667        0.0000000000000000     
  0.59999999999999998        1.0000000000000000        0.0000000000000000     

  0.63333333333333330        0.0000000000000000       0.91354545764260098     
  0.63333333333333330        3.3333333333333333E-002  0.65301762850893963     
  0.63333333333333330        6.6666666666666666E-002  0.42793129125614937     
  0.63333333333333330       0.10000000000000001       0.25473103105694289     
  0.63333333333333330       0.13333333333333333       0.13661058200183521     
  0.63333333333333330       0.16666666666666666        6.5502522753048784E-002
  0.63333333333333330       0.20000000000000001        2.7869257698354979E-002
  0.63333333333333330       0.23333333333333334        1.0439008946373011E-002
  0.63333333333333330       0.26666666666666666        3.4125153399142292E-003
  0.63333333333333330       0.29999999999999999        9.6379735806967543E-004
  0.63333333333333330       0.33333333333333331        2.3232306366170871E-004
  0.63333333333333330       0.36666666666666664        4.7068745436510794E-005
  0.63333333333333330       0.40000000000000002        7.8557614320288805E-006
  0.63333333333333330       0.43333333333333335        1.0507574674618334E-006
  0.63333333333333330       0.46666666666666667        1.0820618410022156E-007
  0.63333333333333330       0.50000000000000000        8.0488206902396035E-009
  0.63333333333333330       0.53333333333333333        3.8470284480389407E-010
  0.63333333333333330       0.56666666666666665        8.8681559368917732E-012
  0.63333333333333330       0.59999999999999998        0.0000000000000000     
  0.63333333333333330       0.63333333333333330        0.0000000000000000     
  0.63333333333333330       0.66666666666666663        0.0000000000000000     
  0.63333333333333330       0.69999999999999996        0.0000000000000000     
  0.63333333333333330       0.73333333333333328        0.0000000000000000     
  0.63333333333333330       0.76666666666666661        0.0000000000000000     
  0.63333333333333330       0.80000000000000004        0.0000000000000000     
  0.63333333333333330       0.83333333333333337        0.0000000000000000     
  0.63333333333333330       0.86666666666666670        0.0000000000000000     
  0.63333333333333330       0.90000000000000002        0.0000000000000000     
  0.63333333333333330       0.93333333333333335        0.0000000000000000     
  0.63333333333333330       0.96666666666666667        0.0000000000000000     
  0.63333333333333330        1.0000000000000000        0.0000000000000000     

  0.66666666666666663        0.0000000000000000       0.86602540378443871     
  0.66666666666666663        3.3333333333333333E-002  0.61904949630766903     
  0.66666666666666663        6.6666666666666666E-002  0.40567151442954208     
  0.66666666666666663       0.10000000000000001       0.24148064245952428     
  0.66666666666666663       0.13333333333333333       0.12950448546332907     
  0.66666666666666663       0.16666666666666666        6.2095266569976472E-002
  0.66666666666666663       0.20000000000000001        2.6419577646055983E-002
  0.66666666666666663       0.23333333333333334        9.8960011921255461E-003
  0.66666666666666663       0.26666666666666666        3.2350059325958573E-003
  0.66666666666666663       0.29999999999999999        9.1366334231745313E-004
  0.66666666666666663       0.33333333333333331        2.2023827422365890E-004
  0.66666666666666663       0.36666666666666664        4.4620362272359399E-005
  0.66666666666666663       0.40000000000000002        7.4471269155701156E-006
  0.66666666666666663       0.43333333333333335        9.9610003248919159E-007
  0.66666666666666663       0.46666666666666667        1.0257760409556856E-007
  0.66666666666666663       0.50000000000000000        7.6301437765785553E-009
  0.66666666666666663       0.53333333333333333        3.6469168963746849E-010
  0.66666666666666663       0.56666666666666665        8.4068595183959311E-012
  0.66666666666666663       0.59999999999999998        0.0000000000000000     
  0.66666666666666663       0.63333333333333330        0.0000000000000000     
  0.66666666666666663       0.66666666666666663        0.0000000000000000     
  0.66666666666666663       0.69999999999999996        0.0000000000000000     
  0.66666666666666663       0.73333333333333328        0.0000000000000000     
  0.66666666666666663       0.76666666666666661        0.0000000000000000     
  0.66666666666666663       0.80000000000000004        0.0000000000000000     
  0.66666666666666663       0.83333333333333337        0.0000000000000000     
  0.66666666666666663       0.86666666666666670        0.0000000000000000     
  0.66666666666666663       0.90000000000000002        0.0000000000000000     
  0.66666666666666663       0.93333333333333335        0.0000000000000000     
  0.66666666666666663       0.96666666666666667        0.0000000000000000     
  0.66666666666666663        1.0000000000000000        0.0000000000000000     

  0.69999999999999996        0.0000000000000000       0.80901699437494745     
  0.69999999999999996        3.3333333333333333E-002  0.57829892828041618     
  0.69999999999999996        6.6666666666666666E-002  0.37896711559862273     
  0.69999999999999996       0.10000000000000001       0.22558454141024592     
  0.69999999999999996       0.13333333333333333       0.12097951068153084     
  0.69999999999999996       0.16666666666666666        5.8007681652093586E-002
  0.69999999999999996       0.20000000000000001        2.4680439172414755E-002
  0.69999999999999996       0.23333333333333334        9.2445707779457674E-003
  0.69999999999999996       0.26666666666666666        3.0220531233114524E-003
  0.69999999999999996       0.29999999999999999        8.5351903979045442E-004
  0.69999999999999996       0.33333333333333331        2.0574050816539290E-004
  0.69999999999999996       0.36666666666666664        4.1683109081740941E-005
  0.69999999999999996       0.40000000000000002        6.9569001182128679E-006
  0.69999999999999996       0.43333333333333335        9.3052911711326607E-007
  0.69999999999999996       0.46666666666666667        9.5825162394700815E-008
  0.69999999999999996       0.50000000000000000        7.1278694109910738E-009
  0.69999999999999996       0.53333333333333333        3.4068489600273263E-010
  0.69999999999999996       0.56666666666666665        7.8534557877680880E-012
  0.69999999999999996       0.59999999999999998        0.0000000000000000     
  0.69999999999999996       0.63333333333333330        0.0000000000000000     
  0.69999999999999996       0.66666666666666663        0.0000000000000000     
  0.69999999999999996       0.69999999999999996        0.0000000000000000     
  0.69999999999999996       0.73333333333333328        0.0000000000000000     
  0.69999999999999996       0.76666666666666661        0.0000000000000000     
  0.69999999999999996       0.80000000000000004        0.0000000000000000     
  0.69999999999999996       0.83333333333333337        0.0000000000000000     
  0.69999999999999996       0.86666666666666670        0.0000000000000000     
  0.69999999999999996       0.90000000000000002        0.0000000000000000     
  0.69999999999999996       0.93333333333333335        0.0000000000000000     
  0.69999999999999996       0.96666666666666667        0.0000000000000000     
  0.69999999999999996        1.0000000000000000        0.0000000000000000     

  0.73333333333333328        0.0000000000000000       0.74314482547739447     
  0.73333333333333328        3.3333333333333333E-002  0.53121239617809235     
  0.73333333333333328        6.6666666666666666E-002  0.34811067374523752     
  0.73333333333333328       0.10000000000000001       0.20721688891867676     
  0.73333333333333328       0.13333333333333333       0.11112905906411558     
  0.73333333333333328       0.16666666666666666        5.3284552435142581E-002
  0.73333333333333328       0.20000000000000001        2.2670896642486612E-002
  0.73333333333333328       0.23333333333333334        8.4918549117720104E-003
  0.73333333333333328       0.26666666666666666        2.7759900676027740E-003
  0.73333333333333328       0.29999999999999999        7.8402340405316962E-004
  0.73333333333333328       0.33333333333333331        1.8898860604569764E-004
  0.73333333333333328       0.36666666666666664        3.8289167025271583E-005
  0.73333333333333328       0.40000000000000002        6.3904520673355368E-006
  0.73333333333333328       0.43333333333333335        8.5476313000451091E-007
  0.73333333333333328       0.46666666666666667        8.8022840161932340E-008
  0.73333333333333328       0.50000000000000000        6.5475006165342061E-009
  0.73333333333333328       0.53333333333333333        3.1294548735449288E-010
  0.73333333333333328       0.56666666666666665        7.2140079520881782E-012
  0.73333333333333328       0.59999999999999998        0.0000000000000000     
  0.73333333333333328       0.63333333333333330        0.0000000000000000     
  0.73333333333333328       0.66666666666666663        0.0000000000000000     
  0.73333333333333328       0.69999999999999996        0.0000000000000000     
  0.73333333333333328       0.73333333333333328        0.0000000000000000     
  0.73333333333333328       0.76666666666666661        0.0000000000000000     
  0.73333333333333328       0.80000000000000004        0.0000000000000000     
  0.73333333333333328       0.83333333333333337        0.0000000000000000     
  0.73333333333333328       0.86666666666666670        0.0000000000000000     
  0.73333333333333328       0.90000000000000002        0.0000000000000000     
  0.73333333333333328       0.93333333333333335        0.0000000000000000     
  0.73333333333333328       0.96666666666666667        0.0000000000000000     
  0.73333333333333328        1.0000000000000000        0.0000000000000000     

  0.76666666666666661        0.0000000000000000       0.66913060635885835     
  0.76666666666666661        3.3333333333333333E-002  0.47830578989990069     
  0.76666666666666661        6.6666666666666666E-002  0.31344025850345775     
  0.76666666666666661       0.10000000000000001       0.18657892482919280     
  0.76666666666666661       0.13333333333333333       0.10006105422034320     
  0.76666666666666661       0.16666666666666666        4.7977626511202687E-002
  0.76666666666666661       0.20000000000000001        2.0412967024753266E-002
  0.76666666666666661       0.23333333333333334        7.6461005061499946E-003
  0.76666666666666661       0.26666666666666666        2.4995126838001716E-003
  0.76666666666666661       0.29999999999999999        7.0593784383363341E-004
  0.76666666666666661       0.33333333333333331        1.7016610520975733E-004
  0.76666666666666661       0.36666666666666664        3.4475720842350028E-005
  0.76666666666666661       0.40000000000000002        5.7539888863204097E-006
  0.76666666666666661       0.43333333333333335        7.6963217917274195E-007
  0.76666666666666661       0.46666666666666667        7.9256121272386202E-008
  0.76666666666666661       0.50000000000000000        5.8953960351699996E-009
  0.76666666666666661       0.53333333333333333        2.8177738245874396E-010
  0.76666666666666661       0.56666666666666665        6.4955219356569718E-012
  0.76666666666666661       0.59999999999999998        0.0000000000000000     
  0.76666666666666661       0.63333333333333330        0.0000000000000000     
  0.76666666666666661       0.66666666666666663        0.0000000000000000     
  0.76666666666666661       0.69999999999999996        0.0000000000000000     
  0.76666666666666661       0.73333333333333328        0.0000000000000000     
  0.76666666666666661       0.76666666666666661        0.0000000000000000     
  0.76666666666666661       0.80000000000000004        0.0000000000000000     
  0.76666666666666661       0.83333333333333337        0.0000000000000000     
  0.76666666666666661       0.86666666666666670        0.0000000000000000     
  0.76666666666666661       0.90000000000000002        0.0000000000000000     
  0.76666666666666661       0.93333333333333335        0.0000000000000000     
  0.76666666666666661       0.96666666666666667        0.0000000000000000     
  0.76666666666666661        1.0000000000000000        0.0000000000000000     

  0.80000000000000004        0.0000000000000000       0.58778525229247325     
  0.80000000000000004        3.3333333333333333E-002  0.42015876529564444     
  0.80000000000000004        6.6666666666666666E-002  0.27533572619792313     
  0.80000000000000004       0.10000000000000001       0.16389676299513006     
  0.80000000000000004       0.13333333333333333        8.7896759527410981E-002
  0.80000000000000004       0.16666666666666666        4.2145047671242261E-002
  0.80000000000000004       0.20000000000000001        1.7931388668608748E-002
  0.80000000000000004       0.23333333333333334        6.7165738233332037E-003
  0.80000000000000004       0.26666666666666666        2.1956501159771991E-003
  0.80000000000000004       0.29999999999999999        6.2011788087006482E-004
  0.80000000000000004       0.33333333333333331        1.4947922891559215E-004
  0.80000000000000004       0.36666666666666664        3.0284551447371280E-005
  0.80000000000000004       0.40000000000000002        5.0544837989671705E-006
  0.80000000000000004       0.43333333333333335        6.7606897713006867E-007
  0.80000000000000004       0.46666666666666667        6.9621055732770174E-008
  0.80000000000000004       0.50000000000000000        5.1787002611535371E-009
  0.80000000000000004       0.53333333333333333        2.4752206559506886E-010
  0.80000000000000004       0.56666666666666665        5.7058696216233599E-012
  0.80000000000000004       0.59999999999999998        0.0000000000000000     
  0.80000000000000004       0.63333333333333330        0.0000000000000000     
  0.80000000000000004       0.66666666666666663        0.0000000000000000     
  0.80000000000000004       0.69999999999999996        0.0000000000000000     
  0.80000000000000004       0.73333333333333328        0.0000000000000000     
  0.80000000000000004       0.76666666666666661        0.0000000000000000     
  0.80000000000000004       0.80000000000000004        0.0000000000000000     
  0.80000000000000004       0.83333333333333337        0.0000000000000000     
  0.80000000000000004       0.86666666666666670        0.0000000000000000     
  0.80000000000000004       0.90000000000000002        0.0000000000000000     
  0.80000000000000004       0.93333333333333335        0.0000000000000000     
  0.80000000000000004       0.96666666666666667        0.0000000000000000     
  0.80000000000000004        1.0000000000000000        0.0000000000000000     

  0.83333333333333337        0.0000000000000000       0.49999999999999994     
  0.83333333333333337        3.3333333333333333E-002  0.35740839333493490     
  0.83333333333333337        6.6666666666666666E-002  0.23421455805845925     
  0.83333333333333337       0.10000000000000001       0.13941891392809011     
  0.83333333333333337       0.13333333333333333        7.4769449543517011E-002
  0.83333333333333337       0.16666666666666666        3.5850718869577490E-002
  0.83333333333333337       0.20000000000000001        1.5253350265826643E-002
  0.83333333333333337       0.23333333333333334        5.7134589521745409E-003
  0.83333333333333337       0.26666666666666666        1.8677315460142545E-003
  0.83333333333333337       0.29999999999999999        5.2750377663567463E-004
  0.83333333333333337       0.33333333333333331        1.2715462690888807E-004
  0.83333333333333337       0.36666666666666664        2.5761578169285322E-005
  0.83333333333333337       0.40000000000000002        4.2996007293937135E-006
  0.83333333333333337       0.43333333333333335        5.7509862189742980E-007
  0.83333333333333337       0.46666666666666667        5.9223207337403356E-008
  0.83333333333333337       0.50000000000000000        4.4052655633631771E-009
  0.83333333333333337       0.53333333333333333        2.1055484518341185E-010
  0.83333333333333337       0.56666666666666665        4.8537026059852565E-012
  0.83333333333333337       0.59999999999999998        0.0000000000000000     
  0.83333333333333337       0.63333333333333330        0.0000000000000000     
  0.83333333333333337       0.66666666666666663        0.0000000000000000     
  0.83333333333333337       0.69999999999999996        0.0000000000000000     
  0.83333333333333337       0.73333333333333328        0.0000000000000000     
  0.83333333333333337       0.76666666666666661        0.0000000000000000     
  0.83333333333333337       0.80000000000000004        0.0000000000000000     
  0.83333333333333337       0.83333333333333337        0.0000000000000000     
  0.83333333333333337       0.86666666666666670        0.0000000000000000     
  0.83333333333333337       0.90000000000000002        0.0000000000000000     
  0.83333333333333337       0.93333333333333335        0.0000000000000000     
  0.83333333333333337       0.96666666666666667        0.0000000000000000     
  0.83333333333333337        1.0000000000000000        0.0000000000000000     

  0.86666666666666670        0.0000000000000000       0.40673664307580004     
  0.86666666666666670        3.3333333333333333E-002  0.29074218022433324     
  0.86666666666666670        6.6666666666666666E-002  0.19052728620835968     
  0.86666666666666670       0.10000000000000001       0.11341356206477057     
  0.86666666666666670       0.13333333333333333        6.0822949823911066E-002
  0.86666666666666670       0.16666666666666666        2.9163602089732388E-002
  0.86666666666666670       0.20000000000000001        1.2408192965563386E-002
  0.86666666666666670       0.23333333333333334        4.6477462291177035E-003
  0.86666666666666670       0.26666666666666666        1.5193497183852247E-003
  0.86666666666666670       0.29999999999999999        4.2911023063720206E-004
  0.86666666666666670       0.33333333333333331        1.0343689220095389E-004
  0.86666666666666670       0.36666666666666664        2.0956355649819857E-005
  0.86666666666666670       0.40000000000000002        3.4976103344797220E-006
  0.86666666666666670       0.43333333333333335        4.6782736581615897E-007
  0.86666666666666670       0.46666666666666667        4.8176497089195088E-008
  0.86666666666666670       0.50000000000000000        3.5835658541995230E-009
  0.86666666666666670       0.53333333333333333        1.7128074182649155E-010
  0.86666666666666670       0.56666666666666665        3.9483574088934114E-012
  0.86666666666666670       0.59999999999999998        0.0000000000000000     
  0.86666666666666670       0.63333333333333330        0.0000000000000000     
  0.86666666666666670       0.66666666666666663        0.0000000000000000     
  0.86666666666666670       0.69999999999999996        0.0000000000000000     
  0.86666666666666670       0.73333333333333328        0.0000000000000000     
  0.86666666666666670       0.76666666666666661        0.0000000000000000     
  0.86666666666666670       0.80000000000000004        0.0000000000000000     
  0.86666666666666670       0.83333333333333337        0.0000000000000000     
  0.86666666666666670       0.86666666666666670        0.0000000000000000     
  0.86666666666666670       0.90000000000000002        0.0000000000000000     
  0.86666666666666670       0.93333333333333335        0.0000000000000000     
  0.86666666666666670       0.96666666666666667        0.0000000000000000     
  0.86666666666666670        1.0000000000000000        0.0000000000000000     

  0.90000000000000002        0.0000000000000000       0.30901699437494751     
  0.90000000000000002        3.3333333333333333E-002  0.22089053494548119     
  0.90000000000000002        6.6666666666666666E-002  0.14475255754016339     
  0.90000000000000002       0.10000000000000001        8.6165627482155796E-002
  0.90000000000000002       0.13333333333333333        4.6210061138013819E-002
  0.90000000000000002       0.16666666666666666        2.2156962782516096E-002
  0.90000000000000002       0.20000000000000001        9.4270889065881085E-003
  0.90000000000000002       0.23333333333333334        3.5311118257712257E-003
  0.90000000000000002       0.26666666666666666        1.1543215772971977E-003
  0.90000000000000002       0.29999999999999999        3.2601526315477957E-004
  0.90000000000000002       0.33333333333333331        7.8585881256504816E-005
  0.90000000000000002       0.36666666666666664        1.5921530912455619E-005
  0.90000000000000002       0.40000000000000002        2.6572993888191540E-006
  0.90000000000000002       0.43333333333333335        3.5543049521583617E-007
  0.90000000000000002       0.46666666666666667        3.6601955057297439E-008
  0.90000000000000002       0.50000000000000000        2.7226038476278967E-009
  0.90000000000000002       0.53333333333333333        1.3013005081932062E-010
  0.90000000000000002       0.56666666666666665        2.9997531817828275E-012
  0.90000000000000002       0.59999999999999998        0.0000000000000000     
  0.90000000000000002       0.63333333333333330        0.0000000000000000     
  0.90000000000000002       0.66666666666666663        0.0000000000000000     
  0.90000000000000002       0.69999999999999996        0.0000000000000000     
  0.90000000000000002       0.73333333333333328        0.0000000000000000     
  0.90000000000000002       0.76666666666666661        0.0000000000000000     
  0.90000000000000002       0.80000000000000004        0.0000000000000000     
  0.90000000000000002       0.83333333333333337        0.0000000000000000     
  0.90000000000000002       0.86666666666666670        0.0000000000000000     
  0.90000000000000002       0.90000000000000002        0.0000000000000000     
  0.90000000000000002       0.93333333333333335        0.0000000000000000     
  0.90000000000000002       0.96666666666666667        0.0000000000000000     
  0.90000000000000002        1.0000000000000000        0.0000000000000000     

  0.93333333333333335        0.0000000000000000       0.20791169081775931     
  0.93333333333333335        3.3333333333333333E-002  0.14861876674145022     
  0.93333333333333335        6.6666666666666666E-002   9.7391889560137057E-002
  0.93333333333333335       0.10000000000000001        5.7973644253529744E-002
  0.93333333333333335       0.13333333333333333        3.1090885352211533E-002
  0.93333333333333335       0.16666666666666666        1.4907567154412011E-002
  0.93333333333333335       0.20000000000000001        6.3426996888070724E-003
  0.93333333333333335       0.23333333333333334        2.3757898223289451E-003
  0.93333333333333335       0.26666666666666666        7.7664644745098271E-004
  0.93333333333333335       0.29999999999999999        2.1934840422615354E-004
  0.93333333333333335       0.33333333333333331        5.2873866951856570E-005
  0.93333333333333335       0.36666666666666664        1.0712266550619977E-005
  0.93333333333333335       0.40000000000000002        1.7878745149790364E-006
  0.93333333333333335       0.43333333333333335        2.3913945373131579E-007
  0.93333333333333335       0.46666666666666667        2.4626394346340527E-008
  0.93333333333333335       0.50000000000000000        1.8318124235601747E-009
  0.93333333333333335       0.53333333333333333        8.7553627743909469E-011
  0.93333333333333335       0.56666666666666665        2.0182830310739193E-012
  0.93333333333333335       0.59999999999999998        0.0000000000000000     
  0.93333333333333335       0.63333333333333330        0.0000000000000000     
  0.93333333333333335       0.66666666666666663        0.0000000000000000     
  0.93333333333333335       0.69999999999999996        0.0000000000000000     
  0.93333333333333335       0.73333333333333328        0.0000000000000000     
  0.93333333333333335       0.76666666666666661        0.0000000000000000     
  0.93333333333333335       0.80000000000000004        0.0000000000000000     
  0.93333333333333335       0.83333333333333337        0.0000000000000000     
  0.93333333333333335       0.86666666666666670        0.0000000000000000     
  0.93333333333333335       0.90000000000000002        0.0000000000000000     
  0.93333333333333335       0.93333333333333335        0.0000000000000000     
  0.93333333333333335       0.96666666666666667        0.0000000000000000     
  0.93333333333333335        1.0000000000000000        0.0000000000000000     

  0.96666666666666667        0.0000000000000000       0.10452846326765373     
  0.96666666666666667        3.3333333333333333E-002   7.4718700228523657E-002
  0.96666666666666667        6.6666666666666666E-002   4.8964175657526719E-002
  0.96666666666666667       0.10000000000000001        2.9146489646697020E-002
  0.96666666666666667       0.13333333333333333        1.5631071320304377E-002
  0.96666666666666667       0.16666666666666666        7.4948411009552046E-003
  0.96666666666666667       0.20000000000000001        3.1888185259402253E-003
  0.96666666666666667       0.23333333333333334        1.1944381684272447E-003
  0.96666666666666667       0.26666666666666666        3.9046221660277728E-004
  0.96666666666666667       0.29999999999999999        1.1027831827922121E-004
  0.96666666666666667       0.33333333333333331        2.6582555496315783E-005
  0.96666666666666667       0.36666666666666664        5.3856363547698480E-006
  0.96666666666666667       0.40000000000000002        8.9886131381601369E-007
  0.96666666666666667       0.43333333333333335        1.2022835034856725E-007
  0.96666666666666667       0.46666666666666667        1.2381021705520789E-008
  0.96666666666666667       0.50000000000000000        9.2095127924853332E-010
  0.96666666666666667       0.53333333333333333        4.4017948801161490E-011
  0.96666666666666667       0.56666666666666665        1.0147001491236900E-012
  0.96666666666666667       0.59999999999999998        0.0000000000000000     
  0.96666666666666667       0.63333333333333330        0.0000000000000000     
  0.96666666666666667       0.66666666666666663        0.0000000000000000     
  0.96666666666666667       0.69999999999999996        0.0000000000000000     
  0.96666666666666667       0.73333333333333328        0.0000000000000000     
  0.96666666666666667       0.76666666666666661        0.0000000000000000     
  0.96666666666666667       0.80000000000000004        0.0000000000000000     
  0.96666666666666667       0.83333333333333337        0.0000000000000000     
  0.96666666666666667       0.86666666666666670        0.0000000000000000     
  0.96666666666666667       0.90000000000000002        0.0000000000000000     
  0.96666666666666667       0.93333333333333335        0.0000000000000000     
  0.96666666666666667       0.96666666666666667        0.0000000000000000     
  0.96666666666666667        1.0000000000000000        0.0000000000000000     

   1.0000000000000000        0.0000000000000000        1.2246467991473532E-016
   1.0000000000000000        3.3333333333333333E-002   0.0000000000000000     
   1.0000000000000000        6.6666666666666666E-002   0.0000000000000000     
   1.0000000000000000       0.10000000000000001        0.0000000000000000     
   1.0000000000000000       0.13333333333333333        0.0000000000000000     
   1.0000000000000000       0.16666666666666666        0.0000000000000000     
   1.0000000000000000       0.20000000000000001        0.0000000000000000     
   1.0000000000000000       0.23333333333333334        0.0000000000000000     
   1.0000000000000000       0.26666666666666666        0.0000000000000000     
   1.0000000000000000       0.29999999999999999        0.0000000000000000     
   1.0000000000000000       0.33333333333333331        0.0000000000000000     
   1.0000000000000000       0.36666666666666664        0.0000000000000000     
   1.0000000000000000       0.40000000000000002        0.0000000000000000     
   1.0000000000000000       0.43333333333333335        0.0000000000000000     
   1.0000000000000000       0.46666666666666667        0.0000000000000000     
   1.0000000000000000       0.50000000000000000        0.0000000000000000     
   1.0000000000000000       0.53333333333333333        0.0000000000000000     
   1.0000000000000000       0.56666666666666665        0.0000000000000000     
   1.0000000000000000       0.59999999999999998        0.0000000000000000     
   1.0000000000000000       0.63333333333333330        0.0000000000000000     
   1.0000000000000000       0.66666666666666663        0.0000000000000000     
   1.0000000000000000       0.69999999999999996        0.0000000000000000     
   1.0000000000000000       0.73333333333333328        0.0000000000000000     
   1.0000000000000000       0.76666666666666661        0.0000000000000000     
   1.0000000000000000       0.80000000000000004        0.0000000000000000     
   1.0000000000000000       0.83333333333333337        0.0000000000000000     
   1.0000000000000000       0.86666666666666670        0.0000000000000000     
   1.0000000000000000       0.90000000000000002        0.0000000000000000     
   1.0000000000000000       0.93333333333333335        0.0000000000000000     
   1.0000000000000000       0.96666666666666667        0.0000000000000000     
   1.0000000000000000        1.0000000000000000        0.0000000000000000     

