   0.0000000000000000        0.0000000000000000        0.0000000000000000     
   0.0000000000000000        3.3333333333333333E-002   0.0000000000000000     
   0.0000000000000000        6.6666666666666666E-002   0.0000000000000000     
   0.0000000000000000       0.10000000000000001        0.0000000000000000     
   0.0000000000000000       0.13333333333333333        0.0000000000000000     
   0.0000000000000000       0.16666666666666666        0.0000000000000000     
   0.0000000000000000       0.20000000000000001        0.0000000000000000     
   0.0000000000000000       0.23333333333333334        0.0000000000000000     
   0.0000000000000000       0.26666666666666666        0.0000000000000000     
   0.0000000000000000       0.29999999999999999        0.0000000000000000     
   0.0000000000000000       0.33333333333333331        0.0000000000000000     
   0.0000000000000000       0.36666666666666664        0.0000000000000000     
   0.0000000000000000       0.40000000000000002        0.0000000000000000     
   0.0000000000000000       0.43333333333333335        0.0000000000000000     
   0.0000000000000000       0.46666666666666667        0.0000000000000000     
   0.0000000000000000       0.50000000000000000        0.0000000000000000     
   0.0000000000000000       0.53333333333333333        0.0000000000000000     
   0.0000000000000000       0.56666666666666665        0.0000000000000000     
   0.0000000000000000       0.59999999999999998        0.0000000000000000     
   0.0000000000000000       0.63333333333333330        0.0000000000000000     
   0.0000000000000000       0.66666666666666663        0.0000000000000000     
   0.0000000000000000       0.69999999999999996        0.0000000000000000     
   0.0000000000000000       0.73333333333333328        0.0000000000000000     
   0.0000000000000000       0.76666666666666661        0.0000000000000000     
   0.0000000000000000       0.80000000000000004        0.0000000000000000     
   0.0000000000000000       0.83333333333333337        0.0000000000000000     
   0.0000000000000000       0.86666666666666670        0.0000000000000000     
   0.0000000000000000       0.90000000000000002        0.0000000000000000     
   0.0000000000000000       0.93333333333333335        0.0000000000000000     
   0.0000000000000000       0.96666666666666667        0.0000000000000000     
   0.0000000000000000        1.0000000000000000        0.0000000000000000     

   3.3333333333333333E-002   0.0000000000000000       0.10452846326765346     
   3.3333333333333333E-002   3.3333333333333333E-002   7.9704266431912141E-002
   3.3333333333333333E-002   6.6666666666666666E-002   5.7514044599674588E-002
   3.3333333333333333E-002  0.10000000000000001        3.9072463009858047E-002
   3.3333333333333333E-002  0.13333333333333333        2.4877950997526866E-002
   3.3333333333333333E-002  0.16666666666666666        1.4786697806248772E-002
   3.3333333333333333E-002  0.20000000000000001        8.1746269929452112E-003
   3.3333333333333333E-002  0.23333333333333334        4.1892397210987111E-003
   3.3333333333333333E-002  0.26666666666666666        1.9835935534955056E-003
   3.3333333333333333E-002  0.29999999999999999        8.6496832315723256E-004
   3.3333333333333333E-002  0.33333333333333331        3.4618753080877418E-004
   3.3333333333333333E-002  0.36666666666666664        1.2671504794198774E-004
   3.3333333333333333E-002  0.40000000000000002        4.2252549577674183E-005
   3.3333333333333333E-002  0.43333333333333335        1.2778967395375705E-005
   3.3333333333333333E-002  0.46666666666666667        3.4882904757368462E-006
   3.3333333333333333E-002  0.50000000000000000        8.5453263538350427E-007
   3.3333333333333333E-002  0.53333333333333333        1.8661177979159533E-007
   3.3333333333333333E-002  0.56666666666666665        3.6039269618010477E-008
   3.3333333333333333E-002  0.59999999999999998        6.0956745031770577E-009
   3.3333333333333333E-002  0.63333333333333330        8.9214720972641657E-010
   3.3333333333333333E-002  0.66666666666666663        1.1126066528697734E-010
   3.3333333333333333E-002  0.69999999999999996        1.1586360448601186E-011
   3.3333333333333333E-002  0.73333333333333328        9.7990811858587648E-013
   3.3333333333333333E-002  0.76666666666666661        6.4639242041874757E-014
   3.3333333333333333E-002  0.80000000000000004        3.1190314442943058E-015
   3.3333333333333333E-002  0.83333333333333337        9.7897513482241321E-017
   3.3333333333333333E-002  0.86666666666666670        1.4996177521126463E-018
   3.3333333333333333E-002  0.90000000000000002        0.0000000000000000     
   3.3333333333333333E-002  0.93333333333333335        0.0000000000000000     
   3.3333333333333333E-002  0.96666666666666667        0.0000000000000000     
   3.3333333333333333E-002   1.0000000000000000        0.0000000000000000     

   6.6666666666666666E-002   0.0000000000000000       0.20791169081775931     
   6.6666666666666666E-002   3.3333333333333333E-002  0.15853527624160621     
   6.6666666666666666E-002   6.6666666666666666E-002  0.11439795329112754     
   6.6666666666666666E-002  0.10000000000000001        7.7716839938541546E-002
   6.6666666666666666E-002  0.13333333333333333        4.9483333957878885E-002
   6.6666666666666666E-002  0.16666666666666666        2.9411389457016841E-002
   6.6666666666666666E-002  0.20000000000000001        1.6259691061905040E-002
   6.6666666666666666E-002  0.23333333333333334        8.3325812551582942E-003
   6.6666666666666666E-002  0.26666666666666666        3.9454544409252773E-003
   6.6666666666666666E-002  0.29999999999999999        1.7204598723596966E-003
   6.6666666666666666E-002  0.33333333333333331        6.8858215858560914E-004
   6.6666666666666666E-002  0.36666666666666664        2.5204177930189455E-004
   6.6666666666666666E-002  0.40000000000000002        8.4042171380260941E-005
   6.6666666666666666E-002  0.43333333333333335        2.5417925749796825E-005
   6.6666666666666666E-002  0.46666666666666667        6.9383625110498085E-006
   6.6666666666666666E-002  0.50000000000000000        1.6997028323912963E-006
   6.6666666666666666E-002  0.53333333333333333        3.7117900187276845E-007
   6.6666666666666666E-002  0.56666666666666665        7.1683685456384016E-008
   6.6666666666666666E-002  0.59999999999999998        1.2124563520895412E-008
   6.6666666666666666E-002  0.63333333333333330        1.7745198679292644E-009
   6.6666666666666666E-002  0.66666666666666663        2.2130233544227953E-010
   6.6666666666666666E-002  0.69999999999999996        2.3045778307525695E-011
   6.6666666666666666E-002  0.73333333333333328        1.9490801587655688E-012
   6.6666666666666666E-002  0.76666666666666661        1.2857028302130773E-013
   6.6666666666666666E-002  0.80000000000000004        6.2038901273856297E-015
   6.6666666666666666E-002  0.83333333333333337        1.9472244132039957E-016
   6.6666666666666666E-002  0.86666666666666670        2.9828053783179570E-018
   6.6666666666666666E-002  0.90000000000000002        0.0000000000000000     
   6.6666666666666666E-002  0.93333333333333335        0.0000000000000000     
   6.6666666666666666E-002  0.96666666666666667        0.0000000000000000     
   6.6666666666666666E-002   1.0000000000000000        0.0000000000000000     

  0.10000000000000001        0.0000000000000000       0.30901699437494740     
  0.10000000000000001        3.3333333333333333E-002  0.23562934038915789     
  0.10000000000000001        6.6666666666666666E-002  0.17002849406701215     
  0.10000000000000001       0.10000000000000001       0.11550973490556408     
  0.10000000000000001       0.13333333333333333        7.3546567156335049E-002
  0.10000000000000001       0.16666666666666666        4.3713843770164899E-002
  0.10000000000000001       0.20000000000000001        2.4166610553031535E-002
  0.10000000000000001       0.23333333333333334        1.2384629285281635E-002
  0.10000000000000001       0.26666666666666666        5.8640881038608504E-003
  0.10000000000000001       0.29999999999999999        2.5571017031712131E-003
  0.10000000000000001       0.33333333333333331        1.0234325361379000E-003
  0.10000000000000001       0.36666666666666664        3.7460708818463668E-004
  0.10000000000000001       0.40000000000000002        1.2491100956625053E-004
  0.10000000000000001       0.43333333333333335        3.7778399990660253E-005
  0.10000000000000001       0.46666666666666667        1.0312416394746010E-005
  0.10000000000000001       0.50000000000000000        2.5262507294817252E-006
  0.10000000000000001       0.53333333333333333        5.5167950913522377E-007
  0.10000000000000001       0.56666666666666665        1.0654271983612186E-007
  0.10000000000000001       0.59999999999999998        1.8020613283450800E-008
  0.10000000000000001       0.63333333333333330        2.6374505151169246E-009
  0.10000000000000001       0.66666666666666663        3.2891937089998520E-010
  0.10000000000000001       0.69999999999999996        3.4252701796673804E-011
  0.10000000000000001       0.73333333333333328        2.8968976688545810E-012
  0.10000000000000001       0.76666666666666661        1.9109268107489775E-013
  0.10000000000000001       0.80000000000000004        9.2207776919938439E-015
  0.10000000000000001       0.83333333333333337        2.8941394934316096E-016
  0.10000000000000001       0.86666666666666670        4.4333127646062616E-018
  0.10000000000000001       0.90000000000000002        0.0000000000000000     
  0.10000000000000001       0.93333333333333335        0.0000000000000000     
  0.10000000000000001       0.96666666666666667        0.0000000000000000     
  0.10000000000000001        1.0000000000000000        0.0000000000000000     

  0.13333333333333333        0.0000000000000000       0.40673664307580015     
  0.13333333333333333        3.3333333333333333E-002  0.31014180017479648     
  0.13333333333333333        6.6666666666666666E-002  0.22379616708114872     
  0.13333333333333333       0.10000000000000001       0.15203708104499525     
  0.13333333333333333       0.13333333333333333        9.6804008774417763E-002
  0.13333333333333333       0.16666666666666666        5.7537360063257138E-002
  0.13333333333333333       0.20000000000000001        3.1808755601750643E-002
  0.13333333333333333       0.23333333333333334        1.6300988725305138E-002
  0.13333333333333333       0.26666666666666666        7.7184735903911960E-003
  0.13333333333333333       0.29999999999999999        3.3657273926148532E-003
  0.13333333333333333       0.33333333333333331        1.3470699726572371E-003
  0.13333333333333333       0.36666666666666664        4.9306812341765494E-004
  0.13333333333333333       0.40000000000000002        1.6441129659212309E-004
  0.13333333333333333       0.43333333333333335        4.9724966175587568E-005
  0.13333333333333333       0.46666666666666667        1.3573485286409509E-005
  0.13333333333333333       0.50000000000000000        3.3251204949280014E-006
  0.13333333333333333       0.53333333333333333        7.2613570024923440E-007
  0.13333333333333333       0.56666666666666665        1.4023444988183766E-007
  0.13333333333333333       0.59999999999999998        2.3719225435816938E-008
  0.13333333333333333       0.63333333333333330        3.4714847025389589E-009
  0.13333333333333333       0.66666666666666663        4.3293269689930717E-010
  0.13333333333333333       0.69999999999999996        4.5084345517098895E-011
  0.13333333333333333       0.73333333333333328        3.8129761618688115E-012
  0.13333333333333333       0.76666666666666661        2.5152142772591700E-013
  0.13333333333333333       0.80000000000000004        1.2136640486636791E-014
  0.13333333333333333       0.83333333333333337        3.8093457757315603E-016
  0.13333333333333333       0.86666666666666670        5.8352478485152029E-018
  0.13333333333333333       0.90000000000000002        0.0000000000000000     
  0.13333333333333333       0.93333333333333335        0.0000000000000000     
  0.13333333333333333       0.96666666666666667        0.0000000000000000     
  0.13333333333333333        1.0000000000000000        0.0000000000000000     

  0.16666666666666666        0.0000000000000000       0.49999999999999994     
  0.16666666666666666        3.3333333333333333E-002  0.38125628149637586     
  0.16666666666666666        6.6666666666666666E-002  0.27511188245638551     
  0.16666666666666666       0.10000000000000001       0.18689867710869279     
  0.16666666666666666       0.13333333333333333       0.11900084541482681     
  0.16666666666666666       0.16666666666666666        7.0730484999029661E-002
  0.16666666666666666       0.20000000000000001        3.9102397267686925E-002
  0.16666666666666666       0.23333333333333334        2.0038751121653004E-002
  0.16666666666666666       0.26666666666666666        9.4882938650707790E-003
  0.16666666666666666       0.29999999999999999        4.1374774684212676E-003
  0.16666666666666666       0.33333333333333331        1.6559486286636270E-003
  0.16666666666666666       0.36666666666666664        6.0612700110937120E-004
  0.16666666666666666       0.40000000000000002        2.0211025904725663E-004
  0.16666666666666666       0.43333333333333335        6.1126735225477000E-005
  0.16666666666666666       0.46666666666666667        1.6685840232840699E-005
  0.16666666666666666       0.50000000000000000        4.0875595444056486E-006
  0.16666666666666666       0.53333333333333333        8.9263619667765023E-007
  0.16666666666666666       0.56666666666666665        1.7238974194870277E-007
  0.16666666666666666       0.59999999999999998        2.9157964790741239E-008
  0.16666666666666666       0.63333333333333330        4.2674845771050998E-009
  0.16666666666666666       0.66666666666666663        5.3220272167440909E-010
  0.16666666666666666       0.69999999999999996        5.5422035713532788E-011
  0.16666666666666666       0.73333333333333328        4.6872788901370505E-012
  0.16666666666666666       0.76666666666666661        3.0919445298052841E-013
  0.16666666666666666       0.80000000000000004        1.4919531708352851E-014
  0.16666666666666666       0.83333333333333337        4.6828160685557469E-016
  0.16666666666666666       0.86666666666666670        7.1732507358916918E-018
  0.16666666666666666       0.90000000000000002        0.0000000000000000     
  0.16666666666666666       0.93333333333333335        0.0000000000000000     
  0.16666666666666666       0.96666666666666667        0.0000000000000000     
  0.16666666666666666        1.0000000000000000        0.0000000000000000     

  0.20000000000000001        0.0000000000000000       0.58778525229247314     
  0.20000000000000001        3.3333333333333333E-002  0.44819363921487487     
  0.20000000000000001        6.6666666666666666E-002  0.32341341447656752     
  0.20000000000000001       0.10000000000000001       0.21971257215492496     
  0.20000000000000001       0.13333333333333333       0.13989388389034313     
  0.20000000000000001       0.16666666666666666        8.3148671939847263E-002
  0.20000000000000001       0.20000000000000001        4.5967624886455734E-002
  0.20000000000000001       0.23333333333333334        2.3556964767333780E-002
  0.20000000000000001       0.26666666666666666        1.1154158406611506E-002
  0.20000000000000001       0.29999999999999999        4.8638964752608363E-003
  0.20000000000000001       0.33333333333333331        1.9466843649648497E-003
  0.20000000000000001       0.36666666666666664        7.1254502453670381E-004
  0.20000000000000001       0.40000000000000002        2.3759485920997768E-004
  0.20000000000000001       0.43333333333333335        7.1858786972644415E-005
  0.20000000000000001       0.46666666666666667        1.9615381621944340E-005
  0.20000000000000001       0.50000000000000000        4.8052144361379601E-006
  0.20000000000000001       0.53333333333333333        1.0493567841391326E-006
  0.20000000000000001       0.56666666666666665        2.0265629592790521E-007
  0.20000000000000001       0.59999999999999998        3.4277243381721775E-008
  0.20000000000000001       0.63333333333333330        5.0167289976159191E-009
  0.20000000000000001       0.66666666666666663        6.2564182206026678E-010
  0.20000000000000001       0.69999999999999996        6.5152510488882668E-011
  0.20000000000000001       0.73333333333333328        5.5102268100087786E-012
  0.20000000000000001       0.76666666666666661        3.6347987910518632E-013
  0.20000000000000001       0.80000000000000004        1.7538961418559456E-014
  0.20000000000000001       0.83333333333333337        5.5049804485905770E-016
  0.20000000000000001       0.86666666666666670        8.4326619871065321E-018
  0.20000000000000001       0.90000000000000002        0.0000000000000000     
  0.20000000000000001       0.93333333333333335        0.0000000000000000     
  0.20000000000000001       0.96666666666666667        0.0000000000000000     
  0.20000000000000001        1.0000000000000000        0.0000000000000000     

  0.23333333333333334        0.0000000000000000       0.66913060635885824     
  0.23333333333333334        3.3333333333333333E-002  0.51022049363158706     
  0.23333333333333334        6.6666666666666666E-002  0.36817156144913632     
  0.23333333333333334       0.10000000000000001       0.25011925028281612     
  0.23333333333333334       0.13333333333333333       0.15925421569927964     
  0.23333333333333334       0.16666666666666666        9.4655864630913675E-002
  0.23333333333333334       0.20000000000000001        5.2329221587624625E-002
  0.23333333333333334       0.23333333333333334        2.6817083377411847E-002
  0.23333333333333334       0.26666666666666666        1.2697815654491689E-002
  0.23333333333333334       0.29999999999999999        5.5370256144816722E-003
  0.23333333333333334       0.33333333333333331        2.2160918199936250E-003
  0.23333333333333334       0.36666666666666664        8.1115625556557971E-004
  0.23333333333333334       0.40000000000000002        2.7047632037527353E-004
  0.23333333333333334       0.43333333333333335        8.1803538812321613E-005
  0.23333333333333334       0.46666666666666667        2.2330012785215457E-005
  0.23333333333333334       0.50000000000000000        5.4702223929521782E-006
  0.23333333333333334       0.53333333333333333        1.1945803990815622E-006
  0.23333333333333334       0.56666666666666665        2.3070250512036518E-007
  0.23333333333333334       0.59999999999999998        3.9020973321237845E-008
  0.23333333333333334       0.63333333333333330        5.7110090854108239E-009
  0.23333333333333334       0.66666666666666663        7.1222625971966417E-010
  0.23333333333333334       0.69999999999999996        7.4169160725277009E-011
  0.23333333333333334       0.73333333333333328        6.2728035318609600E-012
  0.23333333333333334       0.76666666666666661        4.1378294361131296E-013
  0.23333333333333334       0.80000000000000004        1.9966230597200711E-014
  0.23333333333333334       0.83333333333333337        6.2668311108394191E-016
  0.23333333333333334       0.86666666666666670        9.5996832289426716E-018
  0.23333333333333334       0.90000000000000002        0.0000000000000000     
  0.23333333333333334       0.93333333333333335        0.0000000000000000     
  0.23333333333333334       0.96666666666666667        0.0000000000000000     
  0.23333333333333334        1.0000000000000000        0.0000000000000000     

  0.26666666666666666        0.0000000000000000       0.74314482547739413     
  0.26666666666666666        3.3333333333333333E-002  0.56665726554956908     
  0.26666666666666666        6.6666666666666666E-002  0.40889594374961602     
  0.26666666666666666       0.10000000000000001       0.27778556956379075     
  0.26666666666666666       0.13333333333333333       0.17686972499492767     
  0.26666666666666666       0.16666666666666666       0.10512598786107069     
  0.26666666666666666       0.20000000000000001        5.8117488386485866E-002
  0.26666666666666666       0.23333333333333334        2.9783388410171516E-002
  0.26666666666666666       0.26666666666666666        1.4102352976872509E-002
  0.26666666666666666       0.29999999999999999        6.1494899423731476E-003
  0.26666666666666666       0.33333333333333331        2.4612193092955230E-003
  0.26666666666666666       0.36666666666666664        9.0088028891311994E-004
  0.26666666666666666       0.40000000000000002        3.0039438637372896E-004
  0.26666666666666666       0.43333333333333335        9.0852033962279973E-005
  0.26666666666666666       0.46666666666666667        2.4799991655556164E-005
  0.26666666666666666       0.50000000000000000        6.0752974485115835E-006
  0.26666666666666666       0.53333333333333333        1.3267159411896346E-006
  0.26666666666666666       0.56666666666666665        2.5622108938912353E-007
  0.26666666666666666       0.59999999999999998        4.3337181311382812E-008
  0.26666666666666666       0.63333333333333330        6.3427181625604841E-009
  0.26666666666666666       0.66666666666666663        7.9100739743464599E-010
  0.26666666666666666       0.69999999999999996        8.2373198115870497E-011
  0.26666666666666666       0.73333333333333328        6.9666541055495454E-012
  0.26666666666666666       0.76666666666666661        4.5955251559758645E-013
  0.26666666666666666       0.80000000000000004        2.2174745575216653E-014
  0.26666666666666666       0.83333333333333337        6.9600210600191970E-016
  0.26666666666666666       0.86666666666666670        1.0661528332459640E-017
  0.26666666666666666       0.90000000000000002        0.0000000000000000     
  0.26666666666666666       0.93333333333333335        0.0000000000000000     
  0.26666666666666666       0.96666666666666667        0.0000000000000000     
  0.26666666666666666        1.0000000000000000        0.0000000000000000     

  0.29999999999999999        0.0000000000000000       0.80901699437494745     
  0.29999999999999999        3.3333333333333333E-002  0.61688562188553375     
  0.29999999999999999        6.6666666666666666E-002  0.44514037652339766     
  0.29999999999999999       0.10000000000000001       0.30240841201425694     
  0.29999999999999999       0.13333333333333333       0.19254741257116184     
  0.29999999999999999       0.16666666666666666       0.11444432876919455     
  0.29999999999999999       0.20000000000000001        6.3269007820718454E-002
  0.29999999999999999       0.23333333333333334        3.2423380406934640E-002
  0.29999999999999999       0.26666666666666666        1.5352381968931631E-002
  0.29999999999999999       0.29999999999999999        6.6945791715924798E-003
  0.29999999999999999       0.33333333333333331        2.6793811648015272E-003
  0.29999999999999999       0.36666666666666664        9.8073408929400777E-004
  0.29999999999999999       0.40000000000000002        3.2702126861350713E-004
  0.29999999999999999       0.43333333333333335        9.8905135216137253E-005
  0.29999999999999999       0.46666666666666667        2.6998256627586706E-005
  0.29999999999999999       0.50000000000000000        6.6138102738873725E-006
  0.29999999999999999       0.53333333333333333        1.4443157058128738E-006
  0.29999999999999999       0.56666666666666665        2.7893246178482463E-007
  0.29999999999999999       0.59999999999999998        4.7178578074192046E-008
  0.29999999999999999       0.63333333333333330        6.9049350922220261E-009
  0.29999999999999999       0.66666666666666663        8.6112209257439433E-010
  0.29999999999999999       0.69999999999999996        8.9674737510206630E-011
  0.29999999999999999       0.73333333333333328        7.5841765589916327E-012
  0.29999999999999999       0.76666666666666661        5.0028713405542651E-013
  0.29999999999999999       0.80000000000000004        2.4140309400346704E-014
  0.29999999999999999       0.83333333333333337        7.5769555619873556E-016
  0.29999999999999999       0.86666666666666670        1.1606563500497960E-017
  0.29999999999999999       0.90000000000000002        0.0000000000000000     
  0.29999999999999999       0.93333333333333335        0.0000000000000000     
  0.29999999999999999       0.96666666666666667        0.0000000000000000     
  0.29999999999999999        1.0000000000000000        0.0000000000000000     

  0.33333333333333331        0.0000000000000000       0.86602540378443860     
  0.33333333333333331        3.3333333333333333E-002  0.66035525025650499     
  0.33333333333333331        6.6666666666666666E-002  0.47650775818037655     
  0.33333333333333331       0.10000000000000001       0.32371800461966621     
  0.33333333333333331       0.13333333333333333       0.20611551040212989     
  0.33333333333333331       0.16666666666666666       0.12250879366230767     
  0.33333333333333331       0.20000000000000001        6.7727338765376191E-002
  0.33333333333333331       0.23333333333333334        3.4708135062930821E-002
  0.33333333333333331       0.26666666666666666        1.6434207051446669E-002
  0.33333333333333331       0.29999999999999999        7.1663211904770905E-003
  0.33333333333333331       0.33333333333333331        2.8681871595694101E-003
  0.33333333333333331       0.36666666666666664        1.0498427617607882E-003
  0.33333333333333331       0.40000000000000002        3.5006523740075584E-004
  0.33333333333333331       0.43333333333333335        1.0587461111133636E-004
  0.33333333333333331       0.46666666666666667        2.8900723050256995E-005
  0.33333333333333331       0.50000000000000000        7.0798608098736732E-006
  0.33333333333333331       0.53333333333333333        1.5460912453207352E-006
  0.33333333333333331       0.56666666666666665        2.9858779175884100E-007
  0.33333333333333331       0.59999999999999998        5.0503076462868245E-008
  0.33333333333333331       0.63333333333333330        7.3915001080626192E-009
  0.33333333333333331       0.66666666666666663        9.2180215386651466E-010
  0.33333333333333331       0.69999999999999996        9.5993781714735646E-011
  0.33333333333333331       0.73333333333333328        8.1186051869624295E-012
  0.33333333333333331       0.76666666666666661        5.3554050198074158E-013
  0.33333333333333331       0.80000000000000004        2.5841386944002033E-014
  0.33333333333333331       0.83333333333333337        8.1108753532384967E-016
  0.33333333333333331       0.86666666666666670        1.2424434729995254E-017
  0.33333333333333331       0.90000000000000002        0.0000000000000000     
  0.33333333333333331       0.93333333333333335        0.0000000000000000     
  0.33333333333333331       0.96666666666666667        0.0000000000000000     
  0.33333333333333331        1.0000000000000000        0.0000000000000000     

  0.36666666666666664        0.0000000000000000       0.91354545764260087     
  0.36666666666666664        3.3333333333333333E-002  0.69658988831744595     
  0.36666666666666664        6.6666666666666666E-002  0.50265442112307224     
  0.36666666666666664       0.10000000000000001       0.34148087502411489     
  0.36666666666666664       0.13333333333333333       0.21742536356868872     
  0.36666666666666664       0.16666666666666666       0.12923102657544333     
  0.36666666666666664       0.20000000000000001        7.1443634813663656E-002
  0.36666666666666664       0.23333333333333334        3.6612620128033346E-002
  0.36666666666666664       0.26666666666666666        1.7335975522427136E-002
  0.36666666666666664       0.29999999999999999        7.5595474947497132E-003
  0.36666666666666664       0.33333333333333331        3.0255686956103009E-003
  0.36666666666666664       0.36666666666666664        1.1074491372359955E-003
  0.36666666666666664       0.40000000000000002        3.6927381819118135E-004
  0.36666666666666664       0.43333333333333335        1.1168410261151297E-004
  0.36666666666666664       0.46666666666666667        3.0486547103323554E-005
  0.36666666666666664       0.50000000000000000        7.4683429092708767E-006
  0.36666666666666664       0.53333333333333333        1.6309274856044694E-006
  0.36666666666666664       0.56666666666666665        3.1497173140283511E-007
  0.36666666666666664       0.59999999999999998        5.3274252577369095E-008
  0.36666666666666664       0.63333333333333330        7.7970823019484405E-009
  0.36666666666666664       0.66666666666666663        9.7238275786137147E-010
  0.36666666666666664       0.69999999999999996        1.0126109795880780E-010
  0.36666666666666664       0.73333333333333328        8.5640846775775084E-012
  0.36666666666666664       0.76666666666666661        5.6492637609730125E-013
  0.36666666666666664       0.80000000000000004        2.7259340844640993E-014
  0.36666666666666664       0.83333333333333337        8.5559306968097696E-016
  0.36666666666666664       0.86666666666666670        1.3106181252610600E-017
  0.36666666666666664       0.90000000000000002        0.0000000000000000     
  0.36666666666666664       0.93333333333333335        0.0000000000000000     
  0.36666666666666664       0.96666666666666667        0.0000000000000000     
  0.36666666666666664        1.0000000000000000        0.0000000000000000     

  0.40000000000000002        0.0000000000000000       0.95105651629515353     
  0.40000000000000002        3.3333333333333333E-002  0.72519254179117532     
  0.40000000000000002        6.6666666666666666E-002  0.52329389704074358     
  0.40000000000000002       0.10000000000000001       0.35550240950233231     
  0.40000000000000002       0.13333333333333333       0.22635305895280655     
  0.40000000000000002       0.16666666666666666       0.13453737731808754     
  0.40000000000000002       0.20000000000000001        7.4377179448390909E-002
  0.40000000000000002       0.23333333333333334        3.8115969665329812E-002
  0.40000000000000002       0.26666666666666666        1.8047807417797788E-002
  0.40000000000000002       0.29999999999999999        7.8699498147328430E-003
  0.40000000000000002       0.33333333333333331        3.1498014678811325E-003
  0.40000000000000002       0.36666666666666664        1.1529220682150146E-003
  0.40000000000000002       0.40000000000000002        3.8443655775398996E-004
  0.40000000000000002       0.43333333333333335        1.1626995971207683E-004
  0.40000000000000002       0.46666666666666667        3.1738354166605975E-005
  0.40000000000000002       0.50000000000000000        7.7750002809028806E-006
  0.40000000000000002       0.53333333333333333        1.6978949430624029E-006
  0.40000000000000002       0.56666666666666665        3.2790477484550752E-007
  0.40000000000000002       0.59999999999999998        5.5461744832278211E-008
  0.40000000000000002       0.63333333333333330        8.1172380304897473E-009
  0.40000000000000002       0.66666666666666663        1.0123097328769253E-009
  0.40000000000000002       0.69999999999999996        1.0541897642339620E-010
  0.40000000000000002       0.73333333333333328        8.9157342643151114E-012
  0.40000000000000002       0.76666666666666661        5.8812279861889426E-013
  0.40000000000000002       0.80000000000000004        2.8378635702602292E-014
  0.40000000000000002       0.83333333333333337        8.9072454732231931E-016
  0.40000000000000002       0.86666666666666670        1.3644333710777605E-017
  0.40000000000000002       0.90000000000000002        0.0000000000000000     
  0.40000000000000002       0.93333333333333335        0.0000000000000000     
  0.40000000000000002       0.96666666666666667        0.0000000000000000     
  0.40000000000000002        1.0000000000000000        0.0000000000000000     

  0.43333333333333335        0.0000000000000000       0.97814760073380569     
  0.43333333333333335        3.3333333333333333E-002  0.74584983402074501     
  0.43333333333333335        6.6666666666666666E-002  0.53820005551614858     
  0.43333333333333335       0.10000000000000001       0.36562898518838022     
  0.43333333333333335       0.13333333333333333       0.23280078285561465     
  0.43333333333333335       0.16666666666666666       0.13836970840107857     
  0.43333333333333335       0.20000000000000001        7.6495832140656139E-002
  0.43333333333333335       0.23333333333333334        3.9201712662693483E-002
  0.43333333333333335       0.26666666666666666        1.8561903758352542E-002
  0.43333333333333335       0.29999999999999999        8.0941273176528862E-003
  0.43333333333333335       0.33333333333333331        3.2395243561315250E-003
  0.43333333333333335       0.36666666666666664        1.1857633437502165E-003
  0.43333333333333335       0.40000000000000002        3.9538732994152405E-004
  0.43333333333333335       0.43333333333333335        1.1958193880298187E-004
  0.43333333333333335       0.46666666666666667        3.2642429179961464E-005
  0.43333333333333335       0.50000000000000000        7.9964731224339029E-006
  0.43333333333333335       0.53333333333333333        1.7462599082167860E-006
  0.43333333333333335       0.56666666666666665        3.3724522495648704E-007
  0.43333333333333335       0.59999999999999998        5.7041586604688651E-008
  0.43333333333333335       0.63333333333333330        8.3484596005277468E-009
  0.43333333333333335       0.66666666666666663        1.0411456306196493E-009
  0.43333333333333335       0.69999999999999996        1.0842186252195081E-010
  0.43333333333333335       0.73333333333333328        9.1697012007155414E-012
  0.43333333333333335       0.76666666666666661        6.0487562468621081E-013
  0.43333333333333335       0.80000000000000004        2.9187008289194548E-014
  0.43333333333333335       0.83333333333333337        9.1609706042710327E-016
  0.43333333333333335       0.86666666666666670        1.4032995993548934E-017
  0.43333333333333335       0.90000000000000002        0.0000000000000000     
  0.43333333333333335       0.93333333333333335        0.0000000000000000     
  0.43333333333333335       0.96666666666666667        0.0000000000000000     
  0.43333333333333335        1.0000000000000000        0.0000000000000000     

  0.46666666666666667        0.0000000000000000       0.99452189536827329     
  0.46666666666666667        3.3333333333333333E-002  0.75833543938967141     
  0.46666666666666667        6.6666666666666666E-002  0.54720958155771637     
  0.46666666666666667       0.10000000000000001       0.37174965319992020     
  0.46666666666666667       0.13333333333333333       0.23669789266476091     
  0.46666666666666667       0.16666666666666666       0.14068603200310439     
  0.46666666666666667       0.20000000000000001        7.7776380488206370E-002
  0.46666666666666667       0.23333333333333334        3.9857953492638910E-002
  0.46666666666666667       0.26666666666666666        1.8872631997002703E-002
  0.46666666666666667       0.29999999999999999        8.2296238678756881E-003
  0.46666666666666667       0.33333333333333331        3.2937543376220868E-003
  0.46666666666666667       0.36666666666666664        1.2056131479543587E-003
  0.46666666666666667       0.40000000000000002        4.0200615580210077E-004
  0.46666666666666667       0.43333333333333335        1.2158375314823198E-004
  0.46666666666666667       0.46666666666666667        3.3188866908353840E-005
  0.46666666666666667       0.50000000000000000        8.1303349310659598E-006
  0.46666666666666667       0.53333333333333333        1.7754924843883670E-006
  0.46666666666666667       0.56666666666666665        3.4289074580974288E-007
  0.46666666666666667       0.59999999999999998        5.7996468817538706E-008
  0.46666666666666667       0.63333333333333330        8.4882137001548796E-009
  0.46666666666666667       0.66666666666666663        1.0585745189595742E-009
  0.46666666666666667       0.69999999999999996        1.1023685600598154E-010
  0.46666666666666667       0.73333333333333328        9.3232029718775933E-012
  0.46666666666666667       0.76666666666666661        6.1500130683110322E-013
  0.46666666666666667       0.80000000000000004        2.9675601905196264E-014
  0.46666666666666667       0.83333333333333337        9.3143262243221353E-016
  0.46666666666666667       0.86666666666666670        1.4267909835621737E-017
  0.46666666666666667       0.90000000000000002        0.0000000000000000     
  0.46666666666666667       0.93333333333333335        0.0000000000000000     
  0.46666666666666667       0.96666666666666667        0.0000000000000000     
  0.46666666666666667        1.0000000000000000        0.0000000000000000     

  0.50000000000000000        0.0000000000000000        1.0000000000000000     
  0.50000000000000000        3.3333333333333333E-002  0.76251256299275172     
  0.50000000000000000        6.6666666666666666E-002  0.55022376491277103     
  0.50000000000000000       0.10000000000000001       0.37379735421738569     
  0.50000000000000000       0.13333333333333333       0.23800169082965358     
  0.50000000000000000       0.16666666666666666       0.14146096999805932     
  0.50000000000000000       0.20000000000000001        7.8204794535373823E-002
  0.50000000000000000       0.23333333333333334        4.0077502243306001E-002
  0.50000000000000000       0.26666666666666666        1.8976587730141558E-002
  0.50000000000000000       0.29999999999999999        8.2749549368425351E-003
  0.50000000000000000       0.33333333333333331        3.3118972573272544E-003
  0.50000000000000000       0.36666666666666664        1.2122540022187424E-003
  0.50000000000000000       0.40000000000000002        4.0422051809451326E-004
  0.50000000000000000       0.43333333333333335        1.2225347045095400E-004
  0.50000000000000000       0.46666666666666667        3.3371680465681397E-005
  0.50000000000000000       0.50000000000000000        8.1751190888112954E-006
  0.50000000000000000       0.53333333333333333        1.7852723933553005E-006
  0.50000000000000000       0.56666666666666665        3.4477948389740554E-007
  0.50000000000000000       0.59999999999999998        5.8315929581482492E-008
  0.50000000000000000       0.63333333333333330        8.5349691542101997E-009
  0.50000000000000000       0.66666666666666663        1.0644054433488182E-009
  0.50000000000000000       0.69999999999999996        1.1084407142706563E-010
  0.50000000000000000       0.73333333333333328        9.3745577802741011E-012
  0.50000000000000000       0.76666666666666661        6.1838890596105702E-013
  0.50000000000000000       0.80000000000000004        2.9839063416705701E-014
  0.50000000000000000       0.83333333333333337        9.3656321371114958E-016
  0.50000000000000000       0.86666666666666670        1.4346501471783384E-017
  0.50000000000000000       0.90000000000000002        0.0000000000000000     
  0.50000000000000000       0.93333333333333335        0.0000000000000000     
  0.50000000000000000       0.96666666666666667        0.0000000000000000     
  0.50000000000000000        1.0000000000000000        0.0000000000000000     

  0.53333333333333333        0.0000000000000000       0.99452189536827340     
  0.53333333333333333        3.3333333333333333E-002  0.75833543938967141     
  0.53333333333333333        6.6666666666666666E-002  0.54720958155771637     
  0.53333333333333333       0.10000000000000001       0.37174965319992020     
  0.53333333333333333       0.13333333333333333       0.23669789266476093     
  0.53333333333333333       0.16666666666666666       0.14068603200310439     
  0.53333333333333333       0.20000000000000001        7.7776380488206370E-002
  0.53333333333333333       0.23333333333333334        3.9857953492638910E-002
  0.53333333333333333       0.26666666666666666        1.8872631997002703E-002
  0.53333333333333333       0.29999999999999999        8.2296238678756881E-003
  0.53333333333333333       0.33333333333333331        3.2937543376220868E-003
  0.53333333333333333       0.36666666666666664        1.2056131479543587E-003
  0.53333333333333333       0.40000000000000002        4.0200615580210077E-004
  0.53333333333333333       0.43333333333333335        1.2158375314823198E-004
  0.53333333333333333       0.46666666666666667        3.3188866908353840E-005
  0.53333333333333333       0.50000000000000000        8.1303349310659598E-006
  0.53333333333333333       0.53333333333333333        1.7754924843883670E-006
  0.53333333333333333       0.56666666666666665        3.4289074580974288E-007
  0.53333333333333333       0.59999999999999998        5.7996468817538706E-008
  0.53333333333333333       0.63333333333333330        8.4882137001548796E-009
  0.53333333333333333       0.66666666666666663        1.0585745189595742E-009
  0.53333333333333333       0.69999999999999996        1.1023685600598154E-010
  0.53333333333333333       0.73333333333333328        9.3232029718775933E-012
  0.53333333333333333       0.76666666666666661        6.1500130683110322E-013
  0.53333333333333333       0.80000000000000004        2.9675601905196264E-014
  0.53333333333333333       0.83333333333333337        9.3143262243221353E-016
  0.53333333333333333       0.86666666666666670        1.4267909835621737E-017
  0.53333333333333333       0.90000000000000002        0.0000000000000000     
  0.53333333333333333       0.93333333333333335        0.0000000000000000     
  0.53333333333333333       0.96666666666666667        0.0000000000000000     
  0.53333333333333333        1.0000000000000000        0.0000000000000000     

  0.56666666666666665        0.0000000000000000       0.97814760073380569     
  0.56666666666666665        3.3333333333333333E-002  0.74584983402074501     
  0.56666666666666665        6.6666666666666666E-002  0.53820005551614858     
  0.56666666666666665       0.10000000000000001       0.36562898518838027     
  0.56666666666666665       0.13333333333333333       0.23280078285561467     
  0.56666666666666665       0.16666666666666666       0.13836970840107859     
  0.56666666666666665       0.20000000000000001        7.6495832140656153E-002
  0.56666666666666665       0.23333333333333334        3.9201712662693483E-002
  0.56666666666666665       0.26666666666666666        1.8561903758352542E-002
  0.56666666666666665       0.29999999999999999        8.0941273176528862E-003
  0.56666666666666665       0.33333333333333331        3.2395243561315250E-003
  0.56666666666666665       0.36666666666666664        1.1857633437502165E-003
  0.56666666666666665       0.40000000000000002        3.9538732994152405E-004
  0.56666666666666665       0.43333333333333335        1.1958193880298187E-004
  0.56666666666666665       0.46666666666666667        3.2642429179961464E-005
  0.56666666666666665       0.50000000000000000        7.9964731224339046E-006
  0.56666666666666665       0.53333333333333333        1.7462599082167860E-006
  0.56666666666666665       0.56666666666666665        3.3724522495648704E-007
  0.56666666666666665       0.59999999999999998        5.7041586604688651E-008
  0.56666666666666665       0.63333333333333330        8.3484596005277485E-009
  0.56666666666666665       0.66666666666666663        1.0411456306196493E-009
  0.56666666666666665       0.69999999999999996        1.0842186252195081E-010
  0.56666666666666665       0.73333333333333328        9.1697012007155414E-012
  0.56666666666666665       0.76666666666666661        6.0487562468621081E-013
  0.56666666666666665       0.80000000000000004        2.9187008289194548E-014
  0.56666666666666665       0.83333333333333337        9.1609706042710327E-016
  0.56666666666666665       0.86666666666666670        1.4032995993548934E-017
  0.56666666666666665       0.90000000000000002        0.0000000000000000     
  0.56666666666666665       0.93333333333333335        0.0000000000000000     
  0.56666666666666665       0.96666666666666667        0.0000000000000000     
  0.56666666666666665        1.0000000000000000        0.0000000000000000     

  0.59999999999999998        0.0000000000000000       0.95105651629515364     
  0.59999999999999998        3.3333333333333333E-002  0.72519254179117543     
  0.59999999999999998        6.6666666666666666E-002  0.52329389704074369     
  0.59999999999999998       0.10000000000000001       0.35550240950233236     
  0.59999999999999998       0.13333333333333333       0.22635305895280661     
  0.59999999999999998       0.16666666666666666       0.13453737731808754     
  0.59999999999999998       0.20000000000000001        7.4377179448390923E-002
  0.59999999999999998       0.23333333333333334        3.8115969665329812E-002
  0.59999999999999998       0.26666666666666666        1.8047807417797788E-002
  0.59999999999999998       0.29999999999999999        7.8699498147328448E-003
  0.59999999999999998       0.33333333333333331        3.1498014678811325E-003
  0.59999999999999998       0.36666666666666664        1.1529220682150146E-003
  0.59999999999999998       0.40000000000000002        3.8443655775398996E-004
  0.59999999999999998       0.43333333333333335        1.1626995971207683E-004
  0.59999999999999998       0.46666666666666667        3.1738354166605975E-005
  0.59999999999999998       0.50000000000000000        7.7750002809028806E-006
  0.59999999999999998       0.53333333333333333        1.6978949430624033E-006
  0.59999999999999998       0.56666666666666665        3.2790477484550752E-007
  0.59999999999999998       0.59999999999999998        5.5461744832278211E-008
  0.59999999999999998       0.63333333333333330        8.1172380304897473E-009
  0.59999999999999998       0.66666666666666663        1.0123097328769253E-009
  0.59999999999999998       0.69999999999999996        1.0541897642339620E-010
  0.59999999999999998       0.73333333333333328        8.9157342643151098E-012
  0.59999999999999998       0.76666666666666661        5.8812279861889406E-013
  0.59999999999999998       0.80000000000000004        2.8378635702602292E-014
  0.59999999999999998       0.83333333333333337        8.9072454732231931E-016
  0.59999999999999998       0.86666666666666670        1.3644333710777605E-017
  0.59999999999999998       0.90000000000000002        0.0000000000000000     
  0.59999999999999998       0.93333333333333335        0.0000000000000000     
  0.59999999999999998       0.96666666666666667        0.0000000000000000     
  0.59999999999999998        1.0000000000000000        0.0000000000000000     

  0.63333333333333330        0.0000000000000000       0.91354545764260098     
  0.63333333333333330        3.3333333333333333E-002  0.69658988831744606     
  0.63333333333333330        6.6666666666666666E-002  0.50265442112307235     
  0.63333333333333330       0.10000000000000001       0.34148087502411500     
  0.63333333333333330       0.13333333333333333       0.21742536356868875     
  0.63333333333333330       0.16666666666666666       0.12923102657544333     
  0.63333333333333330       0.20000000000000001        7.1443634813663684E-002
  0.63333333333333330       0.23333333333333334        3.6612620128033346E-002
  0.63333333333333330       0.26666666666666666        1.7335975522427136E-002
  0.63333333333333330       0.29999999999999999        7.5595474947497132E-003
  0.63333333333333330       0.33333333333333331        3.0255686956103013E-003
  0.63333333333333330       0.36666666666666664        1.1074491372359957E-003
  0.63333333333333330       0.40000000000000002        3.6927381819118141E-004
  0.63333333333333330       0.43333333333333335        1.1168410261151298E-004
  0.63333333333333330       0.46666666666666667        3.0486547103323561E-005
  0.63333333333333330       0.50000000000000000        7.4683429092708784E-006
  0.63333333333333330       0.53333333333333333        1.6309274856044694E-006
  0.63333333333333330       0.56666666666666665        3.1497173140283511E-007
  0.63333333333333330       0.59999999999999998        5.3274252577369095E-008
  0.63333333333333330       0.63333333333333330        7.7970823019484405E-009
  0.63333333333333330       0.66666666666666663        9.7238275786137167E-010
  0.63333333333333330       0.69999999999999996        1.0126109795880780E-010
  0.63333333333333330       0.73333333333333328        8.5640846775775084E-012
  0.63333333333333330       0.76666666666666661        5.6492637609730125E-013
  0.63333333333333330       0.80000000000000004        2.7259340844640993E-014
  0.63333333333333330       0.83333333333333337        8.5559306968097696E-016
  0.63333333333333330       0.86666666666666670        1.3106181252610600E-017
  0.63333333333333330       0.90000000000000002        0.0000000000000000     
  0.63333333333333330       0.93333333333333335        0.0000000000000000     
  0.63333333333333330       0.96666666666666667        0.0000000000000000     
  0.63333333333333330        1.0000000000000000        0.0000000000000000     

  0.66666666666666663        0.0000000000000000       0.86602540378443871     
  0.66666666666666663        3.3333333333333333E-002  0.66035525025650510     
  0.66666666666666663        6.6666666666666666E-002  0.47650775818037666     
  0.66666666666666663       0.10000000000000001       0.32371800461966627     
  0.66666666666666663       0.13333333333333333       0.20611551040212991     
  0.66666666666666663       0.16666666666666666       0.12250879366230770     
  0.66666666666666663       0.20000000000000001        6.7727338765376205E-002
  0.66666666666666663       0.23333333333333334        3.4708135062930835E-002
  0.66666666666666663       0.26666666666666666        1.6434207051446669E-002
  0.66666666666666663       0.29999999999999999        7.1663211904770914E-003
  0.66666666666666663       0.33333333333333331        2.8681871595694105E-003
  0.66666666666666663       0.36666666666666664        1.0498427617607884E-003
  0.66666666666666663       0.40000000000000002        3.5006523740075589E-004
  0.66666666666666663       0.43333333333333335        1.0587461111133640E-004
  0.66666666666666663       0.46666666666666667        2.8900723050256998E-005
  0.66666666666666663       0.50000000000000000        7.0798608098736749E-006
  0.66666666666666663       0.53333333333333333        1.5460912453207354E-006
  0.66666666666666663       0.56666666666666665        2.9858779175884100E-007
  0.66666666666666663       0.59999999999999998        5.0503076462868258E-008
  0.66666666666666663       0.63333333333333330        7.3915001080626208E-009
  0.66666666666666663       0.66666666666666663        9.2180215386651466E-010
  0.66666666666666663       0.69999999999999996        9.5993781714735685E-011
  0.66666666666666663       0.73333333333333328        8.1186051869624295E-012
  0.66666666666666663       0.76666666666666661        5.3554050198074168E-013
  0.66666666666666663       0.80000000000000004        2.5841386944002033E-014
  0.66666666666666663       0.83333333333333337        8.1108753532384967E-016
  0.66666666666666663       0.86666666666666670        1.2424434729995254E-017
  0.66666666666666663       0.90000000000000002        0.0000000000000000     
  0.66666666666666663       0.93333333333333335        0.0000000000000000     
  0.66666666666666663       0.96666666666666667        0.0000000000000000     
  0.66666666666666663        1.0000000000000000        0.0000000000000000     

  0.69999999999999996        0.0000000000000000       0.80901699437494745     
  0.69999999999999996        3.3333333333333333E-002  0.61688562188553386     
  0.69999999999999996        6.6666666666666666E-002  0.44514037652339766     
  0.69999999999999996       0.10000000000000001       0.30240841201425694     
  0.69999999999999996       0.13333333333333333       0.19254741257116187     
  0.69999999999999996       0.16666666666666666       0.11444432876919458     
  0.69999999999999996       0.20000000000000001        6.3269007820718468E-002
  0.69999999999999996       0.23333333333333334        3.2423380406934640E-002
  0.69999999999999996       0.26666666666666666        1.5352381968931631E-002
  0.69999999999999996       0.29999999999999999        6.6945791715924807E-003
  0.69999999999999996       0.33333333333333331        2.6793811648015277E-003
  0.69999999999999996       0.36666666666666664        9.8073408929400798E-004
  0.69999999999999996       0.40000000000000002        3.2702126861350729E-004
  0.69999999999999996       0.43333333333333335        9.8905135216137267E-005
  0.69999999999999996       0.46666666666666667        2.6998256627586709E-005
  0.69999999999999996       0.50000000000000000        6.6138102738873733E-006
  0.69999999999999996       0.53333333333333333        1.4443157058128742E-006
  0.69999999999999996       0.56666666666666665        2.7893246178482468E-007
  0.69999999999999996       0.59999999999999998        4.7178578074192046E-008
  0.69999999999999996       0.63333333333333330        6.9049350922220261E-009
  0.69999999999999996       0.66666666666666663        8.6112209257439454E-010
  0.69999999999999996       0.69999999999999996        8.9674737510206630E-011
  0.69999999999999996       0.73333333333333328        7.5841765589916343E-012
  0.69999999999999996       0.76666666666666661        5.0028713405542651E-013
  0.69999999999999996       0.80000000000000004        2.4140309400346707E-014
  0.69999999999999996       0.83333333333333337        7.5769555619873575E-016
  0.69999999999999996       0.86666666666666670        1.1606563500497960E-017
  0.69999999999999996       0.90000000000000002        0.0000000000000000     
  0.69999999999999996       0.93333333333333335        0.0000000000000000     
  0.69999999999999996       0.96666666666666667        0.0000000000000000     
  0.69999999999999996        1.0000000000000000        0.0000000000000000     

  0.73333333333333328        0.0000000000000000       0.74314482547739447     
  0.73333333333333328        3.3333333333333333E-002  0.56665726554956908     
  0.73333333333333328        6.6666666666666666E-002  0.40889594374961602     
  0.73333333333333328       0.10000000000000001       0.27778556956379080     
  0.73333333333333328       0.13333333333333333       0.17686972499492770     
  0.73333333333333328       0.16666666666666666       0.10512598786107070     
  0.73333333333333328       0.20000000000000001        5.8117488386485880E-002
  0.73333333333333328       0.23333333333333334        2.9783388410171523E-002
  0.73333333333333328       0.26666666666666666        1.4102352976872510E-002
  0.73333333333333328       0.29999999999999999        6.1494899423731484E-003
  0.73333333333333328       0.33333333333333331        2.4612193092955230E-003
  0.73333333333333328       0.36666666666666664        9.0088028891312016E-004
  0.73333333333333328       0.40000000000000002        3.0039438637372896E-004
  0.73333333333333328       0.43333333333333335        9.0852033962280000E-005
  0.73333333333333328       0.46666666666666667        2.4799991655556164E-005
  0.73333333333333328       0.50000000000000000        6.0752974485115852E-006
  0.73333333333333328       0.53333333333333333        1.3267159411896346E-006
  0.73333333333333328       0.56666666666666665        2.5622108938912348E-007
  0.73333333333333328       0.59999999999999998        4.3337181311382819E-008
  0.73333333333333328       0.63333333333333330        6.3427181625604849E-009
  0.73333333333333328       0.66666666666666663        7.9100739743464599E-010
  0.73333333333333328       0.69999999999999996        8.2373198115870510E-011
  0.73333333333333328       0.73333333333333328        6.9666541055495454E-012
  0.73333333333333328       0.76666666666666661        4.5955251559758655E-013
  0.73333333333333328       0.80000000000000004        2.2174745575216659E-014
  0.73333333333333328       0.83333333333333337        6.9600210600191960E-016
  0.73333333333333328       0.86666666666666670        1.0661528332459652E-017
  0.73333333333333328       0.90000000000000002        0.0000000000000000     
  0.73333333333333328       0.93333333333333335        0.0000000000000000     
  0.73333333333333328       0.96666666666666667        0.0000000000000000     
  0.73333333333333328        1.0000000000000000        0.0000000000000000     

  0.76666666666666661        0.0000000000000000       0.66913060635885835     
  0.76666666666666661        3.3333333333333333E-002  0.51022049363158706     
  0.76666666666666661        6.6666666666666666E-002  0.36817156144913638     
  0.76666666666666661       0.10000000000000001       0.25011925028281617     
  0.76666666666666661       0.13333333333333333       0.15925421569927967     
  0.76666666666666661       0.16666666666666666        9.4655864630913689E-002
  0.76666666666666661       0.20000000000000001        5.2329221587624632E-002
  0.76666666666666661       0.23333333333333334        2.6817083377411850E-002
  0.76666666666666661       0.26666666666666666        1.2697815654491691E-002
  0.76666666666666661       0.29999999999999999        5.5370256144816731E-003
  0.76666666666666661       0.33333333333333331        2.2160918199936254E-003
  0.76666666666666661       0.36666666666666664        8.1115625556557971E-004
  0.76666666666666661       0.40000000000000002        2.7047632037527353E-004
  0.76666666666666661       0.43333333333333335        8.1803538812321613E-005
  0.76666666666666661       0.46666666666666667        2.2330012785215457E-005
  0.76666666666666661       0.50000000000000000        5.4702223929521782E-006
  0.76666666666666661       0.53333333333333333        1.1945803990815622E-006
  0.76666666666666661       0.56666666666666665        2.3070250512036518E-007
  0.76666666666666661       0.59999999999999998        3.9020973321237851E-008
  0.76666666666666661       0.63333333333333330        5.7110090854108255E-009
  0.76666666666666661       0.66666666666666663        7.1222625971966417E-010
  0.76666666666666661       0.69999999999999996        7.4169160725277022E-011
  0.76666666666666661       0.73333333333333328        6.2728035318609625E-012
  0.76666666666666661       0.76666666666666661        4.1378294361131302E-013
  0.76666666666666661       0.80000000000000004        1.9966230597200711E-014
  0.76666666666666661       0.83333333333333337        6.2668311108394260E-016
  0.76666666666666661       0.86666666666666670        9.5996832289426716E-018
  0.76666666666666661       0.90000000000000002        0.0000000000000000     
  0.76666666666666661       0.93333333333333335        0.0000000000000000     
  0.76666666666666661       0.96666666666666667        0.0000000000000000     
  0.76666666666666661        1.0000000000000000        0.0000000000000000     

  0.80000000000000004        0.0000000000000000       0.58778525229247325     
  0.80000000000000004        3.3333333333333333E-002  0.44819363921487498     
  0.80000000000000004        6.6666666666666666E-002  0.32341341447656757     
  0.80000000000000004       0.10000000000000001       0.21971257215492498     
  0.80000000000000004       0.13333333333333333       0.13989388389034316     
  0.80000000000000004       0.16666666666666666        8.3148671939847277E-002
  0.80000000000000004       0.20000000000000001        4.5967624886455741E-002
  0.80000000000000004       0.23333333333333334        2.3556964767333780E-002
  0.80000000000000004       0.26666666666666666        1.1154158406611506E-002
  0.80000000000000004       0.29999999999999999        4.8638964752608363E-003
  0.80000000000000004       0.33333333333333331        1.9466843649648497E-003
  0.80000000000000004       0.36666666666666664        7.1254502453670392E-004
  0.80000000000000004       0.40000000000000002        2.3759485920997770E-004
  0.80000000000000004       0.43333333333333335        7.1858786972644415E-005
  0.80000000000000004       0.46666666666666667        1.9615381621944340E-005
  0.80000000000000004       0.50000000000000000        4.8052144361379601E-006
  0.80000000000000004       0.53333333333333333        1.0493567841391326E-006
  0.80000000000000004       0.56666666666666665        2.0265629592790521E-007
  0.80000000000000004       0.59999999999999998        3.4277243381721781E-008
  0.80000000000000004       0.63333333333333330        5.0167289976159191E-009
  0.80000000000000004       0.66666666666666663        6.2564182206026699E-010
  0.80000000000000004       0.69999999999999996        6.5152510488882706E-011
  0.80000000000000004       0.73333333333333328        5.5102268100087786E-012
  0.80000000000000004       0.76666666666666661        3.6347987910518642E-013
  0.80000000000000004       0.80000000000000004        1.7538961418559468E-014
  0.80000000000000004       0.83333333333333337        5.5049804485905750E-016
  0.80000000000000004       0.86666666666666670        8.4326619871065383E-018
  0.80000000000000004       0.90000000000000002        0.0000000000000000     
  0.80000000000000004       0.93333333333333335        0.0000000000000000     
  0.80000000000000004       0.96666666666666667        0.0000000000000000     
  0.80000000000000004        1.0000000000000000        0.0000000000000000     

  0.83333333333333337        0.0000000000000000       0.49999999999999994     
  0.83333333333333337        3.3333333333333333E-002  0.38125628149637586     
  0.83333333333333337        6.6666666666666666E-002  0.27511188245638557     
  0.83333333333333337       0.10000000000000001       0.18689867710869282     
  0.83333333333333337       0.13333333333333333       0.11900084541482681     
  0.83333333333333337       0.16666666666666666        7.0730484999029647E-002
  0.83333333333333337       0.20000000000000001        3.9102397267686925E-002
  0.83333333333333337       0.23333333333333334        2.0038751121653004E-002
  0.83333333333333337       0.26666666666666666        9.4882938650707790E-003
  0.83333333333333337       0.29999999999999999        4.1374774684212676E-003
  0.83333333333333337       0.33333333333333331        1.6559486286636272E-003
  0.83333333333333337       0.36666666666666664        6.0612700110937120E-004
  0.83333333333333337       0.40000000000000002        2.0211025904725666E-004
  0.83333333333333337       0.43333333333333335        6.1126735225477000E-005
  0.83333333333333337       0.46666666666666667        1.6685840232840699E-005
  0.83333333333333337       0.50000000000000000        4.0875595444056486E-006
  0.83333333333333337       0.53333333333333333        8.9263619667765023E-007
  0.83333333333333337       0.56666666666666665        1.7238974194870277E-007
  0.83333333333333337       0.59999999999999998        2.9157964790741242E-008
  0.83333333333333337       0.63333333333333330        4.2674845771051015E-009
  0.83333333333333337       0.66666666666666663        5.3220272167440919E-010
  0.83333333333333337       0.69999999999999996        5.5422035713532814E-011
  0.83333333333333337       0.73333333333333328        4.6872788901370513E-012
  0.83333333333333337       0.76666666666666661        3.0919445298052841E-013
  0.83333333333333337       0.80000000000000004        1.4919531708352851E-014
  0.83333333333333337       0.83333333333333337        4.6828160685557469E-016
  0.83333333333333337       0.86666666666666670        7.1732507358916918E-018
  0.83333333333333337       0.90000000000000002        0.0000000000000000     
  0.83333333333333337       0.93333333333333335        0.0000000000000000     
  0.83333333333333337       0.96666666666666667        0.0000000000000000     
  0.83333333333333337        1.0000000000000000        0.0000000000000000     

  0.86666666666666670        0.0000000000000000       0.40673664307580004     
  0.86666666666666670        3.3333333333333333E-002  0.31014180017479642     
  0.86666666666666670        6.6666666666666666E-002  0.22379616708114874     
  0.86666666666666670       0.10000000000000001       0.15203708104499525     
  0.86666666666666670       0.13333333333333333        9.6804008774417777E-002
  0.86666666666666670       0.16666666666666666        5.7537360063257131E-002
  0.86666666666666670       0.20000000000000001        3.1808755601750643E-002
  0.86666666666666670       0.23333333333333334        1.6300988725305138E-002
  0.86666666666666670       0.26666666666666666        7.7184735903911969E-003
  0.86666666666666670       0.29999999999999999        3.3657273926148532E-003
  0.86666666666666670       0.33333333333333331        1.3470699726572371E-003
  0.86666666666666670       0.36666666666666664        4.9306812341765494E-004
  0.86666666666666670       0.40000000000000002        1.6441129659212309E-004
  0.86666666666666670       0.43333333333333335        4.9724966175587575E-005
  0.86666666666666670       0.46666666666666667        1.3573485286409507E-005
  0.86666666666666670       0.50000000000000000        3.3251204949280014E-006
  0.86666666666666670       0.53333333333333333        7.2613570024923440E-007
  0.86666666666666670       0.56666666666666665        1.4023444988183766E-007
  0.86666666666666670       0.59999999999999998        2.3719225435816938E-008
  0.86666666666666670       0.63333333333333330        3.4714847025389593E-009
  0.86666666666666670       0.66666666666666663        4.3293269689930717E-010
  0.86666666666666670       0.69999999999999996        4.5084345517098901E-011
  0.86666666666666670       0.73333333333333328        3.8129761618688123E-012
  0.86666666666666670       0.76666666666666661        2.5152142772591705E-013
  0.86666666666666670       0.80000000000000004        1.2136640486636792E-014
  0.86666666666666670       0.83333333333333337        3.8093457757315603E-016
  0.86666666666666670       0.86666666666666670        5.8352478485151991E-018
  0.86666666666666670       0.90000000000000002        0.0000000000000000     
  0.86666666666666670       0.93333333333333335        0.0000000000000000     
  0.86666666666666670       0.96666666666666667        0.0000000000000000     
  0.86666666666666670        1.0000000000000000        0.0000000000000000     

  0.90000000000000002        0.0000000000000000       0.30901699437494751     
  0.90000000000000002        3.3333333333333333E-002  0.23562934038915792     
  0.90000000000000002        6.6666666666666666E-002  0.17002849406701218     
  0.90000000000000002       0.10000000000000001       0.11550973490556410     
  0.90000000000000002       0.13333333333333333        7.3546567156335049E-002
  0.90000000000000002       0.16666666666666666        4.3713843770164906E-002
  0.90000000000000002       0.20000000000000001        2.4166610553031535E-002
  0.90000000000000002       0.23333333333333334        1.2384629285281635E-002
  0.90000000000000002       0.26666666666666666        5.8640881038608504E-003
  0.90000000000000002       0.29999999999999999        2.5571017031712131E-003
  0.90000000000000002       0.33333333333333331        1.0234325361379000E-003
  0.90000000000000002       0.36666666666666664        3.7460708818463668E-004
  0.90000000000000002       0.40000000000000002        1.2491100956625055E-004
  0.90000000000000002       0.43333333333333335        3.7778399990660253E-005
  0.90000000000000002       0.46666666666666667        1.0312416394746012E-005
  0.90000000000000002       0.50000000000000000        2.5262507294817252E-006
  0.90000000000000002       0.53333333333333333        5.5167950913522377E-007
  0.90000000000000002       0.56666666666666665        1.0654271983612186E-007
  0.90000000000000002       0.59999999999999998        1.8020613283450800E-008
  0.90000000000000002       0.63333333333333330        2.6374505151169246E-009
  0.90000000000000002       0.66666666666666663        3.2891937089998520E-010
  0.90000000000000002       0.69999999999999996        3.4252701796673810E-011
  0.90000000000000002       0.73333333333333328        2.8968976688545818E-012
  0.90000000000000002       0.76666666666666661        1.9109268107489775E-013
  0.90000000000000002       0.80000000000000004        9.2207776919938439E-015
  0.90000000000000002       0.83333333333333337        2.8941394934316087E-016
  0.90000000000000002       0.86666666666666670        4.4333127646062616E-018
  0.90000000000000002       0.90000000000000002        0.0000000000000000     
  0.90000000000000002       0.93333333333333335        0.0000000000000000     
  0.90000000000000002       0.96666666666666667        0.0000000000000000     
  0.90000000000000002        1.0000000000000000        0.0000000000000000     

  0.93333333333333335        0.0000000000000000       0.20791169081775931     
  0.93333333333333335        3.3333333333333333E-002  0.15853527624160627     
  0.93333333333333335        6.6666666666666666E-002  0.11439795329112756     
  0.93333333333333335       0.10000000000000001        7.7716839938541560E-002
  0.93333333333333335       0.13333333333333333        4.9483333957878892E-002
  0.93333333333333335       0.16666666666666666        2.9411389457016837E-002
  0.93333333333333335       0.20000000000000001        1.6259691061905043E-002
  0.93333333333333335       0.23333333333333334        8.3325812551582942E-003
  0.93333333333333335       0.26666666666666666        3.9454544409252773E-003
  0.93333333333333335       0.29999999999999999        1.7204598723596966E-003
  0.93333333333333335       0.33333333333333331        6.8858215858560925E-004
  0.93333333333333335       0.36666666666666664        2.5204177930189455E-004
  0.93333333333333335       0.40000000000000002        8.4042171380260954E-005
  0.93333333333333335       0.43333333333333335        2.5417925749796829E-005
  0.93333333333333335       0.46666666666666667        6.9383625110498093E-006
  0.93333333333333335       0.50000000000000000        1.6997028323912965E-006
  0.93333333333333335       0.53333333333333333        3.7117900187276845E-007
  0.93333333333333335       0.56666666666666665        7.1683685456384016E-008
  0.93333333333333335       0.59999999999999998        1.2124563520895412E-008
  0.93333333333333335       0.63333333333333330        1.7745198679292644E-009
  0.93333333333333335       0.66666666666666663        2.2130233544227963E-010
  0.93333333333333335       0.69999999999999996        2.3045778307525695E-011
  0.93333333333333335       0.73333333333333328        1.9490801587655688E-012
  0.93333333333333335       0.76666666666666661        1.2857028302130773E-013
  0.93333333333333335       0.80000000000000004        6.2038901273856312E-015
  0.93333333333333335       0.83333333333333337        1.9472244132039964E-016
  0.93333333333333335       0.86666666666666670        2.9828053783179570E-018
  0.93333333333333335       0.90000000000000002        0.0000000000000000     
  0.93333333333333335       0.93333333333333335        0.0000000000000000     
  0.93333333333333335       0.96666666666666667        0.0000000000000000     
  0.93333333333333335        1.0000000000000000        0.0000000000000000     

  0.96666666666666667        0.0000000000000000       0.10452846326765373     
  0.96666666666666667        3.3333333333333333E-002   7.9704266431912224E-002
  0.96666666666666667        6.6666666666666666E-002   5.7514044599674609E-002
  0.96666666666666667       0.10000000000000001        3.9072463009858054E-002
  0.96666666666666667       0.13333333333333333        2.4877950997526870E-002
  0.96666666666666667       0.16666666666666666        1.4786697806248776E-002
  0.96666666666666667       0.20000000000000001        8.1746269929452112E-003
  0.96666666666666667       0.23333333333333334        4.1892397210987120E-003
  0.96666666666666667       0.26666666666666666        1.9835935534955056E-003
  0.96666666666666667       0.29999999999999999        8.6496832315723267E-004
  0.96666666666666667       0.33333333333333331        3.4618753080877418E-004
  0.96666666666666667       0.36666666666666664        1.2671504794198774E-004
  0.96666666666666667       0.40000000000000002        4.2252549577674190E-005
  0.96666666666666667       0.43333333333333335        1.2778967395375707E-005
  0.96666666666666667       0.46666666666666667        3.4882904757368467E-006
  0.96666666666666667       0.50000000000000000        8.5453263538350427E-007
  0.96666666666666667       0.53333333333333333        1.8661177979159533E-007
  0.96666666666666667       0.56666666666666665        3.6039269618010477E-008
  0.96666666666666667       0.59999999999999998        6.0956745031770577E-009
  0.96666666666666667       0.63333333333333330        8.9214720972641668E-010
  0.96666666666666667       0.66666666666666663        1.1126066528697735E-010
  0.96666666666666667       0.69999999999999996        1.1586360448601186E-011
  0.96666666666666667       0.73333333333333328        9.7990811858587628E-013
  0.96666666666666667       0.76666666666666661        6.4639242041874769E-014
  0.96666666666666667       0.80000000000000004        3.1190314442943062E-015
  0.96666666666666667       0.83333333333333337        9.7897513482241382E-017
  0.96666666666666667       0.86666666666666670        1.4996177521126495E-018
  0.96666666666666667       0.90000000000000002        0.0000000000000000     
  0.96666666666666667       0.93333333333333335        0.0000000000000000     
  0.96666666666666667       0.96666666666666667        0.0000000000000000     
  0.96666666666666667        1.0000000000000000        0.0000000000000000     

   1.0000000000000000        0.0000000000000000        1.2246467991473532E-016
   1.0000000000000000        3.3333333333333333E-002   0.0000000000000000     
   1.0000000000000000        6.6666666666666666E-002   0.0000000000000000     
   1.0000000000000000       0.10000000000000001        0.0000000000000000     
   1.0000000000000000       0.13333333333333333        0.0000000000000000     
   1.0000000000000000       0.16666666666666666        0.0000000000000000     
   1.0000000000000000       0.20000000000000001        0.0000000000000000     
   1.0000000000000000       0.23333333333333334        0.0000000000000000     
   1.0000000000000000       0.26666666666666666        0.0000000000000000     
   1.0000000000000000       0.29999999999999999        0.0000000000000000     
   1.0000000000000000       0.33333333333333331        0.0000000000000000     
   1.0000000000000000       0.36666666666666664        0.0000000000000000     
   1.0000000000000000       0.40000000000000002        0.0000000000000000     
   1.0000000000000000       0.43333333333333335        0.0000000000000000     
   1.0000000000000000       0.46666666666666667        0.0000000000000000     
   1.0000000000000000       0.50000000000000000        0.0000000000000000     
   1.0000000000000000       0.53333333333333333        0.0000000000000000     
   1.0000000000000000       0.56666666666666665        0.0000000000000000     
   1.0000000000000000       0.59999999999999998        0.0000000000000000     
   1.0000000000000000       0.63333333333333330        0.0000000000000000     
   1.0000000000000000       0.66666666666666663        0.0000000000000000     
   1.0000000000000000       0.69999999999999996        0.0000000000000000     
   1.0000000000000000       0.73333333333333328        0.0000000000000000     
   1.0000000000000000       0.76666666666666661        0.0000000000000000     
   1.0000000000000000       0.80000000000000004        0.0000000000000000     
   1.0000000000000000       0.83333333333333337        0.0000000000000000     
   1.0000000000000000       0.86666666666666670        0.0000000000000000     
   1.0000000000000000       0.90000000000000002        0.0000000000000000     
   1.0000000000000000       0.93333333333333335        0.0000000000000000     
   1.0000000000000000       0.96666666666666667        0.0000000000000000     
   1.0000000000000000        1.0000000000000000        0.0000000000000000     

