   0.0000000000000000        0.0000000000000000        0.0000000000000000     
   0.0000000000000000        3.3333333333333333E-002   0.0000000000000000     
   0.0000000000000000        6.6666666666666666E-002   0.0000000000000000     
   0.0000000000000000       0.10000000000000001        0.0000000000000000     
   0.0000000000000000       0.13333333333333333        0.0000000000000000     
   0.0000000000000000       0.16666666666666666        0.0000000000000000     
   0.0000000000000000       0.20000000000000001        0.0000000000000000     
   0.0000000000000000       0.23333333333333334        0.0000000000000000     
   0.0000000000000000       0.26666666666666666        0.0000000000000000     
   0.0000000000000000       0.29999999999999999        0.0000000000000000     
   0.0000000000000000       0.33333333333333331        0.0000000000000000     
   0.0000000000000000       0.36666666666666664        0.0000000000000000     
   0.0000000000000000       0.40000000000000002        0.0000000000000000     
   0.0000000000000000       0.43333333333333335        0.0000000000000000     
   0.0000000000000000       0.46666666666666667        0.0000000000000000     
   0.0000000000000000       0.50000000000000000        0.0000000000000000     
   0.0000000000000000       0.53333333333333333        0.0000000000000000     
   0.0000000000000000       0.56666666666666665        0.0000000000000000     
   0.0000000000000000       0.59999999999999998        0.0000000000000000     
   0.0000000000000000       0.63333333333333330        0.0000000000000000     
   0.0000000000000000       0.66666666666666663        0.0000000000000000     
   0.0000000000000000       0.69999999999999996        0.0000000000000000     
   0.0000000000000000       0.73333333333333328        0.0000000000000000     
   0.0000000000000000       0.76666666666666661        0.0000000000000000     
   0.0000000000000000       0.80000000000000004        0.0000000000000000     
   0.0000000000000000       0.83333333333333337        0.0000000000000000     
   0.0000000000000000       0.86666666666666670        0.0000000000000000     
   0.0000000000000000       0.90000000000000002        0.0000000000000000     
   0.0000000000000000       0.93333333333333335        0.0000000000000000     
   0.0000000000000000       0.96666666666666667        0.0000000000000000     
   0.0000000000000000        1.0000000000000000        0.0000000000000000     

   3.3333333333333333E-002   0.0000000000000000       0.10452846326765346     
   3.3333333333333333E-002   3.3333333333333333E-002   8.1488288828906089E-002
   3.3333333333333333E-002   6.6666666666666666E-002   6.0698006626449932E-002
   3.3333333333333333E-002  0.10000000000000001        4.3021943313275968E-002
   3.3333333333333333E-002  0.13333333333333333        2.8912352689839205E-002
   3.3333333333333333E-002  0.16666666666666666        1.8364649235563128E-002
   3.3333333333333333E-002  0.20000000000000001        1.0994165340151570E-002
   3.3333333333333333E-002  0.23333333333333334        6.1873564438634163E-003
   3.3333333333333333E-002  0.26666666666666666        3.2656308556332906E-003
   3.3333333333333333E-002  0.29999999999999999        1.6126697617692340E-003
   3.3333333333333333E-002  0.33333333333333331        7.4344814103090154E-004
   3.3333333333333333E-002  0.36666666666666664        3.1921302258533269E-004
   3.3333333333333333E-002  0.40000000000000002        1.2734910786446889E-004
   3.3333333333333333E-002  0.43333333333333335        4.7086475852528384E-005
   3.3333333333333333E-002  0.46666666666666667        1.6091448393098214E-005
   3.3333333333333333E-002  0.50000000000000000        5.0674997846334098E-006
   3.3333333333333333E-002  0.53333333333333333        1.4657162635028888E-006
   3.3333333333333333E-002  0.56666666666666665        3.8792048452488520E-007
   3.3333333333333333E-002  0.59999999999999998        9.3546758991386717E-008
   3.3333333333333333E-002  0.63333333333333330        2.0454419651681272E-008
   3.3333333333333333E-002  0.66666666666666663        4.0322599599532851E-009
   3.3333333333333333E-002  0.69999999999999996        7.1186882465813575E-010
   3.3333333333333333E-002  0.73333333333333328        1.1164908964201818E-010
   3.3333333333333333E-002  0.76666666666666661        1.5405301354622636E-011
   3.3333333333333333E-002  0.80000000000000004        1.8474510105640015E-012
   3.3333333333333333E-002  0.83333333333333337        1.8960433212479115E-013
   3.3333333333333333E-002  0.86666666666666670        1.6317978045018719E-014
   3.3333333333333333E-002  0.90000000000000002        1.1452965630066084E-015
   3.3333333333333333E-002  0.93333333333333335        6.2951385670223992E-017
   3.3333333333333333E-002  0.96666666666666667        2.6079833257169285E-018
   3.3333333333333333E-002   1.0000000000000000        2.6079833257169285E-018

   6.6666666666666666E-002   0.0000000000000000       0.20791169081775931     
   6.6666666666666666E-002   3.3333333333333333E-002  0.16208377491288192     
   6.6666666666666666E-002   6.6666666666666666E-002  0.12073099319042600     
   6.6666666666666666E-002  0.10000000000000001        8.5572529212691248E-002
   6.6666666666666666E-002  0.13333333333333333        5.7507935593309766E-002
   6.6666666666666666E-002  0.16666666666666666        3.6528091531051507E-002
   6.6666666666666666E-002  0.20000000000000001        2.1867876304159435E-002
   6.6666666666666666E-002  0.23333333333333334        1.2306922915740287E-002
   6.6666666666666666E-002  0.26666666666666666        6.4954827762350731E-003
   6.6666666666666666E-002  0.29999999999999999        3.2076707761556811E-003
   6.6666666666666666E-002  0.33333333333333331        1.4787509086521429E-003
   6.6666666666666666E-002  0.36666666666666664        6.3492868049560094E-004
   6.6666666666666666E-002  0.40000000000000002        2.5330295225366059E-004
   6.6666666666666666E-002  0.43333333333333335        9.3657062422137935E-005
   6.6666666666666666E-002  0.46666666666666667        3.2006595510249584E-005
   6.6666666666666666E-002  0.50000000000000000        1.0079478981183873E-005
   6.6666666666666666E-002  0.53333333333333333        2.9153738329019927E-006
   6.6666666666666666E-002  0.56666666666666665        7.7159083104373563E-007
   6.6666666666666666E-002  0.59999999999999998        1.8606860011534598E-007
   6.6666666666666666E-002  0.63333333333333330        4.0684736401296244E-008
   6.6666666666666666E-002  0.66666666666666663        8.0203416359806788E-009
   6.6666666666666666E-002  0.69999999999999996        1.4159382655051884E-009
   6.6666666666666666E-002  0.73333333333333328        2.2207492849384437E-010
   6.6666666666666666E-002  0.76666666666666661        3.0641819003837478E-011
   6.6666666666666666E-002  0.80000000000000004        3.6746609612522859E-012
   6.6666666666666666E-002  0.83333333333333337        3.7713131950956580E-013
   6.6666666666666666E-002  0.86666666666666670        3.2457172907819778E-014
   6.6666666666666666E-002  0.90000000000000002        2.2780450172002022E-015
   6.6666666666666666E-002  0.93333333333333335        1.2521306278562068E-016
   6.6666666666666666E-002  0.96666666666666667        5.1873930403617063E-018
   6.6666666666666666E-002   1.0000000000000000        5.1873930403617063E-018

  0.10000000000000001        0.0000000000000000       0.30901699437494740     
  0.10000000000000001        3.3333333333333333E-002  0.24090343724070182     
  0.10000000000000001        6.6666666666666666E-002  0.17944122572842322     
  0.10000000000000001       0.10000000000000001       0.12718556457484931     
  0.10000000000000001       0.13333333333333333        8.5473449520110822E-002
  0.10000000000000001       0.16666666666666666        5.4291324411731109E-002
  0.10000000000000001       0.20000000000000001        3.2501998239231611E-002
  0.10000000000000001       0.23333333333333334        1.8291652164763118E-002
  0.10000000000000001       0.26666666666666666        9.6541688282732671E-003
  0.10000000000000001       0.29999999999999999        4.7675278782703025E-003
  0.10000000000000001       0.33333333333333331        2.1978521718696697E-003
  0.10000000000000001       0.36666666666666664        9.4368792691499129E-004
  0.10000000000000001       0.40000000000000002        3.7648155649091066E-004
  0.10000000000000001       0.43333333333333335        1.3920152261685022E-004
  0.10000000000000001       0.46666666666666667        4.7571071669179952E-005
  0.10000000000000001       0.50000000000000000        1.4981025296749905E-005
  0.10000000000000001       0.53333333333333333        4.3330899565066270E-006
  0.10000000000000001       0.56666666666666665        1.1468074669519089E-006
  0.10000000000000001       0.59999999999999998        2.7655183471908370E-007
  0.10000000000000001       0.63333333333333330        6.0469302665070160E-008
  0.10000000000000001       0.66666666666666663        1.1920550770679879E-008
  0.10000000000000001       0.69999999999999996        2.1044943904112349E-009
  0.10000000000000001       0.73333333333333328        3.3006766795692545E-010
  0.10000000000000001       0.76666666666666661        4.5542618471833390E-011
  0.10000000000000001       0.80000000000000004        5.4616105574768473E-012
  0.10000000000000001       0.83333333333333337        5.6052637723799143E-013
  0.10000000000000001       0.86666666666666670        4.8240760192142687E-014
  0.10000000000000001       0.90000000000000002        3.3858347334737853E-015
  0.10000000000000001       0.93333333333333335        1.8610287938262006E-016
  0.10000000000000001       0.96666666666666667        7.7099685913244970E-018
  0.10000000000000001        1.0000000000000000        7.7099685913244970E-018

  0.13333333333333333        0.0000000000000000       0.40673664307580015     
  0.13333333333333333        3.3333333333333333E-002  0.31708371109782735     
  0.13333333333333333        6.6666666666666666E-002  0.23618546264684923     
  0.13333333333333333       0.10000000000000001       0.16740512827623488     
  0.13333333333333333       0.13333333333333333       0.11250249844750033     
  0.13333333333333333       0.16666666666666666        7.1459730180965755E-002
  0.13333333333333333       0.20000000000000001        4.2780021480114380E-002
  0.13333333333333333       0.23333333333333334        2.4075974244894507E-002
  0.13333333333333333       0.26666666666666666        1.2707081786364191E-002
  0.13333333333333333       0.29999999999999999        6.2751509472812467E-003
  0.13333333333333333       0.33333333333333331        2.8928733067620574E-003
  0.13333333333333333       0.36666666666666664        1.2421079309277063E-003
  0.13333333333333333       0.40000000000000002        4.9553535001141565E-004
  0.13333333333333333       0.43333333333333335        1.8322086179998098E-004
  0.13333333333333333       0.46666666666666667        6.2614349212016055E-005
  0.13333333333333333       0.50000000000000000        1.9718436364183655E-005
  0.13333333333333333       0.53333333333333333        5.7033318397904055E-006
  0.13333333333333333       0.56666666666666665        1.5094594402672664E-006
  0.13333333333333333       0.59999999999999998        3.6400510954944712E-007
  0.13333333333333333       0.63333333333333330        7.9591354594830477E-008
  0.13333333333333333       0.66666666666666663        1.5690155856599893E-008
  0.13333333333333333       0.69999999999999996        2.7699932343821721E-009
  0.13333333333333333       0.73333333333333328        4.3444411697877053E-010
  0.13333333333333333       0.76666666666666661        5.9944443481446298E-011
  0.13333333333333333       0.80000000000000004        7.1887216055182077E-012
  0.13333333333333333       0.83333333333333337        7.3778019067971208E-013
  0.13333333333333333       0.86666666666666670        6.3495811612772394E-014
  0.13333333333333333       0.90000000000000002        4.4565285358759592E-015
  0.13333333333333333       0.93333333333333335        2.4495371388857248E-016
  0.13333333333333333       0.96666666666666667        1.0148072112986081E-017
  0.13333333333333333        1.0000000000000000        1.0148072112986081E-017

  0.16666666666666666        0.0000000000000000       0.49999999999999994     
  0.16666666666666666        3.3333333333333333E-002  0.38978994946213275     
  0.16666666666666666        6.6666666666666666E-002  0.29034200221153089     
  0.16666666666666666       0.10000000000000001       0.20579056636045076     
  0.16666666666666666       0.13333333333333333       0.13829894645923771     
  0.16666666666666666       0.16666666666666666        8.7845208192427832E-002
  0.16666666666666666       0.20000000000000001        5.2589337853365982E-002
  0.16666666666666666       0.23333333333333334        2.9596514912977316E-002
  0.16666666666666666       0.26666666666666666        1.5620773297275892E-002
  0.16666666666666666       0.29999999999999999        7.7140221493540214E-003
  0.16666666666666666       0.33333333333333331        3.5561995163329013E-003
  0.16666666666666666       0.36666666666666664        1.5269191405213828E-003
  0.16666666666666666       0.40000000000000002        6.0915995453975709E-004
  0.16666666666666666       0.43333333333333335        2.2523279487980086E-004
  0.16666666666666666       0.46666666666666667        7.6971610841990358E-005
  0.16666666666666666       0.50000000000000000        2.4239808116463323E-005
  0.16666666666666666       0.53333333333333333        7.0110868259385265E-006
  0.16666666666666666       0.56666666666666665        1.8555734600803603E-006
  0.16666666666666666       0.59999999999999998        4.4747026822662058E-007
  0.16666666666666666       0.63333333333333330        9.7841386988088106E-008
  0.16666666666666666       0.66666666666666663        1.9287856311578794E-008
  0.16666666666666666       0.69999999999999996        3.4051434528188685E-009
  0.16666666666666666       0.73333333333333328        5.3406070534172005E-010
  0.16666666666666666       0.76666666666666661        7.3689504624095239E-011
  0.16666666666666666       0.80000000000000004        8.8370715153128011E-012
  0.16666666666666666       0.83333333333333337        9.0695072996191551E-013
  0.16666666666666666       0.86666666666666670        7.8055189634019777E-014
  0.16666666666666666       0.90000000000000002        5.4783956790505239E-015
  0.16666666666666666       0.93333333333333335        3.0112078424530131E-016
  0.16666666666666666       0.96666666666666667        1.2474991232957186E-017
  0.16666666666666666        1.0000000000000000        1.2474991232957186E-017

  0.20000000000000001        0.0000000000000000       0.58778525229247314     
  0.20000000000000001        3.3333333333333333E-002  0.45822556757134009     
  0.20000000000000001        6.6666666666666666E-002  0.34131749404201295     
  0.20000000000000001       0.10000000000000001       0.24192131993517701     
  0.20000000000000001       0.13333333333333333       0.16258016227265254     
  0.20000000000000001       0.16666666666666666       0.10326823572014203     
  0.20000000000000001       0.20000000000000001        6.1822474436069669E-002
  0.20000000000000001       0.23333333333333334        3.4792789970204629E-002
  0.20000000000000001       0.26666666666666666        1.8363320347085675E-002
  0.20000000000000001       0.29999999999999999        9.0683769104955569E-003
  0.20000000000000001       0.33333333333333331        4.1805632598202105E-003
  0.20000000000000001       0.36666666666666664        1.7950011044831340E-003
  0.20000000000000001       0.40000000000000002        7.1611047513124495E-004
  0.20000000000000001       0.43333333333333335        2.6477703032592526E-004
  0.20000000000000001       0.46666666666666667        9.0485555396234725E-005
  0.20000000000000001       0.50000000000000000        2.8495603458513070E-005
  0.20000000000000001       0.53333333333333333        8.2420268776574212E-006
  0.20000000000000001       0.56666666666666665        2.1813574287611041E-006
  0.20000000000000001       0.59999999999999998        5.2603284900592962E-007
  0.20000000000000001       0.63333333333333330        1.1501944867087774E-007
  0.20000000000000001       0.66666666666666663        2.2674234976564627E-008
  0.20000000000000001       0.69999999999999996        4.0029862070144040E-009
  0.20000000000000001       0.73333333333333328        6.2782601285755819E-010
  0.20000000000000001       0.76666666666666661        8.6627208133562378E-011
  0.20000000000000001       0.80000000000000004        1.0388600620309524E-011
  0.20000000000000001       0.83333333333333337        1.0661845272550145E-012
  0.20000000000000001       0.86666666666666670        9.1759378663538287E-014
  0.20000000000000001       0.90000000000000002        6.4402403727374150E-015
  0.20000000000000001       0.93333333333333335        3.5398871227626376E-016
  0.20000000000000001       0.96666666666666667        1.4665231738420251E-017
  0.20000000000000001        1.0000000000000000        1.4665231738420251E-017

  0.23333333333333334        0.0000000000000000       0.66913060635885824     
  0.23333333333333334        3.3333333333333333E-002  0.52164077047237112     
  0.23333333333333334        6.6666666666666666E-002  0.38855343998249325     
  0.23333333333333334       0.10000000000000001       0.27540153290340258     
  0.23333333333333334       0.13333333333333333       0.18508011580612199     
  0.23333333333333334       0.16666666666666666       0.11755983484703876     
  0.23333333333333334       0.20000000000000001        7.0378271051667274E-002
  0.23333333333333334       0.23333333333333334        3.9607867939659008E-002
  0.23333333333333334       0.26666666666666666        2.0904675016400955E-002
  0.23333333333333334       0.29999999999999999        1.0323376636525838E-002
  0.23333333333333334       0.33333333333333331        4.7591238773938248E-003
  0.23333333333333334       0.36666666666666664        2.0434166607160385E-003
  0.23333333333333334       0.40000000000000002        8.1521513950144414E-004
  0.23333333333333334       0.43333333333333335        3.0142031321964298E-004
  0.23333333333333334       0.46666666666666667        1.0300812127023817E-004
  0.23333333333333334       0.50000000000000000        3.2439195005982952E-005
  0.23333333333333334       0.53333333333333333        9.3826655581496959E-006
  0.23333333333333334       0.56666666666666665        2.4832419889739520E-006
  0.23333333333333334       0.59999999999999998        5.9883210381207905E-007
  0.23333333333333334       0.63333333333333330        1.3093733320466219E-007
  0.23333333333333334       0.66666666666666663        2.5812189978258501E-008
  0.23333333333333334       0.69999999999999996        4.5569714066471720E-009
  0.23333333333333334       0.73333333333333328        7.1471272719548928E-010
  0.23333333333333334       0.76666666666666661        9.8615805822809447E-011
  0.23333333333333334       0.80000000000000004        1.1826310042955698E-011
  0.23333333333333334       0.83333333333333337        1.2137369837540511E-012
  0.23333333333333334       0.86666666666666670        1.0445823273853462E-013
  0.23333333333333334       0.90000000000000002        7.3315244451936540E-015
  0.23333333333333334       0.93333333333333335        4.0297826589862687E-016
  0.23333333333333334       0.96666666666666667        1.6694796896060169E-017
  0.23333333333333334        1.0000000000000000        1.6694796896060169E-017

  0.26666666666666666        0.0000000000000000       0.74314482547739413     
  0.26666666666666666        3.3333333333333333E-002  0.57934076793175782     
  0.26666666666666666        6.6666666666666666E-002  0.43153231312449070     
  0.26666666666666666       0.10000000000000001       0.30586438904566265     
  0.26666666666666666       0.13333333333333333       0.20555229286031540     
  0.26666666666666666       0.16666666666666666       0.13056342382237429     
  0.26666666666666666       0.20000000000000001        7.8162988602022782E-002
  0.26666666666666666       0.23333333333333334        4.3988993819487253E-002
  0.26666666666666666       0.26666666666666666        2.3216993691652067E-002
  0.26666666666666666       0.29999999999999999        1.1465271287820895E-002
  0.26666666666666666       0.33333333333333331        5.2855425378560165E-003
  0.26666666666666666       0.36666666666666664        2.2694441164017110E-003
  0.26666666666666666       0.40000000000000002        9.0538813620853016E-004
  0.26666666666666666       0.43333333333333335        3.3476117208547070E-004
  0.26666666666666666       0.46666666666666667        1.1440210861176966E-004
  0.26666666666666666       0.50000000000000000        3.6027375944629322E-005
  0.26666666666666666       0.53333333333333333        1.0420505791337886E-005
  0.26666666666666666       0.56666666666666665        2.7579196303038080E-006
  0.26666666666666666       0.59999999999999998        6.6507042877518939E-007
  0.26666666666666666       0.63333333333333330        1.4542064091545789E-007
  0.26666666666666666       0.66666666666666663        2.8667341225002564E-008
  0.26666666666666666       0.69999999999999996        5.0610294739411398E-009
  0.26666666666666666       0.73333333333333328        7.9376889933101323E-010
  0.26666666666666666       0.76666666666666661        1.0952394810677778E-010
  0.26666666666666666       0.80000000000000004        1.3134447937956765E-011
  0.26666666666666666       0.83333333333333337        1.3479914838682860E-012
  0.26666666666666666       0.86666666666666670        1.1601262055635705E-013
  0.26666666666666666       0.90000000000000002        8.1424828016082302E-015
  0.26666666666666666       0.93333333333333335        4.4755270531118122E-016
  0.26666666666666666       0.96666666666666667        1.8541450365295976E-017
  0.26666666666666666        1.0000000000000000        1.8541450365295976E-017

  0.29999999999999999        0.0000000000000000       0.80901699437494745     
  0.29999999999999999        3.3333333333333333E-002  0.63069338670283459     
  0.29999999999999999        6.6666666666666666E-002  0.46978322793995408     
  0.29999999999999999       0.10000000000000001       0.33297613093530010     
  0.29999999999999999       0.13333333333333333       0.22377239597934856     
  0.29999999999999999       0.16666666666666666       0.14213653260415895     
  0.29999999999999999       0.20000000000000001        8.5091336092597586E-002
  0.29999999999999999       0.23333333333333334        4.7888167077740434E-002
  0.29999999999999999       0.26666666666666666        2.5274942125549160E-002
  0.29999999999999999       0.29999999999999999        1.2481550027624324E-002
  0.29999999999999999       0.33333333333333331        5.7540516882025718E-003
  0.29999999999999999       0.36666666666666664        2.4706070674363739E-003
  0.29999999999999999       0.40000000000000002        9.8564151103066743E-004
  0.29999999999999999       0.43333333333333335        3.6443431749665111E-004
  0.29999999999999999       0.46666666666666667        1.2454268251117030E-004
  0.29999999999999999       0.50000000000000000        3.9220833413213225E-005
  0.29999999999999999       0.53333333333333333        1.1344176782445150E-005
  0.29999999999999999       0.56666666666666665        3.0023809270322692E-006
  0.29999999999999999       0.59999999999999998        7.2402210294570423E-007
  0.29999999999999999       0.63333333333333330        1.5831068965315828E-007
  0.29999999999999999       0.66666666666666663        3.1208407082258676E-008
  0.29999999999999999       0.69999999999999996        5.5096378432301046E-009
  0.29999999999999999       0.73333333333333328        8.6412837329864571E-010
  0.29999999999999999       0.76666666666666661        1.1923212309592863E-010
  0.29999999999999999       0.80000000000000004        1.4298682072789652E-011
  0.29999999999999999       0.83333333333333337        1.4674771071999069E-012
  0.29999999999999999       0.86666666666666670        1.2629594982616248E-013
  0.29999999999999999       0.90000000000000002        8.8642304125243139E-015
  0.29999999999999999       0.93333333333333335        4.8722366362792169E-016
  0.29999999999999999       0.96666666666666667        2.0184959824281680E-017
  0.29999999999999999        1.0000000000000000        2.0184959824281680E-017

  0.33333333333333331        0.0000000000000000       0.86602540378443860     
  0.33333333333333331        3.3333333333333333E-002  0.67513599674811886     
  0.33333333333333331        6.6666666666666666E-002  0.50288709940164678     
  0.33333333333333331       0.10000000000000001       0.35643971665467539     
  0.33333333333333331       0.13333333333333333       0.23954080190064758     
  0.33333333333333331       0.16666666666666666       0.15215236379075078     
  0.33333333333333331       0.20000000000000001        9.1087405098435076E-002
  0.33333333333333331       0.23333333333333334        5.1262667556246685E-002
  0.33333333333333331       0.26666666666666666        2.7055973004397063E-002
  0.33333333333333331       0.29999999999999999        1.3361078293392838E-002
  0.33333333333333331       0.33333333333333331        6.1595182441404536E-003
  0.33333333333333331       0.36666666666666664        2.6447015304324364E-003
  0.33333333333333331       0.40000000000000002        1.0550959911992067E-003
  0.33333333333333331       0.43333333333333335        3.9011464426255438E-004
  0.33333333333333331       0.46666666666666667        1.3331874071874676E-004
  0.33333333333333331       0.50000000000000000        4.1984579223434918E-005
  0.33333333333333331       0.53333333333333333        1.2143558598802339E-005
  0.33333333333333331       0.56666666666666665        3.2139475100355640E-006
  0.33333333333333331       0.59999999999999998        7.7504123944498027E-007
  0.33333333333333331       0.63333333333333330        1.6946625334637709E-007
  0.33333333333333331       0.66666666666666663        3.3407547100742527E-008
  0.33333333333333331       0.69999999999999996        5.8978814673427981E-009
  0.33333333333333331       0.73333333333333328        9.2502027597793062E-010
  0.33333333333333331       0.76666666666666661        1.2763396599351468E-010
  0.33333333333333331       0.80000000000000004        1.5306256854641458E-011
  0.33333333333333331       0.83333333333333337        1.5708847442557183E-012
  0.33333333333333331       0.86666666666666670        1.3519555424054583E-013
  0.33333333333333331       0.90000000000000002        9.4888596600813120E-015
  0.33333333333333331       0.93333333333333335        5.2155649752784825E-016
  0.33333333333333331       0.96666666666666667        2.1607318639458157E-017
  0.33333333333333331        1.0000000000000000        2.1607318639458157E-017

  0.36666666666666664        0.0000000000000000       0.91354545764260087     
  0.36666666666666664        3.3333333333333333E-002  0.71218167553174061     
  0.36666666666666664        6.6666666666666666E-002  0.53048123456640406     
  0.36666666666666664       0.10000000000000001       0.37599807424857606     
  0.36666666666666664       0.13333333333333333       0.25268474866918772     
  0.36666666666666664       0.16666666666666666       0.16050118183972206     
  0.36666666666666664       0.20000000000000001        9.6085501432749160E-002
  0.36666666666666664       0.23333333333333334        5.4075523521603858E-002
  0.36666666666666664       0.26666666666666666        2.8540572981182448E-002
  0.36666666666666664       0.29999999999999999        1.4094219789393556E-002
  0.36666666666666664       0.33333333333333331        6.4974998292334730E-003
  0.36666666666666664       0.36666666666666664        2.7898200900217064E-003
  0.36666666666666664       0.40000000000000002        1.1129906188951364E-003
  0.36666666666666664       0.43333333333333335        4.1152079334917950E-004
  0.36666666666666664       0.46666666666666667        1.4063413090426854E-004
  0.36666666666666664       0.50000000000000000        4.4288333197846640E-005
  0.36666666666666664       0.53333333333333333        1.2809893045948039E-005
  0.36666666666666664       0.56666666666666665        3.3903014115571542E-006
  0.36666666666666664       0.59999999999999998        8.1756886193709079E-007
  0.36666666666666664       0.63333333333333330        1.7876510930483953E-007
  0.36666666666666664       0.66666666666666663        3.5240667042211960E-008
  0.36666666666666664       0.69999999999999996        6.2215066678882391E-009
  0.36666666666666664       0.73333333333333328        9.7577746294066386E-010
  0.36666666666666664       0.76666666666666661        1.3463742445055124E-010
  0.36666666666666664       0.80000000000000004        1.6146133083353647E-011
  0.36666666666666664       0.83333333333333337        1.6570814393246977E-012
  0.36666666666666664       0.86666666666666670        1.4261392787118117E-013
  0.36666666666666664       0.90000000000000002        1.0009526975530923E-014
  0.36666666666666664       0.93333333333333335        5.5017504929814582E-016
  0.36666666666666664       0.96666666666666667        2.2792943149998604E-017
  0.36666666666666664        1.0000000000000000        2.2792943149998604E-017

  0.40000000000000002        0.0000000000000000       0.95105651629515353     
  0.40000000000000002        3.3333333333333333E-002  0.74142454284463988     
  0.40000000000000002        6.6666666666666666E-002  0.55226330631491660     
  0.40000000000000002       0.10000000000000001       0.39143691825835392     
  0.40000000000000002       0.13333333333333333       0.26306022845362514     
  0.40000000000000002       0.16666666666666666       0.16709151535342576     
  0.40000000000000002       0.20000000000000001       0.10003086490618221     
  0.40000000000000002       0.23333333333333334        5.6295916735227540E-002
  0.40000000000000002       0.26666666666666666        2.9712476467887140E-002
  0.40000000000000002       0.29999999999999999        1.4672942063976575E-002
  0.40000000000000002       0.33333333333333331        6.7642934465081597E-003
  0.40000000000000002       0.36666666666666664        2.9043727968973121E-003
  0.40000000000000002       0.40000000000000002        1.1586910884621908E-003
  0.40000000000000002       0.43333333333333335        4.2841823450760866E-004
  0.40000000000000002       0.46666666666666667        1.4640870412201926E-004
  0.40000000000000002       0.50000000000000000        4.6106854925813189E-005
  0.40000000000000002       0.53333333333333333        1.3335879624239878E-005
  0.40000000000000002       0.56666666666666665        3.5295104613475440E-006
  0.40000000000000002       0.59999999999999998        8.5113902889053540E-007
  0.40000000000000002       0.63333333333333330        1.8610537731675409E-007
  0.40000000000000002       0.66666666666666663        3.6687682860983251E-008
  0.40000000000000002       0.69999999999999996        6.4769677394463280E-009
  0.40000000000000002       0.73333333333333328        1.0158438278248574E-009
  0.40000000000000002       0.76666666666666661        1.4016576711061523E-010
  0.40000000000000002       0.80000000000000004        1.6809108899209051E-011
  0.40000000000000002       0.83333333333333337        1.7251228033778516E-012
  0.40000000000000002       0.86666666666666670        1.4846979346417682E-013
  0.40000000000000002       0.90000000000000002        1.0420527818808427E-014
  0.40000000000000002       0.93333333333333335        5.7276576809680178E-016
  0.40000000000000002       0.96666666666666667        2.3728843405657689E-017
  0.40000000000000002        1.0000000000000000        2.3728843405657689E-017

  0.43333333333333335        0.0000000000000000       0.97814760073380569     
  0.43333333333333335        3.3333333333333333E-002  0.76254420771307296     
  0.43333333333333335        6.6666666666666666E-002  0.56799466571091650     
  0.43333333333333335       0.10000000000000001       0.40258709747825183     
  0.43333333333333335       0.13333333333333333       0.27055356532623281     
  0.43333333333333335       0.16666666666666666       0.17185115925876984     
  0.43333333333333335       0.20000000000000001       0.10288026929089888     
  0.43333333333333335       0.23333333333333334        5.7899520104422134E-002
  0.43333333333333335       0.26666666666666666        3.0558843844674225E-002
  0.43333333333333335       0.29999999999999999        1.5090904514796140E-002
  0.43333333333333335       0.33333333333333331        6.9569760492634953E-003
  0.43333333333333335       0.36666666666666664        2.9871045876310297E-003
  0.43333333333333335       0.40000000000000002        1.1916966959923548E-003
  0.43333333333333335       0.43333333333333335        4.4062183583649321E-004
  0.43333333333333335       0.46666666666666667        1.5057919293941810E-004
  0.43333333333333335       0.50000000000000000        4.7420220302732860E-005
  0.43333333333333335       0.53333333333333333        1.3715755514656323E-005
  0.43333333333333335       0.56666666666666665        3.6300494559258611E-006
  0.43333333333333335       0.59999999999999998        8.7538393853116281E-007
  0.43333333333333335       0.63333333333333330        1.9140663586973236E-007
  0.43333333333333335       0.66666666666666663        3.7732740748938380E-008
  0.43333333333333335       0.69999999999999996        6.6614657970584056E-009
  0.43333333333333335       0.73333333333333328        1.0447803951524148E-009
  0.43333333333333335       0.76666666666666661        1.4415842429464284E-010
  0.43333333333333335       0.80000000000000004        1.7287920600432542E-011
  0.43333333333333335       0.83333333333333337        1.7742633609920426E-012
  0.43333333333333335       0.86666666666666670        1.5269899293067730E-013
  0.43333333333333335       0.90000000000000002        1.0717359178667440E-014
  0.43333333333333335       0.93333333333333335        5.8908114528124715E-016
  0.43333333333333335       0.96666666666666667        2.4404765487384655E-017
  0.43333333333333335        1.0000000000000000        2.4404765487384655E-017

  0.46666666666666667        0.0000000000000000       0.99452189536827329     
  0.46666666666666667        3.3333333333333333E-002  0.77530927866916743     
  0.46666666666666667        6.6666666666666666E-002  0.57750295668886220     
  0.46666666666666667       0.10000000000000001       0.40932644821141184     
  0.46666666666666667       0.13333333333333333       0.27508266072015286     
  0.46666666666666667       0.16666666666666666       0.17472796590110781     
  0.46666666666666667       0.20000000000000001       0.10460249591618404     
  0.46666666666666667       0.23333333333333334        5.8868764215099137E-002
  0.46666666666666667       0.26666666666666666        3.1070402133449866E-002
  0.46666666666666667       0.29999999999999999        1.5343527857776805E-002
  0.46666666666666667       0.33333333333333331        7.0734365665822687E-003
  0.46666666666666667       0.36666666666666664        3.0371090354108401E-003
  0.46666666666666667       0.40000000000000002        1.2116458251426605E-003
  0.46666666666666667       0.43333333333333335        4.4799789212590614E-004
  0.46666666666666667       0.46666666666666667        1.5309990460825077E-004
  0.46666666666666667       0.50000000000000000        4.8214039822696718E-005
  0.46666666666666667       0.53333333333333333        1.3945358717447828E-005
  0.46666666666666667       0.56666666666666665        3.6908168690283701E-006
  0.46666666666666667       0.59999999999999998        8.9003795855537684E-007
  0.46666666666666667       0.63333333333333330        1.9461080326570820E-007
  0.46666666666666667       0.66666666666666663        3.8364390833164514E-008
  0.46666666666666667       0.69999999999999996        6.7729794413965769E-009
  0.46666666666666667       0.73333333333333328        1.0622701298363289E-009
  0.46666666666666667       0.76666666666666661        1.4657165161500865E-010
  0.46666666666666667       0.80000000000000004        1.7577322225827730E-011
  0.46666666666666667       0.83333333333333337        1.8039647179347267E-012
  0.46666666666666667       0.86666666666666670        1.5525519027631064E-013
  0.46666666666666667       0.90000000000000002        1.0896768908613374E-014
  0.46666666666666667       0.93333333333333335        5.9894242616483614E-016
  0.46666666666666667       0.96666666666666667        2.4813303851406343E-017
  0.46666666666666667        1.0000000000000000        2.4813303851406343E-017

  0.50000000000000000        0.0000000000000000        1.0000000000000000     
  0.50000000000000000        3.3333333333333333E-002  0.77957989892426549     
  0.50000000000000000        6.6666666666666666E-002  0.58068400442306178     
  0.50000000000000000       0.10000000000000001       0.41158113272090152     
  0.50000000000000000       0.13333333333333333       0.27659789291847542     
  0.50000000000000000       0.16666666666666666       0.17569041638485566     
  0.50000000000000000       0.20000000000000001       0.10517867570673198     
  0.50000000000000000       0.23333333333333334        5.9193029825954632E-002
  0.50000000000000000       0.26666666666666666        3.1241546594551785E-002
  0.50000000000000000       0.29999999999999999        1.5428044298708041E-002
  0.50000000000000000       0.33333333333333331        7.1123990326658034E-003
  0.50000000000000000       0.36666666666666664        3.0538382810427651E-003
  0.50000000000000000       0.40000000000000002        1.2183199090795140E-003
  0.50000000000000000       0.43333333333333335        4.5046558975960171E-004
  0.50000000000000000       0.46666666666666667        1.5394322168398072E-004
  0.50000000000000000       0.50000000000000000        4.8479616232926647E-005
  0.50000000000000000       0.53333333333333333        1.4022173651877050E-005
  0.50000000000000000       0.56666666666666665        3.7111469201607210E-006
  0.50000000000000000       0.59999999999999998        8.9494053645324117E-007
  0.50000000000000000       0.63333333333333330        1.9568277397617621E-007
  0.50000000000000000       0.66666666666666663        3.8575712623157595E-008
  0.50000000000000000       0.69999999999999996        6.8102869056377370E-009
  0.50000000000000000       0.73333333333333328        1.0681214106834401E-009
  0.50000000000000000       0.76666666666666661        1.4737900924819048E-010
  0.50000000000000000       0.80000000000000004        1.7674143030625602E-011
  0.50000000000000000       0.83333333333333337        1.8139014599238308E-012
  0.50000000000000000       0.86666666666666670        1.5611037926803955E-013
  0.50000000000000000       0.90000000000000002        1.0956791358101051E-014
  0.50000000000000000       0.93333333333333335        6.0224156849060302E-016
  0.50000000000000000       0.96666666666666667        2.4949982465914369E-017
  0.50000000000000000        1.0000000000000000        2.4949982465914369E-017

  0.53333333333333333        0.0000000000000000       0.99452189536827340     
  0.53333333333333333        3.3333333333333333E-002  0.77530927866916743     
  0.53333333333333333        6.6666666666666666E-002  0.57750295668886231     
  0.53333333333333333       0.10000000000000001       0.40932644821141190     
  0.53333333333333333       0.13333333333333333       0.27508266072015292     
  0.53333333333333333       0.16666666666666666       0.17472796590110781     
  0.53333333333333333       0.20000000000000001       0.10460249591618405     
  0.53333333333333333       0.23333333333333334        5.8868764215099137E-002
  0.53333333333333333       0.26666666666666666        3.1070402133449866E-002
  0.53333333333333333       0.29999999999999999        1.5343527857776805E-002
  0.53333333333333333       0.33333333333333331        7.0734365665822687E-003
  0.53333333333333333       0.36666666666666664        3.0371090354108406E-003
  0.53333333333333333       0.40000000000000002        1.2116458251426607E-003
  0.53333333333333333       0.43333333333333335        4.4799789212590614E-004
  0.53333333333333333       0.46666666666666667        1.5309990460825077E-004
  0.53333333333333333       0.50000000000000000        4.8214039822696725E-005
  0.53333333333333333       0.53333333333333333        1.3945358717447828E-005
  0.53333333333333333       0.56666666666666665        3.6908168690283701E-006
  0.53333333333333333       0.59999999999999998        8.9003795855537684E-007
  0.53333333333333333       0.63333333333333330        1.9461080326570820E-007
  0.53333333333333333       0.66666666666666663        3.8364390833164514E-008
  0.53333333333333333       0.69999999999999996        6.7729794413965769E-009
  0.53333333333333333       0.73333333333333328        1.0622701298363289E-009
  0.53333333333333333       0.76666666666666661        1.4657165161500865E-010
  0.53333333333333333       0.80000000000000004        1.7577322225827730E-011
  0.53333333333333333       0.83333333333333337        1.8039647179347267E-012
  0.53333333333333333       0.86666666666666670        1.5525519027631064E-013
  0.53333333333333333       0.90000000000000002        1.0896768908613374E-014
  0.53333333333333333       0.93333333333333335        5.9894242616483614E-016
  0.53333333333333333       0.96666666666666667        2.4813303851406343E-017
  0.53333333333333333        1.0000000000000000        2.4813303851406343E-017

  0.56666666666666665        0.0000000000000000       0.97814760073380569     
  0.56666666666666665        3.3333333333333333E-002  0.76254420771307307     
  0.56666666666666665        6.6666666666666666E-002  0.56799466571091661     
  0.56666666666666665       0.10000000000000001       0.40258709747825194     
  0.56666666666666665       0.13333333333333333       0.27055356532623287     
  0.56666666666666665       0.16666666666666666       0.17185115925876990     
  0.56666666666666665       0.20000000000000001       0.10288026929089890     
  0.56666666666666665       0.23333333333333334        5.7899520104422134E-002
  0.56666666666666665       0.26666666666666666        3.0558843844674225E-002
  0.56666666666666665       0.29999999999999999        1.5090904514796142E-002
  0.56666666666666665       0.33333333333333331        6.9569760492634962E-003
  0.56666666666666665       0.36666666666666664        2.9871045876310302E-003
  0.56666666666666665       0.40000000000000002        1.1916966959923548E-003
  0.56666666666666665       0.43333333333333335        4.4062183583649321E-004
  0.56666666666666665       0.46666666666666667        1.5057919293941813E-004
  0.56666666666666665       0.50000000000000000        4.7420220302732854E-005
  0.56666666666666665       0.53333333333333333        1.3715755514656323E-005
  0.56666666666666665       0.56666666666666665        3.6300494559258611E-006
  0.56666666666666665       0.59999999999999998        8.7538393853116281E-007
  0.56666666666666665       0.63333333333333330        1.9140663586973233E-007
  0.56666666666666665       0.66666666666666663        3.7732740748938380E-008
  0.56666666666666665       0.69999999999999996        6.6614657970584064E-009
  0.56666666666666665       0.73333333333333328        1.0447803951524150E-009
  0.56666666666666665       0.76666666666666661        1.4415842429464284E-010
  0.56666666666666665       0.80000000000000004        1.7287920600432548E-011
  0.56666666666666665       0.83333333333333337        1.7742633609920426E-012
  0.56666666666666665       0.86666666666666670        1.5269899293067732E-013
  0.56666666666666665       0.90000000000000002        1.0717359178667437E-014
  0.56666666666666665       0.93333333333333335        5.8908114528124715E-016
  0.56666666666666665       0.96666666666666667        2.4404765487384655E-017
  0.56666666666666665        1.0000000000000000        2.4404765487384655E-017

  0.59999999999999998        0.0000000000000000       0.95105651629515364     
  0.59999999999999998        3.3333333333333333E-002  0.74142454284463999     
  0.59999999999999998        6.6666666666666666E-002  0.55226330631491671     
  0.59999999999999998       0.10000000000000001       0.39143691825835397     
  0.59999999999999998       0.13333333333333333       0.26306022845362520     
  0.59999999999999998       0.16666666666666666       0.16709151535342584     
  0.59999999999999998       0.20000000000000001       0.10003086490618221     
  0.59999999999999998       0.23333333333333334        5.6295916735227547E-002
  0.59999999999999998       0.26666666666666666        2.9712476467887140E-002
  0.59999999999999998       0.29999999999999999        1.4672942063976575E-002
  0.59999999999999998       0.33333333333333331        6.7642934465081597E-003
  0.59999999999999998       0.36666666666666664        2.9043727968973126E-003
  0.59999999999999998       0.40000000000000002        1.1586910884621908E-003
  0.59999999999999998       0.43333333333333335        4.2841823450760866E-004
  0.59999999999999998       0.46666666666666667        1.4640870412201926E-004
  0.59999999999999998       0.50000000000000000        4.6106854925813203E-005
  0.59999999999999998       0.53333333333333333        1.3335879624239882E-005
  0.59999999999999998       0.56666666666666665        3.5295104613475435E-006
  0.59999999999999998       0.59999999999999998        8.5113902889053551E-007
  0.59999999999999998       0.63333333333333330        1.8610537731675409E-007
  0.59999999999999998       0.66666666666666663        3.6687682860983251E-008
  0.59999999999999998       0.69999999999999996        6.4769677394463280E-009
  0.59999999999999998       0.73333333333333328        1.0158438278248576E-009
  0.59999999999999998       0.76666666666666661        1.4016576711061528E-010
  0.59999999999999998       0.80000000000000004        1.6809108899209051E-011
  0.59999999999999998       0.83333333333333337        1.7251228033778516E-012
  0.59999999999999998       0.86666666666666670        1.4846979346417682E-013
  0.59999999999999998       0.90000000000000002        1.0420527818808428E-014
  0.59999999999999998       0.93333333333333335        5.7276576809680168E-016
  0.59999999999999998       0.96666666666666667        2.3728843405657689E-017
  0.59999999999999998        1.0000000000000000        2.3728843405657689E-017

  0.63333333333333330        0.0000000000000000       0.91354545764260098     
  0.63333333333333330        3.3333333333333333E-002  0.71218167553174072     
  0.63333333333333330        6.6666666666666666E-002  0.53048123456640406     
  0.63333333333333330       0.10000000000000001       0.37599807424857612     
  0.63333333333333330       0.13333333333333333       0.25268474866918778     
  0.63333333333333330       0.16666666666666666       0.16050118183972209     
  0.63333333333333330       0.20000000000000001        9.6085501432749187E-002
  0.63333333333333330       0.23333333333333334        5.4075523521603865E-002
  0.63333333333333330       0.26666666666666666        2.8540572981182451E-002
  0.63333333333333330       0.29999999999999999        1.4094219789393557E-002
  0.63333333333333330       0.33333333333333331        6.4974998292334739E-003
  0.63333333333333330       0.36666666666666664        2.7898200900217064E-003
  0.63333333333333330       0.40000000000000002        1.1129906188951364E-003
  0.63333333333333330       0.43333333333333335        4.1152079334917950E-004
  0.63333333333333330       0.46666666666666667        1.4063413090426854E-004
  0.63333333333333330       0.50000000000000000        4.4288333197846647E-005
  0.63333333333333330       0.53333333333333333        1.2809893045948043E-005
  0.63333333333333330       0.56666666666666665        3.3903014115571551E-006
  0.63333333333333330       0.59999999999999998        8.1756886193709100E-007
  0.63333333333333330       0.63333333333333330        1.7876510930483953E-007
  0.63333333333333330       0.66666666666666663        3.5240667042211960E-008
  0.63333333333333330       0.69999999999999996        6.2215066678882400E-009
  0.63333333333333330       0.73333333333333328        9.7577746294066386E-010
  0.63333333333333330       0.76666666666666661        1.3463742445055127E-010
  0.63333333333333330       0.80000000000000004        1.6146133083353650E-011
  0.63333333333333330       0.83333333333333337        1.6570814393246981E-012
  0.63333333333333330       0.86666666666666670        1.4261392787118117E-013
  0.63333333333333330       0.90000000000000002        1.0009526975530920E-014
  0.63333333333333330       0.93333333333333335        5.5017504929814582E-016
  0.63333333333333330       0.96666666666666667        2.2792943149998604E-017
  0.63333333333333330        1.0000000000000000        2.2792943149998604E-017

  0.66666666666666663        0.0000000000000000       0.86602540378443871     
  0.66666666666666663        3.3333333333333333E-002  0.67513599674811897     
  0.66666666666666663        6.6666666666666666E-002  0.50288709940164678     
  0.66666666666666663       0.10000000000000001       0.35643971665467539     
  0.66666666666666663       0.13333333333333333       0.23954080190064761     
  0.66666666666666663       0.16666666666666666       0.15215236379075081     
  0.66666666666666663       0.20000000000000001        9.1087405098435090E-002
  0.66666666666666663       0.23333333333333334        5.1262667556246692E-002
  0.66666666666666663       0.26666666666666666        2.7055973004397067E-002
  0.66666666666666663       0.29999999999999999        1.3361078293392840E-002
  0.66666666666666663       0.33333333333333331        6.1595182441404536E-003
  0.66666666666666663       0.36666666666666664        2.6447015304324369E-003
  0.66666666666666663       0.40000000000000002        1.0550959911992067E-003
  0.66666666666666663       0.43333333333333335        3.9011464426255444E-004
  0.66666666666666663       0.46666666666666667        1.3331874071874678E-004
  0.66666666666666663       0.50000000000000000        4.1984579223434932E-005
  0.66666666666666663       0.53333333333333333        1.2143558598802341E-005
  0.66666666666666663       0.56666666666666665        3.2139475100355648E-006
  0.66666666666666663       0.59999999999999998        7.7504123944498048E-007
  0.66666666666666663       0.63333333333333330        1.6946625334637709E-007
  0.66666666666666663       0.66666666666666663        3.3407547100742527E-008
  0.66666666666666663       0.69999999999999996        5.8978814673427981E-009
  0.66666666666666663       0.73333333333333328        9.2502027597793062E-010
  0.66666666666666663       0.76666666666666661        1.2763396599351468E-010
  0.66666666666666663       0.80000000000000004        1.5306256854641462E-011
  0.66666666666666663       0.83333333333333337        1.5708847442557189E-012
  0.66666666666666663       0.86666666666666670        1.3519555424054583E-013
  0.66666666666666663       0.90000000000000002        9.4888596600813120E-015
  0.66666666666666663       0.93333333333333335        5.2155649752784825E-016
  0.66666666666666663       0.96666666666666667        2.1607318639458157E-017
  0.66666666666666663        1.0000000000000000        2.1607318639458157E-017

  0.69999999999999996        0.0000000000000000       0.80901699437494745     
  0.69999999999999996        3.3333333333333333E-002  0.63069338670283459     
  0.69999999999999996        6.6666666666666666E-002  0.46978322793995408     
  0.69999999999999996       0.10000000000000001       0.33297613093530010     
  0.69999999999999996       0.13333333333333333       0.22377239597934853     
  0.69999999999999996       0.16666666666666666       0.14213653260415895     
  0.69999999999999996       0.20000000000000001        8.5091336092597614E-002
  0.69999999999999996       0.23333333333333334        4.7888167077740441E-002
  0.69999999999999996       0.26666666666666666        2.5274942125549163E-002
  0.69999999999999996       0.29999999999999999        1.2481550027624324E-002
  0.69999999999999996       0.33333333333333331        5.7540516882025727E-003
  0.69999999999999996       0.36666666666666664        2.4706070674363739E-003
  0.69999999999999996       0.40000000000000002        9.8564151103066764E-004
  0.69999999999999996       0.43333333333333335        3.6443431749665116E-004
  0.69999999999999996       0.46666666666666667        1.2454268251117033E-004
  0.69999999999999996       0.50000000000000000        3.9220833413213232E-005
  0.69999999999999996       0.53333333333333333        1.1344176782445152E-005
  0.69999999999999996       0.56666666666666665        3.0023809270322696E-006
  0.69999999999999996       0.59999999999999998        7.2402210294570434E-007
  0.69999999999999996       0.63333333333333330        1.5831068965315828E-007
  0.69999999999999996       0.66666666666666663        3.1208407082258676E-008
  0.69999999999999996       0.69999999999999996        5.5096378432301046E-009
  0.69999999999999996       0.73333333333333328        8.6412837329864571E-010
  0.69999999999999996       0.76666666666666661        1.1923212309592863E-010
  0.69999999999999996       0.80000000000000004        1.4298682072789652E-011
  0.69999999999999996       0.83333333333333337        1.4674771071999075E-012
  0.69999999999999996       0.86666666666666670        1.2629594982616251E-013
  0.69999999999999996       0.90000000000000002        8.8642304125243139E-015
  0.69999999999999996       0.93333333333333335        4.8722366362792169E-016
  0.69999999999999996       0.96666666666666667        2.0184959824281686E-017
  0.69999999999999996        1.0000000000000000        2.0184959824281686E-017

  0.73333333333333328        0.0000000000000000       0.74314482547739447     
  0.73333333333333328        3.3333333333333333E-002  0.57934076793175793     
  0.73333333333333328        6.6666666666666666E-002  0.43153231312449070     
  0.73333333333333328       0.10000000000000001       0.30586438904566260     
  0.73333333333333328       0.13333333333333333       0.20555229286031543     
  0.73333333333333328       0.16666666666666666       0.13056342382237429     
  0.73333333333333328       0.20000000000000001        7.8162988602022782E-002
  0.73333333333333328       0.23333333333333334        4.3988993819487260E-002
  0.73333333333333328       0.26666666666666666        2.3216993691652071E-002
  0.73333333333333328       0.29999999999999999        1.1465271287820895E-002
  0.73333333333333328       0.33333333333333331        5.2855425378560156E-003
  0.73333333333333328       0.36666666666666664        2.2694441164017114E-003
  0.73333333333333328       0.40000000000000002        9.0538813620853027E-004
  0.73333333333333328       0.43333333333333335        3.3476117208547070E-004
  0.73333333333333328       0.46666666666666667        1.1440210861176969E-004
  0.73333333333333328       0.50000000000000000        3.6027375944629322E-005
  0.73333333333333328       0.53333333333333333        1.0420505791337888E-005
  0.73333333333333328       0.56666666666666665        2.7579196303038076E-006
  0.73333333333333328       0.59999999999999998        6.6507042877518950E-007
  0.73333333333333328       0.63333333333333330        1.4542064091545789E-007
  0.73333333333333328       0.66666666666666663        2.8667341225002564E-008
  0.73333333333333328       0.69999999999999996        5.0610294739411398E-009
  0.73333333333333328       0.73333333333333328        7.9376889933101323E-010
  0.73333333333333328       0.76666666666666661        1.0952394810677778E-010
  0.73333333333333328       0.80000000000000004        1.3134447937956765E-011
  0.73333333333333328       0.83333333333333337        1.3479914838682864E-012
  0.73333333333333328       0.86666666666666670        1.1601262055635710E-013
  0.73333333333333328       0.90000000000000002        8.1424828016082302E-015
  0.73333333333333328       0.93333333333333335        4.4755270531118142E-016
  0.73333333333333328       0.96666666666666667        1.8541450365295982E-017
  0.73333333333333328        1.0000000000000000        1.8541450365295982E-017

  0.76666666666666661        0.0000000000000000       0.66913060635885835     
  0.76666666666666661        3.3333333333333333E-002  0.52164077047237123     
  0.76666666666666661        6.6666666666666666E-002  0.38855343998249331     
  0.76666666666666661       0.10000000000000001       0.27540153290340258     
  0.76666666666666661       0.13333333333333333       0.18508011580612202     
  0.76666666666666661       0.16666666666666666       0.11755983484703877     
  0.76666666666666661       0.20000000000000001        7.0378271051667288E-002
  0.76666666666666661       0.23333333333333334        3.9607867939659015E-002
  0.76666666666666661       0.26666666666666666        2.0904675016400961E-002
  0.76666666666666661       0.29999999999999999        1.0323376636525836E-002
  0.76666666666666661       0.33333333333333331        4.7591238773938256E-003
  0.76666666666666661       0.36666666666666664        2.0434166607160389E-003
  0.76666666666666661       0.40000000000000002        8.1521513950144424E-004
  0.76666666666666661       0.43333333333333335        3.0142031321964298E-004
  0.76666666666666661       0.46666666666666667        1.0300812127023817E-004
  0.76666666666666661       0.50000000000000000        3.2439195005982959E-005
  0.76666666666666661       0.53333333333333333        9.3826655581496959E-006
  0.76666666666666661       0.56666666666666665        2.4832419889739520E-006
  0.76666666666666661       0.59999999999999998        5.9883210381207905E-007
  0.76666666666666661       0.63333333333333330        1.3093733320466219E-007
  0.76666666666666661       0.66666666666666663        2.5812189978258501E-008
  0.76666666666666661       0.69999999999999996        4.5569714066471720E-009
  0.76666666666666661       0.73333333333333328        7.1471272719548928E-010
  0.76666666666666661       0.76666666666666661        9.8615805822809460E-011
  0.76666666666666661       0.80000000000000004        1.1826310042955700E-011
  0.76666666666666661       0.83333333333333337        1.2137369837540515E-012
  0.76666666666666661       0.86666666666666670        1.0445823273853467E-013
  0.76666666666666661       0.90000000000000002        7.3315244451936571E-015
  0.76666666666666661       0.93333333333333335        4.0297826589862697E-016
  0.76666666666666661       0.96666666666666667        1.6694796896060163E-017
  0.76666666666666661        1.0000000000000000        1.6694796896060163E-017

  0.80000000000000004        0.0000000000000000       0.58778525229247325     
  0.80000000000000004        3.3333333333333333E-002  0.45822556757134014     
  0.80000000000000004        6.6666666666666666E-002  0.34131749404201300     
  0.80000000000000004       0.10000000000000001       0.24192131993517704     
  0.80000000000000004       0.13333333333333333       0.16258016227265257     
  0.80000000000000004       0.16666666666666666       0.10326823572014204     
  0.80000000000000004       0.20000000000000001        6.1822474436069676E-002
  0.80000000000000004       0.23333333333333334        3.4792789970204636E-002
  0.80000000000000004       0.26666666666666666        1.8363320347085675E-002
  0.80000000000000004       0.29999999999999999        9.0683769104955569E-003
  0.80000000000000004       0.33333333333333331        4.1805632598202113E-003
  0.80000000000000004       0.36666666666666664        1.7950011044831340E-003
  0.80000000000000004       0.40000000000000002        7.1611047513124506E-004
  0.80000000000000004       0.43333333333333335        2.6477703032592520E-004
  0.80000000000000004       0.46666666666666667        9.0485555396234725E-005
  0.80000000000000004       0.50000000000000000        2.8495603458513070E-005
  0.80000000000000004       0.53333333333333333        8.2420268776574212E-006
  0.80000000000000004       0.56666666666666665        2.1813574287611041E-006
  0.80000000000000004       0.59999999999999998        5.2603284900592962E-007
  0.80000000000000004       0.63333333333333330        1.1501944867087774E-007
  0.80000000000000004       0.66666666666666663        2.2674234976564627E-008
  0.80000000000000004       0.69999999999999996        4.0029862070144040E-009
  0.80000000000000004       0.73333333333333328        6.2782601285755819E-010
  0.80000000000000004       0.76666666666666661        8.6627208133562391E-011
  0.80000000000000004       0.80000000000000004        1.0388600620309526E-011
  0.80000000000000004       0.83333333333333337        1.0661845272550147E-012
  0.80000000000000004       0.86666666666666670        9.1759378663538325E-014
  0.80000000000000004       0.90000000000000002        6.4402403727374166E-015
  0.80000000000000004       0.93333333333333335        3.5398871227626391E-016
  0.80000000000000004       0.96666666666666667        1.4665231738420267E-017
  0.80000000000000004        1.0000000000000000        1.4665231738420267E-017

  0.83333333333333337        0.0000000000000000       0.49999999999999994     
  0.83333333333333337        3.3333333333333333E-002  0.38978994946213275     
  0.83333333333333337        6.6666666666666666E-002  0.29034200221153089     
  0.83333333333333337       0.10000000000000001       0.20579056636045079     
  0.83333333333333337       0.13333333333333333       0.13829894645923774     
  0.83333333333333337       0.16666666666666666        8.7845208192427832E-002
  0.83333333333333337       0.20000000000000001        5.2589337853365989E-002
  0.83333333333333337       0.23333333333333334        2.9596514912977323E-002
  0.83333333333333337       0.26666666666666666        1.5620773297275892E-002
  0.83333333333333337       0.29999999999999999        7.7140221493540214E-003
  0.83333333333333337       0.33333333333333331        3.5561995163329017E-003
  0.83333333333333337       0.36666666666666664        1.5269191405213826E-003
  0.83333333333333337       0.40000000000000002        6.0915995453975698E-004
  0.83333333333333337       0.43333333333333335        2.2523279487980086E-004
  0.83333333333333337       0.46666666666666667        7.6971610841990371E-005
  0.83333333333333337       0.50000000000000000        2.4239808116463323E-005
  0.83333333333333337       0.53333333333333333        7.0110868259385248E-006
  0.83333333333333337       0.56666666666666665        1.8555734600803603E-006
  0.83333333333333337       0.59999999999999998        4.4747026822662058E-007
  0.83333333333333337       0.63333333333333330        9.7841386988088106E-008
  0.83333333333333337       0.66666666666666663        1.9287856311578794E-008
  0.83333333333333337       0.69999999999999996        3.4051434528188685E-009
  0.83333333333333337       0.73333333333333328        5.3406070534172015E-010
  0.83333333333333337       0.76666666666666661        7.3689504624095239E-011
  0.83333333333333337       0.80000000000000004        8.8370715153128027E-012
  0.83333333333333337       0.83333333333333337        9.0695072996191571E-013
  0.83333333333333337       0.86666666666666670        7.8055189634019777E-014
  0.83333333333333337       0.90000000000000002        5.4783956790505278E-015
  0.83333333333333337       0.93333333333333335        3.0112078424530131E-016
  0.83333333333333337       0.96666666666666667        1.2474991232957184E-017
  0.83333333333333337        1.0000000000000000        1.2474991232957184E-017

  0.86666666666666670        0.0000000000000000       0.40673664307580004     
  0.86666666666666670        3.3333333333333333E-002  0.31708371109782729     
  0.86666666666666670        6.6666666666666666E-002  0.23618546264684925     
  0.86666666666666670       0.10000000000000001       0.16740512827623488     
  0.86666666666666670       0.13333333333333333       0.11250249844750035     
  0.86666666666666670       0.16666666666666666        7.1459730180965755E-002
  0.86666666666666670       0.20000000000000001        4.2780021480114380E-002
  0.86666666666666670       0.23333333333333334        2.4075974244894511E-002
  0.86666666666666670       0.26666666666666666        1.2707081786364193E-002
  0.86666666666666670       0.29999999999999999        6.2751509472812467E-003
  0.86666666666666670       0.33333333333333331        2.8928733067620574E-003
  0.86666666666666670       0.36666666666666664        1.2421079309277066E-003
  0.86666666666666670       0.40000000000000002        4.9553535001141565E-004
  0.86666666666666670       0.43333333333333335        1.8322086179998098E-004
  0.86666666666666670       0.46666666666666667        6.2614349212016055E-005
  0.86666666666666670       0.50000000000000000        1.9718436364183655E-005
  0.86666666666666670       0.53333333333333333        5.7033318397904055E-006
  0.86666666666666670       0.56666666666666665        1.5094594402672664E-006
  0.86666666666666670       0.59999999999999998        3.6400510954944712E-007
  0.86666666666666670       0.63333333333333330        7.9591354594830477E-008
  0.86666666666666670       0.66666666666666663        1.5690155856599893E-008
  0.86666666666666670       0.69999999999999996        2.7699932343821721E-009
  0.86666666666666670       0.73333333333333328        4.3444411697877064E-010
  0.86666666666666670       0.76666666666666661        5.9944443481446311E-011
  0.86666666666666670       0.80000000000000004        7.1887216055182077E-012
  0.86666666666666670       0.83333333333333337        7.3778019067971218E-013
  0.86666666666666670       0.86666666666666670        6.3495811612772407E-014
  0.86666666666666670       0.90000000000000002        4.4565285358759592E-015
  0.86666666666666670       0.93333333333333335        2.4495371388857243E-016
  0.86666666666666670       0.96666666666666667        1.0148072112986081E-017
  0.86666666666666670        1.0000000000000000        1.0148072112986081E-017

  0.90000000000000002        0.0000000000000000       0.30901699437494751     
  0.90000000000000002        3.3333333333333333E-002  0.24090343724070185     
  0.90000000000000002        6.6666666666666666E-002  0.17944122572842322     
  0.90000000000000002       0.10000000000000001       0.12718556457484931     
  0.90000000000000002       0.13333333333333333        8.5473449520110836E-002
  0.90000000000000002       0.16666666666666666        5.4291324411731109E-002
  0.90000000000000002       0.20000000000000001        3.2501998239231618E-002
  0.90000000000000002       0.23333333333333334        1.8291652164763122E-002
  0.90000000000000002       0.26666666666666666        9.6541688282732671E-003
  0.90000000000000002       0.29999999999999999        4.7675278782703025E-003
  0.90000000000000002       0.33333333333333331        2.1978521718696701E-003
  0.90000000000000002       0.36666666666666664        9.4368792691499129E-004
  0.90000000000000002       0.40000000000000002        3.7648155649091066E-004
  0.90000000000000002       0.43333333333333335        1.3920152261685022E-004
  0.90000000000000002       0.46666666666666667        4.7571071669179952E-005
  0.90000000000000002       0.50000000000000000        1.4981025296749903E-005
  0.90000000000000002       0.53333333333333333        4.3330899565066270E-006
  0.90000000000000002       0.56666666666666665        1.1468074669519089E-006
  0.90000000000000002       0.59999999999999998        2.7655183471908365E-007
  0.90000000000000002       0.63333333333333330        6.0469302665070160E-008
  0.90000000000000002       0.66666666666666663        1.1920550770679879E-008
  0.90000000000000002       0.69999999999999996        2.1044943904112353E-009
  0.90000000000000002       0.73333333333333328        3.3006766795692555E-010
  0.90000000000000002       0.76666666666666661        4.5542618471833396E-011
  0.90000000000000002       0.80000000000000004        5.4616105574768489E-012
  0.90000000000000002       0.83333333333333337        5.6052637723799154E-013
  0.90000000000000002       0.86666666666666670        4.8240760192142687E-014
  0.90000000000000002       0.90000000000000002        3.3858347334737857E-015
  0.90000000000000002       0.93333333333333335        1.8610287938262006E-016
  0.90000000000000002       0.96666666666666667        7.7099685913244954E-018
  0.90000000000000002        1.0000000000000000        7.7099685913244954E-018

  0.93333333333333335        0.0000000000000000       0.20791169081775931     
  0.93333333333333335        3.3333333333333333E-002  0.16208377491288198     
  0.93333333333333335        6.6666666666666666E-002  0.12073099319042602     
  0.93333333333333335       0.10000000000000001        8.5572529212691262E-002
  0.93333333333333335       0.13333333333333333        5.7507935593309772E-002
  0.93333333333333335       0.16666666666666666        3.6528091531051514E-002
  0.93333333333333335       0.20000000000000001        2.1867876304159435E-002
  0.93333333333333335       0.23333333333333334        1.2306922915740289E-002
  0.93333333333333335       0.26666666666666666        6.4954827762350731E-003
  0.93333333333333335       0.29999999999999999        3.2076707761556811E-003
  0.93333333333333335       0.33333333333333331        1.4787509086521431E-003
  0.93333333333333335       0.36666666666666664        6.3492868049560105E-004
  0.93333333333333335       0.40000000000000002        2.5330295225366059E-004
  0.93333333333333335       0.43333333333333335        9.3657062422137935E-005
  0.93333333333333335       0.46666666666666667        3.2006595510249584E-005
  0.93333333333333335       0.50000000000000000        1.0079478981183871E-005
  0.93333333333333335       0.53333333333333333        2.9153738329019927E-006
  0.93333333333333335       0.56666666666666665        7.7159083104373553E-007
  0.93333333333333335       0.59999999999999998        1.8606860011534601E-007
  0.93333333333333335       0.63333333333333330        4.0684736401296237E-008
  0.93333333333333335       0.66666666666666663        8.0203416359806788E-009
  0.93333333333333335       0.69999999999999996        1.4159382655051886E-009
  0.93333333333333335       0.73333333333333328        2.2207492849384439E-010
  0.93333333333333335       0.76666666666666661        3.0641819003837478E-011
  0.93333333333333335       0.80000000000000004        3.6746609612522867E-012
  0.93333333333333335       0.83333333333333337        3.7713131950956595E-013
  0.93333333333333335       0.86666666666666670        3.2457172907819778E-014
  0.93333333333333335       0.90000000000000002        2.2780450172002022E-015
  0.93333333333333335       0.93333333333333335        1.2521306278562068E-016
  0.93333333333333335       0.96666666666666667        5.1873930403617071E-018
  0.93333333333333335        1.0000000000000000        5.1873930403617071E-018

  0.96666666666666667        0.0000000000000000       0.10452846326765373     
  0.96666666666666667        3.3333333333333333E-002   8.1488288828906158E-002
  0.96666666666666667        6.6666666666666666E-002   6.0698006626449960E-002
  0.96666666666666667       0.10000000000000001        4.3021943313275975E-002
  0.96666666666666667       0.13333333333333333        2.8912352689839209E-002
  0.96666666666666667       0.16666666666666666        1.8364649235563128E-002
  0.96666666666666667       0.20000000000000001        1.0994165340151570E-002
  0.96666666666666667       0.23333333333333334        6.1873564438634163E-003
  0.96666666666666667       0.26666666666666666        3.2656308556332911E-003
  0.96666666666666667       0.29999999999999999        1.6126697617692342E-003
  0.96666666666666667       0.33333333333333331        7.4344814103090165E-004
  0.96666666666666667       0.36666666666666664        3.1921302258533274E-004
  0.96666666666666667       0.40000000000000002        1.2734910786446889E-004
  0.96666666666666667       0.43333333333333335        4.7086475852528391E-005
  0.96666666666666667       0.46666666666666667        1.6091448393098214E-005
  0.96666666666666667       0.50000000000000000        5.0674997846334106E-006
  0.96666666666666667       0.53333333333333333        1.4657162635028888E-006
  0.96666666666666667       0.56666666666666665        3.8792048452488525E-007
  0.96666666666666667       0.59999999999999998        9.3546758991386730E-008
  0.96666666666666667       0.63333333333333330        2.0454419651681272E-008
  0.96666666666666667       0.66666666666666663        4.0322599599532851E-009
  0.96666666666666667       0.69999999999999996        7.1186882465813575E-010
  0.96666666666666667       0.73333333333333328        1.1164908964201820E-010
  0.96666666666666667       0.76666666666666661        1.5405301354622636E-011
  0.96666666666666667       0.80000000000000004        1.8474510105640023E-012
  0.96666666666666667       0.83333333333333337        1.8960433212479115E-013
  0.96666666666666667       0.86666666666666670        1.6317978045018719E-014
  0.96666666666666667       0.90000000000000002        1.1452965630066084E-015
  0.96666666666666667       0.93333333333333335        6.2951385670223992E-017
  0.96666666666666667       0.96666666666666667        2.6079833257169289E-018
  0.96666666666666667        1.0000000000000000        2.6079833257169289E-018

   1.0000000000000000        0.0000000000000000        1.2246467991473532E-016
   1.0000000000000000        3.3333333333333333E-002   0.0000000000000000     
   1.0000000000000000        6.6666666666666666E-002   0.0000000000000000     
   1.0000000000000000       0.10000000000000001        0.0000000000000000     
   1.0000000000000000       0.13333333333333333        0.0000000000000000     
   1.0000000000000000       0.16666666666666666        0.0000000000000000     
   1.0000000000000000       0.20000000000000001        0.0000000000000000     
   1.0000000000000000       0.23333333333333334        0.0000000000000000     
   1.0000000000000000       0.26666666666666666        0.0000000000000000     
   1.0000000000000000       0.29999999999999999        0.0000000000000000     
   1.0000000000000000       0.33333333333333331        0.0000000000000000     
   1.0000000000000000       0.36666666666666664        0.0000000000000000     
   1.0000000000000000       0.40000000000000002        0.0000000000000000     
   1.0000000000000000       0.43333333333333335        0.0000000000000000     
   1.0000000000000000       0.46666666666666667        0.0000000000000000     
   1.0000000000000000       0.50000000000000000        0.0000000000000000     
   1.0000000000000000       0.53333333333333333        0.0000000000000000     
   1.0000000000000000       0.56666666666666665        0.0000000000000000     
   1.0000000000000000       0.59999999999999998        0.0000000000000000     
   1.0000000000000000       0.63333333333333330        0.0000000000000000     
   1.0000000000000000       0.66666666666666663        0.0000000000000000     
   1.0000000000000000       0.69999999999999996        0.0000000000000000     
   1.0000000000000000       0.73333333333333328        0.0000000000000000     
   1.0000000000000000       0.76666666666666661        0.0000000000000000     
   1.0000000000000000       0.80000000000000004        0.0000000000000000     
   1.0000000000000000       0.83333333333333337        0.0000000000000000     
   1.0000000000000000       0.86666666666666670        0.0000000000000000     
   1.0000000000000000       0.90000000000000002        0.0000000000000000     
   1.0000000000000000       0.93333333333333335        0.0000000000000000     
   1.0000000000000000       0.96666666666666667        0.0000000000000000     
   1.0000000000000000        1.0000000000000000        0.0000000000000000     

