   0.0000000000000000        0.0000000000000000        0.0000000000000000     
   0.0000000000000000        3.3333333333333333E-002   0.0000000000000000     
   0.0000000000000000        6.6666666666666666E-002   0.0000000000000000     
   0.0000000000000000       0.10000000000000001        0.0000000000000000     
   0.0000000000000000       0.13333333333333333        0.0000000000000000     
   0.0000000000000000       0.16666666666666666        0.0000000000000000     
   0.0000000000000000       0.20000000000000001        0.0000000000000000     
   0.0000000000000000       0.23333333333333334        0.0000000000000000     
   0.0000000000000000       0.26666666666666666        0.0000000000000000     
   0.0000000000000000       0.29999999999999999        0.0000000000000000     
   0.0000000000000000       0.33333333333333331        0.0000000000000000     
   0.0000000000000000       0.36666666666666664        0.0000000000000000     
   0.0000000000000000       0.40000000000000002        0.0000000000000000     
   0.0000000000000000       0.43333333333333335        0.0000000000000000     
   0.0000000000000000       0.46666666666666667        0.0000000000000000     
   0.0000000000000000       0.50000000000000000        0.0000000000000000     
   0.0000000000000000       0.53333333333333333        0.0000000000000000     
   0.0000000000000000       0.56666666666666665        0.0000000000000000     
   0.0000000000000000       0.59999999999999998        0.0000000000000000     
   0.0000000000000000       0.63333333333333330        0.0000000000000000     
   0.0000000000000000       0.66666666666666663        0.0000000000000000     
   0.0000000000000000       0.69999999999999996        0.0000000000000000     
   0.0000000000000000       0.73333333333333328        0.0000000000000000     
   0.0000000000000000       0.76666666666666661        0.0000000000000000     
   0.0000000000000000       0.80000000000000004        0.0000000000000000     
   0.0000000000000000       0.83333333333333337        0.0000000000000000     
   0.0000000000000000       0.86666666666666670        0.0000000000000000     
   0.0000000000000000       0.90000000000000002        0.0000000000000000     
   0.0000000000000000       0.93333333333333335        0.0000000000000000     
   0.0000000000000000       0.96666666666666667        0.0000000000000000     
   0.0000000000000000        1.0000000000000000        0.0000000000000000     

   3.3333333333333333E-002   0.0000000000000000       0.10452846326765346     
   3.3333333333333333E-002   3.3333333333333333E-002   8.2084811786615197E-002
   3.3333333333333333E-002   6.6666666666666666E-002   6.1776199165761693E-002
   3.3333333333333333E-002  0.10000000000000001        4.4387922856715958E-002
   3.3333333333333333E-002  0.13333333333333333        3.0349638363307327E-002
   3.3333333333333333E-002  0.16666666666666666        1.9688855140605456E-002
   3.3333333333333333E-002  0.20000000000000001        1.2087544545931127E-002
   3.3333333333333333E-002  0.23333333333333334        7.0062374952870113E-003
   3.3333333333333333E-002  0.26666666666666666        3.8257335165135932E-003
   3.3333333333333333E-002  0.29999999999999999        1.9639470131301855E-003
   3.3333333333333333E-002  0.33333333333333331        9.4592326575072317E-004
   3.3333333333333333E-002  0.36666666666666664        4.2660009440928834E-004
   3.3333333333333333E-002  0.40000000000000002        1.7977712672390982E-004
   3.3333333333333333E-002  0.43333333333333335        7.0642887553495169E-005
   3.3333333333333333E-002  0.46666666666666667        2.5824890203620066E-005
   3.3333333333333333E-002  0.50000000000000000        8.7616058010108872E-006
   3.3333333333333333E-002  0.53333333333333333        2.7513475003822738E-006
   3.3333333333333333E-002  0.56666666666666665        7.9733893002981223E-007
   3.3333333333333333E-002  0.59999999999999998        2.1254220273786688E-007
   3.3333333333333333E-002  0.63333333333333330        5.1920206642665236E-008
   3.3333333333333333E-002  0.66666666666666663        1.1573748975265196E-008
   3.3333333333333333E-002  0.69999999999999996        2.3427965860420890E-009
   3.3333333333333333E-002  0.73333333333333328        4.2819652009013036E-010
   3.3333333333333333E-002  0.76666666666666661        7.0190661742035622E-011
   3.3333333333333333E-002  0.80000000000000004        1.0236411189963996E-011
   3.3333333333333333E-002  0.83333333333333337        1.3152065110157839E-012
   3.3333333333333333E-002  0.86666666666666670        1.4707356878004138E-013
   3.3333333333333333E-002  0.90000000000000002        1.4094275466361371E-014
   3.3333333333333333E-002  0.93333333333333335        1.1343090354003495E-015
   3.3333333333333333E-002  0.96666666666666667        7.8366693214095709E-017
   3.3333333333333333E-002   1.0000000000000000        7.8366693214095709E-017

   6.6666666666666666E-002   0.0000000000000000       0.20791169081775931     
   6.6666666666666666E-002   3.3333333333333333E-002  0.16327028519794506     
   6.6666666666666666E-002   6.6666666666666666E-002  0.12287556536596254     
   6.6666666666666666E-002  0.10000000000000001        8.8289522341843715E-002
   6.6666666666666666E-002  0.13333333333333333        6.0366759737636125E-002
   6.6666666666666666E-002  0.16666666666666666        3.9161995064132621E-002
   6.6666666666666666E-002  0.20000000000000001        2.4042655424335719E-002
   6.6666666666666666E-002  0.23333333333333334        1.3935713186426203E-002
   6.6666666666666666E-002  0.26666666666666666        7.6095514960340558E-003
   6.6666666666666666E-002  0.29999999999999999        3.9063766118021814E-003
   6.6666666666666666E-002  0.33333333333333331        1.8814827982547126E-003
   6.6666666666666666E-002  0.36666666666666664        8.4852626891241951E-004
   6.6666666666666666E-002  0.40000000000000002        3.5758457762665011E-004
   6.6666666666666666E-002  0.43333333333333335        1.4051179684797965E-004
   6.6666666666666666E-002  0.46666666666666667        5.1366837505963569E-005
   6.6666666666666666E-002  0.50000000000000000        1.7427217615382011E-005
   6.6666666666666666E-002  0.53333333333333333        5.4725506617938795E-006
   6.6666666666666666E-002  0.56666666666666665        1.5859420478883202E-006
   6.6666666666666666E-002  0.59999999999999998        4.2275574862522232E-007
   6.6666666666666666E-002  0.63333333333333330        1.0327156463635169E-007
   6.6666666666666666E-002  0.66666666666666663        2.3020693534794709E-008
   6.6666666666666666E-002  0.69999999999999996        4.6599250024257974E-009
   6.6666666666666666E-002  0.73333333333333328        8.5170162950027071E-010
   6.6666666666666666E-002  0.76666666666666661        1.3961229990568523E-010
   6.6666666666666666E-002  0.80000000000000004        2.0360670116823991E-011
   6.6666666666666666E-002  0.83333333333333337        2.6160033442722235E-012
   6.6666666666666666E-002  0.86666666666666670        2.9253576876340570E-013
   6.6666666666666666E-002  0.90000000000000002        2.8034131101296530E-014
   6.6666666666666666E-002  0.93333333333333335        2.2561903436394280E-015
   6.6666666666666666E-002  0.96666666666666667        1.5587478453805295E-016
   6.6666666666666666E-002   1.0000000000000000        1.5587478453805295E-016

  0.10000000000000001        0.0000000000000000       0.30901699437494740     
  0.10000000000000001        3.3333333333333333E-002  0.24266693519814256     
  0.10000000000000001        6.6666666666666666E-002  0.18262868115864875     
  0.10000000000000001       0.10000000000000001       0.13122380334442388     
  0.10000000000000001       0.13333333333333333        8.9722490259722773E-002
  0.10000000000000001       0.16666666666666666        5.8206067974562826E-002
  0.10000000000000001       0.20000000000000001        3.5734349938662181E-002
  0.10000000000000001       0.23333333333333334        2.0712506287659447E-002
  0.10000000000000001       0.26666666666666666        1.1309997636962945E-002
  0.10000000000000001       0.29999999999999999        5.8060071308534134E-003
  0.10000000000000001       0.33333333333333331        2.7964284114954351E-003
  0.10000000000000001       0.36666666666666664        1.2611558120478091E-003
  0.10000000000000001       0.40000000000000002        5.3147425706752925E-004
  0.10000000000000001       0.43333333333333335        2.0884122949221384E-004
  0.10000000000000001       0.46666666666666667        7.6345998987389923E-005
  0.10000000000000001       0.50000000000000000        2.5901893186679269E-005
  0.10000000000000001       0.53333333333333333        8.1337954129500218E-006
  0.10000000000000001       0.56666666666666665        2.3571692527904536E-006
  0.10000000000000001       0.59999999999999998        6.2833749406331205E-007
  0.10000000000000001       0.63333333333333330        1.5349145775691804E-007
  0.10000000000000001       0.66666666666666663        3.4215418558567182E-008
  0.10000000000000001       0.69999999999999996        6.9259983053309290E-009
  0.10000000000000001       0.73333333333333328        1.2658753176275819E-009
  0.10000000000000001       0.76666666666666661        2.0750431649581613E-010
  0.10000000000000001       0.80000000000000004        3.0261853281139921E-011
  0.10000000000000001       0.83333333333333337        3.8881386974549217E-012
  0.10000000000000001       0.86666666666666670        4.3479288564715300E-013
  0.10000000000000001       0.90000000000000002        4.1666838929366797E-014
  0.10000000000000001       0.93333333333333335        3.3533523583354099E-015
  0.10000000000000001       0.96666666666666667        2.3167507910371571E-016
  0.10000000000000001        1.0000000000000000        2.3167507910371571E-016

  0.13333333333333333        0.0000000000000000       0.40673664307580015     
  0.13333333333333333        3.3333333333333333E-002  0.31940487547498825     
  0.13333333333333333        6.6666666666666666E-002  0.24038087890305232     
  0.13333333333333333       0.10000000000000001       0.17272036889721631     
  0.13333333333333333       0.13333333333333333       0.11809520240288576     
  0.13333333333333333       0.16666666666666666        7.6612423023860926E-002
  0.13333333333333333       0.20000000000000001        4.7034531437167196E-002
  0.13333333333333333       0.23333333333333334        2.7262368835634494E-002
  0.13333333333333333       0.26666666666666666        1.4886529077012106E-002
  0.13333333333333333       0.29999999999999999        7.6420258207939131E-003
  0.13333333333333333       0.33333333333333331        3.6807357698695471E-003
  0.13333333333333333       0.36666666666666664        1.6599678681925823E-003
  0.13333333333333333       0.40000000000000002        6.9954099332983821E-004
  0.13333333333333333       0.43333333333333335        2.7488255392329439E-004
  0.13333333333333333       0.46666666666666667        1.0048869772748305E-004
  0.13333333333333333       0.50000000000000000        3.4092782195903654E-005
  0.13333333333333333       0.53333333333333333        1.0705924599455767E-005
  0.13333333333333333       0.56666666666666665        3.1025708180896372E-006
  0.13333333333333333       0.59999999999999998        8.2703504242837001E-007
  0.13333333333333333       0.63333333333333330        2.0202966634614708E-007
  0.13333333333333333       0.66666666666666663        4.5035272296575345E-008
  0.13333333333333333       0.69999999999999996        9.1161889214445310E-009
  0.13333333333333333       0.73333333333333328        1.6661798108735250E-009
  0.13333333333333333       0.76666666666666661        2.7312287237134902E-010
  0.13333333333333333       0.80000000000000004        3.9831481248207765E-011
  0.13333333333333333       0.83333333333333337        5.1176747894229727E-012
  0.13333333333333333       0.86666666666666670        5.7228632068948941E-013
  0.13333333333333333       0.90000000000000002        5.4843036150780323E-014
  0.13333333333333333       0.93333333333333335        4.4137743428593722E-015
  0.13333333333333333       0.96666666666666667        3.0493709302159090E-016
  0.13333333333333333        1.0000000000000000        3.0493709302159090E-016

  0.16666666666666666        0.0000000000000000       0.49999999999999994     
  0.16666666666666666        3.3333333333333333E-002  0.39264334909636284     
  0.16666666666666666        6.6666666666666666E-002  0.29549941343526126     
  0.16666666666666666       0.10000000000000001       0.21232457394430998     
  0.16666666666666666       0.13333333333333333       0.14517403879551288     
  0.16666666666666666       0.16666666666666666        9.4179396334329410E-002
  0.16666666666666666       0.20000000000000001        5.7819392766638139E-002
  0.16666666666666666       0.23333333333333334        3.3513539165628894E-002
  0.16666666666666666       0.26666666666666666        1.8299960589287036E-002
  0.16666666666666666       0.29999999999999999        9.3943168766450827E-003
  0.16666666666666666       0.33333333333333331        4.5247162169054908E-003
  0.16666666666666666       0.36666666666666664        2.0405929690028293E-003
  0.16666666666666666       0.40000000000000002        8.5994341208086135E-004
  0.16666666666666666       0.43333333333333335        3.3791220757071891E-004
  0.16666666666666666       0.46666666666666667        1.2353042126666197E-004
  0.16666666666666666       0.50000000000000000        4.1910143549016387E-005
  0.16666666666666666       0.53333333333333333        1.3160757435691121E-005
  0.16666666666666666       0.56666666666666665        3.8139799682511465E-006
  0.16666666666666666       0.59999999999999998        1.0166714218003741E-006
  0.16666666666666666       0.63333333333333330        2.4835439563346204E-007
  0.16666666666666666       0.66666666666666663        5.5361710167065632E-008
  0.16666666666666666       0.69999999999999996        1.1206500664049613E-008
  0.16666666666666666       0.73333333333333328        2.0482292894409963E-009
  0.16666666666666666       0.76666666666666661        3.3574903690254596E-010
  0.16666666666666666       0.80000000000000004        4.8964707171446922E-011
  0.16666666666666666       0.83333333333333337        6.2911405654558077E-012
  0.16666666666666666       0.86666666666666670        7.0350966704373976E-013
  0.16666666666666666       0.90000000000000002        6.7418361591482773E-014
  0.16666666666666666       0.93333333333333335        5.4258380920413095E-015
  0.16666666666666666       0.96666666666666667        3.7485815233613237E-016
  0.16666666666666666        1.0000000000000000        3.7485815233613237E-016

  0.20000000000000001        0.0000000000000000       0.58778525229247314     
  0.20000000000000001        3.3333333333333333E-002  0.46157994001913444     
  0.20000000000000001        6.6666666666666666E-002  0.34738039455664571     
  0.20000000000000001       0.10000000000000001       0.24960250652749622     
  0.20000000000000001       0.13333333333333333       0.17066231803947562     
  0.20000000000000001       0.16666666666666666       0.11071452047025326     
  0.20000000000000001       0.20000000000000001        6.7970772729471995E-002
  0.20000000000000001       0.23333333333333334        3.9397528147365711E-002
  0.20000000000000001       0.26666666666666666        2.1512893903832795E-002
  0.20000000000000001       0.29999999999999999        1.1043681830908536E-002
  0.20000000000000001       0.33333333333333331        5.3191229262112777E-003
  0.20000000000000001       0.36666666666666664        2.3988609062231491E-003
  0.20000000000000001       0.40000000000000002        1.0109241108543984E-003
  0.20000000000000001       0.43333333333333335        3.9723962435932311E-004
  0.20000000000000001       0.46666666666666667        1.4521871966004078E-004
  0.20000000000000001       0.50000000000000000        4.9268328599144724E-005
  0.20000000000000001       0.53333333333333333        1.5471398259395495E-005
  0.20000000000000001       0.56666666666666665        4.4836023557538779E-006
  0.20000000000000001       0.59999999999999998        1.1951689363229605E-006
  0.20000000000000001       0.63333333333333330        2.9195810219071833E-007
  0.20000000000000001       0.66666666666666663        6.5081593555782885E-008
  0.20000000000000001       0.69999999999999996        1.3174031640268343E-008
  0.20000000000000001       0.73333333333333328        2.4078379392938183E-009
  0.20000000000000001       0.76666666666666661        3.9469666472543572E-010
  0.20000000000000001       0.80000000000000004        5.7561465516392001E-011
  0.20000000000000001       0.83333333333333337        7.3956792889477089E-012
  0.20000000000000001       0.86666666666666670        8.2702521426699675E-013
  0.20000000000000001       0.90000000000000002        7.9255037354389752E-014
  0.20000000000000001       0.93333333333333335        6.3784552236572238E-015
  0.20000000000000001       0.96666666666666667        4.4067218728956787E-016
  0.20000000000000001        1.0000000000000000        4.4067218728956787E-016

  0.23333333333333334        0.0000000000000000       0.66913060635885824     
  0.23333333333333334        3.3333333333333333E-002  0.52545936452724429     
  0.23333333333333334        6.6666666666666666E-002  0.39545540338124657     
  0.23333333333333334       0.10000000000000001       0.28414574181648478     
  0.23333333333333334       0.13333333333333333       0.19428078521361186     
  0.23333333333333334       0.16666666666666666       0.12603663315140212     
  0.23333333333333334       0.20000000000000001        7.7377450682483112E-002
  0.23333333333333334       0.23333333333333334        4.4849869566257208E-002
  0.23333333333333334       0.26666666666666666        2.4490127450905692E-002
  0.23333333333333334       0.29999999999999999        1.2572049895993559E-002
  0.23333333333333334       0.33333333333333331        6.0552522116394608E-003
  0.23333333333333334       0.36666666666666664        2.7308464213609720E-003
  0.23333333333333334       0.40000000000000002        1.1508289135199444E-003
  0.23333333333333334       0.43333333333333335        4.5221480069571095E-004
  0.23333333333333334       0.46666666666666667        1.6531597137185342E-004
  0.23333333333333334       0.50000000000000000        5.6086719531080251E-005
  0.23333333333333334       0.53333333333333333        1.7612531206171705E-005
  0.23333333333333334       0.56666666666666665        5.1041014575928575E-006
  0.23333333333333334       0.59999999999999998        1.3605719298740136E-006
  0.23333333333333334       0.63333333333333330        3.3236305468421242E-007
  0.23333333333333334       0.66666666666666663        7.4088429386303976E-008
  0.23333333333333334       0.69999999999999996        1.4997225168992930E-008
  0.23333333333333334       0.73333333333333328        2.7410658128112545E-009
  0.23333333333333334       0.76666666666666661        4.4931991329400656E-010
  0.23333333333333334       0.80000000000000004        6.5527568399628438E-011
  0.23333333333333334       0.83333333333333337        8.4191894025045081E-012
  0.23333333333333334       0.86666666666666670        9.4147970017659233E-013
  0.23333333333333334       0.90000000000000002        9.0223378342859236E-014
  0.23333333333333334       0.93333333333333335        7.2611886650651838E-015
  0.23333333333333334       0.96666666666666667        5.0165812554247518E-016
  0.23333333333333334        1.0000000000000000        5.0165812554247518E-016

  0.26666666666666666        0.0000000000000000       0.74314482547739413     
  0.26666666666666666        3.3333333333333333E-002  0.58358174627815229     
  0.26666666666666666        6.6666666666666666E-002  0.43919772005203922     
  0.26666666666666666       0.10000000000000001       0.31557581689681269     
  0.26666666666666666       0.13333333333333333       0.21577067144907974     
  0.26666666666666666       0.16666666666666666       0.13997786210488314     
  0.26666666666666666       0.20000000000000001        8.5936365093544437E-002
  0.26666666666666666       0.23333333333333334        4.9810826428742197E-002
  0.26666666666666666       0.26666666666666666        2.7199042036737817E-002
  0.26666666666666666       0.29999999999999999        1.3962675951547498E-002
  0.26666666666666666       0.33333333333333331        6.7250388866939344E-003
  0.26666666666666666       0.36666666666666664        3.0329122116400102E-003
  0.26666666666666666       0.40000000000000002        1.2781249937825333E-003
  0.26666666666666666       0.43333333333333335        5.0223541704364578E-004
  0.26666666666666666       0.46666666666666667        1.8360198670672499E-004
  0.26666666666666666       0.50000000000000000        6.2290612626932651E-005
  0.26666666666666666       0.53333333333333333        1.9560697575393993E-005
  0.26666666666666666       0.56666666666666665        5.6686789557605522E-006
  0.26666666666666666       0.59999999999999998        1.5110682126433864E-006
  0.26666666666666666       0.63333333333333330        3.6912656799914578E-007
  0.26666666666666666       0.66666666666666663        8.2283536880468125E-008
  0.26666666666666666       0.69999999999999996        1.6656105960394908E-008
  0.26666666666666666       0.73333333333333328        3.0442619956786329E-009
  0.26666666666666666       0.76666666666666661        4.9902031886629146E-010
  0.26666666666666666       0.80000000000000004        7.2775737530953271E-011
  0.26666666666666666       0.83333333333333337        9.3504571151388213E-012
  0.26666666666666666       0.86666666666666670        1.0456191374737597E-012
  0.26666666666666666       0.90000000000000002        1.0020321311774862E-013
  0.26666666666666666       0.93333333333333335        8.0643670039572737E-015
  0.26666666666666666       0.96666666666666667        5.5714779239322747E-016
  0.26666666666666666        1.0000000000000000        5.5714779239322747E-016

  0.29999999999999999        0.0000000000000000       0.80901699437494745     
  0.29999999999999999        3.3333333333333333E-002  0.63531028429450542     
  0.29999999999999999        6.6666666666666666E-002  0.47812809459390998     
  0.29999999999999999       0.10000000000000001       0.34354837728873389     
  0.29999999999999999       0.13333333333333333       0.23489652905523564     
  0.29999999999999999       0.16666666666666666       0.15238546430889224     
  0.29999999999999999       0.20000000000000001        9.3553742705300313E-002
  0.29999999999999999       0.23333333333333334        5.4226045453288331E-002
  0.29999999999999999       0.26666666666666666        2.9609958226249983E-002
  0.29999999999999999       0.29999999999999999        1.5200324007498498E-002
  0.29999999999999999       0.33333333333333331        7.3211446284009267E-003
  0.29999999999999999       0.36666666666666664        3.3017487810506384E-003
  0.29999999999999999       0.40000000000000002        1.3914176691483904E-003
  0.29999999999999999       0.43333333333333335        5.4675343706293269E-004
  0.29999999999999999       0.46666666666666667        1.9987642025405186E-004
  0.29999999999999999       0.50000000000000000        6.7812036735695656E-005
  0.29999999999999999       0.53333333333333333        2.1294552848641141E-005
  0.29999999999999999       0.56666666666666665        6.1711492210415993E-006
  0.29999999999999999       0.59999999999999998        1.6450089158636858E-006
  0.29999999999999999       0.63333333333333330        4.0184585339038002E-007
  0.29999999999999999       0.66666666666666663        8.9577128725632820E-008
  0.29999999999999999       0.69999999999999996        1.8132498969380543E-008
  0.29999999999999999       0.73333333333333328        3.3141046070685782E-009
  0.29999999999999999       0.76666666666666661        5.4325335339836215E-010
  0.29999999999999999       0.80000000000000004        7.9226560452586882E-011
  0.29999999999999999       0.83333333333333337        1.0179279262910728E-011
  0.29999999999999999       0.86666666666666670        1.1383025526908932E-012
  0.29999999999999999       0.90000000000000002        1.0908520052084956E-013
  0.29999999999999999       0.93333333333333335        8.7791904503767194E-015
  0.29999999999999999       0.96666666666666667        6.0653323143984828E-016
  0.29999999999999999        1.0000000000000000        6.0653323143984828E-016

  0.33333333333333331        0.0000000000000000       0.86602540378443860     
  0.33333333333333331        3.3333333333333333E-002  0.68007822988890387     
  0.33333333333333331        6.6666666666666666E-002  0.51181999767667374     
  0.33333333333333331       0.10000000000000001       0.36775694976695994     
  0.33333333333333331       0.13333333333333333       0.25144881113380357     
  0.33333333333333331       0.16666666666666666       0.16312349947722460     
  0.33333333333333331       0.20000000000000001       0.10014612593459769     
  0.33333333333333331       0.23333333333333334        5.8047152576318713E-002
  0.33333333333333331       0.26666666666666666        3.1696461517153246E-002
  0.33333333333333331       0.29999999999999999        1.6271434132751048E-002
  0.33333333333333331       0.33333333333333331        7.8370383775111518E-003
  0.33333333333333331       0.36666666666666664        3.5344106998807232E-003
  0.33333333333333331       0.40000000000000002        1.4894656813581918E-003
  0.33333333333333331       0.43333333333333335        5.8528111201024569E-004
  0.33333333333333331       0.46666666666666667        2.1396096591424547E-004
  0.33333333333333331       0.50000000000000000        7.2590497979401402E-005
  0.33333333333333331       0.53333333333333333        2.2795100544706913E-005
  0.33333333333333331       0.56666666666666665        6.6060070840609184E-006
  0.33333333333333331       0.59999999999999998        1.7609265571615362E-006
  0.33333333333333331       0.63333333333333330        4.3016243152021843E-007
  0.33333333333333331       0.66666666666666663        9.5889294803260164E-008
  0.33333333333333331       0.69999999999999996        1.9410228525188293E-008
  0.33333333333333331       0.73333333333333328        3.5476371948625056E-009
  0.33333333333333331       0.76666666666666661        5.8153439050752770E-010
  0.33333333333333331       0.80000000000000004        8.4809360598678257E-011
  0.33333333333333331       0.83333333333333337        1.0896575096927056E-011
  0.33333333333333331       0.86666666666666670        1.2185144869356217E-012
  0.33333333333333331       0.90000000000000002        1.1677202763949830E-013
  0.33333333333333331       0.93333333333333335        9.3978272490581281E-015
  0.33333333333333331       0.96666666666666667        6.4927336547757559E-016
  0.33333333333333331        1.0000000000000000        6.4927336547757559E-016

  0.36666666666666664        0.0000000000000000       0.91354545764260087     
  0.36666666666666664        3.3333333333333333E-002  0.71739509608112062     
  0.36666666666666664        6.6666666666666666E-002  0.53990429375967164     
  0.36666666666666664       0.10000000000000001       0.38793630014544983     
  0.36666666666666664       0.13333333333333333       0.26524616741854296     
  0.36666666666666664       0.16666666666666666       0.17207431944949769     
  0.36666666666666664       0.20000000000000001       0.10564128725123144     
  0.36666666666666664       0.23333333333333334        6.1232282948575349E-002
  0.36666666666666664       0.26666666666666666        3.3435691742763576E-002
  0.36666666666666664       0.29999999999999999        1.7164271020628681E-002
  0.36666666666666664       0.33333333333333331        8.2670678941516498E-003
  0.36666666666666664       0.36666666666666664        3.7283488754599270E-003
  0.36666666666666664       0.40000000000000002        1.5711947958723003E-003
  0.36666666666666664       0.43333333333333335        6.1739632461642780E-004
  0.36666666666666664       0.46666666666666667        2.2570131045767197E-004
  0.36666666666666664       0.50000000000000000        7.6573642536706540E-005
  0.36666666666666664       0.53333333333333333        2.4045900349023415E-005
  0.36666666666666664       0.56666666666666665        6.9684881510714127E-006
  0.36666666666666664       0.59999999999999998        1.8575511186015526E-006
  0.36666666666666664       0.63333333333333330        4.5376606003304521E-007
  0.36666666666666664       0.66666666666666663        1.0115087770089799E-007
  0.36666666666666664       0.69999999999999996        2.0475295555422633E-008
  0.36666666666666664       0.73333333333333328        3.7423011271587083E-009
  0.36666666666666664       0.76666666666666661        6.1344401514039768E-010
  0.36666666666666664       0.80000000000000004        8.9462971642550846E-011
  0.36666666666666664       0.83333333333333337        1.1494485773926510E-011
  0.36666666666666664       0.86666666666666670        1.2853761214709340E-012
  0.36666666666666664       0.90000000000000002        1.2317947598721089E-013
  0.36666666666666664       0.93333333333333335        9.9134994857770698E-015
  0.36666666666666664       0.96666666666666667        6.8489992465394423E-016
  0.36666666666666664        1.0000000000000000        6.8489992465394423E-016

  0.40000000000000002        0.0000000000000000       0.95105651629515353     
  0.40000000000000002        3.3333333333333333E-002  0.74685203147609736     
  0.40000000000000002        6.6666666666666666E-002  0.56207328541800161     
  0.40000000000000002       0.10000000000000001       0.40386533923865636     
  0.40000000000000002       0.13333333333333333       0.27613743118671585     
  0.40000000000000002       0.16666666666666666       0.17913985716901576     
  0.40000000000000002       0.20000000000000001       0.10997902051788014     
  0.40000000000000002       0.23333333333333334        6.3746539615168393E-002
  0.40000000000000002       0.26666666666666666        3.4808593532771881E-002
  0.40000000000000002       0.29999999999999999        1.7869052563349679E-002
  0.40000000000000002       0.33333333333333331        8.6065216849486453E-003
  0.40000000000000002       0.36666666666666664        3.8814384805524300E-003
  0.40000000000000002       0.40000000000000002        1.6357095714091834E-003
  0.40000000000000002       0.43333333333333335        6.4274721389162538E-004
  0.40000000000000002       0.46666666666666667        2.3496882421268855E-004
  0.40000000000000002       0.50000000000000000        7.9717830242314659E-005
  0.40000000000000002       0.53333333333333333        2.5033248237187874E-005
  0.40000000000000002       0.56666666666666665        7.2546210036488713E-006
  0.40000000000000002       0.59999999999999998        1.9338239612686086E-006
  0.40000000000000002       0.63333333333333330        4.7239813263549740E-007
  0.40000000000000002       0.66666666666666663        1.0530423041526284E-007
  0.40000000000000002       0.69999999999999996        2.1316030962820703E-008
  0.40000000000000002       0.73333333333333328        3.8959636251789036E-009
  0.40000000000000002       0.76666666666666661        6.3863261877197664E-010
  0.40000000000000002       0.80000000000000004        9.3136407647777262E-011
  0.40000000000000002       0.83333333333333337        1.1966460459411043E-011
  0.40000000000000002       0.86666666666666670        1.3381549062371651E-012
  0.40000000000000002       0.90000000000000002        1.2823734421904516E-013
  0.40000000000000002       0.93333333333333335        1.0320557347596700E-014
  0.40000000000000002       0.96666666666666667        7.1302257693128003E-016
  0.40000000000000002        1.0000000000000000        7.1302257693128003E-016

  0.43333333333333335        0.0000000000000000       0.97814760073380569     
  0.43333333333333335        3.3333333333333333E-002  0.76812629972538671     
  0.43333333333333335        6.6666666666666666E-002  0.57808408453989535     
  0.43333333333333335       0.10000000000000001       0.41536954516090863     
  0.43333333333333335       0.13333333333333333       0.28400327547333459     
  0.43333333333333335       0.16666666666666666       0.18424270112596494     
  0.43333333333333335       0.20000000000000001       0.11311180062114529     
  0.43333333333333335       0.23333333333333334        6.5562375853916652E-002
  0.43333333333333335       0.26666666666666666        3.5800125087868638E-002
  0.43333333333333335       0.29999999999999999        1.8378057026846976E-002
  0.43333333333333335       0.33333333333333331        8.8516806231348968E-003
  0.43333333333333335       0.36666666666666664        3.9920022334087807E-003
  0.43333333333333335       0.40000000000000002        1.6823031705874738E-003
  0.43333333333333335       0.43333333333333335        6.6105603018792479E-004
  0.43333333333333335       0.46666666666666667        2.4166197035924335E-004
  0.43333333333333335       0.50000000000000000        8.1988612717759520E-005
  0.43333333333333335       0.53333333333333333        2.5746326619121723E-005
  0.43333333333333335       0.56666666666666665        7.4612707103833102E-006
  0.43333333333333335       0.59999999999999998        1.9889094239373255E-006
  0.43333333333333335       0.63333333333333330        4.8585451244113045E-007
  0.43333333333333335       0.66666666666666663        1.0830384794487116E-007
  0.43333333333333335       0.69999999999999996        2.1923223474323864E-008
  0.43333333333333335       0.73333333333333328        4.0069411304388355E-009
  0.43333333333333335       0.76666666666666661        6.5682422978982265E-010
  0.43333333333333335       0.80000000000000004        9.5789421680768347E-011
  0.43333333333333335       0.83333333333333337        1.2307328099959427E-011
  0.43333333333333335       0.86666666666666670        1.3762725858237452E-012
  0.43333333333333335       0.90000000000000002        1.3189021727222604E-013
  0.43333333333333335       0.93333333333333335        1.0614541023400591E-014
  0.43333333333333335       0.96666666666666667        7.3333320464619080E-016
  0.43333333333333335        1.0000000000000000        7.3333320464619080E-016

  0.46666666666666667        0.0000000000000000       0.99452189536827329     
  0.46666666666666667        3.3333333333333333E-002  0.78098481549412280     
  0.46666666666666667        6.6666666666666666E-002  0.58776127345969797     
  0.46666666666666667       0.10000000000000001       0.42232287542471253     
  0.46666666666666667       0.13333333333333333       0.28875752044236136     
  0.46666666666666667       0.16666666666666666       0.18732694349411416     
  0.46666666666666667       0.20000000000000001       0.11500530416663918     
  0.46666666666666667       0.23333333333333334        6.6659896983000205E-002
  0.46666666666666667       0.26666666666666666        3.6399422980844899E-002
  0.46666666666666667       0.29999999999999999        1.8685707651702452E-002
  0.46666666666666667       0.33333333333333331        8.9998586960808261E-003
  0.46666666666666667       0.36666666666666664        4.0588287744157316E-003
  0.46666666666666667       0.40000000000000002        1.7104651041842367E-003
  0.46666666666666667       0.43333333333333335        6.7212217828261733E-004
  0.46666666666666667       0.46666666666666667        2.4570741738752381E-004
  0.46666666666666667       0.50000000000000000        8.3361110795048365E-005
  0.46666666666666667       0.53333333333333333        2.6177322858851257E-005
  0.46666666666666667       0.56666666666666665        7.5861731738435147E-006
  0.46666666666666667       0.59999999999999998        2.0222039787513306E-006
  0.46666666666666667       0.63333333333333330        4.9398776853686541E-007
  0.46666666666666667       0.66666666666666663        1.1011686585235825E-007
  0.46666666666666667       0.69999999999999996        2.2290220561712871E-008
  0.46666666666666667       0.73333333333333328        4.0740177501673424E-009
  0.46666666666666667       0.76666666666666661        6.6781953709678474E-010
  0.46666666666666667       0.80000000000000004        9.7392946764599792E-011
  0.46666666666666667       0.83333333333333337        1.2513354078370679E-011
  0.46666666666666667       0.86666666666666670        1.3993115349564862E-012
  0.46666666666666667       0.90000000000000002        1.3409807350517008E-013
  0.46666666666666667       0.93333333333333335        1.0792229566516597E-014
  0.46666666666666667       0.96666666666666667        7.4560928031115892E-016
  0.46666666666666667        1.0000000000000000        7.4560928031115892E-016

  0.50000000000000000        0.0000000000000000        1.0000000000000000     
  0.50000000000000000        3.3333333333333333E-002  0.78528669819272567     
  0.50000000000000000        6.6666666666666666E-002  0.59099882687052252     
  0.50000000000000000       0.10000000000000001       0.42464914788861996     
  0.50000000000000000       0.13333333333333333       0.29034807759102577     
  0.50000000000000000       0.16666666666666666       0.18835879266865882     
  0.50000000000000000       0.20000000000000001       0.11563878553327628     
  0.50000000000000000       0.23333333333333334        6.7027078331257775E-002
  0.50000000000000000       0.26666666666666666        3.6599921178574087E-002
  0.50000000000000000       0.29999999999999999        1.8788633753290165E-002
  0.50000000000000000       0.33333333333333331        9.0494324338109833E-003
  0.50000000000000000       0.36666666666666664        4.0811859380056586E-003
  0.50000000000000000       0.40000000000000002        1.7198868241617229E-003
  0.50000000000000000       0.43333333333333335        6.7582441514143772E-004
  0.50000000000000000       0.46666666666666667        2.4706084253332393E-004
  0.50000000000000000       0.50000000000000000        8.3820287098032760E-005
  0.50000000000000000       0.53333333333333333        2.6321514871382241E-005
  0.50000000000000000       0.56666666666666665        7.6279599365022939E-006
  0.50000000000000000       0.59999999999999998        2.0333428436007481E-006
  0.50000000000000000       0.63333333333333330        4.9670879126692418E-007
  0.50000000000000000       0.66666666666666663        1.1072342033413126E-007
  0.50000000000000000       0.69999999999999996        2.2413001328099225E-008
  0.50000000000000000       0.73333333333333328        4.0964585788819926E-009
  0.50000000000000000       0.76666666666666661        6.7149807380509192E-010
  0.50000000000000000       0.80000000000000004        9.7929414342893844E-011
  0.50000000000000000       0.83333333333333337        1.2582281130911615E-011
  0.50000000000000000       0.86666666666666670        1.4070193340874795E-012
  0.50000000000000000       0.90000000000000002        1.3483672318296549E-013
  0.50000000000000000       0.93333333333333335        1.0851676184082619E-014
  0.50000000000000000       0.96666666666666667        7.4971630467226493E-016
  0.50000000000000000        1.0000000000000000        7.4971630467226493E-016

  0.53333333333333333        0.0000000000000000       0.99452189536827340     
  0.53333333333333333        3.3333333333333333E-002  0.78098481549412280     
  0.53333333333333333        6.6666666666666666E-002  0.58776127345969809     
  0.53333333333333333       0.10000000000000001       0.42232287542471258     
  0.53333333333333333       0.13333333333333333       0.28875752044236142     
  0.53333333333333333       0.16666666666666666       0.18732694349411419     
  0.53333333333333333       0.20000000000000001       0.11500530416663919     
  0.53333333333333333       0.23333333333333334        6.6659896983000219E-002
  0.53333333333333333       0.26666666666666666        3.6399422980844899E-002
  0.53333333333333333       0.29999999999999999        1.8685707651702452E-002
  0.53333333333333333       0.33333333333333331        8.9998586960808261E-003
  0.53333333333333333       0.36666666666666664        4.0588287744157316E-003
  0.53333333333333333       0.40000000000000002        1.7104651041842367E-003
  0.53333333333333333       0.43333333333333335        6.7212217828261744E-004
  0.53333333333333333       0.46666666666666667        2.4570741738752386E-004
  0.53333333333333333       0.50000000000000000        8.3361110795048378E-005
  0.53333333333333333       0.53333333333333333        2.6177322858851260E-005
  0.53333333333333333       0.56666666666666665        7.5861731738435147E-006
  0.53333333333333333       0.59999999999999998        2.0222039787513306E-006
  0.53333333333333333       0.63333333333333330        4.9398776853686541E-007
  0.53333333333333333       0.66666666666666663        1.1011686585235825E-007
  0.53333333333333333       0.69999999999999996        2.2290220561712871E-008
  0.53333333333333333       0.73333333333333328        4.0740177501673424E-009
  0.53333333333333333       0.76666666666666661        6.6781953709678474E-010
  0.53333333333333333       0.80000000000000004        9.7392946764599792E-011
  0.53333333333333333       0.83333333333333337        1.2513354078370679E-011
  0.53333333333333333       0.86666666666666670        1.3993115349564862E-012
  0.53333333333333333       0.90000000000000002        1.3409807350517008E-013
  0.53333333333333333       0.93333333333333335        1.0792229566516597E-014
  0.53333333333333333       0.96666666666666667        7.4560928031115892E-016
  0.53333333333333333        1.0000000000000000        7.4560928031115892E-016

  0.56666666666666665        0.0000000000000000       0.97814760073380569     
  0.56666666666666665        3.3333333333333333E-002  0.76812629972538682     
  0.56666666666666665        6.6666666666666666E-002  0.57808408453989546     
  0.56666666666666665       0.10000000000000001       0.41536954516090868     
  0.56666666666666665       0.13333333333333333       0.28400327547333470     
  0.56666666666666665       0.16666666666666666       0.18424270112596497     
  0.56666666666666665       0.20000000000000001       0.11311180062114533     
  0.56666666666666665       0.23333333333333334        6.5562375853916652E-002
  0.56666666666666665       0.26666666666666666        3.5800125087868638E-002
  0.56666666666666665       0.29999999999999999        1.8378057026846976E-002
  0.56666666666666665       0.33333333333333331        8.8516806231348968E-003
  0.56666666666666665       0.36666666666666664        3.9920022334087816E-003
  0.56666666666666665       0.40000000000000002        1.6823031705874738E-003
  0.56666666666666665       0.43333333333333335        6.6105603018792479E-004
  0.56666666666666665       0.46666666666666667        2.4166197035924337E-004
  0.56666666666666665       0.50000000000000000        8.1988612717759520E-005
  0.56666666666666665       0.53333333333333333        2.5746326619121727E-005
  0.56666666666666665       0.56666666666666665        7.4612707103833111E-006
  0.56666666666666665       0.59999999999999998        1.9889094239373255E-006
  0.56666666666666665       0.63333333333333330        4.8585451244113045E-007
  0.56666666666666665       0.66666666666666663        1.0830384794487114E-007
  0.56666666666666665       0.69999999999999996        2.1923223474323858E-008
  0.56666666666666665       0.73333333333333328        4.0069411304388364E-009
  0.56666666666666665       0.76666666666666661        6.5682422978982275E-010
  0.56666666666666665       0.80000000000000004        9.5789421680768359E-011
  0.56666666666666665       0.83333333333333337        1.2307328099959431E-011
  0.56666666666666665       0.86666666666666670        1.3762725858237456E-012
  0.56666666666666665       0.90000000000000002        1.3189021727222604E-013
  0.56666666666666665       0.93333333333333335        1.0614541023400593E-014
  0.56666666666666665       0.96666666666666667        7.3333320464619060E-016
  0.56666666666666665        1.0000000000000000        7.3333320464619060E-016

  0.59999999999999998        0.0000000000000000       0.95105651629515364     
  0.59999999999999998        3.3333333333333333E-002  0.74685203147609747     
  0.59999999999999998        6.6666666666666666E-002  0.56207328541800172     
  0.59999999999999998       0.10000000000000001       0.40386533923865642     
  0.59999999999999998       0.13333333333333333       0.27613743118671591     
  0.59999999999999998       0.16666666666666666       0.17913985716901579     
  0.59999999999999998       0.20000000000000001       0.10997902051788017     
  0.59999999999999998       0.23333333333333334        6.3746539615168407E-002
  0.59999999999999998       0.26666666666666666        3.4808593532771881E-002
  0.59999999999999998       0.29999999999999999        1.7869052563349683E-002
  0.59999999999999998       0.33333333333333331        8.6065216849486471E-003
  0.59999999999999998       0.36666666666666664        3.8814384805524304E-003
  0.59999999999999998       0.40000000000000002        1.6357095714091834E-003
  0.59999999999999998       0.43333333333333335        6.4274721389162538E-004
  0.59999999999999998       0.46666666666666667        2.3496882421268855E-004
  0.59999999999999998       0.50000000000000000        7.9717830242314659E-005
  0.59999999999999998       0.53333333333333333        2.5033248237187874E-005
  0.59999999999999998       0.56666666666666665        7.2546210036488730E-006
  0.59999999999999998       0.59999999999999998        1.9338239612686090E-006
  0.59999999999999998       0.63333333333333330        4.7239813263549740E-007
  0.59999999999999998       0.66666666666666663        1.0530423041526284E-007
  0.59999999999999998       0.69999999999999996        2.1316030962820703E-008
  0.59999999999999998       0.73333333333333328        3.8959636251789036E-009
  0.59999999999999998       0.76666666666666661        6.3863261877197674E-010
  0.59999999999999998       0.80000000000000004        9.3136407647777275E-011
  0.59999999999999998       0.83333333333333337        1.1966460459411048E-011
  0.59999999999999998       0.86666666666666670        1.3381549062371651E-012
  0.59999999999999998       0.90000000000000002        1.2823734421904516E-013
  0.59999999999999998       0.93333333333333335        1.0320557347596700E-014
  0.59999999999999998       0.96666666666666667        7.1302257693128012E-016
  0.59999999999999998        1.0000000000000000        7.1302257693128012E-016

  0.63333333333333330        0.0000000000000000       0.91354545764260098     
  0.63333333333333330        3.3333333333333333E-002  0.71739509608112073     
  0.63333333333333330        6.6666666666666666E-002  0.53990429375967175     
  0.63333333333333330       0.10000000000000001       0.38793630014544989     
  0.63333333333333330       0.13333333333333333       0.26524616741854301     
  0.63333333333333330       0.16666666666666666       0.17207431944949772     
  0.63333333333333330       0.20000000000000001       0.10564128725123147     
  0.63333333333333330       0.23333333333333334        6.1232282948575356E-002
  0.63333333333333330       0.26666666666666666        3.3435691742763583E-002
  0.63333333333333330       0.29999999999999999        1.7164271020628685E-002
  0.63333333333333330       0.33333333333333331        8.2670678941516498E-003
  0.63333333333333330       0.36666666666666664        3.7283488754599270E-003
  0.63333333333333330       0.40000000000000002        1.5711947958723005E-003
  0.63333333333333330       0.43333333333333335        6.1739632461642780E-004
  0.63333333333333330       0.46666666666666667        2.2570131045767197E-004
  0.63333333333333330       0.50000000000000000        7.6573642536706553E-005
  0.63333333333333330       0.53333333333333333        2.4045900349023419E-005
  0.63333333333333330       0.56666666666666665        6.9684881510714135E-006
  0.63333333333333330       0.59999999999999998        1.8575511186015532E-006
  0.63333333333333330       0.63333333333333330        4.5376606003304532E-007
  0.63333333333333330       0.66666666666666663        1.0115087770089801E-007
  0.63333333333333330       0.69999999999999996        2.0475295555422633E-008
  0.63333333333333330       0.73333333333333328        3.7423011271587083E-009
  0.63333333333333330       0.76666666666666661        6.1344401514039778E-010
  0.63333333333333330       0.80000000000000004        8.9462971642550859E-011
  0.63333333333333330       0.83333333333333337        1.1494485773926513E-011
  0.63333333333333330       0.86666666666666670        1.2853761214709344E-012
  0.63333333333333330       0.90000000000000002        1.2317947598721094E-013
  0.63333333333333330       0.93333333333333335        9.9134994857770682E-015
  0.63333333333333330       0.96666666666666667        6.8489992465394404E-016
  0.63333333333333330        1.0000000000000000        6.8489992465394404E-016

  0.66666666666666663        0.0000000000000000       0.86602540378443871     
  0.66666666666666663        3.3333333333333333E-002  0.68007822988890387     
  0.66666666666666663        6.6666666666666666E-002  0.51181999767667385     
  0.66666666666666663       0.10000000000000001       0.36775694976695994     
  0.66666666666666663       0.13333333333333333       0.25144881113380357     
  0.66666666666666663       0.16666666666666666       0.16312349947722463     
  0.66666666666666663       0.20000000000000001       0.10014612593459771     
  0.66666666666666663       0.23333333333333334        5.8047152576318727E-002
  0.66666666666666663       0.26666666666666666        3.1696461517153246E-002
  0.66666666666666663       0.29999999999999999        1.6271434132751051E-002
  0.66666666666666663       0.33333333333333331        7.8370383775111518E-003
  0.66666666666666663       0.36666666666666664        3.5344106998807237E-003
  0.66666666666666663       0.40000000000000002        1.4894656813581920E-003
  0.66666666666666663       0.43333333333333335        5.8528111201024569E-004
  0.66666666666666663       0.46666666666666667        2.1396096591424550E-004
  0.66666666666666663       0.50000000000000000        7.2590497979401402E-005
  0.66666666666666663       0.53333333333333333        2.2795100544706917E-005
  0.66666666666666663       0.56666666666666665        6.6060070840609201E-006
  0.66666666666666663       0.59999999999999998        1.7609265571615364E-006
  0.66666666666666663       0.63333333333333330        4.3016243152021843E-007
  0.66666666666666663       0.66666666666666663        9.5889294803260164E-008
  0.66666666666666663       0.69999999999999996        1.9410228525188293E-008
  0.66666666666666663       0.73333333333333328        3.5476371948625056E-009
  0.66666666666666663       0.76666666666666661        5.8153439050752770E-010
  0.66666666666666663       0.80000000000000004        8.4809360598678257E-011
  0.66666666666666663       0.83333333333333337        1.0896575096927056E-011
  0.66666666666666663       0.86666666666666670        1.2185144869356219E-012
  0.66666666666666663       0.90000000000000002        1.1677202763949832E-013
  0.66666666666666663       0.93333333333333335        9.3978272490581281E-015
  0.66666666666666663       0.96666666666666667        6.4927336547757559E-016
  0.66666666666666663        1.0000000000000000        6.4927336547757559E-016

  0.69999999999999996        0.0000000000000000       0.80901699437494745     
  0.69999999999999996        3.3333333333333333E-002  0.63531028429450542     
  0.69999999999999996        6.6666666666666666E-002  0.47812809459390998     
  0.69999999999999996       0.10000000000000001       0.34354837728873394     
  0.69999999999999996       0.13333333333333333       0.23489652905523564     
  0.69999999999999996       0.16666666666666666       0.15238546430889224     
  0.69999999999999996       0.20000000000000001        9.3553742705300341E-002
  0.69999999999999996       0.23333333333333334        5.4226045453288345E-002
  0.69999999999999996       0.26666666666666666        2.9609958226249986E-002
  0.69999999999999996       0.29999999999999999        1.5200324007498498E-002
  0.69999999999999996       0.33333333333333331        7.3211446284009267E-003
  0.69999999999999996       0.36666666666666664        3.3017487810506384E-003
  0.69999999999999996       0.40000000000000002        1.3914176691483906E-003
  0.69999999999999996       0.43333333333333335        5.4675343706293269E-004
  0.69999999999999996       0.46666666666666667        1.9987642025405192E-004
  0.69999999999999996       0.50000000000000000        6.7812036735695670E-005
  0.69999999999999996       0.53333333333333333        2.1294552848641144E-005
  0.69999999999999996       0.56666666666666665        6.1711492210416010E-006
  0.69999999999999996       0.59999999999999998        1.6450089158636860E-006
  0.69999999999999996       0.63333333333333330        4.0184585339038013E-007
  0.69999999999999996       0.66666666666666663        8.9577128725632820E-008
  0.69999999999999996       0.69999999999999996        1.8132498969380543E-008
  0.69999999999999996       0.73333333333333328        3.3141046070685782E-009
  0.69999999999999996       0.76666666666666661        5.4325335339836215E-010
  0.69999999999999996       0.80000000000000004        7.9226560452586882E-011
  0.69999999999999996       0.83333333333333337        1.0179279262910730E-011
  0.69999999999999996       0.86666666666666670        1.1383025526908932E-012
  0.69999999999999996       0.90000000000000002        1.0908520052084959E-013
  0.69999999999999996       0.93333333333333335        8.7791904503767226E-015
  0.69999999999999996       0.96666666666666667        6.0653323143984848E-016
  0.69999999999999996        1.0000000000000000        6.0653323143984848E-016

  0.73333333333333328        0.0000000000000000       0.74314482547739447     
  0.73333333333333328        3.3333333333333333E-002  0.58358174627815240     
  0.73333333333333328        6.6666666666666666E-002  0.43919772005203916     
  0.73333333333333328       0.10000000000000001       0.31557581689681269     
  0.73333333333333328       0.13333333333333333       0.21577067144907974     
  0.73333333333333328       0.16666666666666666       0.13997786210488314     
  0.73333333333333328       0.20000000000000001        8.5936365093544423E-002
  0.73333333333333328       0.23333333333333334        4.9810826428742204E-002
  0.73333333333333328       0.26666666666666666        2.7199042036737821E-002
  0.73333333333333328       0.29999999999999999        1.3962675951547498E-002
  0.73333333333333328       0.33333333333333331        6.7250388866939336E-003
  0.73333333333333328       0.36666666666666664        3.0329122116400107E-003
  0.73333333333333328       0.40000000000000002        1.2781249937825333E-003
  0.73333333333333328       0.43333333333333335        5.0223541704364578E-004
  0.73333333333333328       0.46666666666666667        1.8360198670672499E-004
  0.73333333333333328       0.50000000000000000        6.2290612626932651E-005
  0.73333333333333328       0.53333333333333333        1.9560697575393996E-005
  0.73333333333333328       0.56666666666666665        5.6686789557605522E-006
  0.73333333333333328       0.59999999999999998        1.5110682126433867E-006
  0.73333333333333328       0.63333333333333330        3.6912656799914578E-007
  0.73333333333333328       0.66666666666666663        8.2283536880468152E-008
  0.73333333333333328       0.69999999999999996        1.6656105960394908E-008
  0.73333333333333328       0.73333333333333328        3.0442619956786329E-009
  0.73333333333333328       0.76666666666666661        4.9902031886629146E-010
  0.73333333333333328       0.80000000000000004        7.2775737530953271E-011
  0.73333333333333328       0.83333333333333337        9.3504571151388246E-012
  0.73333333333333328       0.86666666666666670        1.0456191374737597E-012
  0.73333333333333328       0.90000000000000002        1.0020321311774866E-013
  0.73333333333333328       0.93333333333333335        8.0643670039572768E-015
  0.73333333333333328       0.96666666666666667        5.5714779239322757E-016
  0.73333333333333328        1.0000000000000000        5.5714779239322757E-016

  0.76666666666666661        0.0000000000000000       0.66913060635885835     
  0.76666666666666661        3.3333333333333333E-002  0.52545936452724440     
  0.76666666666666661        6.6666666666666666E-002  0.39545540338124663     
  0.76666666666666661       0.10000000000000001       0.28414574181648478     
  0.76666666666666661       0.13333333333333333       0.19428078521361186     
  0.76666666666666661       0.16666666666666666       0.12603663315140215     
  0.76666666666666661       0.20000000000000001        7.7377450682483126E-002
  0.76666666666666661       0.23333333333333334        4.4849869566257215E-002
  0.76666666666666661       0.26666666666666666        2.4490127450905692E-002
  0.76666666666666661       0.29999999999999999        1.2572049895993559E-002
  0.76666666666666661       0.33333333333333331        6.0552522116394617E-003
  0.76666666666666661       0.36666666666666664        2.7308464213609716E-003
  0.76666666666666661       0.40000000000000002        1.1508289135199446E-003
  0.76666666666666661       0.43333333333333335        4.5221480069571095E-004
  0.76666666666666661       0.46666666666666667        1.6531597137185342E-004
  0.76666666666666661       0.50000000000000000        5.6086719531080251E-005
  0.76666666666666661       0.53333333333333333        1.7612531206171705E-005
  0.76666666666666661       0.56666666666666665        5.1041014575928575E-006
  0.76666666666666661       0.59999999999999998        1.3605719298740136E-006
  0.76666666666666661       0.63333333333333330        3.3236305468421247E-007
  0.76666666666666661       0.66666666666666663        7.4088429386303976E-008
  0.76666666666666661       0.69999999999999996        1.4997225168992930E-008
  0.76666666666666661       0.73333333333333328        2.7410658128112545E-009
  0.76666666666666661       0.76666666666666661        4.4931991329400651E-010
  0.76666666666666661       0.80000000000000004        6.5527568399628438E-011
  0.76666666666666661       0.83333333333333337        8.4191894025045081E-012
  0.76666666666666661       0.86666666666666670        9.4147970017659253E-013
  0.76666666666666661       0.90000000000000002        9.0223378342859249E-014
  0.76666666666666661       0.93333333333333335        7.2611886650651854E-015
  0.76666666666666661       0.96666666666666667        5.0165812554247528E-016
  0.76666666666666661        1.0000000000000000        5.0165812554247528E-016

  0.80000000000000004        0.0000000000000000       0.58778525229247325     
  0.80000000000000004        3.3333333333333333E-002  0.46157994001913455     
  0.80000000000000004        6.6666666666666666E-002  0.34738039455664577     
  0.80000000000000004       0.10000000000000001       0.24960250652749627     
  0.80000000000000004       0.13333333333333333       0.17066231803947562     
  0.80000000000000004       0.16666666666666666       0.11071452047025326     
  0.80000000000000004       0.20000000000000001        6.7970772729472009E-002
  0.80000000000000004       0.23333333333333334        3.9397528147365718E-002
  0.80000000000000004       0.26666666666666666        2.1512893903832798E-002
  0.80000000000000004       0.29999999999999999        1.1043681830908536E-002
  0.80000000000000004       0.33333333333333331        5.3191229262112769E-003
  0.80000000000000004       0.36666666666666664        2.3988609062231495E-003
  0.80000000000000004       0.40000000000000002        1.0109241108543986E-003
  0.80000000000000004       0.43333333333333335        3.9723962435932311E-004
  0.80000000000000004       0.46666666666666667        1.4521871966004078E-004
  0.80000000000000004       0.50000000000000000        4.9268328599144724E-005
  0.80000000000000004       0.53333333333333333        1.5471398259395495E-005
  0.80000000000000004       0.56666666666666665        4.4836023557538779E-006
  0.80000000000000004       0.59999999999999998        1.1951689363229605E-006
  0.80000000000000004       0.63333333333333330        2.9195810219071833E-007
  0.80000000000000004       0.66666666666666663        6.5081593555782885E-008
  0.80000000000000004       0.69999999999999996        1.3174031640268343E-008
  0.80000000000000004       0.73333333333333328        2.4078379392938183E-009
  0.80000000000000004       0.76666666666666661        3.9469666472543572E-010
  0.80000000000000004       0.80000000000000004        5.7561465516392008E-011
  0.80000000000000004       0.83333333333333337        7.3956792889477089E-012
  0.80000000000000004       0.86666666666666670        8.2702521426699675E-013
  0.80000000000000004       0.90000000000000002        7.9255037354389778E-014
  0.80000000000000004       0.93333333333333335        6.3784552236572270E-015
  0.80000000000000004       0.96666666666666667        4.4067218728956797E-016
  0.80000000000000004        1.0000000000000000        4.4067218728956797E-016

  0.83333333333333337        0.0000000000000000       0.49999999999999994     
  0.83333333333333337        3.3333333333333333E-002  0.39264334909636284     
  0.83333333333333337        6.6666666666666666E-002  0.29549941343526126     
  0.83333333333333337       0.10000000000000001       0.21232457394431001     
  0.83333333333333337       0.13333333333333333       0.14517403879551286     
  0.83333333333333337       0.16666666666666666        9.4179396334329410E-002
  0.83333333333333337       0.20000000000000001        5.7819392766638139E-002
  0.83333333333333337       0.23333333333333334        3.3513539165628894E-002
  0.83333333333333337       0.26666666666666666        1.8299960589287043E-002
  0.83333333333333337       0.29999999999999999        9.3943168766450827E-003
  0.83333333333333337       0.33333333333333331        4.5247162169054916E-003
  0.83333333333333337       0.36666666666666664        2.0405929690028293E-003
  0.83333333333333337       0.40000000000000002        8.5994341208086146E-004
  0.83333333333333337       0.43333333333333335        3.3791220757071886E-004
  0.83333333333333337       0.46666666666666667        1.2353042126666197E-004
  0.83333333333333337       0.50000000000000000        4.1910143549016380E-005
  0.83333333333333337       0.53333333333333333        1.3160757435691122E-005
  0.83333333333333337       0.56666666666666665        3.8139799682511465E-006
  0.83333333333333337       0.59999999999999998        1.0166714218003738E-006
  0.83333333333333337       0.63333333333333330        2.4835439563346204E-007
  0.83333333333333337       0.66666666666666663        5.5361710167065632E-008
  0.83333333333333337       0.69999999999999996        1.1206500664049613E-008
  0.83333333333333337       0.73333333333333328        2.0482292894409963E-009
  0.83333333333333337       0.76666666666666661        3.3574903690254596E-010
  0.83333333333333337       0.80000000000000004        4.8964707171446935E-011
  0.83333333333333337       0.83333333333333337        6.2911405654558077E-012
  0.83333333333333337       0.86666666666666670        7.0350966704374017E-013
  0.83333333333333337       0.90000000000000002        6.7418361591482785E-014
  0.83333333333333337       0.93333333333333335        5.4258380920413087E-015
  0.83333333333333337       0.96666666666666667        3.7485815233613261E-016
  0.83333333333333337        1.0000000000000000        3.7485815233613261E-016

  0.86666666666666670        0.0000000000000000       0.40673664307580004     
  0.86666666666666670        3.3333333333333333E-002  0.31940487547498825     
  0.86666666666666670        6.6666666666666666E-002  0.24038087890305232     
  0.86666666666666670       0.10000000000000001       0.17272036889721634     
  0.86666666666666670       0.13333333333333333       0.11809520240288576     
  0.86666666666666670       0.16666666666666666        7.6612423023860926E-002
  0.86666666666666670       0.20000000000000001        4.7034531437167196E-002
  0.86666666666666670       0.23333333333333334        2.7262368835634498E-002
  0.86666666666666670       0.26666666666666666        1.4886529077012108E-002
  0.86666666666666670       0.29999999999999999        7.6420258207939139E-003
  0.86666666666666670       0.33333333333333331        3.6807357698695480E-003
  0.86666666666666670       0.36666666666666664        1.6599678681925823E-003
  0.86666666666666670       0.40000000000000002        6.9954099332983821E-004
  0.86666666666666670       0.43333333333333335        2.7488255392329439E-004
  0.86666666666666670       0.46666666666666667        1.0048869772748305E-004
  0.86666666666666670       0.50000000000000000        3.4092782195903661E-005
  0.86666666666666670       0.53333333333333333        1.0705924599455767E-005
  0.86666666666666670       0.56666666666666665        3.1025708180896372E-006
  0.86666666666666670       0.59999999999999998        8.2703504242837001E-007
  0.86666666666666670       0.63333333333333330        2.0202966634614708E-007
  0.86666666666666670       0.66666666666666663        4.5035272296575345E-008
  0.86666666666666670       0.69999999999999996        9.1161889214445327E-009
  0.86666666666666670       0.73333333333333328        1.6661798108735250E-009
  0.86666666666666670       0.76666666666666661        2.7312287237134902E-010
  0.86666666666666670       0.80000000000000004        3.9831481248207765E-011
  0.86666666666666670       0.83333333333333337        5.1176747894229743E-012
  0.86666666666666670       0.86666666666666670        5.7228632068948951E-013
  0.86666666666666670       0.90000000000000002        5.4843036150780342E-014
  0.86666666666666670       0.93333333333333335        4.4137743428593738E-015
  0.86666666666666670       0.96666666666666667        3.0493709302159090E-016
  0.86666666666666670        1.0000000000000000        3.0493709302159090E-016

  0.90000000000000002        0.0000000000000000       0.30901699437494751     
  0.90000000000000002        3.3333333333333333E-002  0.24266693519814256     
  0.90000000000000002        6.6666666666666666E-002  0.18262868115864875     
  0.90000000000000002       0.10000000000000001       0.13122380334442391     
  0.90000000000000002       0.13333333333333333        8.9722490259722801E-002
  0.90000000000000002       0.16666666666666666        5.8206067974562820E-002
  0.90000000000000002       0.20000000000000001        3.5734349938662195E-002
  0.90000000000000002       0.23333333333333334        2.0712506287659443E-002
  0.90000000000000002       0.26666666666666666        1.1309997636962945E-002
  0.90000000000000002       0.29999999999999999        5.8060071308534151E-003
  0.90000000000000002       0.33333333333333331        2.7964284114954351E-003
  0.90000000000000002       0.36666666666666664        1.2611558120478091E-003
  0.90000000000000002       0.40000000000000002        5.3147425706752925E-004
  0.90000000000000002       0.43333333333333335        2.0884122949221381E-004
  0.90000000000000002       0.46666666666666667        7.6345998987389937E-005
  0.90000000000000002       0.50000000000000000        2.5901893186679269E-005
  0.90000000000000002       0.53333333333333333        8.1337954129500218E-006
  0.90000000000000002       0.56666666666666665        2.3571692527904536E-006
  0.90000000000000002       0.59999999999999998        6.2833749406331205E-007
  0.90000000000000002       0.63333333333333330        1.5349145775691804E-007
  0.90000000000000002       0.66666666666666663        3.4215418558567182E-008
  0.90000000000000002       0.69999999999999996        6.9259983053309290E-009
  0.90000000000000002       0.73333333333333328        1.2658753176275819E-009
  0.90000000000000002       0.76666666666666661        2.0750431649581619E-010
  0.90000000000000002       0.80000000000000004        3.0261853281139928E-011
  0.90000000000000002       0.83333333333333337        3.8881386974549217E-012
  0.90000000000000002       0.86666666666666670        4.3479288564715315E-013
  0.90000000000000002       0.90000000000000002        4.1666838929366804E-014
  0.90000000000000002       0.93333333333333335        3.3533523583354099E-015
  0.90000000000000002       0.96666666666666667        2.3167507910371571E-016
  0.90000000000000002        1.0000000000000000        2.3167507910371571E-016

  0.93333333333333335        0.0000000000000000       0.20791169081775931     
  0.93333333333333335        3.3333333333333333E-002  0.16327028519794509     
  0.93333333333333335        6.6666666666666666E-002  0.12287556536596256     
  0.93333333333333335       0.10000000000000001        8.8289522341843729E-002
  0.93333333333333335       0.13333333333333333        6.0366759737636139E-002
  0.93333333333333335       0.16666666666666666        3.9161995064132621E-002
  0.93333333333333335       0.20000000000000001        2.4042655424335719E-002
  0.93333333333333335       0.23333333333333334        1.3935713186426205E-002
  0.93333333333333335       0.26666666666666666        7.6095514960340567E-003
  0.93333333333333335       0.29999999999999999        3.9063766118021823E-003
  0.93333333333333335       0.33333333333333331        1.8814827982547124E-003
  0.93333333333333335       0.36666666666666664        8.4852626891241962E-004
  0.93333333333333335       0.40000000000000002        3.5758457762665016E-004
  0.93333333333333335       0.43333333333333335        1.4051179684797965E-004
  0.93333333333333335       0.46666666666666667        5.1366837505963569E-005
  0.93333333333333335       0.50000000000000000        1.7427217615382011E-005
  0.93333333333333335       0.53333333333333333        5.4725506617938786E-006
  0.93333333333333335       0.56666666666666665        1.5859420478883200E-006
  0.93333333333333335       0.59999999999999998        4.2275574862522232E-007
  0.93333333333333335       0.63333333333333330        1.0327156463635168E-007
  0.93333333333333335       0.66666666666666663        2.3020693534794709E-008
  0.93333333333333335       0.69999999999999996        4.6599250024257966E-009
  0.93333333333333335       0.73333333333333328        8.5170162950027081E-010
  0.93333333333333335       0.76666666666666661        1.3961229990568523E-010
  0.93333333333333335       0.80000000000000004        2.0360670116823998E-011
  0.93333333333333335       0.83333333333333337        2.6160033442722239E-012
  0.93333333333333335       0.86666666666666670        2.9253576876340575E-013
  0.93333333333333335       0.90000000000000002        2.8034131101296536E-014
  0.93333333333333335       0.93333333333333335        2.2561903436394280E-015
  0.93333333333333335       0.96666666666666667        1.5587478453805295E-016
  0.93333333333333335        1.0000000000000000        1.5587478453805295E-016

  0.96666666666666667        0.0000000000000000       0.10452846326765373     
  0.96666666666666667        3.3333333333333333E-002   8.2084811786615280E-002
  0.96666666666666667        6.6666666666666666E-002   6.1776199165761721E-002
  0.96666666666666667       0.10000000000000001        4.4387922856715965E-002
  0.96666666666666667       0.13333333333333333        3.0349638363307334E-002
  0.96666666666666667       0.16666666666666666        1.9688855140605459E-002
  0.96666666666666667       0.20000000000000001        1.2087544545931129E-002
  0.96666666666666667       0.23333333333333334        7.0062374952870113E-003
  0.96666666666666667       0.26666666666666666        3.8257335165135932E-003
  0.96666666666666667       0.29999999999999999        1.9639470131301855E-003
  0.96666666666666667       0.33333333333333331        9.4592326575072328E-004
  0.96666666666666667       0.36666666666666664        4.2660009440928840E-004
  0.96666666666666667       0.40000000000000002        1.7977712672390982E-004
  0.96666666666666667       0.43333333333333335        7.0642887553495155E-005
  0.96666666666666667       0.46666666666666667        2.5824890203620070E-005
  0.96666666666666667       0.50000000000000000        8.7616058010108872E-006
  0.96666666666666667       0.53333333333333333        2.7513475003822733E-006
  0.96666666666666667       0.56666666666666665        7.9733893002981233E-007
  0.96666666666666667       0.59999999999999998        2.1254220273786683E-007
  0.96666666666666667       0.63333333333333330        5.1920206642665236E-008
  0.96666666666666667       0.66666666666666663        1.1573748975265196E-008
  0.96666666666666667       0.69999999999999996        2.3427965860420890E-009
  0.96666666666666667       0.73333333333333328        4.2819652009013036E-010
  0.96666666666666667       0.76666666666666661        7.0190661742035622E-011
  0.96666666666666667       0.80000000000000004        1.0236411189963998E-011
  0.96666666666666667       0.83333333333333337        1.3152065110157841E-012
  0.96666666666666667       0.86666666666666670        1.4707356878004143E-013
  0.96666666666666667       0.90000000000000002        1.4094275466361371E-014
  0.96666666666666667       0.93333333333333335        1.1343090354003495E-015
  0.96666666666666667       0.96666666666666667        7.8366693214095709E-017
  0.96666666666666667        1.0000000000000000        7.8366693214095709E-017

   1.0000000000000000        0.0000000000000000        1.2246467991473532E-016
   1.0000000000000000        3.3333333333333333E-002   0.0000000000000000     
   1.0000000000000000        6.6666666666666666E-002   0.0000000000000000     
   1.0000000000000000       0.10000000000000001        0.0000000000000000     
   1.0000000000000000       0.13333333333333333        0.0000000000000000     
   1.0000000000000000       0.16666666666666666        0.0000000000000000     
   1.0000000000000000       0.20000000000000001        0.0000000000000000     
   1.0000000000000000       0.23333333333333334        0.0000000000000000     
   1.0000000000000000       0.26666666666666666        0.0000000000000000     
   1.0000000000000000       0.29999999999999999        0.0000000000000000     
   1.0000000000000000       0.33333333333333331        0.0000000000000000     
   1.0000000000000000       0.36666666666666664        0.0000000000000000     
   1.0000000000000000       0.40000000000000002        0.0000000000000000     
   1.0000000000000000       0.43333333333333335        0.0000000000000000     
   1.0000000000000000       0.46666666666666667        0.0000000000000000     
   1.0000000000000000       0.50000000000000000        0.0000000000000000     
   1.0000000000000000       0.53333333333333333        0.0000000000000000     
   1.0000000000000000       0.56666666666666665        0.0000000000000000     
   1.0000000000000000       0.59999999999999998        0.0000000000000000     
   1.0000000000000000       0.63333333333333330        0.0000000000000000     
   1.0000000000000000       0.66666666666666663        0.0000000000000000     
   1.0000000000000000       0.69999999999999996        0.0000000000000000     
   1.0000000000000000       0.73333333333333328        0.0000000000000000     
   1.0000000000000000       0.76666666666666661        0.0000000000000000     
   1.0000000000000000       0.80000000000000004        0.0000000000000000     
   1.0000000000000000       0.83333333333333337        0.0000000000000000     
   1.0000000000000000       0.86666666666666670        0.0000000000000000     
   1.0000000000000000       0.90000000000000002        0.0000000000000000     
   1.0000000000000000       0.93333333333333335        0.0000000000000000     
   1.0000000000000000       0.96666666666666667        0.0000000000000000     
   1.0000000000000000        1.0000000000000000        0.0000000000000000     

