   0.0000000000000000        0.0000000000000000        0.0000000000000000     
   0.0000000000000000        3.3333333333333333E-002   0.0000000000000000     
   0.0000000000000000        6.6666666666666666E-002   0.0000000000000000     
   0.0000000000000000       0.10000000000000001        0.0000000000000000     
   0.0000000000000000       0.13333333333333333        0.0000000000000000     
   0.0000000000000000       0.16666666666666666        0.0000000000000000     
   0.0000000000000000       0.20000000000000001        0.0000000000000000     
   0.0000000000000000       0.23333333333333334        0.0000000000000000     
   0.0000000000000000       0.26666666666666666        0.0000000000000000     
   0.0000000000000000       0.29999999999999999        0.0000000000000000     
   0.0000000000000000       0.33333333333333331        0.0000000000000000     
   0.0000000000000000       0.36666666666666664        0.0000000000000000     
   0.0000000000000000       0.40000000000000002        0.0000000000000000     
   0.0000000000000000       0.43333333333333335        0.0000000000000000     
   0.0000000000000000       0.46666666666666667        0.0000000000000000     
   0.0000000000000000       0.50000000000000000        0.0000000000000000     
   0.0000000000000000       0.53333333333333333        0.0000000000000000     
   0.0000000000000000       0.56666666666666665        0.0000000000000000     
   0.0000000000000000       0.59999999999999998        0.0000000000000000     
   0.0000000000000000       0.63333333333333330        0.0000000000000000     
   0.0000000000000000       0.66666666666666663        0.0000000000000000     
   0.0000000000000000       0.69999999999999996        0.0000000000000000     
   0.0000000000000000       0.73333333333333328        0.0000000000000000     
   0.0000000000000000       0.76666666666666661        0.0000000000000000     
   0.0000000000000000       0.80000000000000004        0.0000000000000000     
   0.0000000000000000       0.83333333333333337        0.0000000000000000     
   0.0000000000000000       0.86666666666666670        0.0000000000000000     
   0.0000000000000000       0.90000000000000002        0.0000000000000000     
   0.0000000000000000       0.93333333333333335        0.0000000000000000     
   0.0000000000000000       0.96666666666666667        0.0000000000000000     
   0.0000000000000000        1.0000000000000000        0.0000000000000000     

   3.3333333333333333E-002   0.0000000000000000       0.10452846326765346     
   3.3333333333333333E-002   3.3333333333333333E-002   8.4586829761684690E-002
   3.3333333333333333E-002   6.6666666666666666E-002   6.6368505900562133E-002
   3.3333333333333333E-002  0.10000000000000001        5.0357875970566957E-002
   3.3333333333333333E-002  0.13333333333333333        3.6864332929390890E-002
   3.3333333333333333E-002  0.16666666666666666        2.5982771797298528E-002
   3.3333333333333333E-002  0.20000000000000001        1.7600045289079450E-002
   3.3333333333333333E-002  0.23333333333333334        1.1438945173130950E-002
   3.3333333333333333E-002  0.26666666666666666        7.1230514332125214E-003
   3.3333333333333333E-002  0.29999999999999999        4.2439726608627451E-003
   3.3333333333333333E-002  0.33333333333333331        2.4163795471804864E-003
   3.3333333333333333E-002  0.36666666666666664        1.3132064007222379E-003
   3.3333333333333333E-002  0.40000000000000002        6.8043170454306343E-004
   3.3333333333333333E-002  0.43333333333333335        3.3576734614354238E-004
   3.3333333333333333E-002  0.46666666666666667        1.5762153060096856E-004
   3.3333333333333333E-002  0.50000000000000000        7.0312315869406911E-005
   3.3333333333333333E-002  0.53333333333333333        2.9770742225803748E-005
   3.3333333333333333E-002  0.56666666666666665        1.1950207289571951E-005
   3.3333333333333333E-002  0.59999999999999998        4.5420190931051850E-006
   3.3333333333333333E-002  0.63333333333333330        1.6324468940231891E-006
   3.3333333333333333E-002  0.66666666666666663        5.5403406704459811E-007
   3.3333333333333333E-002  0.69999999999999996        1.7729092418715641E-007
   3.3333333333333333E-002  0.73333333333333328        5.3404903245363329E-008
   3.3333333333333333E-002  0.76666666666666661        1.5116457220626441E-008
   3.3333333333333333E-002  0.80000000000000004        4.0128255237328771E-009
   3.3333333333333333E-002  0.83333333333333337        9.9690684267291194E-010
   3.3333333333333333E-002  0.86666666666666670        2.3122700722595449E-010
   3.3333333333333333E-002  0.90000000000000002        4.9947972597564611E-011
   3.3333333333333333E-002  0.93333333333333335        1.0064516181806174E-011
   3.3333333333333333E-002  0.96666666666666667        2.1762799458647929E-012
   3.3333333333333333E-002   1.0000000000000000        2.1762799458647929E-012

   6.6666666666666666E-002   0.0000000000000000       0.20791169081775931     
   6.6666666666666666E-002   3.3333333333333333E-002  0.16824690851556831     
   6.6666666666666666E-002   6.6666666666666666E-002  0.13200986456197494     
   6.6666666666666666E-002  0.10000000000000001       0.10016402051393737     
   6.6666666666666666E-002  0.13333333333333333        7.3324772512849745E-002
   6.6666666666666666E-002  0.16666666666666666        5.1680870909541300E-002
   6.6666666666666666E-002  0.20000000000000001        3.5007260798925494E-002
   6.6666666666666666E-002  0.23333333333333334        2.2752562869191903E-002
   6.6666666666666666E-002  0.26666666666666666        1.4168061224328425E-002
   6.6666666666666666E-002  0.29999999999999999        8.4414474691447035E-003
   6.6666666666666666E-002  0.33333333333333331        4.8062847343821350E-003
   6.6666666666666666E-002  0.36666666666666664        2.6120250373120567E-003
   6.6666666666666666E-002  0.40000000000000002        1.3534084569416650E-003
   6.6666666666666666E-002  0.43333333333333335        6.6785595497890170E-004
   6.6666666666666666E-002  0.46666666666666667        3.1351612672824710E-004
   6.6666666666666666E-002  0.50000000000000000        1.3985427529235057E-004
   6.6666666666666666E-002  0.53333333333333333        5.9215309969853267E-005
   6.6666666666666666E-002  0.56666666666666665        2.3769485607337706E-005
   6.6666666666666666E-002  0.59999999999999998        9.0342748745477095E-006
   6.6666666666666666E-002  0.63333333333333330        3.2470083582639855E-006
   6.6666666666666666E-002  0.66666666666666663        1.1019980209115735E-006
   6.6666666666666666E-002  0.69999999999999996        3.5263941190840731E-007
   6.6666666666666666E-002  0.73333333333333328        1.0622469119507599E-007
   6.6666666666666666E-002  0.76666666666666661        3.0067295372621651E-008
   6.6666666666666666E-002  0.80000000000000004        7.9816856912900088E-009
   6.6666666666666666E-002  0.83333333333333337        1.9828913653613308E-009
   6.6666666666666666E-002  0.86666666666666670        4.5992064297337946E-010
   6.6666666666666666E-002  0.90000000000000002        9.9348704755065068E-011
   6.6666666666666666E-002  0.93333333333333335        2.0018763418189064E-011
   6.6666666666666666E-002  0.96666666666666667        4.3287161132268344E-012
   6.6666666666666666E-002   1.0000000000000000        4.3287161132268344E-012

  0.10000000000000001        0.0000000000000000       0.30901699437494740     
  0.10000000000000001        3.3333333333333333E-002  0.25006363893182626     
  0.10000000000000001        6.6666666666666666E-002  0.19620489552240672     
  0.10000000000000001       0.10000000000000001       0.14887274708788825     
  0.10000000000000001       0.13333333333333333       0.10898185054446274     
  0.10000000000000001       0.16666666666666666        7.6812743585181614E-002
  0.10000000000000001       0.20000000000000001        5.2030929433718218E-002
  0.10000000000000001       0.23333333333333334        3.3816898725178117E-002
  0.10000000000000001       0.26666666666666666        2.1057842771813166E-002
  0.10000000000000001       0.29999999999999999        1.2546436012468264E-002
  0.10000000000000001       0.33333333333333331        7.1435312602541523E-003
  0.10000000000000001       0.36666666666666664        3.8822257809917045E-003
  0.10000000000000001       0.40000000000000002        2.0115569830670864E-003
  0.10000000000000001       0.43333333333333335        9.9262739421366870E-004
  0.10000000000000001       0.46666666666666667        4.6597577456362362E-004
  0.10000000000000001       0.50000000000000000        2.0786396200880261E-004
  0.10000000000000001       0.53333333333333333        8.8011102386272822E-005
  0.10000000000000001       0.56666666666666665        3.5328340466704828E-005
  0.10000000000000001       0.59999999999999998        1.3427549249921131E-005
  0.10000000000000001       0.63333333333333330        4.8259949194514592E-006
  0.10000000000000001       0.66666666666666663        1.6378882538535300E-006
  0.10000000000000001       0.69999999999999996        5.2412430843824867E-007
  0.10000000000000001       0.73333333333333328        1.5788065919910967E-007
  0.10000000000000001       0.76666666666666661        4.4688709944528359E-008
  0.10000000000000001       0.80000000000000004        1.1863096840138254E-008
  0.10000000000000001       0.83333333333333337        2.9471509153041561E-009
  0.10000000000000001       0.86666666666666670        6.8357529191180603E-010
  0.10000000000000001       0.90000000000000002        1.4766095171321598E-010
  0.10000000000000001       0.93333333333333335        2.9753680893366712E-011
  0.10000000000000001       0.96666666666666667        6.4337259610102800E-012
  0.10000000000000001        1.0000000000000000        6.4337259610102800E-012

  0.13333333333333333        0.0000000000000000       0.40673664307580015     
  0.13333333333333333        3.3333333333333333E-002  0.32914061979076648     
  0.13333333333333333        6.6666666666666666E-002  0.25825026458898093     
  0.13333333333333333       0.10000000000000001       0.19595039269111905     
  0.13333333333333333       0.13333333333333333       0.14344490061559220     
  0.13333333333333333       0.16666666666666666       0.10110303976800271     
  0.13333333333333333       0.20000000000000001        6.8484536317463152E-002
  0.13333333333333333       0.23333333333333334        4.4510729562090276E-002
  0.13333333333333333       0.26666666666666666        2.7716910187253026E-002
  0.13333333333333333       0.29999999999999999        1.6513963177328696E-002
  0.13333333333333333       0.33333333333333331        9.4025117627588028E-003
  0.13333333333333333       0.36666666666666664        5.1098920466068343E-003
  0.13333333333333333       0.40000000000000002        2.6476664699406631E-003
  0.13333333333333333       0.43333333333333335        1.3065233999967946E-003
  0.13333333333333333       0.46666666666666667        6.1333009430118138E-004
  0.13333333333333333       0.50000000000000000        2.7359624765915569E-004
  0.13333333333333333       0.53333333333333333        1.1584262674744114E-004
  0.13333333333333333       0.56666666666666665        4.6500130634988204E-005
  0.13333333333333333       0.59999999999999998        1.7673708585817089E-005
  0.13333333333333333       0.63333333333333330        6.3521068703970614E-006
  0.13333333333333333       0.66666666666666663        2.1558334403361153E-006
  0.13333333333333333       0.69999999999999996        6.8986678936477757E-007
  0.13333333333333333       0.73333333333333328        2.0780685366230597E-007
  0.13333333333333333       0.76666666666666661        5.8820505658569055E-008
  0.13333333333333333       0.80000000000000004        1.5614533417493336E-008
  0.13333333333333333       0.83333333333333337        3.8791208630879304E-009
  0.13333333333333333       0.86666666666666670        8.9974054690472055E-010
  0.13333333333333333       0.90000000000000002        1.9435539438435625E-010
  0.13333333333333333       0.93333333333333335        3.9162610814318624E-011
  0.13333333333333333       0.96666666666666667        8.4682465608211849E-012
  0.13333333333333333        1.0000000000000000        8.4682465608211849E-012

  0.16666666666666666        0.0000000000000000       0.49999999999999994     
  0.16666666666666666        3.3333333333333333E-002  0.40461146714217633     
  0.16666666666666666        6.6666666666666666E-002  0.31746618971437612     
  0.16666666666666666       0.10000000000000001       0.24088116478677010     
  0.16666666666666666       0.13333333333333333       0.17633633833780196     
  0.16666666666666666       0.16666666666666666       0.12428562988995433     
  0.16666666666666666       0.20000000000000001        8.4187812290003411E-002
  0.16666666666666666       0.23333333333333334        5.4716891531451185E-002
  0.16666666666666666       0.26666666666666666        3.4072305334545000E-002
  0.16666666666666666       0.29999999999999999        2.0300559905849353E-002
  0.16666666666666666       0.33333333333333331        1.1558476378788589E-002
  0.16666666666666666       0.36666666666666664        6.2815732656456838E-003
  0.16666666666666666       0.40000000000000002        3.2547675689097418E-003
  0.16666666666666666       0.43333333333333335        1.6061048620019567E-003
  0.16666666666666666       0.46666666666666667        7.5396464117800173E-004
  0.16666666666666666       0.50000000000000000        3.3633095556645954E-004
  0.16666666666666666       0.53333333333333333        1.4240495504833637E-004
  0.16666666666666666       0.56666666666666665        5.7162455641256732E-005
  0.16666666666666666       0.59999999999999998        2.1726231071985546E-005
  0.16666666666666666       0.63333333333333330        7.8086238092067730E-006
  0.16666666666666666       0.66666666666666663        2.6501588645092272E-006
  0.16666666666666666       0.69999999999999996        8.4805094538311947E-007
  0.16666666666666666       0.73333333333333328        2.5545627275039826E-007
  0.16666666666666666       0.76666666666666661        7.2307851603632316E-008
  0.16666666666666666       0.80000000000000004        1.9194893899175174E-008
  0.16666666666666666       0.83333333333333337        4.7685903509374873E-009
  0.16666666666666666       0.86666666666666670        1.1060480561829330E-009
  0.16666666666666666       0.90000000000000002        2.3892043868314049E-010
  0.16666666666666666       0.93333333333333335        4.8142466975885679E-011
  0.16666666666666666       0.96666666666666667        1.0409987279217215E-011
  0.16666666666666666        1.0000000000000000        1.0409987279217215E-011

  0.20000000000000001        0.0000000000000000       0.58778525229247314     
  0.20000000000000001        3.3333333333333333E-002  0.47564930658918364     
  0.20000000000000001        6.6666666666666666E-002  0.37320388883118938     
  0.20000000000000001       0.10000000000000001       0.28317279243339294     
  0.20000000000000001       0.13333333333333333       0.20729579823643166     
  0.20000000000000001       0.16666666666666666       0.14610652064239149     
  0.20000000000000001       0.20000000000000001        9.8968708973662028E-002
  0.20000000000000001       0.23333333333333334        6.4323563786947840E-002
  0.20000000000000001       0.26666666666666666        4.0054397174503424E-002
  0.20000000000000001       0.29999999999999999        2.3864739451876251E-002
  0.20000000000000001       0.33333333333333331        1.3587803908845685E-002
  0.20000000000000001       0.36666666666666664        7.3844322534824050E-003
  0.20000000000000001       0.40000000000000002        3.8262087532899441E-003
  0.20000000000000001       0.43333333333333335        1.8880895030399757E-003
  0.20000000000000001       0.46666666666666667        8.8633859366883151E-004
  0.20000000000000001       0.50000000000000000        3.9538075114279990E-004
  0.20000000000000001       0.53333333333333333        1.6740706486156938E-004
  0.20000000000000001       0.56666666666666665        6.7198496821506775E-005
  0.20000000000000001       0.59999999999999998        2.5540716424023180E-005
  0.20000000000000001       0.63333333333333330        9.1795878315032322E-006
  0.20000000000000001       0.66666666666666663        3.1154485935813808E-006
  0.20000000000000001       0.69999999999999996        9.9694367777777453E-007
  0.20000000000000001       0.73333333333333328        3.0030685945657528E-007
  0.20000000000000001       0.76666666666666661        8.5002977595135466E-008
  0.20000000000000001       0.80000000000000004        2.2564951106507866E-008
  0.20000000000000001       0.83333333333333337        5.6058141650104878E-009
  0.20000000000000001       0.86666666666666670        1.3002374715021697E-009
  0.20000000000000001       0.90000000000000002        2.8086782065839616E-010
  0.20000000000000001       0.93333333333333335        5.6594864194806048E-011
  0.20000000000000001       0.96666666666666667        1.2237673998552254E-011
  0.20000000000000001        1.0000000000000000        1.2237673998552254E-011

  0.23333333333333334        0.0000000000000000       0.66913060635885824     
  0.23333333333333334        3.3333333333333333E-002  0.54147583269718336     
  0.23333333333333334        6.6666666666666666E-002  0.42485268804403364     
  0.23333333333333334       0.10000000000000001       0.32236191970839906     
  0.23333333333333334       0.13333333333333333       0.23598408199014839     
  0.23333333333333334       0.16666666666666666       0.16632663777991552     
  0.23333333333333334       0.20000000000000001       0.11266528377127141     
  0.23333333333333334       0.23333333333333334        7.3225493617023615E-002
  0.23333333333333334       0.26666666666666666        4.5597644657096509E-002
  0.23333333333333334       0.29999999999999999        2.7167451918450606E-002
  0.23333333333333334       0.33333333333333331        1.5468260615846696E-002
  0.23333333333333334       0.36666666666666664        8.4063858562581795E-003
  0.23333333333333334       0.40000000000000002        4.3557291938834449E-003
  0.23333333333333334       0.43333333333333335        2.1493878403745594E-003
  0.23333333333333334       0.46666666666666667        1.0090016350491505E-003
  0.23333333333333334       0.50000000000000000        4.5009867247087842E-004
  0.23333333333333334       0.53333333333333333        1.9057502783999852E-004
  0.23333333333333334       0.56666666666666665        7.6498297208390885E-005
  0.23333333333333334       0.59999999999999998        2.9075372342180704E-005
  0.23333333333333334       0.63333333333333330        1.0449978368565490E-005
  0.23333333333333334       0.66666666666666663        3.5466048159127257E-006
  0.23333333333333334       0.69999999999999996        1.1349136866148195E-006
  0.23333333333333334       0.73333333333333328        3.4186722136729568E-007
  0.23333333333333334       0.76666666666666661        9.6766793176089652E-008
  0.23333333333333334       0.80000000000000004        2.5687781987498063E-008
  0.23333333333333334       0.83333333333333337        6.3816195059996022E-009
  0.23333333333333334       0.86666666666666670        1.4801812129914451E-009
  0.23333333333333334       0.90000000000000002        3.1973795601514843E-010
  0.23333333333333334       0.93333333333333335        6.4427196238371391E-011
  0.23333333333333334       0.96666666666666667        1.3931282200661232E-011
  0.23333333333333334        1.0000000000000000        1.3931282200661232E-011

  0.26666666666666666        0.0000000000000000       0.74314482547739413     
  0.26666666666666666        3.3333333333333333E-002  0.60136983627105012     
  0.26666666666666666        6.6666666666666666E-002  0.47184671230052661     
  0.26666666666666666       0.10000000000000001       0.35801918233251145     
  0.26666666666666666       0.13333333333333333       0.26208687475873710     
  0.26666666666666666       0.16666666666666666       0.18472444546783623     
  0.26666666666666666       0.20000000000000001       0.12512747414315639     
  0.26666666666666666       0.23333333333333334        8.1325149615611603E-002
  0.26666666666666666       0.26666666666666666        5.0641314802905867E-002
  0.26666666666666666       0.29999999999999999        3.0172512096651609E-002
  0.26666666666666666       0.33333333333333331        1.7179243822598861E-002
  0.26666666666666666       0.36666666666666664        9.3362373364434537E-003
  0.26666666666666666       0.40000000000000002        4.8375273539338270E-003
  0.26666666666666666       0.43333333333333335        2.3871370347416771E-003
  0.26666666666666666       0.46666666666666667        1.1206098433687046E-003
  0.26666666666666666       0.50000000000000000        4.9988521855416353E-004
  0.26666666666666666       0.53333333333333333        2.1165501093302420E-004
  0.26666666666666666       0.56666666666666665        8.4959966242762028E-005
  0.26666666666666666       0.59999999999999998        3.2291472396544469E-005
  0.26666666666666666       0.63333333333333330        1.1605876755823184E-005
  0.26666666666666666       0.66666666666666663        3.9389036937061589E-006
  0.26666666666666666       0.69999999999999996        1.2604493436053552E-006
  0.26666666666666666       0.73333333333333328        3.7968201446040060E-007
  0.26666666666666666       0.76666666666666661        1.0747041152125331E-007
  0.26666666666666666       0.80000000000000004        2.8529172153519268E-008
  0.26666666666666666       0.83333333333333337        7.0875064882412498E-009
  0.26666666666666666       0.86666666666666670        1.6439077793633538E-009
  0.26666666666666666       0.90000000000000002        3.5510497541632980E-010
  0.26666666666666666       0.93333333333333335        7.1553650437691572E-011
  0.26666666666666666       0.96666666666666667        1.5472256359671542E-011
  0.26666666666666666        1.0000000000000000        1.5472256359671542E-011

  0.29999999999999999        0.0000000000000000       0.80901699437494745     
  0.29999999999999999        3.3333333333333333E-002  0.65467510607400248     
  0.29999999999999999        6.6666666666666666E-002  0.51367108523678273     
  0.29999999999999999       0.10000000000000001       0.38975391187465830     
  0.29999999999999999       0.13333333333333333       0.28531818888226468     
  0.29999999999999999       0.16666666666666666       0.20109837347513590     
  0.29999999999999999       0.20000000000000001       0.13621874172372161     
  0.29999999999999999       0.23333333333333334        8.8533790256629316E-002
  0.29999999999999999       0.26666666666666666        5.5130148106358176E-002
  0.29999999999999999       0.29999999999999999        3.2846995918317620E-002
  0.29999999999999999       0.33333333333333331        1.8702007639042742E-002
  0.29999999999999999       0.36666666666666664        1.0163799046637388E-002
  0.29999999999999999       0.40000000000000002        5.2663245519768281E-003
  0.29999999999999999       0.43333333333333335        2.5987322562156258E-003
  0.29999999999999999       0.46666666666666667        1.2199404157416255E-003
  0.29999999999999999       0.50000000000000000        5.4419491757526210E-004
  0.29999999999999999       0.53333333333333333        2.3041605743460920E-004
  0.29999999999999999       0.56666666666666665        9.2490796107961540E-005
  0.29999999999999999       0.59999999999999998        3.5153780321906666E-005
  0.29999999999999999       0.63333333333333330        1.2634618728658231E-005
  0.29999999999999999       0.66666666666666663        4.2880471183627574E-006
  0.29999999999999999       0.69999999999999996        1.3721752538213679E-006
  0.29999999999999999       0.73333333333333328        4.1333693194950790E-007
  0.29999999999999999       0.76666666666666661        1.1699656154816069E-007
  0.29999999999999999       0.80000000000000004        3.1057990739313427E-008
  0.29999999999999999       0.83333333333333337        7.7157412662416438E-009
  0.29999999999999999       0.86666666666666670        1.7896233480947391E-009
  0.29999999999999999       0.90000000000000002        3.8658139039635653E-010
  0.29999999999999999       0.93333333333333335        7.7896147869252391E-011
  0.29999999999999999       0.96666666666666667        1.6843713240227494E-011
  0.29999999999999999        1.0000000000000000        1.6843713240227494E-011

  0.33333333333333331        0.0000000000000000       0.86602540378443860     
  0.33333333333333331        3.3333333333333333E-002  0.70080761841523465     
  0.33333333333333331        6.6666666666666666E-002  0.54986757027059940     
  0.33333333333333331       0.10000000000000001       0.41721841599705695     
  0.33333333333333331       0.13333333333333333       0.30542349722172862     
  0.33333333333333331       0.16666666666666666       0.21526902562010197     
  0.33333333333333331       0.20000000000000001       0.14581756826435743     
  0.33333333333333331       0.23333333333333334        9.4772436164708693E-002
  0.33333333333333331       0.26666666666666666        5.9014963970432037E-002
  0.33333333333333331       0.29999999999999999        3.5161601179026745E-002
  0.33333333333333331       0.33333333333333331        2.0019868346146569E-002
  0.33333333333333331       0.36666666666666664        1.0880004047564677E-002
  0.33333333333333331       0.40000000000000002        5.6374227961791109E-003
  0.33333333333333331       0.43333333333333335        2.7818552232707896E-003
  0.33333333333333331       0.46666666666666667        1.3059050656307367E-003
  0.33333333333333331       0.50000000000000000        5.8254230319929837E-004
  0.33333333333333331       0.53333333333333333        2.4665261739328069E-004
  0.33333333333333331       0.56666666666666665        9.9008277456058831E-005
  0.33333333333333331       0.59999999999999998        3.7630936073660592E-005
  0.33333333333333331       0.63333333333333330        1.3524933174738152E-005
  0.33333333333333331       0.66666666666666663        4.5902098014590266E-006
  0.33333333333333331       0.69999999999999996        1.4688673248103819E-006
  0.33333333333333331       0.73333333333333328        4.4246324351586262E-007
  0.33333333333333331       0.76666666666666661        1.2524087276364191E-007
  0.33333333333333331       0.80000000000000004        3.3246531479265276E-008
  0.33333333333333331       0.83333333333333337        8.2594407683064305E-009
  0.33333333333333331       0.86666666666666670        1.9157314289216364E-009
  0.33333333333333331       0.90000000000000002        4.1382233876584384E-010
  0.33333333333333331       0.93333333333333335        8.3385198803940808E-011
  0.33333333333333331       0.96666666666666667        1.8030626873749916E-011
  0.33333333333333331        1.0000000000000000        1.8030626873749916E-011

  0.36666666666666664        0.0000000000000000       0.91354545764260087     
  0.36666666666666664        3.3333333333333333E-002  0.73926193583568733     
  0.36666666666666664        6.6666666666666666E-002  0.58003959113734493     
  0.36666666666666664       0.10000000000000001       0.44011178784522526     
  0.36666666666666664       0.13333333333333333       0.32218252181165558     
  0.36666666666666664       0.16666666666666666       0.22708114527243445     
  0.36666666666666664       0.20000000000000001       0.15381878701280108     
  0.36666666666666664       0.23333333333333334        9.9972735429760262E-002
  0.36666666666666664       0.26666666666666666        6.2253199539570689E-002
  0.36666666666666664       0.29999999999999999        3.7090968579180365E-002
  0.36666666666666664       0.33333333333333331        2.1118387186223227E-002
  0.36666666666666664       0.36666666666666664        1.1477005447359627E-002
  0.36666666666666664       0.40000000000000002        5.9467562565198914E-003
  0.36666666666666664       0.43333333333333335        2.9344996023591683E-003
  0.36666666666666664       0.46666666666666667        1.3775619463425942E-003
  0.36666666666666664       0.50000000000000000        6.1450723344466901E-004
  0.36666666666666664       0.53333333333333333        2.6018679966041290E-004
  0.36666666666666664       0.56666666666666665        1.0444100339753350E-004
  0.36666666666666664       0.59999999999999998        3.9695799415011854E-005
  0.36666666666666664       0.63333333333333330        1.4267065622681420E-005
  0.36666666666666664       0.66666666666666663        4.8420811854073547E-006
  0.36666666666666664       0.69999999999999996        1.5494661780085244E-006
  0.36666666666666664       0.73333333333333328        4.6674183519487115E-007
  0.36666666666666664       0.76666666666666661        1.3211301876878711E-007
  0.36666666666666664       0.80000000000000004        3.5070816263046305E-008
  0.36666666666666664       0.83333333333333337        8.7126481089145539E-009
  0.36666666666666664       0.86666666666666670        2.0208503553206935E-009
  0.36666666666666664       0.90000000000000002        4.3652936299392107E-010
  0.36666666666666664       0.93333333333333335        8.7960664051058558E-011
  0.36666666666666664       0.96666666666666667        1.9019993186092288E-011
  0.36666666666666664        1.0000000000000000        1.9019993186092288E-011

  0.40000000000000002        0.0000000000000000       0.95105651629515353     
  0.40000000000000002        3.3333333333333333E-002  0.76961674478661835     
  0.40000000000000002        6.6666666666666666E-002  0.60385657686250160     
  0.40000000000000002       0.10000000000000001       0.45818320284644876     
  0.40000000000000002       0.13333333333333333       0.33541164727158690     
  0.40000000000000002       0.16666666666666666       0.23640531637737749     
  0.40000000000000002       0.20000000000000001       0.16013473494208189     
  0.40000000000000002       0.23333333333333334       0.10407771248480351     
  0.40000000000000002       0.26666666666666666        6.4809376027234300E-002
  0.40000000000000002       0.29999999999999999        3.8613959565796309E-002
  0.40000000000000002       0.33333333333333331        2.1985528556980993E-002
  0.40000000000000002       0.36666666666666664        1.1948262373755510E-002
  0.40000000000000002       0.40000000000000002        6.1909358108754916E-003
  0.40000000000000002       0.43333333333333335        3.0549929897205792E-003
  0.40000000000000002       0.46666666666666667        1.4341259700969521E-003
  0.40000000000000002       0.50000000000000000        6.3973949384651420E-004
  0.40000000000000002       0.53333333333333333        2.7087032090287750E-004
  0.40000000000000002       0.56666666666666665        1.0872945185009974E-004
  0.40000000000000002       0.59999999999999998        4.1325747271092182E-005
  0.40000000000000002       0.63333333333333330        1.4852885114087168E-005
  0.40000000000000002       0.66666666666666663        5.0409017146177322E-006
  0.40000000000000002       0.69999999999999996        1.6130887555137622E-006
  0.40000000000000002       0.73333333333333328        4.8590670565547660E-007
  0.40000000000000002       0.76666666666666661        1.3753770689387497E-007
  0.40000000000000002       0.80000000000000004        3.6510857844809273E-008
  0.40000000000000002       0.83333333333333337        9.0703978536025798E-009
  0.40000000000000002       0.86666666666666670        2.1038284223367333E-009
  0.40000000000000002       0.90000000000000002        4.5445368017139490E-010
  0.40000000000000002       0.93333333333333335        9.1572413855880630E-011
  0.40000000000000002       0.96666666666666667        1.9800972472898372E-011
  0.40000000000000002        1.0000000000000000        1.9800972472898372E-011

  0.43333333333333335        0.0000000000000000       0.97814760073380569     
  0.43333333333333335        3.3333333333333333E-002  0.79153947162900962     
  0.43333333333333335        6.6666666666666666E-002  0.62105758356644014     
  0.43333333333333335       0.10000000000000001       0.47123466679628728     
  0.43333333333333335       0.13333333333333333       0.34496593253461111     
  0.43333333333333335       0.16666666666666666       0.24313938136509713     
  0.43333333333333335       0.20000000000000001       0.16469621320498964     
  0.43333333333333335       0.23333333333333334       0.10704239234220173     
  0.43333333333333335       0.26666666666666666        6.6655487428909685E-002
  0.43333333333333335       0.29999999999999999        3.9713887930918873E-002
  0.43333333333333335       0.33333333333333331        2.2611791876100847E-002
  0.43333333333333335       0.36666666666666664        1.2288611637249884E-002
  0.43333333333333335       0.40000000000000002        6.3672861769505313E-003
  0.43333333333333335       0.43333333333333335        3.1420152345882284E-003
  0.43333333333333335       0.46666666666666667        1.4749774096127744E-003
  0.43333333333333335       0.50000000000000000        6.5796263447968114E-004
  0.43333333333333335       0.53333333333333333        2.7858613022627138E-004
  0.43333333333333335       0.56666666666666665        1.1182663767509575E-004
  0.43333333333333335       0.59999999999999998        4.2502921592101834E-005
  0.43333333333333335       0.63333333333333330        1.5275973288016949E-005
  0.43333333333333335       0.66666666666666663        5.1844930697662550E-006
  0.43333333333333335       0.69999999999999996        1.6590379950530681E-006
  0.43333333333333335       0.73333333333333328        4.9974788056640532E-007
  0.43333333333333335       0.76666666666666661        1.4145550312061801E-007
  0.43333333333333335       0.80000000000000004        3.7550878827636327E-008
  0.43333333333333335       0.83333333333333337        9.3287704213037587E-009
  0.43333333333333335       0.86666666666666670        2.1637565049032509E-009
  0.43333333333333335       0.90000000000000002        4.6739890772836430E-010
  0.43333333333333335       0.93333333333333335        9.4180877131738103E-011
  0.43333333333333335       0.96666666666666667        2.0365008161671511E-011
  0.43333333333333335        1.0000000000000000        2.0365008161671511E-011

  0.46666666666666667        0.0000000000000000       0.99452189536827329     
  0.46666666666666667        3.3333333333333333E-002  0.80478992637995006     
  0.46666666666666667        6.6666666666666666E-002  0.63145415342017031     
  0.46666666666666667       0.10000000000000001       0.47912318512451191     
  0.46666666666666667       0.13333333333333333       0.35074069885202380     
  0.46666666666666667       0.16666666666666666       0.24720956041039419     
  0.46666666666666667       0.20000000000000001       0.16745324529112521     
  0.46666666666666667       0.23333333333333334       0.10883429334903813     
  0.46666666666666667       0.26666666666666666        6.7771307361756447E-002
  0.46666666666666667       0.29999999999999999        4.0378702629204948E-002
  0.46666666666666667       0.33333333333333331        2.2990315671604488E-002
  0.46666666666666667       0.36666666666666664        1.2494324300089239E-002
  0.46666666666666667       0.40000000000000002        6.4738752232306081E-003
  0.46666666666666667       0.43333333333333335        3.1946129030367702E-003
  0.46666666666666667       0.46666666666666667        1.4996686879700130E-003
  0.46666666666666667       0.50000000000000000        6.6897699880195569E-004
  0.46666666666666667       0.53333333333333333        2.8324969160901058E-004
  0.46666666666666667       0.56666666666666665        1.1369862745649500E-004
  0.46666666666666667       0.59999999999999998        4.3214425009840272E-005
  0.46666666666666667       0.63333333333333330        1.5531694701900292E-005
  0.46666666666666667       0.66666666666666663        5.2712820339174970E-006
  0.46666666666666667       0.69999999999999996        1.6868104671425523E-006
  0.46666666666666667       0.73333333333333328        5.0811371311888122E-007
  0.46666666666666667       0.76666666666666661        1.4382348325370451E-007
  0.46666666666666667       0.80000000000000004        3.8179484524001206E-008
  0.46666666666666667       0.83333333333333337        9.4849350280984198E-009
  0.46666666666666667       0.86666666666666670        2.1999780184068902E-009
  0.46666666666666667       0.90000000000000002        4.7522321504275241E-010
  0.46666666666666667       0.93333333333333335        9.5757475009124665E-011
  0.46666666666666667       0.96666666666666667        2.0705920559373437E-011
  0.46666666666666667        1.0000000000000000        2.0705920559373437E-011

  0.50000000000000000        0.0000000000000000        1.0000000000000000     
  0.50000000000000000        3.3333333333333333E-002  0.80922293428435277     
  0.50000000000000000        6.6666666666666666E-002  0.63493237942875214     
  0.50000000000000000       0.10000000000000001       0.48176232957354020     
  0.50000000000000000       0.13333333333333333       0.35267267667560387     
  0.50000000000000000       0.16666666666666666       0.24857125977990865     
  0.50000000000000000       0.20000000000000001       0.16837562458000679     
  0.50000000000000000       0.23333333333333334       0.10943378306290237     
  0.50000000000000000       0.26666666666666666        6.8144610669090000E-002
  0.50000000000000000       0.29999999999999999        4.0601119811698706E-002
  0.50000000000000000       0.33333333333333331        2.3116952757577178E-002
  0.50000000000000000       0.36666666666666664        1.2563146531291366E-002
  0.50000000000000000       0.40000000000000002        6.5095351378194836E-003
  0.50000000000000000       0.43333333333333335        3.2122097240039138E-003
  0.50000000000000000       0.46666666666666667        1.5079292823560035E-003
  0.50000000000000000       0.50000000000000000        6.7266191113291907E-004
  0.50000000000000000       0.53333333333333333        2.8480991009667279E-004
  0.50000000000000000       0.56666666666666665        1.1432491128251346E-004
  0.50000000000000000       0.59999999999999998        4.3452462143971092E-005
  0.50000000000000000       0.63333333333333330        1.5617247618413546E-005
  0.50000000000000000       0.66666666666666663        5.3003177290184561E-006
  0.50000000000000000       0.69999999999999996        1.6961018907662392E-006
  0.50000000000000000       0.73333333333333328        5.1091254550079651E-007
  0.50000000000000000       0.76666666666666661        1.4461570320726463E-007
  0.50000000000000000       0.80000000000000004        3.8389787798350347E-008
  0.50000000000000000       0.83333333333333337        9.5371807018749746E-009
  0.50000000000000000       0.86666666666666670        2.2120961123658665E-009
  0.50000000000000000       0.90000000000000002        4.7784087736628099E-010
  0.50000000000000000       0.93333333333333335        9.6284933951771358E-011
  0.50000000000000000       0.96666666666666667        2.0819974558434430E-011
  0.50000000000000000        1.0000000000000000        2.0819974558434430E-011

  0.53333333333333333        0.0000000000000000       0.99452189536827340     
  0.53333333333333333        3.3333333333333333E-002  0.80478992637995017     
  0.53333333333333333        6.6666666666666666E-002  0.63145415342017031     
  0.53333333333333333       0.10000000000000001       0.47912318512451196     
  0.53333333333333333       0.13333333333333333       0.35074069885202386     
  0.53333333333333333       0.16666666666666666       0.24720956041039419     
  0.53333333333333333       0.20000000000000001       0.16745324529112518     
  0.53333333333333333       0.23333333333333334       0.10883429334903812     
  0.53333333333333333       0.26666666666666666        6.7771307361756447E-002
  0.53333333333333333       0.29999999999999999        4.0378702629204948E-002
  0.53333333333333333       0.33333333333333331        2.2990315671604488E-002
  0.53333333333333333       0.36666666666666664        1.2494324300089238E-002
  0.53333333333333333       0.40000000000000002        6.4738752232306072E-003
  0.53333333333333333       0.43333333333333335        3.1946129030367702E-003
  0.53333333333333333       0.46666666666666667        1.4996686879700130E-003
  0.53333333333333333       0.50000000000000000        6.6897699880195569E-004
  0.53333333333333333       0.53333333333333333        2.8324969160901058E-004
  0.53333333333333333       0.56666666666666665        1.1369862745649500E-004
  0.53333333333333333       0.59999999999999998        4.3214425009840272E-005
  0.53333333333333333       0.63333333333333330        1.5531694701900292E-005
  0.53333333333333333       0.66666666666666663        5.2712820339174970E-006
  0.53333333333333333       0.69999999999999996        1.6868104671425525E-006
  0.53333333333333333       0.73333333333333328        5.0811371311888132E-007
  0.53333333333333333       0.76666666666666661        1.4382348325370453E-007
  0.53333333333333333       0.80000000000000004        3.8179484524001206E-008
  0.53333333333333333       0.83333333333333337        9.4849350280984198E-009
  0.53333333333333333       0.86666666666666670        2.1999780184068906E-009
  0.53333333333333333       0.90000000000000002        4.7522321504275251E-010
  0.53333333333333333       0.93333333333333335        9.5757475009124665E-011
  0.53333333333333333       0.96666666666666667        2.0705920559373437E-011
  0.53333333333333333        1.0000000000000000        2.0705920559373437E-011

  0.56666666666666665        0.0000000000000000       0.97814760073380569     
  0.56666666666666665        3.3333333333333333E-002  0.79153947162900973     
  0.56666666666666665        6.6666666666666666E-002  0.62105758356644025     
  0.56666666666666665       0.10000000000000001       0.47123466679628728     
  0.56666666666666665       0.13333333333333333       0.34496593253461111     
  0.56666666666666665       0.16666666666666666       0.24313938136509716     
  0.56666666666666665       0.20000000000000001       0.16469621320498962     
  0.56666666666666665       0.23333333333333334       0.10704239234220174     
  0.56666666666666665       0.26666666666666666        6.6655487428909685E-002
  0.56666666666666665       0.29999999999999999        3.9713887930918873E-002
  0.56666666666666665       0.33333333333333331        2.2611791876100847E-002
  0.56666666666666665       0.36666666666666664        1.2288611637249884E-002
  0.56666666666666665       0.40000000000000002        6.3672861769505321E-003
  0.56666666666666665       0.43333333333333335        3.1420152345882279E-003
  0.56666666666666665       0.46666666666666667        1.4749774096127744E-003
  0.56666666666666665       0.50000000000000000        6.5796263447968114E-004
  0.56666666666666665       0.53333333333333333        2.7858613022627138E-004
  0.56666666666666665       0.56666666666666665        1.1182663767509575E-004
  0.56666666666666665       0.59999999999999998        4.2502921592101841E-005
  0.56666666666666665       0.63333333333333330        1.5275973288016952E-005
  0.56666666666666665       0.66666666666666663        5.1844930697662559E-006
  0.56666666666666665       0.69999999999999996        1.6590379950530681E-006
  0.56666666666666665       0.73333333333333328        4.9974788056640542E-007
  0.56666666666666665       0.76666666666666661        1.4145550312061804E-007
  0.56666666666666665       0.80000000000000004        3.7550878827636327E-008
  0.56666666666666665       0.83333333333333337        9.3287704213037587E-009
  0.56666666666666665       0.86666666666666670        2.1637565049032509E-009
  0.56666666666666665       0.90000000000000002        4.6739890772836430E-010
  0.56666666666666665       0.93333333333333335        9.4180877131738103E-011
  0.56666666666666665       0.96666666666666667        2.0365008161671511E-011
  0.56666666666666665        1.0000000000000000        2.0365008161671511E-011

  0.59999999999999998        0.0000000000000000       0.95105651629515364     
  0.59999999999999998        3.3333333333333333E-002  0.76961674478661846     
  0.59999999999999998        6.6666666666666666E-002  0.60385657686250171     
  0.59999999999999998       0.10000000000000001       0.45818320284644881     
  0.59999999999999998       0.13333333333333333       0.33541164727158695     
  0.59999999999999998       0.16666666666666666       0.23640531637737752     
  0.59999999999999998       0.20000000000000001       0.16013473494208191     
  0.59999999999999998       0.23333333333333334       0.10407771248480352     
  0.59999999999999998       0.26666666666666666        6.4809376027234300E-002
  0.59999999999999998       0.29999999999999999        3.8613959565796309E-002
  0.59999999999999998       0.33333333333333331        2.1985528556980997E-002
  0.59999999999999998       0.36666666666666664        1.1948262373755510E-002
  0.59999999999999998       0.40000000000000002        6.1909358108754916E-003
  0.59999999999999998       0.43333333333333335        3.0549929897205792E-003
  0.59999999999999998       0.46666666666666667        1.4341259700969521E-003
  0.59999999999999998       0.50000000000000000        6.3973949384651420E-004
  0.59999999999999998       0.53333333333333333        2.7087032090287750E-004
  0.59999999999999998       0.56666666666666665        1.0872945185009977E-004
  0.59999999999999998       0.59999999999999998        4.1325747271092188E-005
  0.59999999999999998       0.63333333333333330        1.4852885114087171E-005
  0.59999999999999998       0.66666666666666663        5.0409017146177322E-006
  0.59999999999999998       0.69999999999999996        1.6130887555137628E-006
  0.59999999999999998       0.73333333333333328        4.8590670565547660E-007
  0.59999999999999998       0.76666666666666661        1.3753770689387497E-007
  0.59999999999999998       0.80000000000000004        3.6510857844809280E-008
  0.59999999999999998       0.83333333333333337        9.0703978536025798E-009
  0.59999999999999998       0.86666666666666670        2.1038284223367333E-009
  0.59999999999999998       0.90000000000000002        4.5445368017139490E-010
  0.59999999999999998       0.93333333333333335        9.1572413855880630E-011
  0.59999999999999998       0.96666666666666667        1.9800972472898372E-011
  0.59999999999999998        1.0000000000000000        1.9800972472898372E-011

  0.63333333333333330        0.0000000000000000       0.91354545764260098     
  0.63333333333333330        3.3333333333333333E-002  0.73926193583568744     
  0.63333333333333330        6.6666666666666666E-002  0.58003959113734505     
  0.63333333333333330       0.10000000000000001       0.44011178784522537     
  0.63333333333333330       0.13333333333333333       0.32218252181165563     
  0.63333333333333330       0.16666666666666666       0.22708114527243448     
  0.63333333333333330       0.20000000000000001       0.15381878701280108     
  0.63333333333333330       0.23333333333333334        9.9972735429760276E-002
  0.63333333333333330       0.26666666666666666        6.2253199539570696E-002
  0.63333333333333330       0.29999999999999999        3.7090968579180365E-002
  0.63333333333333330       0.33333333333333331        2.1118387186223230E-002
  0.63333333333333330       0.36666666666666664        1.1477005447359627E-002
  0.63333333333333330       0.40000000000000002        5.9467562565198922E-003
  0.63333333333333330       0.43333333333333335        2.9344996023591683E-003
  0.63333333333333330       0.46666666666666667        1.3775619463425942E-003
  0.63333333333333330       0.50000000000000000        6.1450723344466912E-004
  0.63333333333333330       0.53333333333333333        2.6018679966041301E-004
  0.63333333333333330       0.56666666666666665        1.0444100339753351E-004
  0.63333333333333330       0.59999999999999998        3.9695799415011861E-005
  0.63333333333333330       0.63333333333333330        1.4267065622681423E-005
  0.63333333333333330       0.66666666666666663        4.8420811854073564E-006
  0.63333333333333330       0.69999999999999996        1.5494661780085246E-006
  0.63333333333333330       0.73333333333333328        4.6674183519487131E-007
  0.63333333333333330       0.76666666666666661        1.3211301876878714E-007
  0.63333333333333330       0.80000000000000004        3.5070816263046311E-008
  0.63333333333333330       0.83333333333333337        8.7126481089145539E-009
  0.63333333333333330       0.86666666666666670        2.0208503553206935E-009
  0.63333333333333330       0.90000000000000002        4.3652936299392107E-010
  0.63333333333333330       0.93333333333333335        8.7960664051058558E-011
  0.63333333333333330       0.96666666666666667        1.9019993186092288E-011
  0.63333333333333330        1.0000000000000000        1.9019993186092288E-011

  0.66666666666666663        0.0000000000000000       0.86602540378443871     
  0.66666666666666663        3.3333333333333333E-002  0.70080761841523487     
  0.66666666666666663        6.6666666666666666E-002  0.54986757027059951     
  0.66666666666666663       0.10000000000000001       0.41721841599705700     
  0.66666666666666663       0.13333333333333333       0.30542349722172868     
  0.66666666666666663       0.16666666666666666       0.21526902562010197     
  0.66666666666666663       0.20000000000000001       0.14581756826435743     
  0.66666666666666663       0.23333333333333334        9.4772436164708693E-002
  0.66666666666666663       0.26666666666666666        5.9014963970432044E-002
  0.66666666666666663       0.29999999999999999        3.5161601179026745E-002
  0.66666666666666663       0.33333333333333331        2.0019868346146569E-002
  0.66666666666666663       0.36666666666666664        1.0880004047564677E-002
  0.66666666666666663       0.40000000000000002        5.6374227961791109E-003
  0.66666666666666663       0.43333333333333335        2.7818552232707896E-003
  0.66666666666666663       0.46666666666666667        1.3059050656307370E-003
  0.66666666666666663       0.50000000000000000        5.8254230319929848E-004
  0.66666666666666663       0.53333333333333333        2.4665261739328069E-004
  0.66666666666666663       0.56666666666666665        9.9008277456058859E-005
  0.66666666666666663       0.59999999999999998        3.7630936073660598E-005
  0.66666666666666663       0.63333333333333330        1.3524933174738154E-005
  0.66666666666666663       0.66666666666666663        4.5902098014590275E-006
  0.66666666666666663       0.69999999999999996        1.4688673248103821E-006
  0.66666666666666663       0.73333333333333328        4.4246324351586262E-007
  0.66666666666666663       0.76666666666666661        1.2524087276364191E-007
  0.66666666666666663       0.80000000000000004        3.3246531479265276E-008
  0.66666666666666663       0.83333333333333337        8.2594407683064305E-009
  0.66666666666666663       0.86666666666666670        1.9157314289216364E-009
  0.66666666666666663       0.90000000000000002        4.1382233876584395E-010
  0.66666666666666663       0.93333333333333335        8.3385198803940808E-011
  0.66666666666666663       0.96666666666666667        1.8030626873749912E-011
  0.66666666666666663        1.0000000000000000        1.8030626873749912E-011

  0.69999999999999996        0.0000000000000000       0.80901699437494745     
  0.69999999999999996        3.3333333333333333E-002  0.65467510607400270     
  0.69999999999999996        6.6666666666666666E-002  0.51367108523678284     
  0.69999999999999996       0.10000000000000001       0.38975391187465841     
  0.69999999999999996       0.13333333333333333       0.28531818888226473     
  0.69999999999999996       0.16666666666666666       0.20109837347513596     
  0.69999999999999996       0.20000000000000001       0.13621874172372161     
  0.69999999999999996       0.23333333333333334        8.8533790256629302E-002
  0.69999999999999996       0.26666666666666666        5.5130148106358176E-002
  0.69999999999999996       0.29999999999999999        3.2846995918317620E-002
  0.69999999999999996       0.33333333333333331        1.8702007639042742E-002
  0.69999999999999996       0.36666666666666664        1.0163799046637388E-002
  0.69999999999999996       0.40000000000000002        5.2663245519768281E-003
  0.69999999999999996       0.43333333333333335        2.5987322562156258E-003
  0.69999999999999996       0.46666666666666667        1.2199404157416257E-003
  0.69999999999999996       0.50000000000000000        5.4419491757526221E-004
  0.69999999999999996       0.53333333333333333        2.3041605743460923E-004
  0.69999999999999996       0.56666666666666665        9.2490796107961567E-005
  0.69999999999999996       0.59999999999999998        3.5153780321906680E-005
  0.69999999999999996       0.63333333333333330        1.2634618728658235E-005
  0.69999999999999996       0.66666666666666663        4.2880471183627583E-006
  0.69999999999999996       0.69999999999999996        1.3721752538213681E-006
  0.69999999999999996       0.73333333333333328        4.1333693194950790E-007
  0.69999999999999996       0.76666666666666661        1.1699656154816069E-007
  0.69999999999999996       0.80000000000000004        3.1057990739313427E-008
  0.69999999999999996       0.83333333333333337        7.7157412662416438E-009
  0.69999999999999996       0.86666666666666670        1.7896233480947393E-009
  0.69999999999999996       0.90000000000000002        3.8658139039635653E-010
  0.69999999999999996       0.93333333333333335        7.7896147869252391E-011
  0.69999999999999996       0.96666666666666667        1.6843713240227494E-011
  0.69999999999999996        1.0000000000000000        1.6843713240227494E-011

  0.73333333333333328        0.0000000000000000       0.74314482547739447     
  0.73333333333333328        3.3333333333333333E-002  0.60136983627105034     
  0.73333333333333328        6.6666666666666666E-002  0.47184671230052672     
  0.73333333333333328       0.10000000000000001       0.35801918233251140     
  0.73333333333333328       0.13333333333333333       0.26208687475873715     
  0.73333333333333328       0.16666666666666666       0.18472444546783623     
  0.73333333333333328       0.20000000000000001       0.12512747414315639     
  0.73333333333333328       0.23333333333333334        8.1325149615611617E-002
  0.73333333333333328       0.26666666666666666        5.0641314802905874E-002
  0.73333333333333328       0.29999999999999999        3.0172512096651612E-002
  0.73333333333333328       0.33333333333333331        1.7179243822598861E-002
  0.73333333333333328       0.36666666666666664        9.3362373364434537E-003
  0.73333333333333328       0.40000000000000002        4.8375273539338261E-003
  0.73333333333333328       0.43333333333333335        2.3871370347416771E-003
  0.73333333333333328       0.46666666666666667        1.1206098433687046E-003
  0.73333333333333328       0.50000000000000000        4.9988521855416353E-004
  0.73333333333333328       0.53333333333333333        2.1165501093302425E-004
  0.73333333333333328       0.56666666666666665        8.4959966242762055E-005
  0.73333333333333328       0.59999999999999998        3.2291472396544475E-005
  0.73333333333333328       0.63333333333333330        1.1605876755823185E-005
  0.73333333333333328       0.66666666666666663        3.9389036937061589E-006
  0.73333333333333328       0.69999999999999996        1.2604493436053552E-006
  0.73333333333333328       0.73333333333333328        3.7968201446040065E-007
  0.73333333333333328       0.76666666666666661        1.0747041152125332E-007
  0.73333333333333328       0.80000000000000004        2.8529172153519268E-008
  0.73333333333333328       0.83333333333333337        7.0875064882412498E-009
  0.73333333333333328       0.86666666666666670        1.6439077793633538E-009
  0.73333333333333328       0.90000000000000002        3.5510497541632980E-010
  0.73333333333333328       0.93333333333333335        7.1553650437691572E-011
  0.73333333333333328       0.96666666666666667        1.5472256359671542E-011
  0.73333333333333328        1.0000000000000000        1.5472256359671542E-011

  0.76666666666666661        0.0000000000000000       0.66913060635885835     
  0.76666666666666661        3.3333333333333333E-002  0.54147583269718347     
  0.76666666666666661        6.6666666666666666E-002  0.42485268804403364     
  0.76666666666666661       0.10000000000000001       0.32236191970839906     
  0.76666666666666661       0.13333333333333333       0.23598408199014839     
  0.76666666666666661       0.16666666666666666       0.16632663777991558     
  0.76666666666666661       0.20000000000000001       0.11266528377127143     
  0.76666666666666661       0.23333333333333334        7.3225493617023615E-002
  0.76666666666666661       0.26666666666666666        4.5597644657096516E-002
  0.76666666666666661       0.29999999999999999        2.7167451918450609E-002
  0.76666666666666661       0.33333333333333331        1.5468260615846698E-002
  0.76666666666666661       0.36666666666666664        8.4063858562581795E-003
  0.76666666666666661       0.40000000000000002        4.3557291938834449E-003
  0.76666666666666661       0.43333333333333335        2.1493878403745594E-003
  0.76666666666666661       0.46666666666666667        1.0090016350491507E-003
  0.76666666666666661       0.50000000000000000        4.5009867247087847E-004
  0.76666666666666661       0.53333333333333333        1.9057502783999857E-004
  0.76666666666666661       0.56666666666666665        7.6498297208390899E-005
  0.76666666666666661       0.59999999999999998        2.9075372342180707E-005
  0.76666666666666661       0.63333333333333330        1.0449978368565490E-005
  0.76666666666666661       0.66666666666666663        3.5466048159127253E-006
  0.76666666666666661       0.69999999999999996        1.1349136866148195E-006
  0.76666666666666661       0.73333333333333328        3.4186722136729568E-007
  0.76666666666666661       0.76666666666666661        9.6766793176089678E-008
  0.76666666666666661       0.80000000000000004        2.5687781987498066E-008
  0.76666666666666661       0.83333333333333337        6.3816195059996038E-009
  0.76666666666666661       0.86666666666666670        1.4801812129914451E-009
  0.76666666666666661       0.90000000000000002        3.1973795601514843E-010
  0.76666666666666661       0.93333333333333335        6.4427196238371391E-011
  0.76666666666666661       0.96666666666666667        1.3931282200661232E-011
  0.76666666666666661        1.0000000000000000        1.3931282200661232E-011

  0.80000000000000004        0.0000000000000000       0.58778525229247325     
  0.80000000000000004        3.3333333333333333E-002  0.47564930658918370     
  0.80000000000000004        6.6666666666666666E-002  0.37320388883118938     
  0.80000000000000004       0.10000000000000001       0.28317279243339294     
  0.80000000000000004       0.13333333333333333       0.20729579823643168     
  0.80000000000000004       0.16666666666666666       0.14610652064239149     
  0.80000000000000004       0.20000000000000001        9.8968708973662028E-002
  0.80000000000000004       0.23333333333333334        6.4323563786947854E-002
  0.80000000000000004       0.26666666666666666        4.0054397174503424E-002
  0.80000000000000004       0.29999999999999999        2.3864739451876251E-002
  0.80000000000000004       0.33333333333333331        1.3587803908845685E-002
  0.80000000000000004       0.36666666666666664        7.3844322534824050E-003
  0.80000000000000004       0.40000000000000002        3.8262087532899445E-003
  0.80000000000000004       0.43333333333333335        1.8880895030399761E-003
  0.80000000000000004       0.46666666666666667        8.8633859366883162E-004
  0.80000000000000004       0.50000000000000000        3.9538075114279995E-004
  0.80000000000000004       0.53333333333333333        1.6740706486156938E-004
  0.80000000000000004       0.56666666666666665        6.7198496821506789E-005
  0.80000000000000004       0.59999999999999998        2.5540716424023184E-005
  0.80000000000000004       0.63333333333333330        9.1795878315032322E-006
  0.80000000000000004       0.66666666666666663        3.1154485935813808E-006
  0.80000000000000004       0.69999999999999996        9.9694367777777453E-007
  0.80000000000000004       0.73333333333333328        3.0030685945657528E-007
  0.80000000000000004       0.76666666666666661        8.5002977595135453E-008
  0.80000000000000004       0.80000000000000004        2.2564951106507866E-008
  0.80000000000000004       0.83333333333333337        5.6058141650104878E-009
  0.80000000000000004       0.86666666666666670        1.3002374715021697E-009
  0.80000000000000004       0.90000000000000002        2.8086782065839616E-010
  0.80000000000000004       0.93333333333333335        5.6594864194806048E-011
  0.80000000000000004       0.96666666666666667        1.2237673998552254E-011
  0.80000000000000004        1.0000000000000000        1.2237673998552254E-011

  0.83333333333333337        0.0000000000000000       0.49999999999999994     
  0.83333333333333337        3.3333333333333333E-002  0.40461146714217633     
  0.83333333333333337        6.6666666666666666E-002  0.31746618971437612     
  0.83333333333333337       0.10000000000000001       0.24088116478677010     
  0.83333333333333337       0.13333333333333333       0.17633633833780196     
  0.83333333333333337       0.16666666666666666       0.12428562988995433     
  0.83333333333333337       0.20000000000000001        8.4187812290003397E-002
  0.83333333333333337       0.23333333333333334        5.4716891531451192E-002
  0.83333333333333337       0.26666666666666666        3.4072305334545000E-002
  0.83333333333333337       0.29999999999999999        2.0300559905849353E-002
  0.83333333333333337       0.33333333333333331        1.1558476378788589E-002
  0.83333333333333337       0.36666666666666664        6.2815732656456838E-003
  0.83333333333333337       0.40000000000000002        3.2547675689097427E-003
  0.83333333333333337       0.43333333333333335        1.6061048620019571E-003
  0.83333333333333337       0.46666666666666667        7.5396464117800195E-004
  0.83333333333333337       0.50000000000000000        3.3633095556645954E-004
  0.83333333333333337       0.53333333333333333        1.4240495504833640E-004
  0.83333333333333337       0.56666666666666665        5.7162455641256732E-005
  0.83333333333333337       0.59999999999999998        2.1726231071985543E-005
  0.83333333333333337       0.63333333333333330        7.8086238092067713E-006
  0.83333333333333337       0.66666666666666663        2.6501588645092281E-006
  0.83333333333333337       0.69999999999999996        8.4805094538311947E-007
  0.83333333333333337       0.73333333333333328        2.5545627275039826E-007
  0.83333333333333337       0.76666666666666661        7.2307851603632316E-008
  0.83333333333333337       0.80000000000000004        1.9194893899175174E-008
  0.83333333333333337       0.83333333333333337        4.7685903509374873E-009
  0.83333333333333337       0.86666666666666670        1.1060480561829330E-009
  0.83333333333333337       0.90000000000000002        2.3892043868314044E-010
  0.83333333333333337       0.93333333333333335        4.8142466975885679E-011
  0.83333333333333337       0.96666666666666667        1.0409987279217215E-011
  0.83333333333333337        1.0000000000000000        1.0409987279217215E-011

  0.86666666666666670        0.0000000000000000       0.40673664307580004     
  0.86666666666666670        3.3333333333333333E-002  0.32914061979076648     
  0.86666666666666670        6.6666666666666666E-002  0.25825026458898093     
  0.86666666666666670       0.10000000000000001       0.19595039269111905     
  0.86666666666666670       0.13333333333333333       0.14344490061559220     
  0.86666666666666670       0.16666666666666666       0.10110303976800272     
  0.86666666666666670       0.20000000000000001        6.8484536317463166E-002
  0.86666666666666670       0.23333333333333334        4.4510729562090276E-002
  0.86666666666666670       0.26666666666666666        2.7716910187253030E-002
  0.86666666666666670       0.29999999999999999        1.6513963177328696E-002
  0.86666666666666670       0.33333333333333331        9.4025117627588046E-003
  0.86666666666666670       0.36666666666666664        5.1098920466068351E-003
  0.86666666666666670       0.40000000000000002        2.6476664699406631E-003
  0.86666666666666670       0.43333333333333335        1.3065233999967946E-003
  0.86666666666666670       0.46666666666666667        6.1333009430118149E-004
  0.86666666666666670       0.50000000000000000        2.7359624765915574E-004
  0.86666666666666670       0.53333333333333333        1.1584262674744114E-004
  0.86666666666666670       0.56666666666666665        4.6500130634988204E-005
  0.86666666666666670       0.59999999999999998        1.7673708585817089E-005
  0.86666666666666670       0.63333333333333330        6.3521068703970614E-006
  0.86666666666666670       0.66666666666666663        2.1558334403361153E-006
  0.86666666666666670       0.69999999999999996        6.8986678936477757E-007
  0.86666666666666670       0.73333333333333328        2.0780685366230597E-007
  0.86666666666666670       0.76666666666666661        5.8820505658569055E-008
  0.86666666666666670       0.80000000000000004        1.5614533417493336E-008
  0.86666666666666670       0.83333333333333337        3.8791208630879304E-009
  0.86666666666666670       0.86666666666666670        8.9974054690472045E-010
  0.86666666666666670       0.90000000000000002        1.9435539438435622E-010
  0.86666666666666670       0.93333333333333335        3.9162610814318618E-011
  0.86666666666666670       0.96666666666666667        8.4682465608211849E-012
  0.86666666666666670        1.0000000000000000        8.4682465608211849E-012

  0.90000000000000002        0.0000000000000000       0.30901699437494751     
  0.90000000000000002        3.3333333333333333E-002  0.25006363893182626     
  0.90000000000000002        6.6666666666666666E-002  0.19620489552240672     
  0.90000000000000002       0.10000000000000001       0.14887274708788825     
  0.90000000000000002       0.13333333333333333       0.10898185054446276     
  0.90000000000000002       0.16666666666666666        7.6812743585181628E-002
  0.90000000000000002       0.20000000000000001        5.2030929433718225E-002
  0.90000000000000002       0.23333333333333334        3.3816898725178117E-002
  0.90000000000000002       0.26666666666666666        2.1057842771813169E-002
  0.90000000000000002       0.29999999999999999        1.2546436012468265E-002
  0.90000000000000002       0.33333333333333331        7.1435312602541523E-003
  0.90000000000000002       0.36666666666666664        3.8822257809917045E-003
  0.90000000000000002       0.40000000000000002        2.0115569830670864E-003
  0.90000000000000002       0.43333333333333335        9.9262739421366870E-004
  0.90000000000000002       0.46666666666666667        4.6597577456362367E-004
  0.90000000000000002       0.50000000000000000        2.0786396200880261E-004
  0.90000000000000002       0.53333333333333333        8.8011102386272808E-005
  0.90000000000000002       0.56666666666666665        3.5328340466704828E-005
  0.90000000000000002       0.59999999999999998        1.3427549249921129E-005
  0.90000000000000002       0.63333333333333330        4.8259949194514592E-006
  0.90000000000000002       0.66666666666666663        1.6378882538535302E-006
  0.90000000000000002       0.69999999999999996        5.2412430843824857E-007
  0.90000000000000002       0.73333333333333328        1.5788065919910967E-007
  0.90000000000000002       0.76666666666666661        4.4688709944528359E-008
  0.90000000000000002       0.80000000000000004        1.1863096840138254E-008
  0.90000000000000002       0.83333333333333337        2.9471509153041561E-009
  0.90000000000000002       0.86666666666666670        6.8357529191180603E-010
  0.90000000000000002       0.90000000000000002        1.4766095171321598E-010
  0.90000000000000002       0.93333333333333335        2.9753680893366712E-011
  0.90000000000000002       0.96666666666666667        6.4337259610102792E-012
  0.90000000000000002        1.0000000000000000        6.4337259610102792E-012

  0.93333333333333335        0.0000000000000000       0.20791169081775931     
  0.93333333333333335        3.3333333333333333E-002  0.16824690851556837     
  0.93333333333333335        6.6666666666666666E-002  0.13200986456197500     
  0.93333333333333335       0.10000000000000001       0.10016402051393737     
  0.93333333333333335       0.13333333333333333        7.3324772512849773E-002
  0.93333333333333335       0.16666666666666666        5.1680870909541307E-002
  0.93333333333333335       0.20000000000000001        3.5007260798925494E-002
  0.93333333333333335       0.23333333333333334        2.2752562869191906E-002
  0.93333333333333335       0.26666666666666666        1.4168061224328425E-002
  0.93333333333333335       0.29999999999999999        8.4414474691447035E-003
  0.93333333333333335       0.33333333333333331        4.8062847343821359E-003
  0.93333333333333335       0.36666666666666664        2.6120250373120567E-003
  0.93333333333333335       0.40000000000000002        1.3534084569416650E-003
  0.93333333333333335       0.43333333333333335        6.6785595497890181E-004
  0.93333333333333335       0.46666666666666667        3.1351612672824710E-004
  0.93333333333333335       0.50000000000000000        1.3985427529235057E-004
  0.93333333333333335       0.53333333333333333        5.9215309969853267E-005
  0.93333333333333335       0.56666666666666665        2.3769485607337706E-005
  0.93333333333333335       0.59999999999999998        9.0342748745477095E-006
  0.93333333333333335       0.63333333333333330        3.2470083582639855E-006
  0.93333333333333335       0.66666666666666663        1.1019980209115735E-006
  0.93333333333333335       0.69999999999999996        3.5263941190840731E-007
  0.93333333333333335       0.73333333333333328        1.0622469119507598E-007
  0.93333333333333335       0.76666666666666661        3.0067295372621651E-008
  0.93333333333333335       0.80000000000000004        7.9816856912900088E-009
  0.93333333333333335       0.83333333333333337        1.9828913653613308E-009
  0.93333333333333335       0.86666666666666670        4.5992064297337946E-010
  0.93333333333333335       0.90000000000000002        9.9348704755065068E-011
  0.93333333333333335       0.93333333333333335        2.0018763418189064E-011
  0.93333333333333335       0.96666666666666667        4.3287161132268344E-012
  0.93333333333333335        1.0000000000000000        4.3287161132268344E-012

  0.96666666666666667        0.0000000000000000       0.10452846326765373     
  0.96666666666666667        3.3333333333333333E-002   8.4586829761684801E-002
  0.96666666666666667        6.6666666666666666E-002   6.6368505900562161E-002
  0.96666666666666667       0.10000000000000001        5.0357875970566977E-002
  0.96666666666666667       0.13333333333333333        3.6864332929390897E-002
  0.96666666666666667       0.16666666666666666        2.5982771797298531E-002
  0.96666666666666667       0.20000000000000001        1.7600045289079453E-002
  0.96666666666666667       0.23333333333333334        1.1438945173130950E-002
  0.96666666666666667       0.26666666666666666        7.1230514332125214E-003
  0.96666666666666667       0.29999999999999999        4.2439726608627451E-003
  0.96666666666666667       0.33333333333333331        2.4163795471804869E-003
  0.96666666666666667       0.36666666666666664        1.3132064007222379E-003
  0.96666666666666667       0.40000000000000002        6.8043170454306354E-004
  0.96666666666666667       0.43333333333333335        3.3576734614354238E-004
  0.96666666666666667       0.46666666666666667        1.5762153060096856E-004
  0.96666666666666667       0.50000000000000000        7.0312315869406898E-005
  0.96666666666666667       0.53333333333333333        2.9770742225803748E-005
  0.96666666666666667       0.56666666666666665        1.1950207289571951E-005
  0.96666666666666667       0.59999999999999998        4.5420190931051841E-006
  0.96666666666666667       0.63333333333333330        1.6324468940231887E-006
  0.96666666666666667       0.66666666666666663        5.5403406704459811E-007
  0.96666666666666667       0.69999999999999996        1.7729092418715641E-007
  0.96666666666666667       0.73333333333333328        5.3404903245363342E-008
  0.96666666666666667       0.76666666666666661        1.5116457220626438E-008
  0.96666666666666667       0.80000000000000004        4.0128255237328771E-009
  0.96666666666666667       0.83333333333333337        9.9690684267291194E-010
  0.96666666666666667       0.86666666666666670        2.3122700722595454E-010
  0.96666666666666667       0.90000000000000002        4.9947972597564611E-011
  0.96666666666666667       0.93333333333333335        1.0064516181806174E-011
  0.96666666666666667       0.96666666666666667        2.1762799458647929E-012
  0.96666666666666667        1.0000000000000000        2.1762799458647929E-012

   1.0000000000000000        0.0000000000000000        1.2246467991473532E-016
   1.0000000000000000        3.3333333333333333E-002   0.0000000000000000     
   1.0000000000000000        6.6666666666666666E-002   0.0000000000000000     
   1.0000000000000000       0.10000000000000001        0.0000000000000000     
   1.0000000000000000       0.13333333333333333        0.0000000000000000     
   1.0000000000000000       0.16666666666666666        0.0000000000000000     
   1.0000000000000000       0.20000000000000001        0.0000000000000000     
   1.0000000000000000       0.23333333333333334        0.0000000000000000     
   1.0000000000000000       0.26666666666666666        0.0000000000000000     
   1.0000000000000000       0.29999999999999999        0.0000000000000000     
   1.0000000000000000       0.33333333333333331        0.0000000000000000     
   1.0000000000000000       0.36666666666666664        0.0000000000000000     
   1.0000000000000000       0.40000000000000002        0.0000000000000000     
   1.0000000000000000       0.43333333333333335        0.0000000000000000     
   1.0000000000000000       0.46666666666666667        0.0000000000000000     
   1.0000000000000000       0.50000000000000000        0.0000000000000000     
   1.0000000000000000       0.53333333333333333        0.0000000000000000     
   1.0000000000000000       0.56666666666666665        0.0000000000000000     
   1.0000000000000000       0.59999999999999998        0.0000000000000000     
   1.0000000000000000       0.63333333333333330        0.0000000000000000     
   1.0000000000000000       0.66666666666666663        0.0000000000000000     
   1.0000000000000000       0.69999999999999996        0.0000000000000000     
   1.0000000000000000       0.73333333333333328        0.0000000000000000     
   1.0000000000000000       0.76666666666666661        0.0000000000000000     
   1.0000000000000000       0.80000000000000004        0.0000000000000000     
   1.0000000000000000       0.83333333333333337        0.0000000000000000     
   1.0000000000000000       0.86666666666666670        0.0000000000000000     
   1.0000000000000000       0.90000000000000002        0.0000000000000000     
   1.0000000000000000       0.93333333333333335        0.0000000000000000     
   1.0000000000000000       0.96666666666666667        0.0000000000000000     
   1.0000000000000000        1.0000000000000000        0.0000000000000000     

