   0.0000000000000000        0.0000000000000000        0.0000000000000000     
   0.0000000000000000        3.3333333333333333E-002   0.0000000000000000     
   0.0000000000000000        6.6666666666666666E-002   0.0000000000000000     
   0.0000000000000000       0.10000000000000001        0.0000000000000000     
   0.0000000000000000       0.13333333333333333        0.0000000000000000     
   0.0000000000000000       0.16666666666666666        0.0000000000000000     
   0.0000000000000000       0.20000000000000001        0.0000000000000000     
   0.0000000000000000       0.23333333333333334        0.0000000000000000     
   0.0000000000000000       0.26666666666666666        0.0000000000000000     
   0.0000000000000000       0.29999999999999999        0.0000000000000000     
   0.0000000000000000       0.33333333333333331        0.0000000000000000     
   0.0000000000000000       0.36666666666666664        0.0000000000000000     
   0.0000000000000000       0.40000000000000002        0.0000000000000000     
   0.0000000000000000       0.43333333333333335        0.0000000000000000     
   0.0000000000000000       0.46666666666666667        0.0000000000000000     
   0.0000000000000000       0.50000000000000000        0.0000000000000000     
   0.0000000000000000       0.53333333333333333        0.0000000000000000     
   0.0000000000000000       0.56666666666666665        0.0000000000000000     
   0.0000000000000000       0.59999999999999998        0.0000000000000000     
   0.0000000000000000       0.63333333333333330        0.0000000000000000     
   0.0000000000000000       0.66666666666666663        0.0000000000000000     
   0.0000000000000000       0.69999999999999996        0.0000000000000000     
   0.0000000000000000       0.73333333333333328        0.0000000000000000     
   0.0000000000000000       0.76666666666666661        0.0000000000000000     
   0.0000000000000000       0.80000000000000004        0.0000000000000000     
   0.0000000000000000       0.83333333333333337        0.0000000000000000     
   0.0000000000000000       0.86666666666666670        0.0000000000000000     
   0.0000000000000000       0.90000000000000002        0.0000000000000000     
   0.0000000000000000       0.93333333333333335        0.0000000000000000     
   0.0000000000000000       0.96666666666666667        0.0000000000000000     
   0.0000000000000000        1.0000000000000000        0.0000000000000000     

   3.3333333333333333E-002   0.0000000000000000       0.10452846326765346     
   3.3333333333333333E-002   3.3333333333333333E-002   8.5424685727685204E-002
   3.3333333333333333E-002   6.6666666666666666E-002   6.7930386360305309E-002
   3.3333333333333333E-002  0.10000000000000001        5.2441396754044606E-002
   3.3333333333333333E-002  0.13333333333333333        3.9221404209732073E-002
   3.3333333333333333E-002  0.16666666666666666        2.8367559996354791E-002
   3.3333333333333333E-002  0.20000000000000001        1.9809418285867658E-002
   3.3333333333333333E-002  0.23333333333333334        1.3336746521164603E-002
   3.3333333333333333E-002  0.26666666666666666        8.6456531936299173E-003
   3.3333333333333333E-002  0.29999999999999999        5.3902461962800439E-003
   3.3333333333333333E-002  0.33333333333333331        3.2286166539925846E-003
   3.3333333333333333E-002  0.36666666666666664        1.8560394712126634E-003
   3.3333333333333333E-002  0.40000000000000002        1.0230802733876860E-003
   3.3333333333333333E-002  0.43333333333333335        5.4024253699255038E-004
   3.3333333333333333E-002  0.46666666666666667        2.7304774412200420E-004
   3.3333333333333333E-002  0.50000000000000000        1.3197055054797784E-004
   3.3333333333333333E-002  0.53333333333333333        6.0942528667477749E-005
   3.3333333333333333E-002  0.56666666666666665        2.6864520243234681E-005
   3.3333333333333333E-002  0.59999999999999998        1.1294119954709108E-005
   3.3333333333333333E-002  0.63333333333333330        4.5240247170223252E-006
   3.3333333333333333E-002  0.66666666666666663        1.7248933090641195E-006
   3.3333333333333333E-002  0.69999999999999996        6.2532560831195260E-007
   3.3333333333333333E-002  0.73333333333333328        2.1531340309920561E-007
   3.3333333333333333E-002  0.76666666666666661        7.0329641790225746E-008
   3.3333333333333333E-002  0.80000000000000004        2.1764676276097300E-008
   3.3333333333333333E-002  0.83333333333333337        6.3725539688762884E-009
   3.3333333333333333E-002  0.86666666666666670        1.7627126278684473E-009
   3.3333333333333333E-002  0.90000000000000002        4.6007361014701522E-010
   3.3333333333333333E-002  0.93333333333333335        1.1409486893535966E-010
   3.3333333333333333E-002  0.96666666666666667        3.1712285572985729E-011
   3.3333333333333333E-002   1.0000000000000000        3.1712285572985729E-011

   6.6666666666666666E-002   0.0000000000000000       0.20791169081775931     
   6.6666666666666666E-002   3.3333333333333333E-002  0.16991344072227316     
   6.6666666666666666E-002   6.6666666666666666E-002  0.13511651319229989     
   6.6666666666666666E-002  0.10000000000000001       0.10430823459118412     
   6.6666666666666666E-002  0.13333333333333333        7.8013090507335847E-002
   6.6666666666666666E-002  0.16666666666666666        5.6424319069095959E-002
   6.6666666666666666E-002  0.20000000000000001        3.9401800439608080E-002
   6.6666666666666666E-002  0.23333333333333334        2.6527372856549696E-002
   6.6666666666666666E-002  0.26666666666666666        1.7196582801651181E-002
   6.6666666666666666E-002  0.29999999999999999        1.0721435727252109E-002
   6.6666666666666666E-002  0.33333333333333331        6.4218599082925560E-003
   6.6666666666666666E-002  0.36666666666666664        3.6917437855774919E-003
   6.6666666666666666E-002  0.40000000000000002        2.0349514652068254E-003
   6.6666666666666666E-002  0.43333333333333335        1.0745660636967914E-003
   6.6666666666666666E-002  0.46666666666666667        5.4310392002049389E-004
   6.6666666666666666E-002  0.50000000000000000        2.6249520412753889E-004
   6.6666666666666666E-002  0.53333333333333333        1.2121735823783062E-004
   6.6666666666666666E-002  0.56666666666666665        5.3434707180922203E-005
   6.6666666666666666E-002  0.59999999999999998        2.2464499167747881E-005
   6.6666666666666666E-002  0.63333333333333330        8.9984832725319178E-006
   6.6666666666666666E-002  0.66666666666666663        3.4308883260770028E-006
   6.6666666666666666E-002  0.69999999999999996        1.2438000184014429E-006
   6.6666666666666666E-002  0.73333333333333328        4.2826778749683006E-007
   6.6666666666666666E-002  0.76666666666666661        1.3988873730757406E-007
   6.6666666666666666E-002  0.80000000000000004        4.3290894204362368E-008
   6.6666666666666666E-002  0.83333333333333337        1.2675288902926918E-008
   6.6666666666666666E-002  0.86666666666666670        3.5061126073146349E-009
   6.6666666666666666E-002  0.90000000000000002        9.1510655754466731E-010
   6.6666666666666666E-002  0.93333333333333335        2.2693969061077725E-010
   6.6666666666666666E-002  0.96666666666666667        6.3077124709011423E-011
   6.6666666666666666E-002   1.0000000000000000        6.3077124709011423E-011

  0.10000000000000001        0.0000000000000000       0.30901699437494740     
  0.10000000000000001        3.3333333333333333E-002  0.25254058850363448     
  0.10000000000000001        6.6666666666666666E-002  0.20082227523081148     
  0.10000000000000001       0.10000000000000001       0.15503224958224124     
  0.10000000000000001       0.13333333333333333       0.11595004906005250     
  0.10000000000000001       0.16666666666666666        8.3862881494568234E-002
  0.10000000000000001       0.20000000000000001        5.8562488222375322E-002
  0.10000000000000001       0.23333333333333334        3.9427359743708777E-002
  0.10000000000000001       0.26666666666666666        2.5559103049881259E-002
  0.10000000000000001       0.29999999999999999        1.5935158964791737E-002
  0.10000000000000001       0.33333333333333331        9.5447439215766931E-003
  0.10000000000000001       0.36666666666666664        5.4870005824804793E-003
  0.10000000000000001       0.40000000000000002        3.0245273029321884E-003
  0.10000000000000001       0.43333333333333335        1.5971164197397653E-003
  0.10000000000000001       0.46666666666666667        8.0720973571943733E-004
  0.10000000000000001       0.50000000000000000        3.9014390532002567E-004
  0.10000000000000001       0.53333333333333333        1.8016410506496684E-004
  0.10000000000000001       0.56666666666666665        7.9419452284804193E-005
  0.10000000000000001       0.59999999999999998        3.3388752626906130E-005
  0.10000000000000001       0.63333333333333330        1.3374352562253969E-005
  0.10000000000000001       0.66666666666666663        5.0992938126298465E-006
  0.10000000000000001       0.69999999999999996        1.8486470952074403E-006
  0.10000000000000001       0.73333333333333328        6.3652998039384298E-007
  0.10000000000000001       0.76666666666666661        2.0791518254538034E-007
  0.10000000000000001       0.80000000000000004        6.4342808036522407E-008
  0.10000000000000001       0.83333333333333337        1.8839150719282355E-008
  0.10000000000000001       0.86666666666666670        5.2110988833338537E-009
  0.10000000000000001       0.90000000000000002        1.3601134059995015E-009
  0.10000000000000001       0.93333333333333335        3.3729811354567978E-010
  0.10000000000000001       0.96666666666666667        9.3750877666988242E-011
  0.10000000000000001        1.0000000000000000        9.3750877666988242E-011

  0.13333333333333333        0.0000000000000000       0.40673664307580015     
  0.13333333333333333        3.3333333333333333E-002  0.33240084874983439     
  0.13333333333333333        6.6666666666666666E-002  0.26432778639713150     
  0.13333333333333333       0.10000000000000001       0.20405769880429139     
  0.13333333333333333       0.13333333333333333       0.15261663461115954     
  0.13333333333333333       0.16666666666666666       0.11038262464094986     
  0.13333333333333333       0.20000000000000001        7.7081553129189698E-002
  0.13333333333333333       0.23333333333333334        5.1895372226810323E-002
  0.13333333333333333       0.26666666666666666        3.3641592416510657E-002
  0.13333333333333333       0.29999999999999999        2.0974293266066712E-002
  0.13333333333333333       0.33333333333333331        1.2563053723089962E-002
  0.13333333333333333       0.36666666666666664        7.2221406527731213E-003
  0.13333333333333333       0.40000000000000002        3.9809657866035977E-003
  0.13333333333333333       0.43333333333333335        2.1021684340699724E-003
  0.13333333333333333       0.46666666666666667        1.0624715926343417E-003
  0.13333333333333333       0.50000000000000000        5.1351810824296540E-004
  0.13333333333333333       0.53333333333333333        2.3713693625524847E-004
  0.13333333333333333       0.56666666666666665        1.0453406124986502E-004
  0.13333333333333333       0.59999999999999998        4.3947191925238327E-005
  0.13333333333333333       0.63333333333333330        1.7603689646540759E-005
  0.13333333333333333       0.66666666666666663        6.7118303690756843E-006
  0.13333333333333333       0.69999999999999996        2.4332400075840693E-006
  0.13333333333333333       0.73333333333333328        8.3781821762319937E-007
  0.13333333333333333       0.76666666666666661        2.7366366553417035E-007
  0.13333333333333333       0.80000000000000004        8.4689768599236124E-008
  0.13333333333333333       0.83333333333333337        2.4796606858011593E-008
  0.13333333333333333       0.86666666666666670        6.8589912694947165E-009
  0.13333333333333333       0.90000000000000002        1.7902185673561770E-009
  0.13333333333333333       0.93333333333333335        4.4396102776440778E-010
  0.13333333333333333       0.96666666666666667        1.2339747639061314E-010
  0.13333333333333333        1.0000000000000000        1.2339747639061314E-010

  0.16666666666666666        0.0000000000000000       0.49999999999999994     
  0.16666666666666666        3.3333333333333333E-002  0.40861925573778157     
  0.16666666666666666        6.6666666666666666E-002  0.32493726702153913     
  0.16666666666666666       0.10000000000000001       0.25084744917642299     
  0.16666666666666666       0.13333333333333333       0.18761112037638275     
  0.16666666666666666       0.16666666666666666       0.13569299265271600     
  0.16666666666666666       0.20000000000000001        9.4756096409568683E-002
  0.16666666666666666       0.23333333333333334        6.3794808151990151E-002
  0.16666666666666666       0.26666666666666666        4.1355497456668971E-002
  0.16666666666666666       0.29999999999999999        2.5783628821165621E-002
  0.16666666666666666       0.33333333333333331        1.5443720079025050E-002
  0.16666666666666666       0.36666666666666664        8.8781534387438882E-003
  0.16666666666666666       0.40000000000000002        4.8937879760463307E-003
  0.16666666666666666       0.43333333333333335        2.5841886511294839E-003
  0.16666666666666666       0.46666666666666667        1.3060927884438695E-003
  0.16666666666666666       0.50000000000000000        6.3126609931142249E-004
  0.16666666666666666       0.53333333333333333        2.9151164554782342E-004
  0.16666666666666666       0.56666666666666665        1.2850337316471367E-004
  0.16666666666666666       0.59999999999999998        5.4024136592296457E-005
  0.16666666666666666       0.63333333333333330        2.1640157023251162E-005
  0.16666666666666666       0.66666666666666663        8.2508307074571280E-006
  0.16666666666666666       0.69999999999999996        2.9911738332494009E-006
  0.16666666666666666       0.73333333333333328        1.0299271431355422E-006
  0.16666666666666666       0.76666666666666661        3.3641383213556430E-007
  0.16666666666666666       0.80000000000000004        1.0410885033470314E-007
  0.16666666666666666       0.83333333333333337        3.0482386182980880E-008
  0.16666666666666666       0.86666666666666670        8.4317351119707979E-009
  0.16666666666666666       0.90000000000000002        2.2007097194615786E-009
  0.16666666666666666       0.93333333333333335        5.4575981205813121E-010
  0.16666666666666666       0.96666666666666667        1.5169210654032043E-010
  0.16666666666666666        1.0000000000000000        1.5169210654032043E-010

  0.20000000000000001        0.0000000000000000       0.58778525229247314     
  0.20000000000000001        3.3333333333333333E-002  0.48036074465078910     
  0.20000000000000001        6.6666666666666666E-002  0.38198666695096417     
  0.20000000000000001       0.10000000000000001       0.29488886240217427     
  0.20000000000000001       0.13333333333333333       0.22055009944661139     
  0.20000000000000001       0.16666666666666666       0.15951667984139475     
  0.20000000000000001       0.20000000000000001       0.11139247206869649     
  0.20000000000000001       0.23333333333333334        7.4995294809134902E-002
  0.20000000000000001       0.26666666666666666        4.8616303012497801E-002
  0.20000000000000001       0.29999999999999999        3.0310473543328630E-002
  0.20000000000000001       0.33333333333333331        1.8155181805968146E-002
  0.20000000000000001       0.36666666666666664        1.0436895317766728E-002
  0.20000000000000001       0.40000000000000002        5.7529928003325279E-003
  0.20000000000000001       0.43333333333333335        3.0378959565509787E-003
  0.20000000000000001       0.46666666666666667        1.5354041583457193E-003
  0.20000000000000001       0.50000000000000000        7.4209780689489979E-004
  0.20000000000000001       0.53333333333333333        3.4269249224904282E-004
  0.20000000000000001       0.56666666666666665        1.5106477523211008E-004
  0.20000000000000001       0.59999999999999998        6.3509181513572000E-005
  0.20000000000000001       0.63333333333333330        2.5439530311120834E-005
  0.20000000000000001       0.66666666666666663        9.6994332180103472E-006
  0.20000000000000001       0.69999999999999996        3.5163357324542859E-006
  0.20000000000000001       0.73333333333333328        1.2107519713415816E-006
  0.20000000000000001       0.76666666666666661        3.9547817839296071E-007
  0.20000000000000001       0.80000000000000004        1.2238729371972564E-007
  0.20000000000000001       0.83333333333333337        3.5834194106080028E-008
  0.20000000000000001       0.86666666666666670        9.9120991001061172E-009
  0.20000000000000001       0.90000000000000002        2.5870894353524435E-009
  0.20000000000000001       0.93333333333333335        6.4157913764336271E-010
  0.20000000000000001       0.96666666666666667        1.7832476622715789E-010
  0.20000000000000001        1.0000000000000000        1.7832476622715789E-010

  0.23333333333333334        0.0000000000000000       0.66913060635885824     
  0.23333333333333334        3.3333333333333333E-002  0.54683930072345421     
  0.23333333333333334        6.6666666666666666E-002  0.43485094102142541     
  0.23333333333333334       0.10000000000000001       0.33569941154198557     
  0.23333333333333334       0.13333333333333333       0.25107268547422745     
  0.23333333333333334       0.16666666666666666       0.18159266890471992     
  0.23333333333333334       0.20000000000000001       0.12680840849346625     
  0.23333333333333334       0.23333333333333334        8.5374117322576396E-002
  0.23333333333333334       0.26666666666666666        5.5344458178906257E-002
  0.23333333333333334       0.29999999999999999        3.4505230374476573E-002
  0.23333333333333334       0.33333333333333331        2.0667731561829012E-002
  0.23333333333333334       0.36666666666666664        1.1881288387627361E-002
  0.23333333333333334       0.40000000000000002        6.5491666316071411E-003
  0.23333333333333334       0.43333333333333335        3.4583194381519028E-003
  0.23333333333333334       0.46666666666666667        1.7478933189847567E-003
  0.23333333333333334       0.50000000000000000        8.4479893561208673E-004
  0.23333333333333334       0.53333333333333333        3.9011872829216725E-004
  0.23333333333333334       0.56666666666666665        1.7197108000972699E-004
  0.23333333333333334       0.59999999999999998        7.2298406552034216E-005
  0.23333333333333334       0.63333333333333330        2.8960182781337907E-005
  0.23333333333333334       0.66666666666666663        1.1041766708490152E-005
  0.23333333333333334       0.69999999999999996        4.0029719215338448E-006
  0.23333333333333334       0.73333333333333328        1.3783115475834639E-006
  0.23333333333333334       0.76666666666666661        4.5020958296875462E-007
  0.23333333333333334       0.80000000000000004        1.3932483630356708E-007
  0.23333333333333334       0.83333333333333337        4.0793395099765748E-008
  0.23333333333333334       0.86666666666666670        1.1283864056260590E-008
  0.23333333333333334       0.90000000000000002        2.9451244580063176E-009
  0.23333333333333334       0.93333333333333335        7.3036918793750770E-010
  0.23333333333333334       0.96666666666666667        2.0300366245835425E-010
  0.23333333333333334        1.0000000000000000        2.0300366245835425E-010

  0.26666666666666666        0.0000000000000000       0.74314482547739413     
  0.26666666666666666        3.3333333333333333E-002  0.60732657098391274     
  0.26666666666666666        6.6666666666666666E-002  0.48295089718364625     
  0.26666666666666666       0.10000000000000001       0.37283196767932480     
  0.26666666666666666       0.13333333333333333       0.27884446661945073     
  0.26666666666666666       0.16666666666666666       0.20167909068681592     
  0.26666666666666666       0.20000000000000001       0.14083500545841612     
  0.26666666666666666       0.23333333333333334        9.4817563140949135E-002
  0.26666666666666666       0.26666666666666666        6.1466247879934169E-002
  0.26666666666666666       0.29999999999999999        3.8321940680958073E-002
  0.26666666666666666       0.33333333333333331        2.2953841325697600E-002
  0.26666666666666666       0.36666666666666664        1.3195507575593709E-002
  0.26666666666666666       0.40000000000000002        7.2735864227646422E-003
  0.26666666666666666       0.43333333333333335        3.8408528482885662E-003
  0.26666666666666666       0.46666666666666667        1.9412321946508054E-003
  0.26666666666666666       0.50000000000000000        9.3824427040516492E-004
  0.26666666666666666       0.53333333333333333        4.3327074191053049E-004
  0.26666666666666666       0.56666666666666665        1.9099323364749521E-004
  0.26666666666666666       0.59999999999999998        8.0295515118898115E-005
  0.26666666666666666       0.63333333333333330        3.2163541428694776E-005
  0.26666666666666666       0.66666666666666663        1.2263124292273506E-005
  0.26666666666666666       0.69999999999999996        4.4457507125653485E-006
  0.26666666666666666       0.73333333333333328        1.5307700540797878E-006
  0.26666666666666666       0.76666666666666661        5.0000839714113067E-007
  0.26666666666666666       0.80000000000000004        1.5473590682527026E-007
  0.26666666666666666       0.83333333333333337        4.5305655120171716E-008
  0.26666666666666666       0.86666666666666670        1.2532000636514309E-008
  0.26666666666666666       0.90000000000000002        3.2708920807913602E-009
  0.26666666666666666       0.93333333333333335        8.1115716056903066E-010
  0.26666666666666666       0.96666666666666667        2.2545840808240945E-010
  0.26666666666666666        1.0000000000000000        2.2545840808240945E-010

  0.29999999999999999        0.0000000000000000       0.80901699437494745     
  0.29999999999999999        3.3333333333333333E-002  0.66115984424141616     
  0.29999999999999999        6.6666666666666666E-002  0.52575954225235066     
  0.29999999999999999       0.10000000000000001       0.40587969875866431     
  0.29999999999999999       0.13333333333333333       0.30356116943643524     
  0.29999999999999999       0.16666666666666666       0.21955587414728422     
  0.29999999999999999       0.20000000000000001       0.15331858463194400     
  0.29999999999999999       0.23333333333333334       0.10322216789569892     
  0.29999999999999999       0.26666666666666666        6.6914600506550223E-002
  0.29999999999999999       0.29999999999999999        4.1718787785957355E-002
  0.29999999999999999       0.33333333333333331        2.4988464000601743E-002
  0.29999999999999999       0.36666666666666664        1.4365154021224368E-002
  0.29999999999999999       0.40000000000000002        7.9183152789785195E-003
  0.29999999999999999       0.43333333333333335        4.1813050708692494E-003
  0.29999999999999999       0.46666666666666667        2.1133025241633070E-003
  0.29999999999999999       0.50000000000000000        1.0214100046314482E-003
  0.29999999999999999       0.53333333333333333        4.7167575061279031E-004
  0.29999999999999999       0.56666666666666665        2.0792282544951785E-004
  0.29999999999999999       0.59999999999999998        8.7412889219202594E-005
  0.29999999999999999       0.63333333333333330        3.5014509585505128E-005
  0.29999999999999999       0.66666666666666663        1.3350124520086973E-005
  0.29999999999999999       0.69999999999999996        4.8398209284568408E-006
  0.29999999999999999       0.73333333333333328        1.6664571235293851E-006
  0.29999999999999999       0.76666666666666661        5.4432901468094464E-007
  0.29999999999999999       0.80000000000000004        1.6845165837122557E-007
  0.29999999999999999       0.83333333333333337        4.9321536902263229E-008
  0.29999999999999999       0.86666666666666670        1.3642833995304648E-008
  0.29999999999999999       0.90000000000000002        3.5608231254610794E-009
  0.29999999999999999       0.93333333333333335        8.8305792560381084E-010
  0.29999999999999999       0.96666666666666667        2.4544298420730868E-010
  0.29999999999999999        1.0000000000000000        2.4544298420730868E-010

  0.33333333333333331        0.0000000000000000       0.86602540378443860     
  0.33333333333333331        3.3333333333333333E-002  0.70774931188881807     
  0.33333333333333331        6.6666666666666666E-002  0.56280785575388081     
  0.33333333333333331       0.10000000000000001       0.43448052692261635     
  0.33333333333333331       0.13333333333333333       0.32495199255681562     
  0.33333333333333331       0.16666666666666666       0.23502715750557446     
  0.33333333333333331       0.20000000000000001       0.16412237330826782     
  0.33333333333333331       0.23333333333333334       0.11049584897835613     
  0.33333333333333331       0.26666666666666666        7.1629822767236145E-002
  0.33333333333333331       0.29999999999999999        4.4658555121756087E-002
  0.33333333333333331       0.33333333333333331        2.6749307834743025E-002
  0.33333333333333331       0.36666666666666664        1.5377412833296756E-002
  0.33333333333333331       0.40000000000000002        8.4762894159819083E-003
  0.33333333333333331       0.43333333333333335        4.4759460400991503E-003
  0.33333333333333331       0.46666666666666667        2.2622190689840912E-003
  0.33333333333333331       0.50000000000000000        1.0933849571032044E-003
  0.33333333333333331       0.53333333333333333        5.0491298108683985E-004
  0.33333333333333331       0.56666666666666665        2.2257437126526713E-004
  0.33333333333333331       0.59999999999999998        9.3572549412898414E-005
  0.33333333333333331       0.63333333333333330        3.7481851448039484E-005
  0.33333333333333331       0.66666666666666663        1.4290857989965210E-005
  0.33333333333333331       0.69999999999999996        5.1808650534585184E-006
  0.33333333333333331       0.73333333333333328        1.7838861400050226E-006
  0.33333333333333331       0.76666666666666661        5.8268584962774487E-007
  0.33333333333333331       0.80000000000000004        1.8032181829728995E-007
  0.33333333333333331       0.83333333333333337        5.2797041604858409E-008
  0.33333333333333331       0.86666666666666670        1.4604193609895878E-008
  0.33333333333333331       0.90000000000000002        3.8117410468181040E-009
  0.33333333333333331       0.93333333333333335        9.4528372321392475E-010
  0.33333333333333331       0.96666666666666667        2.6273843563498615E-010
  0.33333333333333331        1.0000000000000000        2.6273843563498615E-010

  0.36666666666666664        0.0000000000000000       0.91354545764260087     
  0.36666666666666664        3.3333333333333333E-002  0.74658452996910130     
  0.36666666666666664        6.6666666666666666E-002  0.59368992861265590     
  0.36666666666666664       0.10000000000000001       0.45832109551270883     
  0.36666666666666664       0.13333333333333333       0.34278257364616738     
  0.36666666666666664       0.16666666666666666       0.24792343414363904     
  0.36666666666666664       0.20000000000000001       0.17312800291781166     
  0.36666666666666664       0.23333333333333334       0.11655891441686353     
  0.36666666666666664       0.26666666666666666        7.5560253700180144E-002
  0.36666666666666664       0.29999999999999999        4.7109033982237404E-002
  0.36666666666666664       0.33333333333333331        2.8217080654594329E-002
  0.36666666666666664       0.36666666666666664        1.6221193492437030E-002
  0.36666666666666664       0.40000000000000002        8.9413955523662044E-003
  0.36666666666666664       0.43333333333333335        4.7215476078617995E-003
  0.36666666666666664       0.46666666666666667        2.3863502682853113E-003
  0.36666666666666664       0.50000000000000000        1.1533805551794262E-003
  0.36666666666666664       0.53333333333333333        5.3261827928026797E-004
  0.36666666666666664       0.56666666666666665        2.3478734569275255E-004
  0.36666666666666664       0.59999999999999998        9.8707009173911700E-005
  0.36666666666666664       0.63333333333333330        3.9538534302527454E-005
  0.36666666666666664       0.66666666666666663        1.5075017829151093E-005
  0.36666666666666664       0.69999999999999996        5.4651465367687932E-006
  0.36666666666666664       0.73333333333333328        1.8817705266285907E-006
  0.36666666666666664       0.76666666666666661        6.1465865647117041E-007
  0.36666666666666664       0.80000000000000004        1.9021633464732286E-007
  0.36666666666666664       0.83333333333333337        5.5694090871139516E-008
  0.36666666666666664       0.86666666666666670        1.5405546623173094E-008
  0.36666666666666664       0.90000000000000002        4.0208967356080957E-009
  0.36666666666666664       0.93333333333333335        9.9715279453917040E-010
  0.36666666666666664       0.96666666666666667        2.7715526978029439E-010
  0.36666666666666664        1.0000000000000000        2.7715526978029439E-010

  0.40000000000000002        0.0000000000000000       0.95105651629515353     
  0.40000000000000002        3.3333333333333333E-002  0.77724001170618606     
  0.40000000000000002        6.6666666666666666E-002  0.61806741037594615     
  0.40000000000000002       0.10000000000000001       0.47714020227050896     
  0.40000000000000002       0.13333333333333333       0.35685755712678657     
  0.40000000000000002       0.16666666666666666       0.25810340975591189     
  0.40000000000000002       0.20000000000000001       0.18023680589802421     
  0.40000000000000002       0.23333333333333334       0.12134493599749883     
  0.40000000000000002       0.26666666666666666        7.8662830681585361E-002
  0.40000000000000002       0.29999999999999999        4.9043376408210181E-002
  0.40000000000000002       0.33333333333333331        2.9375701233990158E-002
  0.40000000000000002       0.36666666666666664        1.6887251361171200E-002
  0.40000000000000002       0.40000000000000002        9.3085378879714676E-003
  0.40000000000000002       0.43333333333333335        4.9154189119853574E-003
  0.40000000000000002       0.46666666666666667        2.4843361146712991E-003
  0.40000000000000002       0.50000000000000000        1.2007394745327039E-003
  0.40000000000000002       0.53333333333333333        5.5448810014836118E-004
  0.40000000000000002       0.56666666666666665        2.4442794082841742E-004
  0.40000000000000002       0.59999999999999998        1.0276001428664600E-004
  0.40000000000000002       0.63333333333333330        4.1162024701226704E-005
  0.40000000000000002       0.66666666666666663        1.5694012618350510E-005
  0.40000000000000002       0.69999999999999996        5.6895507309667919E-006
  0.40000000000000002       0.73333333333333328        1.9590378415766178E-006
  0.40000000000000002       0.76666666666666661        6.3989713444870468E-007
  0.40000000000000002       0.80000000000000004        1.9802680102963260E-007
  0.40000000000000002       0.83333333333333337        5.7980944023098632E-008
  0.40000000000000002       0.86666666666666670        1.6038113243828943E-008
  0.40000000000000002       0.90000000000000002        4.1859986383360277E-009
  0.40000000000000002       0.93333333333333335        1.0380968511798079E-009
  0.40000000000000002       0.96666666666666667        2.8853553279142082E-010
  0.40000000000000002        1.0000000000000000        2.8853553279142082E-010

  0.43333333333333335        0.0000000000000000       0.97814760073380569     
  0.43333333333333335        3.3333333333333333E-002  0.79937988922708880     
  0.43333333333333335        6.6666666666666666E-002  0.63567321625223694     
  0.43333333333333335       0.10000000000000001       0.49073166112422678     
  0.43333333333333335       0.13333333333333333       0.36702273453427997     
  0.43333333333333335       0.16666666666666666       0.26545555039928814     
  0.43333333333333335       0.20000000000000001       0.18537089671584156     
  0.43333333333333335       0.23333333333333334       0.12480147706628517     
  0.43333333333333335       0.26666666666666666        8.0903561228787516E-002
  0.43333333333333335       0.29999999999999999        5.0440389339268303E-002
  0.43333333333333335       0.33333333333333331        3.0212475483405703E-002
  0.43333333333333335       0.36666666666666664        1.7368288970107840E-002
  0.43333333333333335       0.40000000000000002        9.5736939345393290E-003
  0.43333333333333335       0.43333333333333335        5.0554358578916679E-003
  0.43333333333333335       0.46666666666666667        2.5551030547041943E-003
  0.43333333333333335       0.50000000000000000        1.2349428409321123E-003
  0.43333333333333335       0.53333333333333333        5.7028283335713414E-004
  0.43333333333333335       0.56666666666666665        2.5139053229453120E-004
  0.43333333333333335       0.59999999999999998        1.0568715917894035E-004
  0.43333333333333335       0.63333333333333330        4.2334535343591883E-005
  0.43333333333333335       0.66666666666666663        1.6141060521119996E-005
  0.43333333333333335       0.69999999999999996        5.8516190167412838E-006
  0.43333333333333335       0.73333333333333328        2.0148415279773072E-006
  0.43333333333333335       0.76666666666666661        6.5812476551413496E-007
  0.43333333333333335       0.80000000000000004        2.0366764434008950E-007
  0.43333333333333335       0.83333333333333337        5.9632545819048109E-008
  0.43333333333333335       0.86666666666666670        1.6494962939594442E-008
  0.43333333333333335       0.90000000000000002        4.3052378640058189E-009
  0.43333333333333335       0.93333333333333335        1.0676673014831874E-009
  0.43333333333333335       0.96666666666666667        2.9675454012534252E-010
  0.43333333333333335        1.0000000000000000        2.9675454012534252E-010

  0.46666666666666667        0.0000000000000000       0.99452189536827329     
  0.46666666666666667        3.3333333333333333E-002  0.81276159340062348     
  0.46666666666666667        6.6666666666666666E-002  0.64631445334809567     
  0.46666666666666667       0.10000000000000001       0.49894656120646569     
  0.46666666666666667       0.13333333333333333       0.37316673405777090     
  0.46666666666666667       0.16666666666666666       0.26989930448234456     
  0.46666666666666667       0.20000000000000001       0.18847402519788617     
  0.46666666666666667       0.23333333333333334       0.12689066703594523     
  0.46666666666666667       0.26666666666666666        8.2257895429008465E-002
  0.46666666666666667       0.29999999999999999        5.1284766809395338E-002
  0.46666666666666667       0.33333333333333331        3.0718235529058103E-002
  0.46666666666666667       0.36666666666666664        1.7659035970539850E-002
  0.46666666666666667       0.40000000000000002        9.7339585869361256E-003
  0.46666666666666667       0.43333333333333335        5.1400643906209511E-003
  0.46666666666666667       0.46666666666666667        2.5978757509800610E-003
  0.46666666666666667       0.50000000000000000        1.2556159151378653E-003
  0.46666666666666667       0.53333333333333333        5.7982942850429132E-004
  0.46666666666666667       0.56666666666666665        2.5559883648197510E-004
  0.46666666666666667       0.59999999999999998        1.0745637343881033E-004
  0.46666666666666667       0.63333333333333330        4.3043219957661596E-005
  0.46666666666666667       0.66666666666666663        1.6411263587086032E-005
  0.46666666666666667       0.69999999999999996        5.9495757400383556E-006
  0.46666666666666667       0.73333333333333328        2.0485701889647807E-006
  0.46666666666666667       0.76666666666666661        6.6914184392713128E-007
  0.46666666666666667       0.80000000000000004        2.0707706231896175E-007
  0.46666666666666667       0.83333333333333337        6.0630800964091628E-008
  0.46666666666666667       0.86666666666666670        1.6771090369600835E-008
  0.46666666666666667       0.90000000000000002        4.3773080027086209E-009
  0.46666666666666667       0.93333333333333335        1.0855401654077704E-009
  0.46666666666666667       0.96666666666666667        3.0172224261777106E-010
  0.46666666666666667        1.0000000000000000        3.0172224261777106E-010

  0.50000000000000000        0.0000000000000000        1.0000000000000000     
  0.50000000000000000        3.3333333333333333E-002  0.81723851147556315     
  0.50000000000000000        6.6666666666666666E-002  0.64987453404307827     
  0.50000000000000000       0.10000000000000001       0.50169489835284609     
  0.50000000000000000       0.13333333333333333       0.37522224075276550     
  0.50000000000000000       0.16666666666666666       0.27138598530543201     
  0.50000000000000000       0.20000000000000001       0.18951219281913737     
  0.50000000000000000       0.23333333333333334       0.12758961630398030     
  0.50000000000000000       0.26666666666666666        8.2710994913337943E-002
  0.50000000000000000       0.29999999999999999        5.1567257642331228E-002
  0.50000000000000000       0.33333333333333331        3.0887440158050099E-002
  0.50000000000000000       0.36666666666666664        1.7756306877487776E-002
  0.50000000000000000       0.40000000000000002        9.7875759520926614E-003
  0.50000000000000000       0.43333333333333335        5.1683773022589679E-003
  0.50000000000000000       0.46666666666666667        2.6121855768877389E-003
  0.50000000000000000       0.50000000000000000        1.2625321986228450E-003
  0.50000000000000000       0.53333333333333333        5.8302329109564683E-004
  0.50000000000000000       0.56666666666666665        2.5700674632942740E-004
  0.50000000000000000       0.59999999999999998        1.0804827318459293E-004
  0.50000000000000000       0.63333333333333330        4.3280314046502330E-005
  0.50000000000000000       0.66666666666666663        1.6501661414914259E-005
  0.50000000000000000       0.69999999999999996        5.9823476664988018E-006
  0.50000000000000000       0.73333333333333328        2.0598542862710848E-006
  0.50000000000000000       0.76666666666666661        6.7282766427112860E-007
  0.50000000000000000       0.80000000000000004        2.0821770066940632E-007
  0.50000000000000000       0.83333333333333337        6.0964772365961760E-008
  0.50000000000000000       0.86666666666666670        1.6863470223941593E-008
  0.50000000000000000       0.90000000000000002        4.4014194389231579E-009
  0.50000000000000000       0.93333333333333335        1.0915196241162624E-009
  0.50000000000000000       0.96666666666666667        3.0338421308064087E-010
  0.50000000000000000        1.0000000000000000        3.0338421308064087E-010

  0.53333333333333333        0.0000000000000000       0.99452189536827340     
  0.53333333333333333        3.3333333333333333E-002  0.81276159340062359     
  0.53333333333333333        6.6666666666666666E-002  0.64631445334809567     
  0.53333333333333333       0.10000000000000001       0.49894656120646569     
  0.53333333333333333       0.13333333333333333       0.37316673405777090     
  0.53333333333333333       0.16666666666666666       0.26989930448234456     
  0.53333333333333333       0.20000000000000001       0.18847402519788614     
  0.53333333333333333       0.23333333333333334       0.12689066703594523     
  0.53333333333333333       0.26666666666666666        8.2257895429008465E-002
  0.53333333333333333       0.29999999999999999        5.1284766809395338E-002
  0.53333333333333333       0.33333333333333331        3.0718235529058103E-002
  0.53333333333333333       0.36666666666666664        1.7659035970539850E-002
  0.53333333333333333       0.40000000000000002        9.7339585869361239E-003
  0.53333333333333333       0.43333333333333335        5.1400643906209511E-003
  0.53333333333333333       0.46666666666666667        2.5978757509800610E-003
  0.53333333333333333       0.50000000000000000        1.2556159151378653E-003
  0.53333333333333333       0.53333333333333333        5.7982942850429132E-004
  0.53333333333333333       0.56666666666666665        2.5559883648197510E-004
  0.53333333333333333       0.59999999999999998        1.0745637343881033E-004
  0.53333333333333333       0.63333333333333330        4.3043219957661596E-005
  0.53333333333333333       0.66666666666666663        1.6411263587086032E-005
  0.53333333333333333       0.69999999999999996        5.9495757400383565E-006
  0.53333333333333333       0.73333333333333328        2.0485701889647807E-006
  0.53333333333333333       0.76666666666666661        6.6914184392713117E-007
  0.53333333333333333       0.80000000000000004        2.0707706231896175E-007
  0.53333333333333333       0.83333333333333337        6.0630800964091628E-008
  0.53333333333333333       0.86666666666666670        1.6771090369600835E-008
  0.53333333333333333       0.90000000000000002        4.3773080027086209E-009
  0.53333333333333333       0.93333333333333335        1.0855401654077704E-009
  0.53333333333333333       0.96666666666666667        3.0172224261777106E-010
  0.53333333333333333        1.0000000000000000        3.0172224261777106E-010

  0.56666666666666665        0.0000000000000000       0.97814760073380569     
  0.56666666666666665        3.3333333333333333E-002  0.79937988922708891     
  0.56666666666666665        6.6666666666666666E-002  0.63567321625223694     
  0.56666666666666665       0.10000000000000001       0.49073166112422689     
  0.56666666666666665       0.13333333333333333       0.36702273453427997     
  0.56666666666666665       0.16666666666666666       0.26545555039928814     
  0.56666666666666665       0.20000000000000001       0.18537089671584159     
  0.56666666666666665       0.23333333333333334       0.12480147706628517     
  0.56666666666666665       0.26666666666666666        8.0903561228787516E-002
  0.56666666666666665       0.29999999999999999        5.0440389339268303E-002
  0.56666666666666665       0.33333333333333331        3.0212475483405703E-002
  0.56666666666666665       0.36666666666666664        1.7368288970107840E-002
  0.56666666666666665       0.40000000000000002        9.5736939345393290E-003
  0.56666666666666665       0.43333333333333335        5.0554358578916679E-003
  0.56666666666666665       0.46666666666666667        2.5551030547041943E-003
  0.56666666666666665       0.50000000000000000        1.2349428409321123E-003
  0.56666666666666665       0.53333333333333333        5.7028283335713414E-004
  0.56666666666666665       0.56666666666666665        2.5139053229453120E-004
  0.56666666666666665       0.59999999999999998        1.0568715917894035E-004
  0.56666666666666665       0.63333333333333330        4.2334535343591876E-005
  0.56666666666666665       0.66666666666666663        1.6141060521120000E-005
  0.56666666666666665       0.69999999999999996        5.8516190167412838E-006
  0.56666666666666665       0.73333333333333328        2.0148415279773072E-006
  0.56666666666666665       0.76666666666666661        6.5812476551413496E-007
  0.56666666666666665       0.80000000000000004        2.0366764434008950E-007
  0.56666666666666665       0.83333333333333337        5.9632545819048109E-008
  0.56666666666666665       0.86666666666666670        1.6494962939594442E-008
  0.56666666666666665       0.90000000000000002        4.3052378640058197E-009
  0.56666666666666665       0.93333333333333335        1.0676673014831874E-009
  0.56666666666666665       0.96666666666666667        2.9675454012534252E-010
  0.56666666666666665        1.0000000000000000        2.9675454012534252E-010

  0.59999999999999998        0.0000000000000000       0.95105651629515364     
  0.59999999999999998        3.3333333333333333E-002  0.77724001170618606     
  0.59999999999999998        6.6666666666666666E-002  0.61806741037594626     
  0.59999999999999998       0.10000000000000001       0.47714020227050891     
  0.59999999999999998       0.13333333333333333       0.35685755712678663     
  0.59999999999999998       0.16666666666666666       0.25810340975591189     
  0.59999999999999998       0.20000000000000001       0.18023680589802418     
  0.59999999999999998       0.23333333333333334       0.12134493599749885     
  0.59999999999999998       0.26666666666666666        7.8662830681585347E-002
  0.59999999999999998       0.29999999999999999        4.9043376408210181E-002
  0.59999999999999998       0.33333333333333331        2.9375701233990158E-002
  0.59999999999999998       0.36666666666666664        1.6887251361171200E-002
  0.59999999999999998       0.40000000000000002        9.3085378879714659E-003
  0.59999999999999998       0.43333333333333335        4.9154189119853583E-003
  0.59999999999999998       0.46666666666666667        2.4843361146712995E-003
  0.59999999999999998       0.50000000000000000        1.2007394745327039E-003
  0.59999999999999998       0.53333333333333333        5.5448810014836118E-004
  0.59999999999999998       0.56666666666666665        2.4442794082841747E-004
  0.59999999999999998       0.59999999999999998        1.0276001428664600E-004
  0.59999999999999998       0.63333333333333330        4.1162024701226711E-005
  0.59999999999999998       0.66666666666666663        1.5694012618350510E-005
  0.59999999999999998       0.69999999999999996        5.6895507309667927E-006
  0.59999999999999998       0.73333333333333328        1.9590378415766178E-006
  0.59999999999999998       0.76666666666666661        6.3989713444870489E-007
  0.59999999999999998       0.80000000000000004        1.9802680102963262E-007
  0.59999999999999998       0.83333333333333337        5.7980944023098632E-008
  0.59999999999999998       0.86666666666666670        1.6038113243828950E-008
  0.59999999999999998       0.90000000000000002        4.1859986383360277E-009
  0.59999999999999998       0.93333333333333335        1.0380968511798079E-009
  0.59999999999999998       0.96666666666666667        2.8853553279142082E-010
  0.59999999999999998        1.0000000000000000        2.8853553279142082E-010

  0.63333333333333330        0.0000000000000000       0.91354545764260098     
  0.63333333333333330        3.3333333333333333E-002  0.74658452996910141     
  0.63333333333333330        6.6666666666666666E-002  0.59368992861265601     
  0.63333333333333330       0.10000000000000001       0.45832109551270889     
  0.63333333333333330       0.13333333333333333       0.34278257364616743     
  0.63333333333333330       0.16666666666666666       0.24792343414363904     
  0.63333333333333330       0.20000000000000001       0.17312800291781166     
  0.63333333333333330       0.23333333333333334       0.11655891441686353     
  0.63333333333333330       0.26666666666666666        7.5560253700180158E-002
  0.63333333333333330       0.29999999999999999        4.7109033982237404E-002
  0.63333333333333330       0.33333333333333331        2.8217080654594329E-002
  0.63333333333333330       0.36666666666666664        1.6221193492437034E-002
  0.63333333333333330       0.40000000000000002        8.9413955523662044E-003
  0.63333333333333330       0.43333333333333335        4.7215476078617995E-003
  0.63333333333333330       0.46666666666666667        2.3863502682853117E-003
  0.63333333333333330       0.50000000000000000        1.1533805551794262E-003
  0.63333333333333330       0.53333333333333333        5.3261827928026808E-004
  0.63333333333333330       0.56666666666666665        2.3478734569275258E-004
  0.63333333333333330       0.59999999999999998        9.8707009173911714E-005
  0.63333333333333330       0.63333333333333330        3.9538534302527460E-005
  0.63333333333333330       0.66666666666666663        1.5075017829151096E-005
  0.63333333333333330       0.69999999999999996        5.4651465367687940E-006
  0.63333333333333330       0.73333333333333328        1.8817705266285911E-006
  0.63333333333333330       0.76666666666666661        6.1465865647117052E-007
  0.63333333333333330       0.80000000000000004        1.9021633464732289E-007
  0.63333333333333330       0.83333333333333337        5.5694090871139523E-008
  0.63333333333333330       0.86666666666666670        1.5405546623173098E-008
  0.63333333333333330       0.90000000000000002        4.0208967356080957E-009
  0.63333333333333330       0.93333333333333335        9.9715279453917040E-010
  0.63333333333333330       0.96666666666666667        2.7715526978029439E-010
  0.63333333333333330        1.0000000000000000        2.7715526978029439E-010

  0.66666666666666663        0.0000000000000000       0.86602540378443871     
  0.66666666666666663        3.3333333333333333E-002  0.70774931188881818     
  0.66666666666666663        6.6666666666666666E-002  0.56280785575388093     
  0.66666666666666663       0.10000000000000001       0.43448052692261641     
  0.66666666666666663       0.13333333333333333       0.32495199255681567     
  0.66666666666666663       0.16666666666666666       0.23502715750557451     
  0.66666666666666663       0.20000000000000001       0.16412237330826784     
  0.66666666666666663       0.23333333333333334       0.11049584897835615     
  0.66666666666666663       0.26666666666666666        7.1629822767236145E-002
  0.66666666666666663       0.29999999999999999        4.4658555121756094E-002
  0.66666666666666663       0.33333333333333331        2.6749307834743028E-002
  0.66666666666666663       0.36666666666666664        1.5377412833296758E-002
  0.66666666666666663       0.40000000000000002        8.4762894159819083E-003
  0.66666666666666663       0.43333333333333335        4.4759460400991503E-003
  0.66666666666666663       0.46666666666666667        2.2622190689840917E-003
  0.66666666666666663       0.50000000000000000        1.0933849571032044E-003
  0.66666666666666663       0.53333333333333333        5.0491298108683996E-004
  0.66666666666666663       0.56666666666666665        2.2257437126526713E-004
  0.66666666666666663       0.59999999999999998        9.3572549412898427E-005
  0.66666666666666663       0.63333333333333330        3.7481851448039491E-005
  0.66666666666666663       0.66666666666666663        1.4290857989965212E-005
  0.66666666666666663       0.69999999999999996        5.1808650534585193E-006
  0.66666666666666663       0.73333333333333328        1.7838861400050228E-006
  0.66666666666666663       0.76666666666666661        5.8268584962774497E-007
  0.66666666666666663       0.80000000000000004        1.8032181829729000E-007
  0.66666666666666663       0.83333333333333337        5.2797041604858415E-008
  0.66666666666666663       0.86666666666666670        1.4604193609895878E-008
  0.66666666666666663       0.90000000000000002        3.8117410468181040E-009
  0.66666666666666663       0.93333333333333335        9.4528372321392475E-010
  0.66666666666666663       0.96666666666666667        2.6273843563498620E-010
  0.66666666666666663        1.0000000000000000        2.6273843563498620E-010

  0.69999999999999996        0.0000000000000000       0.80901699437494745     
  0.69999999999999996        3.3333333333333333E-002  0.66115984424141616     
  0.69999999999999996        6.6666666666666666E-002  0.52575954225235066     
  0.69999999999999996       0.10000000000000001       0.40587969875866431     
  0.69999999999999996       0.13333333333333333       0.30356116943643530     
  0.69999999999999996       0.16666666666666666       0.21955587414728428     
  0.69999999999999996       0.20000000000000001       0.15331858463194403     
  0.69999999999999996       0.23333333333333334       0.10322216789569892     
  0.69999999999999996       0.26666666666666666        6.6914600506550223E-002
  0.69999999999999996       0.29999999999999999        4.1718787785957362E-002
  0.69999999999999996       0.33333333333333331        2.4988464000601743E-002
  0.69999999999999996       0.36666666666666664        1.4365154021224369E-002
  0.69999999999999996       0.40000000000000002        7.9183152789785195E-003
  0.69999999999999996       0.43333333333333335        4.1813050708692494E-003
  0.69999999999999996       0.46666666666666667        2.1133025241633070E-003
  0.69999999999999996       0.50000000000000000        1.0214100046314484E-003
  0.69999999999999996       0.53333333333333333        4.7167575061279031E-004
  0.69999999999999996       0.56666666666666665        2.0792282544951785E-004
  0.69999999999999996       0.59999999999999998        8.7412889219202607E-005
  0.69999999999999996       0.63333333333333330        3.5014509585505134E-005
  0.69999999999999996       0.66666666666666663        1.3350124520086975E-005
  0.69999999999999996       0.69999999999999996        4.8398209284568416E-006
  0.69999999999999996       0.73333333333333328        1.6664571235293855E-006
  0.69999999999999996       0.76666666666666661        5.4432901468094474E-007
  0.69999999999999996       0.80000000000000004        1.6845165837122557E-007
  0.69999999999999996       0.83333333333333337        4.9321536902263222E-008
  0.69999999999999996       0.86666666666666670        1.3642833995304650E-008
  0.69999999999999996       0.90000000000000002        3.5608231254610794E-009
  0.69999999999999996       0.93333333333333335        8.8305792560381084E-010
  0.69999999999999996       0.96666666666666667        2.4544298420730868E-010
  0.69999999999999996        1.0000000000000000        2.4544298420730868E-010

  0.73333333333333328        0.0000000000000000       0.74314482547739447     
  0.73333333333333328        3.3333333333333333E-002  0.60732657098391285     
  0.73333333333333328        6.6666666666666666E-002  0.48295089718364637     
  0.73333333333333328       0.10000000000000001       0.37283196767932486     
  0.73333333333333328       0.13333333333333333       0.27884446661945078     
  0.73333333333333328       0.16666666666666666       0.20167909068681597     
  0.73333333333333328       0.20000000000000001       0.14083500545841612     
  0.73333333333333328       0.23333333333333334        9.4817563140949135E-002
  0.73333333333333328       0.26666666666666666        6.1466247879934169E-002
  0.73333333333333328       0.29999999999999999        3.8321940680958073E-002
  0.73333333333333328       0.33333333333333331        2.2953841325697600E-002
  0.73333333333333328       0.36666666666666664        1.3195507575593709E-002
  0.73333333333333328       0.40000000000000002        7.2735864227646422E-003
  0.73333333333333328       0.43333333333333335        3.8408528482885662E-003
  0.73333333333333328       0.46666666666666667        1.9412321946508054E-003
  0.73333333333333328       0.50000000000000000        9.3824427040516503E-004
  0.73333333333333328       0.53333333333333333        4.3327074191053049E-004
  0.73333333333333328       0.56666666666666665        1.9099323364749524E-004
  0.73333333333333328       0.59999999999999998        8.0295515118898115E-005
  0.73333333333333328       0.63333333333333330        3.2163541428694789E-005
  0.73333333333333328       0.66666666666666663        1.2263124292273508E-005
  0.73333333333333328       0.69999999999999996        4.4457507125653485E-006
  0.73333333333333328       0.73333333333333328        1.5307700540797878E-006
  0.73333333333333328       0.76666666666666661        5.0000839714113067E-007
  0.73333333333333328       0.80000000000000004        1.5473590682527026E-007
  0.73333333333333328       0.83333333333333337        4.5305655120171716E-008
  0.73333333333333328       0.86666666666666670        1.2532000636514309E-008
  0.73333333333333328       0.90000000000000002        3.2708920807913602E-009
  0.73333333333333328       0.93333333333333335        8.1115716056903066E-010
  0.73333333333333328       0.96666666666666667        2.2545840808240945E-010
  0.73333333333333328        1.0000000000000000        2.2545840808240945E-010

  0.76666666666666661        0.0000000000000000       0.66913060635885835     
  0.76666666666666661        3.3333333333333333E-002  0.54683930072345432     
  0.76666666666666661        6.6666666666666666E-002  0.43485094102142541     
  0.76666666666666661       0.10000000000000001       0.33569941154198563     
  0.76666666666666661       0.13333333333333333       0.25107268547422751     
  0.76666666666666661       0.16666666666666666       0.18159266890471992     
  0.76666666666666661       0.20000000000000001       0.12680840849346625     
  0.76666666666666661       0.23333333333333334        8.5374117322576396E-002
  0.76666666666666661       0.26666666666666666        5.5344458178906257E-002
  0.76666666666666661       0.29999999999999999        3.4505230374476573E-002
  0.76666666666666661       0.33333333333333331        2.0667731561829016E-002
  0.76666666666666661       0.36666666666666664        1.1881288387627359E-002
  0.76666666666666661       0.40000000000000002        6.5491666316071420E-003
  0.76666666666666661       0.43333333333333335        3.4583194381519028E-003
  0.76666666666666661       0.46666666666666667        1.7478933189847567E-003
  0.76666666666666661       0.50000000000000000        8.4479893561208673E-004
  0.76666666666666661       0.53333333333333333        3.9011872829216730E-004
  0.76666666666666661       0.56666666666666665        1.7197108000972696E-004
  0.76666666666666661       0.59999999999999998        7.2298406552034216E-005
  0.76666666666666661       0.63333333333333330        2.8960182781337910E-005
  0.76666666666666661       0.66666666666666663        1.1041766708490152E-005
  0.76666666666666661       0.69999999999999996        4.0029719215338448E-006
  0.76666666666666661       0.73333333333333328        1.3783115475834639E-006
  0.76666666666666661       0.76666666666666661        4.5020958296875462E-007
  0.76666666666666661       0.80000000000000004        1.3932483630356708E-007
  0.76666666666666661       0.83333333333333337        4.0793395099765748E-008
  0.76666666666666661       0.86666666666666670        1.1283864056260590E-008
  0.76666666666666661       0.90000000000000002        2.9451244580063176E-009
  0.76666666666666661       0.93333333333333335        7.3036918793750770E-010
  0.76666666666666661       0.96666666666666667        2.0300366245835425E-010
  0.76666666666666661        1.0000000000000000        2.0300366245835425E-010

  0.80000000000000004        0.0000000000000000       0.58778525229247325     
  0.80000000000000004        3.3333333333333333E-002  0.48036074465078915     
  0.80000000000000004        6.6666666666666666E-002  0.38198666695096423     
  0.80000000000000004       0.10000000000000001       0.29488886240217432     
  0.80000000000000004       0.13333333333333333       0.22055009944661141     
  0.80000000000000004       0.16666666666666666       0.15951667984139478     
  0.80000000000000004       0.20000000000000001       0.11139247206869649     
  0.80000000000000004       0.23333333333333334        7.4995294809134902E-002
  0.80000000000000004       0.26666666666666666        4.8616303012497801E-002
  0.80000000000000004       0.29999999999999999        3.0310473543328633E-002
  0.80000000000000004       0.33333333333333331        1.8155181805968146E-002
  0.80000000000000004       0.36666666666666664        1.0436895317766729E-002
  0.80000000000000004       0.40000000000000002        5.7529928003325279E-003
  0.80000000000000004       0.43333333333333335        3.0378959565509787E-003
  0.80000000000000004       0.46666666666666667        1.5354041583457191E-003
  0.80000000000000004       0.50000000000000000        7.4209780689489969E-004
  0.80000000000000004       0.53333333333333333        3.4269249224904282E-004
  0.80000000000000004       0.56666666666666665        1.5106477523211010E-004
  0.80000000000000004       0.59999999999999998        6.3509181513572000E-005
  0.80000000000000004       0.63333333333333330        2.5439530311120837E-005
  0.80000000000000004       0.66666666666666663        9.6994332180103472E-006
  0.80000000000000004       0.69999999999999996        3.5163357324542859E-006
  0.80000000000000004       0.73333333333333328        1.2107519713415816E-006
  0.80000000000000004       0.76666666666666661        3.9547817839296071E-007
  0.80000000000000004       0.80000000000000004        1.2238729371972564E-007
  0.80000000000000004       0.83333333333333337        3.5834194106080028E-008
  0.80000000000000004       0.86666666666666670        9.9120991001061188E-009
  0.80000000000000004       0.90000000000000002        2.5870894353524439E-009
  0.80000000000000004       0.93333333333333335        6.4157913764336271E-010
  0.80000000000000004       0.96666666666666667        1.7832476622715789E-010
  0.80000000000000004        1.0000000000000000        1.7832476622715789E-010

  0.83333333333333337        0.0000000000000000       0.49999999999999994     
  0.83333333333333337        3.3333333333333333E-002  0.40861925573778157     
  0.83333333333333337        6.6666666666666666E-002  0.32493726702153913     
  0.83333333333333337       0.10000000000000001       0.25084744917642304     
  0.83333333333333337       0.13333333333333333       0.18761112037638278     
  0.83333333333333337       0.16666666666666666       0.13569299265271603     
  0.83333333333333337       0.20000000000000001        9.4756096409568683E-002
  0.83333333333333337       0.23333333333333334        6.3794808151990151E-002
  0.83333333333333337       0.26666666666666666        4.1355497456668971E-002
  0.83333333333333337       0.29999999999999999        2.5783628821165621E-002
  0.83333333333333337       0.33333333333333331        1.5443720079025051E-002
  0.83333333333333337       0.36666666666666664        8.8781534387438882E-003
  0.83333333333333337       0.40000000000000002        4.8937879760463307E-003
  0.83333333333333337       0.43333333333333335        2.5841886511294839E-003
  0.83333333333333337       0.46666666666666667        1.3060927884438697E-003
  0.83333333333333337       0.50000000000000000        6.3126609931142259E-004
  0.83333333333333337       0.53333333333333333        2.9151164554782342E-004
  0.83333333333333337       0.56666666666666665        1.2850337316471370E-004
  0.83333333333333337       0.59999999999999998        5.4024136592296464E-005
  0.83333333333333337       0.63333333333333330        2.1640157023251162E-005
  0.83333333333333337       0.66666666666666663        8.2508307074571297E-006
  0.83333333333333337       0.69999999999999996        2.9911738332494013E-006
  0.83333333333333337       0.73333333333333328        1.0299271431355422E-006
  0.83333333333333337       0.76666666666666661        3.3641383213556430E-007
  0.83333333333333337       0.80000000000000004        1.0410885033470314E-007
  0.83333333333333337       0.83333333333333337        3.0482386182980880E-008
  0.83333333333333337       0.86666666666666670        8.4317351119707979E-009
  0.83333333333333337       0.90000000000000002        2.2007097194615786E-009
  0.83333333333333337       0.93333333333333335        5.4575981205813121E-010
  0.83333333333333337       0.96666666666666667        1.5169210654032041E-010
  0.83333333333333337        1.0000000000000000        1.5169210654032041E-010

  0.86666666666666670        0.0000000000000000       0.40673664307580004     
  0.86666666666666670        3.3333333333333333E-002  0.33240084874983439     
  0.86666666666666670        6.6666666666666666E-002  0.26432778639713150     
  0.86666666666666670       0.10000000000000001       0.20405769880429142     
  0.86666666666666670       0.13333333333333333       0.15261663461115960     
  0.86666666666666670       0.16666666666666666       0.11038262464094986     
  0.86666666666666670       0.20000000000000001        7.7081553129189712E-002
  0.86666666666666670       0.23333333333333334        5.1895372226810337E-002
  0.86666666666666670       0.26666666666666666        3.3641592416510664E-002
  0.86666666666666670       0.29999999999999999        2.0974293266066715E-002
  0.86666666666666670       0.33333333333333331        1.2563053723089962E-002
  0.86666666666666670       0.36666666666666664        7.2221406527731230E-003
  0.86666666666666670       0.40000000000000002        3.9809657866035977E-003
  0.86666666666666670       0.43333333333333335        2.1021684340699729E-003
  0.86666666666666670       0.46666666666666667        1.0624715926343417E-003
  0.86666666666666670       0.50000000000000000        5.1351810824296540E-004
  0.86666666666666670       0.53333333333333333        2.3713693625524850E-004
  0.86666666666666670       0.56666666666666665        1.0453406124986502E-004
  0.86666666666666670       0.59999999999999998        4.3947191925238327E-005
  0.86666666666666670       0.63333333333333330        1.7603689646540759E-005
  0.86666666666666670       0.66666666666666663        6.7118303690756851E-006
  0.86666666666666670       0.69999999999999996        2.4332400075840697E-006
  0.86666666666666670       0.73333333333333328        8.3781821762319937E-007
  0.86666666666666670       0.76666666666666661        2.7366366553417035E-007
  0.86666666666666670       0.80000000000000004        8.4689768599236110E-008
  0.86666666666666670       0.83333333333333337        2.4796606858011593E-008
  0.86666666666666670       0.86666666666666670        6.8589912694947165E-009
  0.86666666666666670       0.90000000000000002        1.7902185673561770E-009
  0.86666666666666670       0.93333333333333335        4.4396102776440778E-010
  0.86666666666666670       0.96666666666666667        1.2339747639061314E-010
  0.86666666666666670        1.0000000000000000        1.2339747639061314E-010

  0.90000000000000002        0.0000000000000000       0.30901699437494751     
  0.90000000000000002        3.3333333333333333E-002  0.25254058850363453     
  0.90000000000000002        6.6666666666666666E-002  0.20082227523081150     
  0.90000000000000002       0.10000000000000001       0.15503224958224124     
  0.90000000000000002       0.13333333333333333       0.11595004906005252     
  0.90000000000000002       0.16666666666666666        8.3862881494568248E-002
  0.90000000000000002       0.20000000000000001        5.8562488222375329E-002
  0.90000000000000002       0.23333333333333334        3.9427359743708777E-002
  0.90000000000000002       0.26666666666666666        2.5559103049881259E-002
  0.90000000000000002       0.29999999999999999        1.5935158964791737E-002
  0.90000000000000002       0.33333333333333331        9.5447439215766948E-003
  0.90000000000000002       0.36666666666666664        5.4870005824804802E-003
  0.90000000000000002       0.40000000000000002        3.0245273029321888E-003
  0.90000000000000002       0.43333333333333335        1.5971164197397653E-003
  0.90000000000000002       0.46666666666666667        8.0720973571943733E-004
  0.90000000000000002       0.50000000000000000        3.9014390532002573E-004
  0.90000000000000002       0.53333333333333333        1.8016410506496684E-004
  0.90000000000000002       0.56666666666666665        7.9419452284804193E-005
  0.90000000000000002       0.59999999999999998        3.3388752626906130E-005
  0.90000000000000002       0.63333333333333330        1.3374352562253969E-005
  0.90000000000000002       0.66666666666666663        5.0992938126298465E-006
  0.90000000000000002       0.69999999999999996        1.8486470952074403E-006
  0.90000000000000002       0.73333333333333328        6.3652998039384298E-007
  0.90000000000000002       0.76666666666666661        2.0791518254538037E-007
  0.90000000000000002       0.80000000000000004        6.4342808036522407E-008
  0.90000000000000002       0.83333333333333337        1.8839150719282355E-008
  0.90000000000000002       0.86666666666666670        5.2110988833338537E-009
  0.90000000000000002       0.90000000000000002        1.3601134059995015E-009
  0.90000000000000002       0.93333333333333335        3.3729811354567973E-010
  0.90000000000000002       0.96666666666666667        9.3750877666988242E-011
  0.90000000000000002        1.0000000000000000        9.3750877666988242E-011

  0.93333333333333335        0.0000000000000000       0.20791169081775931     
  0.93333333333333335        3.3333333333333333E-002  0.16991344072227318     
  0.93333333333333335        6.6666666666666666E-002  0.13511651319229992     
  0.93333333333333335       0.10000000000000001       0.10430823459118414     
  0.93333333333333335       0.13333333333333333        7.8013090507335847E-002
  0.93333333333333335       0.16666666666666666        5.6424319069095966E-002
  0.93333333333333335       0.20000000000000001        3.9401800439608080E-002
  0.93333333333333335       0.23333333333333334        2.6527372856549700E-002
  0.93333333333333335       0.26666666666666666        1.7196582801651185E-002
  0.93333333333333335       0.29999999999999999        1.0721435727252109E-002
  0.93333333333333335       0.33333333333333331        6.4218599082925560E-003
  0.93333333333333335       0.36666666666666664        3.6917437855774923E-003
  0.93333333333333335       0.40000000000000002        2.0349514652068259E-003
  0.93333333333333335       0.43333333333333335        1.0745660636967914E-003
  0.93333333333333335       0.46666666666666667        5.4310392002049389E-004
  0.93333333333333335       0.50000000000000000        2.6249520412753889E-004
  0.93333333333333335       0.53333333333333333        1.2121735823783064E-004
  0.93333333333333335       0.56666666666666665        5.3434707180922203E-005
  0.93333333333333335       0.59999999999999998        2.2464499167747881E-005
  0.93333333333333335       0.63333333333333330        8.9984832725319178E-006
  0.93333333333333335       0.66666666666666663        3.4308883260770023E-006
  0.93333333333333335       0.69999999999999996        1.2438000184014429E-006
  0.93333333333333335       0.73333333333333328        4.2826778749683006E-007
  0.93333333333333335       0.76666666666666661        1.3988873730757406E-007
  0.93333333333333335       0.80000000000000004        4.3290894204362362E-008
  0.93333333333333335       0.83333333333333337        1.2675288902926919E-008
  0.93333333333333335       0.86666666666666670        3.5061126073146357E-009
  0.93333333333333335       0.90000000000000002        9.1510655754466731E-010
  0.93333333333333335       0.93333333333333335        2.2693969061077725E-010
  0.93333333333333335       0.96666666666666667        6.3077124709011423E-011
  0.93333333333333335        1.0000000000000000        6.3077124709011423E-011

  0.96666666666666667        0.0000000000000000       0.10452846326765373     
  0.96666666666666667        3.3333333333333333E-002   8.5424685727685287E-002
  0.96666666666666667        6.6666666666666666E-002   6.7930386360305350E-002
  0.96666666666666667       0.10000000000000001        5.2441396754044627E-002
  0.96666666666666667       0.13333333333333333        3.9221404209732087E-002
  0.96666666666666667       0.16666666666666666        2.8367559996354801E-002
  0.96666666666666667       0.20000000000000001        1.9809418285867662E-002
  0.96666666666666667       0.23333333333333334        1.3336746521164605E-002
  0.96666666666666667       0.26666666666666666        8.6456531936299173E-003
  0.96666666666666667       0.29999999999999999        5.3902461962800439E-003
  0.96666666666666667       0.33333333333333331        3.2286166539925850E-003
  0.96666666666666667       0.36666666666666664        1.8560394712126636E-003
  0.96666666666666667       0.40000000000000002        1.0230802733876862E-003
  0.96666666666666667       0.43333333333333335        5.4024253699255038E-004
  0.96666666666666667       0.46666666666666667        2.7304774412200420E-004
  0.96666666666666667       0.50000000000000000        1.3197055054797784E-004
  0.96666666666666667       0.53333333333333333        6.0942528667477756E-005
  0.96666666666666667       0.56666666666666665        2.6864520243234681E-005
  0.96666666666666667       0.59999999999999998        1.1294119954709108E-005
  0.96666666666666667       0.63333333333333330        4.5240247170223252E-006
  0.96666666666666667       0.66666666666666663        1.7248933090641195E-006
  0.96666666666666667       0.69999999999999996        6.2532560831195260E-007
  0.96666666666666667       0.73333333333333328        2.1531340309920561E-007
  0.96666666666666667       0.76666666666666661        7.0329641790225746E-008
  0.96666666666666667       0.80000000000000004        2.1764676276097300E-008
  0.96666666666666667       0.83333333333333337        6.3725539688762884E-009
  0.96666666666666667       0.86666666666666670        1.7627126278684473E-009
  0.96666666666666667       0.90000000000000002        4.6007361014701532E-010
  0.96666666666666667       0.93333333333333335        1.1409486893535966E-010
  0.96666666666666667       0.96666666666666667        3.1712285572985729E-011
  0.96666666666666667        1.0000000000000000        3.1712285572985729E-011

   1.0000000000000000        0.0000000000000000        1.2246467991473532E-016
   1.0000000000000000        3.3333333333333333E-002   0.0000000000000000     
   1.0000000000000000        6.6666666666666666E-002   0.0000000000000000     
   1.0000000000000000       0.10000000000000001        0.0000000000000000     
   1.0000000000000000       0.13333333333333333        0.0000000000000000     
   1.0000000000000000       0.16666666666666666        0.0000000000000000     
   1.0000000000000000       0.20000000000000001        0.0000000000000000     
   1.0000000000000000       0.23333333333333334        0.0000000000000000     
   1.0000000000000000       0.26666666666666666        0.0000000000000000     
   1.0000000000000000       0.29999999999999999        0.0000000000000000     
   1.0000000000000000       0.33333333333333331        0.0000000000000000     
   1.0000000000000000       0.36666666666666664        0.0000000000000000     
   1.0000000000000000       0.40000000000000002        0.0000000000000000     
   1.0000000000000000       0.43333333333333335        0.0000000000000000     
   1.0000000000000000       0.46666666666666667        0.0000000000000000     
   1.0000000000000000       0.50000000000000000        0.0000000000000000     
   1.0000000000000000       0.53333333333333333        0.0000000000000000     
   1.0000000000000000       0.56666666666666665        0.0000000000000000     
   1.0000000000000000       0.59999999999999998        0.0000000000000000     
   1.0000000000000000       0.63333333333333330        0.0000000000000000     
   1.0000000000000000       0.66666666666666663        0.0000000000000000     
   1.0000000000000000       0.69999999999999996        0.0000000000000000     
   1.0000000000000000       0.73333333333333328        0.0000000000000000     
   1.0000000000000000       0.76666666666666661        0.0000000000000000     
   1.0000000000000000       0.80000000000000004        0.0000000000000000     
   1.0000000000000000       0.83333333333333337        0.0000000000000000     
   1.0000000000000000       0.86666666666666670        0.0000000000000000     
   1.0000000000000000       0.90000000000000002        0.0000000000000000     
   1.0000000000000000       0.93333333333333335        0.0000000000000000     
   1.0000000000000000       0.96666666666666667        0.0000000000000000     
   1.0000000000000000        1.0000000000000000        0.0000000000000000     

