   0.0000000000000000        0.0000000000000000        0.0000000000000000     
   0.0000000000000000        3.3333333333333333E-002   0.0000000000000000     
   0.0000000000000000        6.6666666666666666E-002   0.0000000000000000     
   0.0000000000000000       0.10000000000000001        0.0000000000000000     
   0.0000000000000000       0.13333333333333333        0.0000000000000000     
   0.0000000000000000       0.16666666666666666        0.0000000000000000     
   0.0000000000000000       0.20000000000000001        0.0000000000000000     
   0.0000000000000000       0.23333333333333334        0.0000000000000000     
   0.0000000000000000       0.26666666666666666        0.0000000000000000     
   0.0000000000000000       0.29999999999999999        0.0000000000000000     
   0.0000000000000000       0.33333333333333331        0.0000000000000000     
   0.0000000000000000       0.36666666666666664        0.0000000000000000     
   0.0000000000000000       0.40000000000000002        0.0000000000000000     
   0.0000000000000000       0.43333333333333335        0.0000000000000000     
   0.0000000000000000       0.46666666666666667        0.0000000000000000     
   0.0000000000000000       0.50000000000000000        0.0000000000000000     
   0.0000000000000000       0.53333333333333333        0.0000000000000000     
   0.0000000000000000       0.56666666666666665        0.0000000000000000     
   0.0000000000000000       0.59999999999999998        0.0000000000000000     
   0.0000000000000000       0.63333333333333330        0.0000000000000000     
   0.0000000000000000       0.66666666666666663        0.0000000000000000     
   0.0000000000000000       0.69999999999999996        0.0000000000000000     
   0.0000000000000000       0.73333333333333328        0.0000000000000000     
   0.0000000000000000       0.76666666666666661        0.0000000000000000     
   0.0000000000000000       0.80000000000000004        0.0000000000000000     
   0.0000000000000000       0.83333333333333337        0.0000000000000000     
   0.0000000000000000       0.86666666666666670        0.0000000000000000     
   0.0000000000000000       0.90000000000000002        0.0000000000000000     
   0.0000000000000000       0.93333333333333335        0.0000000000000000     
   0.0000000000000000       0.96666666666666667        0.0000000000000000     
   0.0000000000000000        1.0000000000000000        0.0000000000000000     

   3.3333333333333333E-002   0.0000000000000000       0.10452846326765346     
   3.3333333333333333E-002   3.3333333333333333E-002   8.5723052490651680E-002
   3.3333333333333333E-002   6.6666666666666666E-002   6.8489357473641682E-002
   3.3333333333333333E-002  0.10000000000000001        5.3193264716491488E-002
   3.3333333333333333E-002  0.13333333333333333        4.0081926875385775E-002
   3.3333333333333333E-002  0.16666666666666666        2.9251314773696493E-002
   3.3333333333333333E-002  0.20000000000000001        2.0643278992147018E-002
   3.3333333333333333E-002  0.23333333333333334        1.4068681201514558E-002
   3.3333333333333333E-002  0.26666666666666666        9.2477480174531466E-003
   3.3333333333333333E-002  0.29999999999999999        5.8565724139133151E-003
   3.3333333333333333E-002  0.33333333333333331        3.5697156065406066E-003
   3.3333333333333333E-002  0.36666666666666664        2.0921637809939906E-003
   3.3333333333333333E-002  0.40000000000000002        1.1779939601348343E-003
   3.3333333333333333E-002  0.43333333333333335        6.3665813286156617E-004
   3.3333333333333333E-002  0.46666666666666667        3.3000997229149138E-004
   3.3333333333333333E-002  0.50000000000000000        1.6392794030373580E-004
   3.3333333333333333E-002  0.53333333333333333        7.7970950184254453E-005
   3.3333333333333333E-002  0.56666666666666665        3.5482341361898367E-005
   3.3333333333333333E-002  0.59999999999999998        1.5435827234129989E-005
   3.3333333333333333E-002  0.63333333333333330        6.4137719693511152E-006
   3.3333333333333333E-002  0.66666666666666663        2.5431758817390703E-006
   3.3333333333333333E-002  0.69999999999999996        9.6142140816538950E-007
   3.3333333333333333E-002  0.73333333333333328        3.4617777791665427E-007
   3.3333333333333333E-002  0.76666666666666661        1.1859886216055286E-007
   3.3333333333333333E-002  0.80000000000000004        3.8616787586824329E-008
   3.3333333333333333E-002  0.83333333333333337        1.1936336261576198E-008
   3.3333333333333333E-002  0.86666666666666670        3.4980347201520888E-009
   3.3333333333333333E-002  0.90000000000000002        9.7115384177363327E-010
   3.3333333333333333E-002  0.93333333333333335        2.5777134240438859E-010
   3.3333333333333333E-002  0.96666666666666667        7.7710841394694370E-011
   3.3333333333333333E-002   1.0000000000000000        7.7710841394694370E-011

   6.6666666666666666E-002   0.0000000000000000       0.20791169081775931     
   6.6666666666666666E-002   3.3333333333333333E-002  0.17050690527951379     
   6.6666666666666666E-002   6.6666666666666666E-002  0.13622833121448269     
   6.6666666666666666E-002  0.10000000000000001       0.10580373289334283     
   6.6666666666666666E-002  0.13333333333333333        7.9724707772242373E-002
   6.6666666666666666E-002  0.16666666666666666        5.8182146021501222E-002
   6.6666666666666666E-002  0.20000000000000001        4.1060385899772227E-002
   6.6666666666666666E-002  0.23333333333333334        2.7983222987724512E-002
   6.6666666666666666E-002  0.26666666666666666        1.8394175772411391E-002
   6.6666666666666666E-002  0.29999999999999999        1.1648978994893228E-002
   6.6666666666666666E-002  0.33333333333333331        7.1003206618849403E-003
   6.6666666666666666E-002  0.36666666666666664        4.1614053777899937E-003
   6.6666666666666666E-002  0.40000000000000002        2.3430815719313472E-003
   6.6666666666666666E-002  0.43333333333333335        1.2663409059902213E-003
   6.6666666666666666E-002  0.46666666666666667        6.5640428626753081E-004
   6.6666666666666666E-002  0.50000000000000000        3.2605985178937700E-004
   6.6666666666666666E-002  0.53333333333333333        1.5508763432181991E-004
   6.6666666666666666E-002  0.56666666666666665        7.0575930766678487E-005
   6.6666666666666666E-002  0.59999999999999998        3.0702536314928339E-005
   6.6666666666666666E-002  0.63333333333333330        1.2757273310837947E-005
   6.6666666666666666E-002  0.66666666666666663        5.0584881963240408E-006
   6.6666666666666666E-002  0.69999999999999996        1.9123092821925550E-006
   6.6666666666666666E-002  0.73333333333333328        6.8856275965609644E-007
   6.6666666666666666E-002  0.76666666666666661        2.3589833036886722E-007
   6.6666666666666666E-002  0.80000000000000004        7.6810481567765081E-008
   6.6666666666666666E-002  0.83333333333333337        2.3741895525231619E-008
   6.6666666666666666E-002  0.86666666666666670        6.9577442398993659E-009
   6.6666666666666666E-002  0.90000000000000002        1.9316675188297879E-009
   6.6666666666666666E-002  0.93333333333333335        5.1271848803927337E-010
   6.6666666666666666E-002  0.96666666666666667        1.5457026654902942E-010
   6.6666666666666666E-002   1.0000000000000000        1.5457026654902942E-010

  0.10000000000000001        0.0000000000000000       0.30901699437494740     
  0.10000000000000001        3.3333333333333333E-002  0.25342264873326975     
  0.10000000000000001        6.6666666666666666E-002  0.20247475885092681     
  0.10000000000000001       0.10000000000000001       0.15725499323176018     
  0.10000000000000001       0.13333333333333333       0.11849400808727864     
  0.10000000000000001       0.16666666666666666        8.6475521502097585E-002
  0.10000000000000001       0.20000000000000001        6.1027626627041386E-002
  0.10000000000000001       0.23333333333333334        4.1591174727015075E-002
  0.10000000000000001       0.26666666666666666        2.7339073088378355E-002
  0.10000000000000001       0.29999999999999999        1.7313756924299518E-002
  0.10000000000000001       0.33333333333333331        1.0553133118220039E-002
  0.10000000000000001       0.36666666666666664        6.1850537464368700E-003
  0.10000000000000001       0.40000000000000002        3.4824978917044392E-003
  0.10000000000000001       0.43333333333333335        1.8821493831539769E-003
  0.10000000000000001       0.46666666666666667        9.7560689752179545E-004
  0.10000000000000001       0.50000000000000000        4.8461938330640315E-004
  0.10000000000000001       0.53333333333333333        2.3050514588358163E-004
  0.10000000000000001       0.56666666666666665        1.0489627550501590E-004
  0.10000000000000001       0.59999999999999998        4.5632861982941560E-005
  0.10000000000000001       0.63333333333333330        1.8961003296300174E-005
  0.10000000000000001       0.66666666666666663        7.5183786556733752E-006
  0.10000000000000001       0.69999999999999996        2.8422454955475742E-006
  0.10000000000000001       0.73333333333333328        1.0234037037097253E-006
  0.10000000000000001       0.76666666666666661        3.5061324710476110E-007
  0.10000000000000001       0.80000000000000004        1.1416262383902279E-007
  0.10000000000000001       0.83333333333333337        3.5287333613201562E-008
  0.10000000000000001       0.86666666666666670        1.0341223257752718E-008
  0.10000000000000001       0.90000000000000002        2.8710174423222281E-009
  0.10000000000000001       0.93333333333333335        7.6204818262595871E-010
  0.10000000000000001       0.96666666666666667        2.2973618751714557E-010
  0.10000000000000001        1.0000000000000000        2.2973618751714557E-010

  0.13333333333333333        0.0000000000000000       0.40673664307580015     
  0.13333333333333333        3.3333333333333333E-002  0.33356184061540534     
  0.13333333333333333        6.6666666666666666E-002  0.26650283065883285     
  0.13333333333333333       0.10000000000000001       0.20698333495660745     
  0.13333333333333333       0.13333333333333333       0.15596506325324536     
  0.13333333333333333       0.16666666666666666       0.11382145307295072     
  0.13333333333333333       0.20000000000000001        8.0326235906132790E-002
  0.13333333333333333       0.23333333333333334        5.4743444852483621E-002
  0.13333333333333333       0.26666666666666666        3.5984437798520195E-002
  0.13333333333333333       0.29999999999999999        2.2788841709706621E-002
  0.13333333333333333       0.33333333333333331        1.3890323239726842E-002
  0.13333333333333333       0.36666666666666664        8.1409373719320780E-003
  0.13333333333333333       0.40000000000000002        4.5837592358164824E-003
  0.13333333333333333       0.43333333333333335        2.4773366378108177E-003
  0.13333333333333333       0.46666666666666667        1.2841205554479430E-003
  0.13333333333333333       0.50000000000000000        6.3786932344679875E-004
  0.13333333333333333       0.53333333333333333        3.0339719483073998E-004
  0.13333333333333333       0.56666666666666665        1.3806735469796348E-004
  0.13333333333333333       0.59999999999999998        6.0063224465779389E-005
  0.13333333333333333       0.63333333333333330        2.4956992561803103E-005
  0.13333333333333333       0.66666666666666663        9.8958961851492714E-006
  0.13333333333333333       0.69999999999999996        3.7410414724752667E-006
  0.13333333333333333       0.73333333333333328        1.3470320226245175E-006
  0.13333333333333333       0.76666666666666661        4.6148677173483626E-007
  0.13333333333333333       0.80000000000000004        1.5026397651343526E-007
  0.13333333333333333       0.83333333333333337        4.6446156289755970E-008
  0.13333333333333333       0.86666666666666670        1.3611401669554045E-008
  0.13333333333333333       0.90000000000000002        3.7789118979175616E-009
  0.13333333333333333       0.93333333333333335        1.0030287178549593E-009
  0.13333333333333333       0.96666666666666667        3.0238507073943592E-010
  0.13333333333333333        1.0000000000000000        3.0238507073943592E-010

  0.16666666666666666        0.0000000000000000       0.49999999999999994     
  0.16666666666666666        3.3333333333333333E-002  0.41004645916945598     
  0.16666666666666666        6.6666666666666666E-002  0.32761104168473820     
  0.16666666666666666       0.10000000000000001       0.25444392394962267     
  0.16666666666666666       0.13333333333333333       0.19172733254842175     
  0.16666666666666666       0.16666666666666666       0.13992033298526627     
  0.16666666666666666       0.20000000000000001        9.8744774135291064E-002
  0.16666666666666666       0.23333333333333334        6.7295934340346031E-002
  0.16666666666666666       0.26666666666666666        4.4235549477913735E-002
  0.16666666666666666       0.29999999999999999        2.8014247176470462E-002
  0.16666666666666666       0.33333333333333331        1.7075328073082187E-002
  0.16666666666666666       0.36666666666666664        1.0007627183979729E-002
  0.16666666666666666       0.40000000000000002        5.6347999545276325E-003
  0.16666666666666666       0.43333333333333335        3.0453816738477838E-003
  0.16666666666666666       0.46666666666666667        1.5785651198491008E-003
  0.16666666666666666       0.50000000000000000        7.8413063379677381E-004
  0.16666666666666666       0.53333333333333333        3.7296516062138794E-004
  0.16666666666666666       0.56666666666666665        1.6972573906038875E-004
  0.16666666666666666       0.59999999999999998        7.3835521692332373E-005
  0.16666666666666666       0.63333333333333330        3.0679547794212466E-005
  0.16666666666666666       0.66666666666666663        1.2164992205171262E-005
  0.16666666666666666       0.69999999999999996        4.5988498161672621E-006
  0.16666666666666666       0.73333333333333328        1.6559019768148625E-006
  0.16666666666666666       0.76666666666666661        5.6730415072146907E-007
  0.16666666666666666       0.80000000000000004        1.8471900561640789E-007
  0.16666666666666666       0.83333333333333337        5.7096105158516764E-008
  0.16666666666666666       0.86666666666666670        1.6732450716294813E-008
  0.16666666666666666       0.90000000000000002        4.6454038039711552E-009
  0.16666666666666666       0.93333333333333335        1.2330198605538881E-009
  0.16666666666666666       0.96666666666666667        3.7172095984856088E-010
  0.16666666666666666        1.0000000000000000        3.7172095984856088E-010

  0.20000000000000001        0.0000000000000000       0.58778525229247314     
  0.20000000000000001        3.3333333333333333E-002  0.48203852290910792     
  0.20000000000000001        6.6666666666666666E-002  0.38512987758092748     
  0.20000000000000001       0.10000000000000001       0.29911677206603160     
  0.20000000000000001       0.13333333333333333       0.22538899706667395     
  0.20000000000000001       0.16666666666666666       0.16448621644918318     
  0.20000000000000001       0.20000000000000001       0.11608144395535067     
  0.20000000000000001       0.23333333333333334        7.9111115488996006E-002
  0.20000000000000001       0.26666666666666666        5.2002007220343406E-002
  0.20000000000000001       0.29999999999999999        3.2932722688810791E-002
  0.20000000000000001       0.33333333333333331        2.0073252038826723E-002
  0.20000000000000001       0.36666666666666664        1.1764671338369077E-002
  0.20000000000000001       0.40000000000000002        6.6241046257792821E-003
  0.20000000000000001       0.43333333333333335        3.5800608709789872E-003
  0.20000000000000001       0.46666666666666667        1.8557145944612036E-003
  0.20000000000000001       0.50000000000000000        9.2180084483298706E-004
  0.20000000000000001       0.53333333333333333        4.3844684206429058E-004
  0.20000000000000001       0.56666666666666665        1.9952457270827414E-004
  0.20000000000000001       0.59999999999999998        8.6798861492147914E-005
  0.20000000000000001       0.63333333333333330        3.6065971480880327E-005
  0.20000000000000001       0.66666666666666663        1.4300806024905120E-005
  0.20000000000000001       0.69999999999999996        5.4062721989021362E-006
  0.20000000000000001       0.73333333333333328        1.9466295224274580E-006
  0.20000000000000001       0.76666666666666661        6.6690602671677184E-007
  0.20000000000000001       0.80000000000000004        2.1715021463891014E-007
  0.20000000000000001       0.83333333333333337        6.7120497151032709E-008
  0.20000000000000001       0.86666666666666670        1.9670175531497441E-008
  0.20000000000000001       0.90000000000000002        5.4609996938351999E-009
  0.20000000000000001       0.93333333333333335        1.4495017796345941E-009
  0.20000000000000001       0.96666666666666667        4.3698419633397318E-010
  0.20000000000000001        1.0000000000000000        4.3698419633397318E-010

  0.23333333333333334        0.0000000000000000       0.66913060635885824     
  0.23333333333333334        3.3333333333333333E-002  0.54874927171872179     
  0.23333333333333334        6.6666666666666666E-002  0.43842914994473203     
  0.23333333333333334       0.10000000000000001       0.34051243423347644     
  0.23333333333333334       0.13333333333333333       0.25658125256738379     
  0.23333333333333334       0.16666666666666666       0.18724995450472914     
  0.23333333333333334       0.20000000000000001       0.13214630118383161     
  0.23333333333333334       0.23333333333333334        9.0059538701283304E-002
  0.23333333333333334       0.26666666666666666        5.9198720089547387E-002
  0.23333333333333334       0.29999999999999999        3.7490380399757224E-002
  0.23333333333333334       0.33333333333333331        2.2851249254635834E-002
  0.23333333333333334       0.36666666666666664        1.3392819291659497E-002
  0.23333333333333334       0.40000000000000002        7.5408342205678831E-003
  0.23333333333333334       0.43333333333333335        4.0755161720318440E-003
  0.23333333333333334       0.46666666666666667        2.1125324716431445E-003
  0.23333333333333334       0.50000000000000000        1.0493716129139821E-003
  0.23333333333333334       0.53333333333333333        4.9912480815463651E-004
  0.23333333333333334       0.56666666666666665        2.2713737338436656E-004
  0.23333333333333334       0.59999999999999998        9.8811214801625976E-005
  0.23333333333333334       0.63333333333333330        4.1057248836713926E-005
  0.23333333333333334       0.66666666666666663        1.6279937221194063E-005
  0.23333333333333334       0.69999999999999996        6.1544623320906489E-006
  0.23333333333333334       0.73333333333333328        2.2160293876339220E-006
  0.23333333333333334       0.76666666666666661        7.5920114072430748E-007
  0.23333333333333334       0.80000000000000004        2.4720228046822473E-007
  0.23333333333333334       0.83333333333333337        7.6409502930894914E-008
  0.23333333333333334       0.86666666666666670        2.2392389787328117E-008
  0.23333333333333334       0.90000000000000002        6.2167637282659306E-009
  0.23333333333333334       0.93333333333333335        1.6501026538898759E-009
  0.23333333333333334       0.96666666666666667        4.9745974251952859E-010
  0.23333333333333334        1.0000000000000000        4.9745974251952859E-010

  0.26666666666666666        0.0000000000000000       0.74314482547739413     
  0.26666666666666666        3.3333333333333333E-002  0.60944780867421766     
  0.26666666666666666        6.6666666666666666E-002  0.48692490079454415     
  0.26666666666666666       0.10000000000000001       0.37817737091465142     
  0.26666666666666666       0.13333333333333333       0.28496235017188642     
  0.26666666666666666       0.16666666666666666       0.20796214287414916     
  0.26666666666666666       0.20000000000000001       0.14676333588315119     
  0.26666666666666666       0.23333333333333334       0.10002125076138926     
  0.26666666666666666       0.26666666666666666        6.5746839393321682E-002
  0.26666666666666666       0.29999999999999999        4.1637285657677450E-002
  0.26666666666666666       0.33333333333333331        2.5378883401679823E-002
  0.26666666666666666       0.36666666666666664        1.4874232714162884E-002
  0.26666666666666666       0.40000000000000002        8.3749448576149327E-003
  0.26666666666666666       0.43333333333333335        4.5263192650473313E-003
  0.26666666666666666       0.46666666666666667        2.3462050009899235E-003
  0.26666666666666666       0.50000000000000000        1.1654452460087639E-003
  0.26666666666666666       0.53333333333333333        5.5433425839825936E-004
  0.26666666666666666       0.56666666666666665        2.5226160946610870E-004
  0.26666666666666666       0.59999999999999998        1.0974097176416140E-004
  0.26666666666666666       0.63333333333333330        4.5598694382510800E-005
  0.26666666666666666       0.66666666666666663        1.8080702018491719E-005
  0.26666666666666666       0.69999999999999996        6.8352228880647330E-006
  0.26666666666666666       0.73333333333333328        2.4611499711355068E-006
  0.26666666666666666       0.76666666666666661        8.4317828816101487E-007
  0.26666666666666666       0.80000000000000004        2.7454594638232652E-007
  0.26666666666666666       0.83333333333333337        8.4861350206929772E-008
  0.26666666666666666       0.86666666666666670        2.4869268334740014E-008
  0.26666666666666666       0.90000000000000002        6.9044155983483357E-009
  0.26666666666666666       0.93333333333333335        1.8326246581629600E-009
  0.26666666666666666       0.96666666666666667        5.5248501566589647E-010
  0.26666666666666666        1.0000000000000000        5.5248501566589647E-010

  0.29999999999999999        0.0000000000000000       0.80901699437494745     
  0.29999999999999999        3.3333333333333333E-002  0.66346910790272573     
  0.29999999999999999        6.6666666666666666E-002  0.53008580053566501     
  0.29999999999999999       0.10000000000000001       0.41169891718138285     
  0.29999999999999999       0.13333333333333333       0.31022134063570039     
  0.29999999999999999       0.16666666666666666       0.22639585448736385     
  0.29999999999999999       0.20000000000000001       0.15977240076233246     
  0.29999999999999999       0.23333333333333334       0.10888710906736111     
  0.29999999999999999       0.26666666666666666        7.1574622566292087E-002
  0.29999999999999999       0.29999999999999999        4.5328004100769981E-002
  0.29999999999999999       0.33333333333333331        2.7628461191302224E-002
  0.29999999999999999       0.36666666666666664        1.6192680930416599E-002
  0.29999999999999999       0.40000000000000002        9.1172978462320722E-003
  0.29999999999999999       0.43333333333333335        4.9275310570017607E-003
  0.29999999999999999       0.46666666666666667        2.5541720173708963E-003
  0.29999999999999999       0.50000000000000000        1.2687500171031771E-003
  0.29999999999999999       0.53333333333333333        6.0347030650496957E-004
  0.29999999999999999       0.56666666666666665        2.7462201456540468E-004
  0.29999999999999999       0.59999999999999998        1.1946838367527395E-004
  0.29999999999999999       0.63333333333333330        4.9640551090512646E-005
  0.29999999999999999       0.66666666666666663        1.9683370860844636E-005
  0.29999999999999999       0.69999999999999996        7.4410953117148359E-006
  0.29999999999999999       0.73333333333333328        2.6793056805245872E-006
  0.29999999999999999       0.76666666666666661        9.1791739782623007E-007
  0.29999999999999999       0.80000000000000004        2.9888162945543063E-007
  0.29999999999999999       0.83333333333333337        9.2383438771718313E-008
  0.29999999999999999       0.86666666666666670        2.7073673974047529E-008
  0.29999999999999999       0.90000000000000002        7.5164212462933825E-009
  0.29999999999999999       0.93333333333333335        1.9950680431798462E-009
  0.29999999999999999       0.96666666666666667        6.0145714736570637E-010
  0.29999999999999999        1.0000000000000000        6.0145714736570637E-010

  0.33333333333333331        0.0000000000000000       0.86602540378443860     
  0.33333333333333331        3.3333333333333333E-002  0.71022130074521483     
  0.33333333333333331        6.6666666666666666E-002  0.56743896931853177     
  0.33333333333333331       0.10000000000000001       0.44070980395793796     
  0.33333333333333331       0.13333333333333333       0.33208148117352060     
  0.33333333333333331       0.16666666666666666       0.24234912574243664     
  0.33333333333333331       0.20000000000000001       0.17103096578423727     
  0.33333333333333331       0.23333333333333334       0.11655997742029849     
  0.33333333333333331       0.26666666666666666        7.6618219196473519E-002
  0.33333333333333331       0.29999999999999999        4.8522099445439802E-002
  0.33333333333333331       0.33333333333333331        2.9575335778485524E-002
  0.33333333333333331       0.36666666666666664        1.7333718745860340E-002
  0.33333333333333331       0.40000000000000002        9.7597598117286598E-003
  0.33333333333333331       0.43333333333333335        5.2747557875435129E-003
  0.33333333333333331       0.46666666666666667        2.7341549906346962E-003
  0.33333333333333331       0.50000000000000000        1.3581540975071975E-003
  0.33333333333333331       0.53333333333333333        6.4599460764933102E-004
  0.33333333333333331       0.56666666666666665        2.9397360340477092E-004
  0.33333333333333331       0.59999999999999998        1.2788687497447367E-004
  0.33333333333333331       0.63333333333333330        5.3138535532813677E-005
  0.33333333333333331       0.66666666666666663        2.1070384573035983E-005
  0.33333333333333331       0.69999999999999996        7.9654415379804883E-006
  0.33333333333333331       0.73333333333333328        2.8681063561970828E-006
  0.33333333333333331       0.76666666666666661        9.8259961239429637E-007
  0.33333333333333331       0.80000000000000004        3.1994270285121925E-007
  0.33333333333333331       0.83333333333333337        9.8893355048846486E-008
  0.33333333333333331       0.86666666666666670        2.8981454775764871E-008
  0.33333333333333331       0.90000000000000002        8.0460754101517748E-009
  0.33333333333333331       0.93333333333333335        2.1356530452208262E-009
  0.33333333333333331       0.96666666666666667        6.4383958869597795E-010
  0.33333333333333331        1.0000000000000000        6.4383958869597795E-010

  0.36666666666666664        0.0000000000000000       0.91354545764260087     
  0.36666666666666664        3.3333333333333333E-002  0.74919216039337744     
  0.36666666666666664        6.6666666666666666E-002  0.59857515800930672     
  0.36666666666666664       0.10000000000000001       0.46489218189787435     
  0.36666666666666664       0.13333333333333333       0.35030326751108615     
  0.36666666666666664       0.16666666666666666       0.25564716926106035     
  0.36666666666666664       0.20000000000000001       0.18041567975447947     
  0.36666666666666664       0.23333333333333334       0.12295579026887568     
  0.36666666666666664       0.26666666666666666        8.0822370583745251E-002
  0.36666666666666664       0.29999999999999999        5.1184576514683298E-002
  0.36666666666666664       0.33333333333333331        3.1198176797842831E-002
  0.36666666666666664       0.36666666666666664        1.8284844711410592E-002
  0.36666666666666664       0.40000000000000002        1.0295291806366905E-002
  0.36666666666666664       0.43333333333333335        5.5641891898633271E-003
  0.36666666666666664       0.46666666666666667        2.8841819896623872E-003
  0.36666666666666664       0.50000000000000000        1.4326779574069127E-003
  0.36666666666666664       0.53333333333333333        6.8144125668922399E-004
  0.36666666666666664       0.56666666666666665        3.1010435592730300E-004
  0.36666666666666664       0.59999999999999998        1.3490421090940394E-004
  0.36666666666666664       0.63333333333333330        5.6054323059863755E-005
  0.36666666666666664       0.66666666666666663        2.2226546742583709E-005
  0.36666666666666664       0.69999999999999996        8.4025167198802254E-006
  0.36666666666666664       0.73333333333333328        3.0254834584412419E-006
  0.36666666666666664       0.76666666666666661        1.0365162599867830E-006
  0.36666666666666664       0.80000000000000004        3.3749841704225495E-007
  0.36666666666666664       0.83333333333333337        1.0431977503329452E-007
  0.36666666666666664       0.86666666666666670        3.0571708694199620E-008
  0.36666666666666664       0.90000000000000002        8.4875750880670146E-009
  0.36666666666666664       0.93333333333333335        2.2528393855842347E-009
  0.36666666666666664       0.96666666666666667        6.7916798876040076E-010
  0.36666666666666664        1.0000000000000000        6.7916798876040076E-010

  0.40000000000000002        0.0000000000000000       0.95105651629515353     
  0.40000000000000002        3.3333333333333333E-002  0.77995471395373150     
  0.40000000000000002        6.6666666666666666E-002  0.62315323200902684     
  0.40000000000000002       0.10000000000000001       0.48398110380799431     
  0.40000000000000002       0.13333333333333333       0.36468705794412876     
  0.40000000000000002       0.16666666666666666       0.26614428889565039     
  0.40000000000000002       0.20000000000000001       0.18782372178292342     
  0.40000000000000002       0.23333333333333334       0.12800447374911378     
  0.40000000000000002       0.26666666666666666        8.4141015165733080E-002
  0.40000000000000002       0.29999999999999999        5.3286264652570678E-002
  0.40000000000000002       0.33333333333333331        3.2479204063564762E-002
  0.40000000000000002       0.36666666666666664        1.9035638091952880E-002
  0.40000000000000002       0.40000000000000002        1.0718026429546281E-002
  0.40000000000000002       0.43333333333333335        5.7926601710375529E-003
  0.40000000000000002       0.46666666666666667        3.0026092872574546E-003
  0.40000000000000002       0.50000000000000000        1.4915050977981409E-003
  0.40000000000000002       0.53333333333333333        7.0942189272007929E-004
  0.40000000000000002       0.56666666666666665        3.2283754023278719E-004
  0.40000000000000002       0.59999999999999998        1.4044350807908976E-004
  0.40000000000000002       0.63333333333333330        5.8355967693348758E-005
  0.40000000000000002       0.66666666666666663        2.3139190214815758E-005
  0.40000000000000002       0.69999999999999996        8.7475321702572881E-006
  0.40000000000000002       0.73333333333333328        3.1497127307916026E-006
  0.40000000000000002       0.76666666666666661        1.0790766185298821E-006
  0.40000000000000002       0.80000000000000004        3.5135642795009160E-007
  0.40000000000000002       0.83333333333333337        1.0860324573216139E-007
  0.40000000000000002       0.86666666666666670        3.1827012574639382E-008
  0.40000000000000002       0.90000000000000002        8.8360831171781232E-009
  0.40000000000000002       0.93333333333333335        2.3453431462022333E-009
  0.40000000000000002       0.96666666666666667        7.0705528221492581E-010
  0.40000000000000002        1.0000000000000000        7.0705528221492581E-010

  0.43333333333333335        0.0000000000000000       0.97814760073380569     
  0.43333333333333335        3.3333333333333333E-002  0.80217192045199148     
  0.43333333333333335        6.6666666666666666E-002  0.64090390879565895     
  0.43333333333333335       0.10000000000000001       0.49776742746523661     
  0.43333333333333335       0.13333333333333333       0.37507526065466246     
  0.43333333333333335       0.16666666666666666       0.27372547600682673     
  0.43333333333333335       0.20000000000000001       0.19317392781087300     
  0.43333333333333335       0.23333333333333334       0.13165071342829837     
  0.43333333333333335       0.26666666666666666        8.6537793177925731E-002
  0.43333333333333335       0.29999999999999999        5.4804137324056743E-002
  0.43333333333333335       0.33333333333333331        3.3404382372855874E-002
  0.43333333333333335       0.36666666666666664        1.9577873038096369E-002
  0.43333333333333335       0.40000000000000002        1.1023332112272324E-002
  0.43333333333333335       0.43333333333333335        5.9576655551858209E-003
  0.43333333333333335       0.46666666666666667        3.0881393691649401E-003
  0.43333333333333335       0.50000000000000000        1.5339909962203853E-003
  0.43333333333333335       0.53333333333333333        7.2962995403821819E-004
  0.43333333333333335       0.56666666666666665        3.3203364888938246E-004
  0.43333333333333335       0.59999999999999998        1.4444407678456756E-004
  0.43333333333333335       0.63333333333333330        6.0018252133014100E-005
  0.43333333333333335       0.66666666666666663        2.3798315876867436E-005
  0.43333333333333335       0.69999999999999996        8.9967078276382210E-006
  0.43333333333333335       0.73333333333333328        3.2394330913436473E-006
  0.43333333333333335       0.76666666666666661        1.1098143878290684E-006
  0.43333333333333335       0.80000000000000004        3.6136490430724755E-007
  0.43333333333333335       0.83333333333333337        1.1169683654409647E-007
  0.43333333333333335       0.86666666666666670        3.2733613045080840E-008
  0.43333333333333335       0.90000000000000002        9.0877811705881588E-009
  0.43333333333333335       0.93333333333333335        2.4121508365158340E-009
  0.43333333333333335       0.96666666666666667        7.2719593003667419E-010
  0.43333333333333335        1.0000000000000000        7.2719593003667419E-010

  0.46666666666666667        0.0000000000000000       0.99452189536827329     
  0.46666666666666667        3.3333333333333333E-002  0.81560036352451337     
  0.46666666666666667        6.6666666666666666E-002  0.65163270823976038     
  0.46666666666666667       0.10000000000000001       0.50610010702263919     
  0.46666666666666667       0.13333333333333333       0.38135406031991931     
  0.46666666666666667       0.16666666666666666       0.27830766952213387     
  0.46666666666666667       0.20000000000000001       0.19640767986148344     
  0.46666666666666667       0.23333333333333334       0.13385456034147961     
  0.46666666666666667       0.26666666666666666        8.7986445018863615E-002
  0.46666666666666667       0.29999999999999999        5.5721564398517408E-002
  0.46666666666666667       0.33333333333333331        3.3963575278553565E-002
  0.46666666666666667       0.36666666666666664        1.9905608710301153E-002
  0.46666666666666667       0.40000000000000002        1.1207863861595765E-002
  0.46666666666666667       0.43333333333333335        6.0573975087898045E-003
  0.46666666666666667       0.46666666666666667        3.1398351499091464E-003
  0.46666666666666667       0.50000000000000000        1.5596701682797857E-003
  0.46666666666666667       0.53333333333333333        7.4184403689503051E-004
  0.46666666666666667       0.56666666666666665        3.3759192740623762E-004
  0.46666666666666667       0.59999999999999998        1.4686208595792732E-004
  0.46666666666666667       0.63333333333333330        6.1022964042683430E-005
  0.46666666666666667       0.66666666666666663        2.4196702210054393E-005
  0.46666666666666667       0.69999999999999996        9.1473136713774029E-006
  0.46666666666666667       0.73333333333333328        3.2936615450519753E-006
  0.46666666666666667       0.76666666666666661        1.1283927984516081E-006
  0.46666666666666667       0.80000000000000004        3.6741419115234538E-007
  0.46666666666666667       0.83333333333333337        1.1356665344078869E-007
  0.46666666666666667       0.86666666666666670        3.3281577201051483E-008
  0.46666666666666667       0.90000000000000002        9.2399115917527614E-009
  0.46666666666666667       0.93333333333333335        2.4525304974895537E-009
  0.46666666666666667       0.96666666666666667        7.3936926707340910E-010
  0.46666666666666667        1.0000000000000000        7.3936926707340910E-010

  0.50000000000000000        0.0000000000000000        1.0000000000000000     
  0.50000000000000000        3.3333333333333333E-002  0.82009291833891207     
  0.50000000000000000        6.6666666666666666E-002  0.65522208336947640     
  0.50000000000000000       0.10000000000000001       0.50888784789924535     
  0.50000000000000000       0.13333333333333333       0.38345466509684356     
  0.50000000000000000       0.16666666666666666       0.27984066597053253     
  0.50000000000000000       0.20000000000000001       0.19748954827058213     
  0.50000000000000000       0.23333333333333334       0.13459186868069206     
  0.50000000000000000       0.26666666666666666        8.8471098955827485E-002
  0.50000000000000000       0.29999999999999999        5.6028494352940925E-002
  0.50000000000000000       0.33333333333333331        3.4150656146164367E-002
  0.50000000000000000       0.36666666666666664        2.0015254367959458E-002
  0.50000000000000000       0.40000000000000002        1.1269599909055267E-002
  0.50000000000000000       0.43333333333333335        6.0907633476955667E-003
  0.50000000000000000       0.46666666666666667        3.1571302396982011E-003
  0.50000000000000000       0.50000000000000000        1.5682612675935476E-003
  0.50000000000000000       0.53333333333333333        7.4593032124277588E-004
  0.50000000000000000       0.56666666666666665        3.3945147812077756E-004
  0.50000000000000000       0.59999999999999998        1.4767104338466475E-004
  0.50000000000000000       0.63333333333333330        6.1359095588424945E-005
  0.50000000000000000       0.66666666666666663        2.4329984410342525E-005
  0.50000000000000000       0.69999999999999996        9.1976996323345259E-006
  0.50000000000000000       0.73333333333333328        3.3118039536297254E-006
  0.50000000000000000       0.76666666666666661        1.1346083014429381E-006
  0.50000000000000000       0.80000000000000004        3.6943801123281584E-007
  0.50000000000000000       0.83333333333333337        1.1419221031703352E-007
  0.50000000000000000       0.86666666666666670        3.3464901432589626E-008
  0.50000000000000000       0.90000000000000002        9.2908076079423121E-009
  0.50000000000000000       0.93333333333333335        2.4660397211077763E-009
  0.50000000000000000       0.96666666666666667        7.4344191969712176E-010
  0.50000000000000000        1.0000000000000000        7.4344191969712176E-010

  0.53333333333333333        0.0000000000000000       0.99452189536827340     
  0.53333333333333333        3.3333333333333333E-002  0.81560036352451337     
  0.53333333333333333        6.6666666666666666E-002  0.65163270823976038     
  0.53333333333333333       0.10000000000000001       0.50610010702263919     
  0.53333333333333333       0.13333333333333333       0.38135406031991931     
  0.53333333333333333       0.16666666666666666       0.27830766952213387     
  0.53333333333333333       0.20000000000000001       0.19640767986148344     
  0.53333333333333333       0.23333333333333334       0.13385456034147961     
  0.53333333333333333       0.26666666666666666        8.7986445018863615E-002
  0.53333333333333333       0.29999999999999999        5.5721564398517408E-002
  0.53333333333333333       0.33333333333333331        3.3963575278553565E-002
  0.53333333333333333       0.36666666666666664        1.9905608710301153E-002
  0.53333333333333333       0.40000000000000002        1.1207863861595765E-002
  0.53333333333333333       0.43333333333333335        6.0573975087898045E-003
  0.53333333333333333       0.46666666666666667        3.1398351499091464E-003
  0.53333333333333333       0.50000000000000000        1.5596701682797857E-003
  0.53333333333333333       0.53333333333333333        7.4184403689503051E-004
  0.53333333333333333       0.56666666666666665        3.3759192740623762E-004
  0.53333333333333333       0.59999999999999998        1.4686208595792732E-004
  0.53333333333333333       0.63333333333333330        6.1022964042683430E-005
  0.53333333333333333       0.66666666666666663        2.4196702210054393E-005
  0.53333333333333333       0.69999999999999996        9.1473136713774046E-006
  0.53333333333333333       0.73333333333333328        3.2936615450519757E-006
  0.53333333333333333       0.76666666666666661        1.1283927984516083E-006
  0.53333333333333333       0.80000000000000004        3.6741419115234543E-007
  0.53333333333333333       0.83333333333333337        1.1356665344078869E-007
  0.53333333333333333       0.86666666666666670        3.3281577201051483E-008
  0.53333333333333333       0.90000000000000002        9.2399115917527614E-009
  0.53333333333333333       0.93333333333333335        2.4525304974895537E-009
  0.53333333333333333       0.96666666666666667        7.3936926707340910E-010
  0.53333333333333333        1.0000000000000000        7.3936926707340910E-010

  0.56666666666666665        0.0000000000000000       0.97814760073380569     
  0.56666666666666665        3.3333333333333333E-002  0.80217192045199159     
  0.56666666666666665        6.6666666666666666E-002  0.64090390879565884     
  0.56666666666666665       0.10000000000000001       0.49776742746523667     
  0.56666666666666665       0.13333333333333333       0.37507526065466246     
  0.56666666666666665       0.16666666666666666       0.27372547600682673     
  0.56666666666666665       0.20000000000000001       0.19317392781087300     
  0.56666666666666665       0.23333333333333334       0.13165071342829837     
  0.56666666666666665       0.26666666666666666        8.6537793177925745E-002
  0.56666666666666665       0.29999999999999999        5.4804137324056743E-002
  0.56666666666666665       0.33333333333333331        3.3404382372855874E-002
  0.56666666666666665       0.36666666666666664        1.9577873038096369E-002
  0.56666666666666665       0.40000000000000002        1.1023332112272324E-002
  0.56666666666666665       0.43333333333333335        5.9576655551858201E-003
  0.56666666666666665       0.46666666666666667        3.0881393691649401E-003
  0.56666666666666665       0.50000000000000000        1.5339909962203853E-003
  0.56666666666666665       0.53333333333333333        7.2962995403821819E-004
  0.56666666666666665       0.56666666666666665        3.3203364888938246E-004
  0.56666666666666665       0.59999999999999998        1.4444407678456756E-004
  0.56666666666666665       0.63333333333333330        6.0018252133014100E-005
  0.56666666666666665       0.66666666666666663        2.3798315876867440E-005
  0.56666666666666665       0.69999999999999996        8.9967078276382227E-006
  0.56666666666666665       0.73333333333333328        3.2394330913436473E-006
  0.56666666666666665       0.76666666666666661        1.1098143878290684E-006
  0.56666666666666665       0.80000000000000004        3.6136490430724755E-007
  0.56666666666666665       0.83333333333333337        1.1169683654409647E-007
  0.56666666666666665       0.86666666666666670        3.2733613045080840E-008
  0.56666666666666665       0.90000000000000002        9.0877811705881604E-009
  0.56666666666666665       0.93333333333333335        2.4121508365158340E-009
  0.56666666666666665       0.96666666666666667        7.2719593003667429E-010
  0.56666666666666665        1.0000000000000000        7.2719593003667429E-010

  0.59999999999999998        0.0000000000000000       0.95105651629515364     
  0.59999999999999998        3.3333333333333333E-002  0.77995471395373150     
  0.59999999999999998        6.6666666666666666E-002  0.62315323200902684     
  0.59999999999999998       0.10000000000000001       0.48398110380799431     
  0.59999999999999998       0.13333333333333333       0.36468705794412887     
  0.59999999999999998       0.16666666666666666       0.26614428889565045     
  0.59999999999999998       0.20000000000000001       0.18782372178292342     
  0.59999999999999998       0.23333333333333334       0.12800447374911378     
  0.59999999999999998       0.26666666666666666        8.4141015165733066E-002
  0.59999999999999998       0.29999999999999999        5.3286264652570685E-002
  0.59999999999999998       0.33333333333333331        3.2479204063564762E-002
  0.59999999999999998       0.36666666666666664        1.9035638091952880E-002
  0.59999999999999998       0.40000000000000002        1.0718026429546281E-002
  0.59999999999999998       0.43333333333333335        5.7926601710375529E-003
  0.59999999999999998       0.46666666666666667        3.0026092872574546E-003
  0.59999999999999998       0.50000000000000000        1.4915050977981411E-003
  0.59999999999999998       0.53333333333333333        7.0942189272007929E-004
  0.59999999999999998       0.56666666666666665        3.2283754023278719E-004
  0.59999999999999998       0.59999999999999998        1.4044350807908978E-004
  0.59999999999999998       0.63333333333333330        5.8355967693348758E-005
  0.59999999999999998       0.66666666666666663        2.3139190214815761E-005
  0.59999999999999998       0.69999999999999996        8.7475321702572898E-006
  0.59999999999999998       0.73333333333333328        3.1497127307916026E-006
  0.59999999999999998       0.76666666666666661        1.0790766185298823E-006
  0.59999999999999998       0.80000000000000004        3.5135642795009166E-007
  0.59999999999999998       0.83333333333333337        1.0860324573216141E-007
  0.59999999999999998       0.86666666666666670        3.1827012574639389E-008
  0.59999999999999998       0.90000000000000002        8.8360831171781232E-009
  0.59999999999999998       0.93333333333333335        2.3453431462022338E-009
  0.59999999999999998       0.96666666666666667        7.0705528221492581E-010
  0.59999999999999998        1.0000000000000000        7.0705528221492581E-010

  0.63333333333333330        0.0000000000000000       0.91354545764260098     
  0.63333333333333330        3.3333333333333333E-002  0.74919216039337755     
  0.63333333333333330        6.6666666666666666E-002  0.59857515800930672     
  0.63333333333333330       0.10000000000000001       0.46489218189787440     
  0.63333333333333330       0.13333333333333333       0.35030326751108620     
  0.63333333333333330       0.16666666666666666       0.25564716926106035     
  0.63333333333333330       0.20000000000000001       0.18041567975447947     
  0.63333333333333330       0.23333333333333334       0.12295579026887565     
  0.63333333333333330       0.26666666666666666        8.0822370583745237E-002
  0.63333333333333330       0.29999999999999999        5.1184576514683298E-002
  0.63333333333333330       0.33333333333333331        3.1198176797842835E-002
  0.63333333333333330       0.36666666666666664        1.8284844711410592E-002
  0.63333333333333330       0.40000000000000002        1.0295291806366905E-002
  0.63333333333333330       0.43333333333333335        5.5641891898633262E-003
  0.63333333333333330       0.46666666666666667        2.8841819896623880E-003
  0.63333333333333330       0.50000000000000000        1.4326779574069129E-003
  0.63333333333333330       0.53333333333333333        6.8144125668922399E-004
  0.63333333333333330       0.56666666666666665        3.1010435592730305E-004
  0.63333333333333330       0.59999999999999998        1.3490421090940396E-004
  0.63333333333333330       0.63333333333333330        5.6054323059863761E-005
  0.63333333333333330       0.66666666666666663        2.2226546742583709E-005
  0.63333333333333330       0.69999999999999996        8.4025167198802254E-006
  0.63333333333333330       0.73333333333333328        3.0254834584412423E-006
  0.63333333333333330       0.76666666666666661        1.0365162599867832E-006
  0.63333333333333330       0.80000000000000004        3.3749841704225501E-007
  0.63333333333333330       0.83333333333333337        1.0431977503329454E-007
  0.63333333333333330       0.86666666666666670        3.0571708694199620E-008
  0.63333333333333330       0.90000000000000002        8.4875750880670179E-009
  0.63333333333333330       0.93333333333333335        2.2528393855842351E-009
  0.63333333333333330       0.96666666666666667        6.7916798876040076E-010
  0.63333333333333330        1.0000000000000000        6.7916798876040076E-010

  0.66666666666666663        0.0000000000000000       0.86602540378443871     
  0.66666666666666663        3.3333333333333333E-002  0.71022130074521495     
  0.66666666666666663        6.6666666666666666E-002  0.56743896931853188     
  0.66666666666666663       0.10000000000000001       0.44070980395793802     
  0.66666666666666663       0.13333333333333333       0.33208148117352065     
  0.66666666666666663       0.16666666666666666       0.24234912574243667     
  0.66666666666666663       0.20000000000000001       0.17103096578423729     
  0.66666666666666663       0.23333333333333334       0.11655997742029849     
  0.66666666666666663       0.26666666666666666        7.6618219196473519E-002
  0.66666666666666663       0.29999999999999999        4.8522099445439809E-002
  0.66666666666666663       0.33333333333333331        2.9575335778485527E-002
  0.66666666666666663       0.36666666666666664        1.7333718745860340E-002
  0.66666666666666663       0.40000000000000002        9.7597598117286615E-003
  0.66666666666666663       0.43333333333333335        5.2747557875435138E-003
  0.66666666666666663       0.46666666666666667        2.7341549906346966E-003
  0.66666666666666663       0.50000000000000000        1.3581540975071977E-003
  0.66666666666666663       0.53333333333333333        6.4599460764933113E-004
  0.66666666666666663       0.56666666666666665        2.9397360340477092E-004
  0.66666666666666663       0.59999999999999998        1.2788687497447367E-004
  0.66666666666666663       0.63333333333333330        5.3138535532813684E-005
  0.66666666666666663       0.66666666666666663        2.1070384573035983E-005
  0.66666666666666663       0.69999999999999996        7.9654415379804900E-006
  0.66666666666666663       0.73333333333333328        2.8681063561970828E-006
  0.66666666666666663       0.76666666666666661        9.8259961239429658E-007
  0.66666666666666663       0.80000000000000004        3.1994270285121935E-007
  0.66666666666666663       0.83333333333333337        9.8893355048846512E-008
  0.66666666666666663       0.86666666666666670        2.8981454775764871E-008
  0.66666666666666663       0.90000000000000002        8.0460754101517748E-009
  0.66666666666666663       0.93333333333333335        2.1356530452208262E-009
  0.66666666666666663       0.96666666666666667        6.4383958869597795E-010
  0.66666666666666663        1.0000000000000000        6.4383958869597795E-010

  0.69999999999999996        0.0000000000000000       0.80901699437494745     
  0.69999999999999996        3.3333333333333333E-002  0.66346910790272584     
  0.69999999999999996        6.6666666666666666E-002  0.53008580053566501     
  0.69999999999999996       0.10000000000000001       0.41169891718138296     
  0.69999999999999996       0.13333333333333333       0.31022134063570045     
  0.69999999999999996       0.16666666666666666       0.22639585448736388     
  0.69999999999999996       0.20000000000000001       0.15977240076233246     
  0.69999999999999996       0.23333333333333334       0.10888710906736111     
  0.69999999999999996       0.26666666666666666        7.1574622566292087E-002
  0.69999999999999996       0.29999999999999999        4.5328004100769981E-002
  0.69999999999999996       0.33333333333333331        2.7628461191302228E-002
  0.69999999999999996       0.36666666666666664        1.6192680930416599E-002
  0.69999999999999996       0.40000000000000002        9.1172978462320739E-003
  0.69999999999999996       0.43333333333333335        4.9275310570017607E-003
  0.69999999999999996       0.46666666666666667        2.5541720173708963E-003
  0.69999999999999996       0.50000000000000000        1.2687500171031771E-003
  0.69999999999999996       0.53333333333333333        6.0347030650496957E-004
  0.69999999999999996       0.56666666666666665        2.7462201456540468E-004
  0.69999999999999996       0.59999999999999998        1.1946838367527395E-004
  0.69999999999999996       0.63333333333333330        4.9640551090512639E-005
  0.69999999999999996       0.66666666666666663        1.9683370860844639E-005
  0.69999999999999996       0.69999999999999996        7.4410953117148359E-006
  0.69999999999999996       0.73333333333333328        2.6793056805245876E-006
  0.69999999999999996       0.76666666666666661        9.1791739782623017E-007
  0.69999999999999996       0.80000000000000004        2.9888162945543068E-007
  0.69999999999999996       0.83333333333333337        9.2383438771718339E-008
  0.69999999999999996       0.86666666666666670        2.7073673974047533E-008
  0.69999999999999996       0.90000000000000002        7.5164212462933825E-009
  0.69999999999999996       0.93333333333333335        1.9950680431798462E-009
  0.69999999999999996       0.96666666666666667        6.0145714736570637E-010
  0.69999999999999996        1.0000000000000000        6.0145714736570637E-010

  0.73333333333333328        0.0000000000000000       0.74314482547739447     
  0.73333333333333328        3.3333333333333333E-002  0.60944780867421777     
  0.73333333333333328        6.6666666666666666E-002  0.48692490079454420     
  0.73333333333333328       0.10000000000000001       0.37817737091465148     
  0.73333333333333328       0.13333333333333333       0.28496235017188648     
  0.73333333333333328       0.16666666666666666       0.20796214287414919     
  0.73333333333333328       0.20000000000000001       0.14676333588315121     
  0.73333333333333328       0.23333333333333334       0.10002125076138926     
  0.73333333333333328       0.26666666666666666        6.5746839393321696E-002
  0.73333333333333328       0.29999999999999999        4.1637285657677450E-002
  0.73333333333333328       0.33333333333333331        2.5378883401679826E-002
  0.73333333333333328       0.36666666666666664        1.4874232714162884E-002
  0.73333333333333328       0.40000000000000002        8.3749448576149344E-003
  0.73333333333333328       0.43333333333333335        4.5263192650473313E-003
  0.73333333333333328       0.46666666666666667        2.3462050009899235E-003
  0.73333333333333328       0.50000000000000000        1.1654452460087641E-003
  0.73333333333333328       0.53333333333333333        5.5433425839825946E-004
  0.73333333333333328       0.56666666666666665        2.5226160946610875E-004
  0.73333333333333328       0.59999999999999998        1.0974097176416140E-004
  0.73333333333333328       0.63333333333333330        4.5598694382510814E-005
  0.73333333333333328       0.66666666666666663        1.8080702018491719E-005
  0.73333333333333328       0.69999999999999996        6.8352228880647339E-006
  0.73333333333333328       0.73333333333333328        2.4611499711355068E-006
  0.73333333333333328       0.76666666666666661        8.4317828816101487E-007
  0.73333333333333328       0.80000000000000004        2.7454594638232652E-007
  0.73333333333333328       0.83333333333333337        8.4861350206929772E-008
  0.73333333333333328       0.86666666666666670        2.4869268334740014E-008
  0.73333333333333328       0.90000000000000002        6.9044155983483357E-009
  0.73333333333333328       0.93333333333333335        1.8326246581629600E-009
  0.73333333333333328       0.96666666666666667        5.5248501566589647E-010
  0.73333333333333328        1.0000000000000000        5.5248501566589647E-010

  0.76666666666666661        0.0000000000000000       0.66913060635885835     
  0.76666666666666661        3.3333333333333333E-002  0.54874927171872179     
  0.76666666666666661        6.6666666666666666E-002  0.43842914994473209     
  0.76666666666666661       0.10000000000000001       0.34051243423347649     
  0.76666666666666661       0.13333333333333333       0.25658125256738384     
  0.76666666666666661       0.16666666666666666       0.18724995450472917     
  0.76666666666666661       0.20000000000000001       0.13214630118383164     
  0.76666666666666661       0.23333333333333334        9.0059538701283304E-002
  0.76666666666666661       0.26666666666666666        5.9198720089547394E-002
  0.76666666666666661       0.29999999999999999        3.7490380399757224E-002
  0.76666666666666661       0.33333333333333331        2.2851249254635837E-002
  0.76666666666666661       0.36666666666666664        1.3392819291659499E-002
  0.76666666666666661       0.40000000000000002        7.5408342205678849E-003
  0.76666666666666661       0.43333333333333335        4.0755161720318440E-003
  0.76666666666666661       0.46666666666666667        2.1125324716431450E-003
  0.76666666666666661       0.50000000000000000        1.0493716129139821E-003
  0.76666666666666661       0.53333333333333333        4.9912480815463651E-004
  0.76666666666666661       0.56666666666666665        2.2713737338436656E-004
  0.76666666666666661       0.59999999999999998        9.8811214801625990E-005
  0.76666666666666661       0.63333333333333330        4.1057248836713919E-005
  0.76666666666666661       0.66666666666666663        1.6279937221194063E-005
  0.76666666666666661       0.69999999999999996        6.1544623320906489E-006
  0.76666666666666661       0.73333333333333328        2.2160293876339220E-006
  0.76666666666666661       0.76666666666666661        7.5920114072430748E-007
  0.76666666666666661       0.80000000000000004        2.4720228046822473E-007
  0.76666666666666661       0.83333333333333337        7.6409502930894914E-008
  0.76666666666666661       0.86666666666666670        2.2392389787328117E-008
  0.76666666666666661       0.90000000000000002        6.2167637282659306E-009
  0.76666666666666661       0.93333333333333335        1.6501026538898759E-009
  0.76666666666666661       0.96666666666666667        4.9745974251952859E-010
  0.76666666666666661        1.0000000000000000        4.9745974251952859E-010

  0.80000000000000004        0.0000000000000000       0.58778525229247325     
  0.80000000000000004        3.3333333333333333E-002  0.48203852290910798     
  0.80000000000000004        6.6666666666666666E-002  0.38512987758092754     
  0.80000000000000004       0.10000000000000001       0.29911677206603166     
  0.80000000000000004       0.13333333333333333       0.22538899706667401     
  0.80000000000000004       0.16666666666666666       0.16448621644918318     
  0.80000000000000004       0.20000000000000001       0.11608144395535068     
  0.80000000000000004       0.23333333333333334        7.9111115488996006E-002
  0.80000000000000004       0.26666666666666666        5.2002007220343413E-002
  0.80000000000000004       0.29999999999999999        3.2932722688810791E-002
  0.80000000000000004       0.33333333333333331        2.0073252038826726E-002
  0.80000000000000004       0.36666666666666664        1.1764671338369077E-002
  0.80000000000000004       0.40000000000000002        6.6241046257792821E-003
  0.80000000000000004       0.43333333333333335        3.5800608709789872E-003
  0.80000000000000004       0.46666666666666667        1.8557145944612034E-003
  0.80000000000000004       0.50000000000000000        9.2180084483298706E-004
  0.80000000000000004       0.53333333333333333        4.3844684206429058E-004
  0.80000000000000004       0.56666666666666665        1.9952457270827414E-004
  0.80000000000000004       0.59999999999999998        8.6798861492147914E-005
  0.80000000000000004       0.63333333333333330        3.6065971480880334E-005
  0.80000000000000004       0.66666666666666663        1.4300806024905120E-005
  0.80000000000000004       0.69999999999999996        5.4062721989021362E-006
  0.80000000000000004       0.73333333333333328        1.9466295224274580E-006
  0.80000000000000004       0.76666666666666661        6.6690602671677184E-007
  0.80000000000000004       0.80000000000000004        2.1715021463891014E-007
  0.80000000000000004       0.83333333333333337        6.7120497151032709E-008
  0.80000000000000004       0.86666666666666670        1.9670175531497441E-008
  0.80000000000000004       0.90000000000000002        5.4609996938352007E-009
  0.80000000000000004       0.93333333333333335        1.4495017796345943E-009
  0.80000000000000004       0.96666666666666667        4.3698419633397318E-010
  0.80000000000000004        1.0000000000000000        4.3698419633397318E-010

  0.83333333333333337        0.0000000000000000       0.49999999999999994     
  0.83333333333333337        3.3333333333333333E-002  0.41004645916945592     
  0.83333333333333337        6.6666666666666666E-002  0.32761104168473820     
  0.83333333333333337       0.10000000000000001       0.25444392394962267     
  0.83333333333333337       0.13333333333333333       0.19172733254842178     
  0.83333333333333337       0.16666666666666666       0.13992033298526629     
  0.83333333333333337       0.20000000000000001        9.8744774135291064E-002
  0.83333333333333337       0.23333333333333334        6.7295934340346031E-002
  0.83333333333333337       0.26666666666666666        4.4235549477913742E-002
  0.83333333333333337       0.29999999999999999        2.8014247176470466E-002
  0.83333333333333337       0.33333333333333331        1.7075328073082187E-002
  0.83333333333333337       0.36666666666666664        1.0007627183979731E-002
  0.83333333333333337       0.40000000000000002        5.6347999545276334E-003
  0.83333333333333337       0.43333333333333335        3.0453816738477838E-003
  0.83333333333333337       0.46666666666666667        1.5785651198491006E-003
  0.83333333333333337       0.50000000000000000        7.8413063379677381E-004
  0.83333333333333337       0.53333333333333333        3.7296516062138794E-004
  0.83333333333333337       0.56666666666666665        1.6972573906038875E-004
  0.83333333333333337       0.59999999999999998        7.3835521692332373E-005
  0.83333333333333337       0.63333333333333330        3.0679547794212473E-005
  0.83333333333333337       0.66666666666666663        1.2164992205171264E-005
  0.83333333333333337       0.69999999999999996        4.5988498161672630E-006
  0.83333333333333337       0.73333333333333328        1.6559019768148625E-006
  0.83333333333333337       0.76666666666666661        5.6730415072146907E-007
  0.83333333333333337       0.80000000000000004        1.8471900561640789E-007
  0.83333333333333337       0.83333333333333337        5.7096105158516764E-008
  0.83333333333333337       0.86666666666666670        1.6732450716294813E-008
  0.83333333333333337       0.90000000000000002        4.6454038039711561E-009
  0.83333333333333337       0.93333333333333335        1.2330198605538881E-009
  0.83333333333333337       0.96666666666666667        3.7172095984856088E-010
  0.83333333333333337        1.0000000000000000        3.7172095984856088E-010

  0.86666666666666670        0.0000000000000000       0.40673664307580004     
  0.86666666666666670        3.3333333333333333E-002  0.33356184061540539     
  0.86666666666666670        6.6666666666666666E-002  0.26650283065883285     
  0.86666666666666670       0.10000000000000001       0.20698333495660748     
  0.86666666666666670       0.13333333333333333       0.15596506325324538     
  0.86666666666666670       0.16666666666666666       0.11382145307295073     
  0.86666666666666670       0.20000000000000001        8.0326235906132790E-002
  0.86666666666666670       0.23333333333333334        5.4743444852483628E-002
  0.86666666666666670       0.26666666666666666        3.5984437798520202E-002
  0.86666666666666670       0.29999999999999999        2.2788841709706624E-002
  0.86666666666666670       0.33333333333333331        1.3890323239726842E-002
  0.86666666666666670       0.36666666666666664        8.1409373719320780E-003
  0.86666666666666670       0.40000000000000002        4.5837592358164824E-003
  0.86666666666666670       0.43333333333333335        2.4773366378108177E-003
  0.86666666666666670       0.46666666666666667        1.2841205554479428E-003
  0.86666666666666670       0.50000000000000000        6.3786932344679875E-004
  0.86666666666666670       0.53333333333333333        3.0339719483073998E-004
  0.86666666666666670       0.56666666666666665        1.3806735469796348E-004
  0.86666666666666670       0.59999999999999998        6.0063224465779396E-005
  0.86666666666666670       0.63333333333333330        2.4956992561803103E-005
  0.86666666666666670       0.66666666666666663        9.8958961851492714E-006
  0.86666666666666670       0.69999999999999996        3.7410414724752667E-006
  0.86666666666666670       0.73333333333333328        1.3470320226245177E-006
  0.86666666666666670       0.76666666666666661        4.6148677173483626E-007
  0.86666666666666670       0.80000000000000004        1.5026397651343526E-007
  0.86666666666666670       0.83333333333333337        4.6446156289755970E-008
  0.86666666666666670       0.86666666666666670        1.3611401669554044E-008
  0.86666666666666670       0.90000000000000002        3.7789118979175616E-009
  0.86666666666666670       0.93333333333333335        1.0030287178549595E-009
  0.86666666666666670       0.96666666666666667        3.0238507073943592E-010
  0.86666666666666670        1.0000000000000000        3.0238507073943592E-010

  0.90000000000000002        0.0000000000000000       0.30901699437494751     
  0.90000000000000002        3.3333333333333333E-002  0.25342264873326975     
  0.90000000000000002        6.6666666666666666E-002  0.20247475885092681     
  0.90000000000000002       0.10000000000000001       0.15725499323176020     
  0.90000000000000002       0.13333333333333333       0.11849400808727867     
  0.90000000000000002       0.16666666666666666        8.6475521502097599E-002
  0.90000000000000002       0.20000000000000001        6.1027626627041386E-002
  0.90000000000000002       0.23333333333333334        4.1591174727015082E-002
  0.90000000000000002       0.26666666666666666        2.7339073088378359E-002
  0.90000000000000002       0.29999999999999999        1.7313756924299518E-002
  0.90000000000000002       0.33333333333333331        1.0553133118220041E-002
  0.90000000000000002       0.36666666666666664        6.1850537464368700E-003
  0.90000000000000002       0.40000000000000002        3.4824978917044397E-003
  0.90000000000000002       0.43333333333333335        1.8821493831539769E-003
  0.90000000000000002       0.46666666666666667        9.7560689752179556E-004
  0.90000000000000002       0.50000000000000000        4.8461938330640321E-004
  0.90000000000000002       0.53333333333333333        2.3050514588358157E-004
  0.90000000000000002       0.56666666666666665        1.0489627550501590E-004
  0.90000000000000002       0.59999999999999998        4.5632861982941560E-005
  0.90000000000000002       0.63333333333333330        1.8961003296300174E-005
  0.90000000000000002       0.66666666666666663        7.5183786556733760E-006
  0.90000000000000002       0.69999999999999996        2.8422454955475742E-006
  0.90000000000000002       0.73333333333333328        1.0234037037097253E-006
  0.90000000000000002       0.76666666666666661        3.5061324710476110E-007
  0.90000000000000002       0.80000000000000004        1.1416262383902279E-007
  0.90000000000000002       0.83333333333333337        3.5287333613201562E-008
  0.90000000000000002       0.86666666666666670        1.0341223257752718E-008
  0.90000000000000002       0.90000000000000002        2.8710174423222281E-009
  0.90000000000000002       0.93333333333333335        7.6204818262595861E-010
  0.90000000000000002       0.96666666666666667        2.2973618751714557E-010
  0.90000000000000002        1.0000000000000000        2.2973618751714557E-010

  0.93333333333333335        0.0000000000000000       0.20791169081775931     
  0.93333333333333335        3.3333333333333333E-002  0.17050690527951384     
  0.93333333333333335        6.6666666666666666E-002  0.13622833121448272     
  0.93333333333333335       0.10000000000000001       0.10580373289334286     
  0.93333333333333335       0.13333333333333333        7.9724707772242387E-002
  0.93333333333333335       0.16666666666666666        5.8182146021501228E-002
  0.93333333333333335       0.20000000000000001        4.1060385899772234E-002
  0.93333333333333335       0.23333333333333334        2.7983222987724515E-002
  0.93333333333333335       0.26666666666666666        1.8394175772411391E-002
  0.93333333333333335       0.29999999999999999        1.1648978994893231E-002
  0.93333333333333335       0.33333333333333331        7.1003206618849403E-003
  0.93333333333333335       0.36666666666666664        4.1614053777899946E-003
  0.93333333333333335       0.40000000000000002        2.3430815719313472E-003
  0.93333333333333335       0.43333333333333335        1.2663409059902216E-003
  0.93333333333333335       0.46666666666666667        6.5640428626753092E-004
  0.93333333333333335       0.50000000000000000        3.2605985178937700E-004
  0.93333333333333335       0.53333333333333333        1.5508763432181991E-004
  0.93333333333333335       0.56666666666666665        7.0575930766678487E-005
  0.93333333333333335       0.59999999999999998        3.0702536314928345E-005
  0.93333333333333335       0.63333333333333330        1.2757273310837947E-005
  0.93333333333333335       0.66666666666666663        5.0584881963240400E-006
  0.93333333333333335       0.69999999999999996        1.9123092821925546E-006
  0.93333333333333335       0.73333333333333328        6.8856275965609644E-007
  0.93333333333333335       0.76666666666666661        2.3589833036886722E-007
  0.93333333333333335       0.80000000000000004        7.6810481567765095E-008
  0.93333333333333335       0.83333333333333337        2.3741895525231619E-008
  0.93333333333333335       0.86666666666666670        6.9577442398993676E-009
  0.93333333333333335       0.90000000000000002        1.9316675188297883E-009
  0.93333333333333335       0.93333333333333335        5.1271848803927337E-010
  0.93333333333333335       0.96666666666666667        1.5457026654902942E-010
  0.93333333333333335        1.0000000000000000        1.5457026654902942E-010

  0.96666666666666667        0.0000000000000000       0.10452846326765373     
  0.96666666666666667        3.3333333333333333E-002   8.5723052490651777E-002
  0.96666666666666667        6.6666666666666666E-002   6.8489357473641724E-002
  0.96666666666666667       0.10000000000000001        5.3193264716491509E-002
  0.96666666666666667       0.13333333333333333        4.0081926875385782E-002
  0.96666666666666667       0.16666666666666666        2.9251314773696500E-002
  0.96666666666666667       0.20000000000000001        2.0643278992147025E-002
  0.96666666666666667       0.23333333333333334        1.4068681201514562E-002
  0.96666666666666667       0.26666666666666666        9.2477480174531484E-003
  0.96666666666666667       0.29999999999999999        5.8565724139133159E-003
  0.96666666666666667       0.33333333333333331        3.5697156065406070E-003
  0.96666666666666667       0.36666666666666664        2.0921637809939910E-003
  0.96666666666666667       0.40000000000000002        1.1779939601348345E-003
  0.96666666666666667       0.43333333333333335        6.3665813286156627E-004
  0.96666666666666667       0.46666666666666667        3.3000997229149144E-004
  0.96666666666666667       0.50000000000000000        1.6392794030373580E-004
  0.96666666666666667       0.53333333333333333        7.7970950184254453E-005
  0.96666666666666667       0.56666666666666665        3.5482341361898367E-005
  0.96666666666666667       0.59999999999999998        1.5435827234129992E-005
  0.96666666666666667       0.63333333333333330        6.4137719693511152E-006
  0.96666666666666667       0.66666666666666663        2.5431758817390703E-006
  0.96666666666666667       0.69999999999999996        9.6142140816538929E-007
  0.96666666666666667       0.73333333333333328        3.4617777791665427E-007
  0.96666666666666667       0.76666666666666661        1.1859886216055286E-007
  0.96666666666666667       0.80000000000000004        3.8616787586824329E-008
  0.96666666666666667       0.83333333333333337        1.1936336261576200E-008
  0.96666666666666667       0.86666666666666670        3.4980347201520888E-009
  0.96666666666666667       0.90000000000000002        9.7115384177363327E-010
  0.96666666666666667       0.93333333333333335        2.5777134240438859E-010
  0.96666666666666667       0.96666666666666667        7.7710841394694370E-011
  0.96666666666666667        1.0000000000000000        7.7710841394694370E-011

   1.0000000000000000        0.0000000000000000        1.2246467991473532E-016
   1.0000000000000000        3.3333333333333333E-002   0.0000000000000000     
   1.0000000000000000        6.6666666666666666E-002   0.0000000000000000     
   1.0000000000000000       0.10000000000000001        0.0000000000000000     
   1.0000000000000000       0.13333333333333333        0.0000000000000000     
   1.0000000000000000       0.16666666666666666        0.0000000000000000     
   1.0000000000000000       0.20000000000000001        0.0000000000000000     
   1.0000000000000000       0.23333333333333334        0.0000000000000000     
   1.0000000000000000       0.26666666666666666        0.0000000000000000     
   1.0000000000000000       0.29999999999999999        0.0000000000000000     
   1.0000000000000000       0.33333333333333331        0.0000000000000000     
   1.0000000000000000       0.36666666666666664        0.0000000000000000     
   1.0000000000000000       0.40000000000000002        0.0000000000000000     
   1.0000000000000000       0.43333333333333335        0.0000000000000000     
   1.0000000000000000       0.46666666666666667        0.0000000000000000     
   1.0000000000000000       0.50000000000000000        0.0000000000000000     
   1.0000000000000000       0.53333333333333333        0.0000000000000000     
   1.0000000000000000       0.56666666666666665        0.0000000000000000     
   1.0000000000000000       0.59999999999999998        0.0000000000000000     
   1.0000000000000000       0.63333333333333330        0.0000000000000000     
   1.0000000000000000       0.66666666666666663        0.0000000000000000     
   1.0000000000000000       0.69999999999999996        0.0000000000000000     
   1.0000000000000000       0.73333333333333328        0.0000000000000000     
   1.0000000000000000       0.76666666666666661        0.0000000000000000     
   1.0000000000000000       0.80000000000000004        0.0000000000000000     
   1.0000000000000000       0.83333333333333337        0.0000000000000000     
   1.0000000000000000       0.86666666666666670        0.0000000000000000     
   1.0000000000000000       0.90000000000000002        0.0000000000000000     
   1.0000000000000000       0.93333333333333335        0.0000000000000000     
   1.0000000000000000       0.96666666666666667        0.0000000000000000     
   1.0000000000000000        1.0000000000000000        0.0000000000000000     

