   0.0000000000000000        0.0000000000000000        0.0000000000000000     
   0.0000000000000000        3.3333333333333333E-002   0.0000000000000000     
   0.0000000000000000        6.6666666666666666E-002   0.0000000000000000     
   0.0000000000000000       0.10000000000000001        0.0000000000000000     
   0.0000000000000000       0.13333333333333333        0.0000000000000000     
   0.0000000000000000       0.16666666666666666        0.0000000000000000     
   0.0000000000000000       0.20000000000000001        0.0000000000000000     
   0.0000000000000000       0.23333333333333334        0.0000000000000000     
   0.0000000000000000       0.26666666666666666        0.0000000000000000     
   0.0000000000000000       0.29999999999999999        0.0000000000000000     
   0.0000000000000000       0.33333333333333331        0.0000000000000000     
   0.0000000000000000       0.36666666666666664        0.0000000000000000     
   0.0000000000000000       0.40000000000000002        0.0000000000000000     
   0.0000000000000000       0.43333333333333335        0.0000000000000000     
   0.0000000000000000       0.46666666666666667        0.0000000000000000     
   0.0000000000000000       0.50000000000000000        0.0000000000000000     
   0.0000000000000000       0.53333333333333333        0.0000000000000000     
   0.0000000000000000       0.56666666666666665        0.0000000000000000     
   0.0000000000000000       0.59999999999999998        0.0000000000000000     
   0.0000000000000000       0.63333333333333330        0.0000000000000000     
   0.0000000000000000       0.66666666666666663        0.0000000000000000     
   0.0000000000000000       0.69999999999999996        0.0000000000000000     
   0.0000000000000000       0.73333333333333328        0.0000000000000000     
   0.0000000000000000       0.76666666666666661        0.0000000000000000     
   0.0000000000000000       0.80000000000000004        0.0000000000000000     
   0.0000000000000000       0.83333333333333337        0.0000000000000000     
   0.0000000000000000       0.86666666666666670        0.0000000000000000     
   0.0000000000000000       0.90000000000000002        0.0000000000000000     
   0.0000000000000000       0.93333333333333335        0.0000000000000000     
   0.0000000000000000       0.96666666666666667        0.0000000000000000     
   0.0000000000000000        1.0000000000000000        0.0000000000000000     

   3.3333333333333333E-002   0.0000000000000000       0.10452846326765346     
   3.3333333333333333E-002   3.3333333333333333E-002   8.5865368610506837E-002
   3.3333333333333333E-002   6.6666666666666666E-002   6.8756481654917698E-002
   3.3333333333333333E-002  0.10000000000000001        5.3553705368302472E-002
   3.3333333333333333E-002  0.13333333333333333        4.0496282341266232E-002
   3.3333333333333333E-002  0.16666666666666666        2.9679285672729826E-002
   3.3333333333333333E-002  0.20000000000000001        2.1049913840400059E-002
   3.3333333333333333E-002  0.23333333333333334        1.4428574386643517E-002
   3.3333333333333333E-002  0.26666666666666666        9.5466464282060615E-003
   3.3333333333333333E-002  0.29999999999999999        6.0906068417569403E-003
   3.3333333333333333E-002  0.33333333333333331        3.7430093616633276E-003
   3.3333333333333333E-002  0.36666666666666664        2.2137672463799760E-003
   3.3333333333333333E-002  0.40000000000000002        1.2589776841620572E-003
   3.3333333333333333E-002  0.43333333333333335        6.8789340436342433E-004
   3.3333333333333333E-002  0.46666666666666667        3.6082382956511612E-004
   3.3333333333333333E-002  0.50000000000000000        1.8155196907712262E-004
   3.3333333333333333E-002  0.53333333333333333        8.7559126571016532E-005
   3.3333333333333333E-002  0.56666666666666665        4.0444343713511450E-005
   3.3333333333333333E-002  0.59999999999999998        1.7878279009813240E-005
   3.3333333333333333E-002  0.63333333333333330        7.5570394472464767E-006
   3.3333333333333333E-002  0.66666666666666663        3.0518959664509361E-006
   3.3333333333333333E-002  0.69999999999999996        1.1765163129488611E-006
   3.3333333333333333E-002  0.73333333333333328        4.3254896364003518E-007
   3.3333333333333333E-002  0.76666666666666661        1.5151578935080316E-007
   3.3333333333333333E-002  0.80000000000000004        5.0514457321517575E-008
   3.3333333333333333E-002  0.83333333333333337        1.6011395331959339E-008
   3.3333333333333333E-002  0.86666666666666670        4.8194812620116183E-009
   3.3333333333333333E-002  0.90000000000000002        1.3767969592562864E-009
   3.3333333333333333E-002  0.93333333333333335        3.7713335343154011E-010
   3.3333333333333333E-002  0.96666666666666667        1.1803288738298904E-010
   3.3333333333333333E-002   1.0000000000000000        1.1803288738298904E-010

   6.6666666666666666E-002   0.0000000000000000       0.20791169081775931     
   6.6666666666666666E-002   3.3333333333333333E-002  0.17078997827403339     
   6.6666666666666666E-002   6.6666666666666666E-002  0.13675965290860534     
   6.6666666666666666E-002  0.10000000000000001       0.10652066513375649     
   6.6666666666666666E-002  0.13333333333333333        8.0548878938809673E-002
   6.6666666666666666E-002  0.16666666666666666        5.9033398880839416E-002
   6.6666666666666666E-002  0.20000000000000001        4.1869200419787027E-002
   6.6666666666666666E-002  0.23333333333333334        2.8699066292933666E-002
   6.6666666666666666E-002  0.26666666666666666        1.8988697800380497E-002
   6.6666666666666666E-002  0.29999999999999999        1.2114483720414172E-002
   6.6666666666666666E-002  0.33333333333333331        7.4450095294852064E-003
   6.6666666666666666E-002  0.36666666666666664        4.4032799955480350E-003
   6.6666666666666666E-002  0.40000000000000002        2.5041617453584169E-003
   6.6666666666666666E-002  0.43333333333333335        1.3682501046376938E-003
   6.6666666666666666E-002  0.46666666666666667        7.1769439774627619E-004
   6.6666666666666666E-002  0.50000000000000000        3.6111481678884430E-004
   6.6666666666666666E-002  0.53333333333333333        1.7415893702839584E-004
   6.6666666666666666E-002  0.56666666666666665        8.0445570733774646E-005
   6.6666666666666666E-002  0.59999999999999998        3.5560679853524556E-005
   6.6666666666666666E-002  0.63333333333333330        1.5031282388896750E-005
   6.6666666666666666E-002  0.66666666666666663        6.0703547220431464E-006
   6.6666666666666666E-002  0.69999999999999996        2.3401424669711880E-006
   6.6666666666666666E-002  0.73333333333333328        8.6035883031774016E-007
   6.6666666666666666E-002  0.76666666666666661        3.0137154000676163E-007
   6.6666666666666666E-002  0.80000000000000004        1.0047546767779082E-007
   6.6666666666666666E-002  0.83333333333333337        3.1847366466061851E-008
   6.6666666666666666E-002  0.86666666666666670        9.5861592787753430E-009
   6.6666666666666666E-002  0.90000000000000002        2.7385094429136745E-009
   6.6666666666666666E-002  0.93333333333333335        7.5013475492265650E-010
   6.6666666666666666E-002  0.96666666666666667        2.3477258175184045E-010
   6.6666666666666666E-002   1.0000000000000000        2.3477258175184045E-010

  0.10000000000000001        0.0000000000000000       0.30901699437494740     
  0.10000000000000001        3.3333333333333333E-002  0.25384337719548900     
  0.10000000000000001        6.6666666666666666E-002  0.20326445678622904     
  0.10000000000000001       0.10000000000000001       0.15832056220112284     
  0.10000000000000001       0.13333333333333333       0.11971896516276294     
  0.10000000000000001       0.16666666666666666        8.7740729817277610E-002
  0.10000000000000001       0.20000000000000001        6.2229759277681346E-002
  0.10000000000000001       0.23333333333333334        4.2655125223252710E-002
  0.10000000000000001       0.26666666666666666        2.8222705025813487E-002
  0.10000000000000001       0.29999999999999999        1.8005631780311847E-002
  0.10000000000000001       0.33333333333333331        1.1065440614933642E-002
  0.10000000000000001       0.36666666666666664        6.5445494876392911E-003
  0.10000000000000001       0.40000000000000002        3.7219096864430953E-003
  0.10000000000000001       0.43333333333333335        2.0336159704408109E-003
  0.10000000000000001       0.46666666666666667        1.0667017559185200E-003
  0.10000000000000001       0.50000000000000000        5.3672121499969382E-004
  0.10000000000000001       0.53333333333333333        2.5885062572659145E-004
  0.10000000000000001       0.56666666666666665        1.1956541924676065E-004
  0.10000000000000001       0.59999999999999998        5.2853470447209994E-005
  0.10000000000000001       0.63333333333333330        2.2340839455196212E-005
  0.10000000000000001       0.66666666666666663        9.0223054009972594E-006
  0.10000000000000001       0.69999999999999996        3.4781295304190843E-006
  0.10000000000000001       0.73333333333333328        1.2787424256088242E-006
  0.10000000000000001       0.76666666666666661        4.4792540100435677E-007
  0.10000000000000001       0.80000000000000004        1.4933564778434287E-007
  0.10000000000000001       0.83333333333333337        4.7334411188672308E-008
  0.10000000000000001       0.86666666666666670        1.4247809328448015E-008
  0.10000000000000001       0.90000000000000002        4.0702182440445580E-009
  0.10000000000000001       0.93333333333333335        1.1149175230630509E-009
  0.10000000000000001       0.96666666666666667        3.4894005858569749E-010
  0.10000000000000001        1.0000000000000000        3.4894005858569749E-010

  0.13333333333333333        0.0000000000000000       0.40673664307580015     
  0.13333333333333333        3.3333333333333333E-002  0.33411561495624909     
  0.13333333333333333        6.6666666666666666E-002  0.26754225273948068     
  0.13333333333333333       0.10000000000000001       0.20838586605830614     
  0.13333333333333333       0.13333333333333333       0.15757738535158891     
  0.13333333333333333       0.16666666666666666       0.11548675495690962     
  0.13333333333333333       0.20000000000000001        8.1908515870515078E-002
  0.13333333333333333       0.23333333333333334        5.6143845675467000E-002
  0.13333333333333333       0.26666666666666666        3.7147498389002956E-002
  0.13333333333333333       0.29999999999999999        2.3699506370503737E-002
  0.13333333333333333       0.33333333333333331        1.4564636417412548E-002
  0.13333333333333333       0.36666666666666664        8.6141155260089450E-003
  0.13333333333333333       0.40000000000000002        4.8988796061434298E-003
  0.13333333333333333       0.43333333333333335        2.6767011141102777E-003
  0.13333333333333333       0.46666666666666667        1.4040221064312275E-003
  0.13333333333333333       0.50000000000000000        7.0644718326287180E-004
  0.13333333333333333       0.53333333333333333        3.4070629280135063E-004
  0.13333333333333333       0.56666666666666665        1.5737528400580666E-004
  0.13333333333333333       0.59999999999999998        6.9567187358376053E-005
  0.13333333333333333       0.63333333333333330        2.9405625609303325E-005
  0.13333333333333333       0.66666666666666663        1.1875405813939262E-005
  0.13333333333333333       0.69999999999999996        4.5780094788863123E-006
  0.13333333333333333       0.73333333333333328        1.6831158512908817E-006
  0.13333333333333333       0.76666666666666661        5.8957169757413203E-007
  0.13333333333333333       0.80000000000000004        1.9655967528327629E-007
  0.13333333333333333       0.83333333333333337        6.2302850196937328E-008
  0.13333333333333333       0.86666666666666670        1.8753357397572424E-008
  0.13333333333333333       0.90000000000000002        5.3573328823457636E-009
  0.13333333333333333       0.93333333333333335        1.4674850215092754E-009
  0.13333333333333333       0.96666666666666667        4.5928447511728792E-010
  0.13333333333333333        1.0000000000000000        4.5928447511728792E-010

  0.16666666666666666        0.0000000000000000       0.49999999999999994     
  0.16666666666666666        3.3333333333333333E-002  0.41072721212136121     
  0.16666666666666666        6.6666666666666666E-002  0.32888879978490287     
  0.16666666666666666       0.10000000000000001       0.25616805075940868     
  0.16666666666666666       0.13333333333333333       0.19370935473131504     
  0.16666666666666666       0.16666666666666666       0.14196748304207654     
  0.16666666666666666       0.20000000000000001       0.10068986562301255     
  0.16666666666666666       0.23333333333333334        6.9017442405605839E-002
  0.16666666666666666       0.26666666666666666        4.5665295986228704E-002
  0.16666666666666666       0.29999999999999999        2.9133724209459849E-002
  0.16666666666666666       0.33333333333333331        1.7904259015456170E-002
  0.16666666666666666       0.36666666666666664        1.0589303512056083E-002
  0.16666666666666666       0.40000000000000002        6.0221763757223922E-003
  0.16666666666666666       0.43333333333333335        3.2904597602378335E-003
  0.16666666666666666       0.46666666666666667        1.7259596969353599E-003
  0.16666666666666666       0.50000000000000000        8.6843316835264449E-004
  0.16666666666666666       0.53333333333333333        4.1882911043480286E-004
  0.16666666666666666       0.56666666666666665        1.9346091222038959E-004
  0.16666666666666666       0.59999999999999998        8.5518711606973871E-005
  0.16666666666666666       0.63333333333333330        3.6148237575712148E-005
  0.16666666666666666       0.66666666666666663        1.4598396795695313E-005
  0.16666666666666666       0.69999999999999996        5.6277317974927898E-006
  0.16666666666666666       0.73333333333333328        2.0690487074915609E-006
  0.16666666666666666       0.76666666666666661        7.2475852324947558E-007
  0.16666666666666666       0.80000000000000004        2.4163015384704968E-007
  0.16666666666666666       0.83333333333333337        7.6588686140735104E-008
  0.16666666666666666       0.86666666666666670        2.3053439758656702E-008
  0.16666666666666666       0.90000000000000002        6.5857514604940090E-009
  0.16666666666666666       0.93333333333333335        1.8039744469688609E-009
  0.16666666666666666       0.96666666666666667        5.6459687482803818E-010
  0.16666666666666666        1.0000000000000000        5.6459687482803818E-010

  0.20000000000000001        0.0000000000000000       0.58778525229247314     
  0.20000000000000001        3.3333333333333333E-002  0.48283879600027685     
  0.20000000000000001        6.6666666666666666E-002  0.38663197231547558     
  0.20000000000000001       0.10000000000000001       0.30114360468978013     
  0.20000000000000001       0.13333333333333333       0.22771900388431635     
  0.20000000000000001       0.16666666666666666       0.16689278567442872     
  0.20000000000000001       0.20000000000000001       0.11836803613703528     
  0.20000000000000001       0.23333333333333334        8.1134869593920522E-002
  0.20000000000000001       0.26666666666666666        5.3682775044551809E-002
  0.20000000000000001       0.29999999999999999        3.4248746869353378E-002
  0.20000000000000001       0.33333333333333331        2.1047718805019381E-002
  0.20000000000000001       0.36666666666666664        1.2448472872870913E-002
  0.20000000000000001       0.40000000000000002        7.0794929207075160E-003
  0.20000000000000001       0.43333333333333335        3.8681674406592518E-003
  0.20000000000000001       0.46666666666666667        2.0289873118195818E-003
  0.20000000000000001       0.50000000000000000        1.0209044179186220E-003
  0.20000000000000001       0.53333333333333333        4.9236314868870534E-004
  0.20000000000000001       0.56666666666666665        2.2742694219638740E-004
  0.20000000000000001       0.59999999999999998        1.0053327495526478E-004
  0.20000000000000001       0.63333333333333330        4.2494801886736446E-005
  0.20000000000000001       0.66666666666666663        1.7161444687246804E-005
  0.20000000000000001       0.69999999999999996        6.6157955088473460E-006
  0.20000000000000001       0.73333333333333328        2.4323126330766857E-006
  0.20000000000000001       0.76666666666666661        8.5200474287862654E-007
  0.20000000000000001       0.80000000000000004        2.8405328188091442E-007
  0.20000000000000001       0.83333333333333337        9.0035400411962064E-008
  0.20000000000000001       0.86666666666666670        2.7100943809502721E-008
  0.20000000000000001       0.90000000000000002        7.7420151674839890E-009
  0.20000000000000001       0.93333333333333335        2.1206991508815331E-009
  0.20000000000000001       0.96666666666666667        6.6372343302868049E-010
  0.20000000000000001        1.0000000000000000        6.6372343302868049E-010

  0.23333333333333334        0.0000000000000000       0.66913060635885824     
  0.23333333333333334        3.3333333333333333E-002  0.54966029698969965     
  0.23333333333333334        6.6666666666666666E-002  0.44013912404941835     
  0.23333333333333334       0.10000000000000001       0.34281976626881977     
  0.23333333333333334       0.13333333333333333       0.25923371597749595     
  0.23333333333333334       0.16666666666666666       0.18998957602237118     
  0.23333333333333334       0.20000000000000001       0.13474934167703667     
  0.23333333333333334       0.23333333333333334        9.2363366172401221E-002
  0.23333333333333334       0.26666666666666666        6.1112094385643904E-002
  0.23333333333333334       0.29999999999999999        3.8988533091535237E-002
  0.23333333333333334       0.33333333333333331        2.3960575382836479E-002
  0.23333333333333334       0.36666666666666664        1.4171254159880148E-002
  0.23333333333333334       0.40000000000000002        8.0592450597742303E-003
  0.23333333333333334       0.43333333333333335        4.4034946691347294E-003
  0.23333333333333334       0.46666666666666667        2.3097849171226171E-003
  0.23333333333333334       0.50000000000000000        1.1621904250438987E-003
  0.23333333333333334       0.53333333333333333        5.6050275325196161E-004
  0.23333333333333334       0.56666666666666665        2.5890123500153426E-004
  0.23333333333333334       0.59999999999999998        1.1444637470520551E-004
  0.23333333333333334       0.63333333333333330        4.8375784255680671E-005
  0.23333333333333334       0.66666666666666663        1.9536468199541637E-005
  0.23333333333333334       0.69999999999999996        7.5313751801627546E-006
  0.23333333333333334       0.73333333333333328        2.7689276324596807E-006
  0.23333333333333334       0.76666666666666661        9.6991622025134453E-007
  0.23333333333333334       0.80000000000000004        3.2336426271652111E-007
  0.23333333333333334       0.83333333333333337        1.0249566799515673E-007
  0.23333333333333334       0.86666666666666670        3.0851524248734737E-008
  0.23333333333333334       0.90000000000000002        8.8134557361781823E-009
  0.23333333333333334       0.93333333333333335        2.4141890311123192E-009
  0.23333333333333334       0.96666666666666667        7.5557809840400299E-010
  0.23333333333333334        1.0000000000000000        7.5557809840400299E-010

  0.26666666666666666        0.0000000000000000       0.74314482547739413     
  0.26666666666666666        3.3333333333333333E-002  0.61045960474149130     
  0.26666666666666666        6.6666666666666666E-002  0.48882401943524256     
  0.26666666666666666       0.10000000000000001       0.38073992274897006     
  0.26666666666666666       0.13333333333333333       0.28790820923028354     
  0.26666666666666666       0.16666666666666666       0.21100480081753778     
  0.26666666666666666       0.20000000000000001       0.14965430523151185     
  0.26666666666666666       0.23333333333333334       0.10257991038282012     
  0.26666666666666666       0.26666666666666666        6.7871856832118965E-002
  0.26666666666666666       0.29999999999999999        4.3301152786291146E-002
  0.26666666666666666       0.33333333333333331        2.6610914882686472E-002
  0.26666666666666666       0.36666666666666664        1.5738772220788153E-002
  0.26666666666666666       0.40000000000000002        8.9506984234606068E-003
  0.26666666666666666       0.43333333333333335        4.8905762885246666E-003
  0.26666666666666666       0.46666666666666667        2.5652760355200886E-003
  0.26666666666666666       0.50000000000000000        1.2907432306684130E-003
  0.26666666666666666       0.53333333333333333        6.2250137235784770E-004
  0.26666666666666666       0.56666666666666665        2.8753895169743781E-004
  0.26666666666666666       0.59999999999999998        1.2710557602443241E-004
  0.26666666666666666       0.63333333333333330        5.3726751409035986E-005
  0.26666666666666666       0.66666666666666663        2.1697446077973488E-005
  0.26666666666666666       0.69999999999999996        8.3644395289627234E-006
  0.26666666666666666       0.73333333333333328        3.0752056812660882E-006
  0.26666666666666666       0.76666666666666661        1.0772010925469713E-006
  0.26666666666666666       0.80000000000000004        3.5913239702148327E-007
  0.26666666666666666       0.83333333333333337        1.1383297159119904E-007
  0.26666666666666666       0.86666666666666670        3.4264088932201107E-008
  0.26666666666666666       0.90000000000000002        9.7883342394926270E-009
  0.26666666666666666       0.93333333333333335        2.6812285511167060E-009
  0.26666666666666666       0.96666666666666667        8.3915449201832906E-010
  0.26666666666666666        1.0000000000000000        8.3915449201832906E-010

  0.29999999999999999        0.0000000000000000       0.80901699437494745     
  0.29999999999999999        3.3333333333333333E-002  0.66457058931685020     
  0.29999999999999999        6.6666666666666666E-002  0.53215325657113199     
  0.29999999999999999       0.10000000000000001       0.41448861296053152     
  0.29999999999999999       0.13333333333333333       0.31342831989407799     
  0.29999999999999999       0.16666666666666666       0.22970821285935417     
  0.29999999999999999       0.20000000000000001       0.16291962490069387     
  0.29999999999999999       0.23333333333333334       0.11167256762885855     
  0.29999999999999999       0.26666666666666666        7.3888001012042195E-002
  0.29999999999999999       0.29999999999999999        4.7139355989771696E-002
  0.29999999999999999       0.33333333333333331        2.8969699630389811E-002
  0.29999999999999999       0.36666666666666664        1.7133852999695373E-002
  0.29999999999999999       0.40000000000000002        9.7440860621654888E-003
  0.29999999999999999       0.43333333333333335        5.3240757306786445E-003
  0.29999999999999999       0.46666666666666667        2.7926614528538795E-003
  0.29999999999999999       0.50000000000000000        1.4051543833523382E-003
  0.29999999999999999       0.53333333333333333        6.7767973616139426E-004
  0.29999999999999999       0.56666666666666665        3.1302633146715022E-004
  0.29999999999999999       0.59999999999999998        1.3837218205418387E-004
  0.29999999999999999       0.63333333333333330        5.8489077030908367E-005
  0.29999999999999999       0.66666666666666663        2.3620702196692575E-005
  0.29999999999999999       0.69999999999999996        9.1058613279118720E-006
  0.29999999999999999       0.73333333333333328        3.3477911331003851E-006
  0.29999999999999999       0.76666666666666661        1.1726839242538320E-006
  0.29999999999999999       0.80000000000000004        3.9096580163139252E-007
  0.29999999999999999       0.83333333333333337        1.2392309732940738E-007
  0.29999999999999999       0.86666666666666670        3.7301249087104713E-008
  0.29999999999999999       0.90000000000000002        1.0655969704538565E-008
  0.29999999999999999       0.93333333333333335        2.9188919700319113E-009
  0.29999999999999999       0.96666666666666667        9.1353693341373541E-010
  0.29999999999999999        1.0000000000000000        9.1353693341373541E-010

  0.33333333333333331        0.0000000000000000       0.86602540378443860     
  0.33333333333333331        3.3333333333333333E-002  0.71140039944531719     
  0.33333333333333331        6.6666666666666666E-002  0.56965211126779969     
  0.33333333333333331       0.10000000000000001       0.44369607919117887     
  0.33333333333333331       0.13333333333333333       0.33551444429602029     
  0.33333333333333331       0.16666666666666666       0.24589489365154954     
  0.33333333333333331       0.20000000000000001       0.17439996306634059     
  0.33333333333333331       0.23333333333333334       0.11954171685496807     
  0.33333333333333331       0.26666666666666666        7.9094612790819252E-002
  0.33333333333333331       0.29999999999999999        5.0461090544483882E-002
  0.33333333333333331       0.33333333333333331        3.1011086286643206E-002
  0.33333333333333331       0.36666666666666664        1.8341211699648689E-002
  0.33333333333333331       0.40000000000000002        1.0430715454892185E-002
  0.33333333333333331       0.43333333333333335        5.6992434849928346E-003
  0.33333333333333331       0.46666666666666667        2.9894498869082243E-003
  0.33333333333333331       0.50000000000000000        1.5041703705647965E-003
  0.33333333333333331       0.53333333333333333        7.2543329896195474E-004
  0.33333333333333331       0.56666666666666665        3.3508412924433749E-004
  0.33333333333333331       0.59999999999999998        1.4812275350110904E-004
  0.33333333333333331       0.63333333333333330        6.2610584085203880E-005
  0.33333333333333331       0.66666666666666663        2.5285164959194981E-005
  0.33333333333333331       0.69999999999999996        9.7475174046284361E-006
  0.33333333333333331       0.73333333333333328        3.5836974847100993E-006
  0.33333333333333331       0.76666666666666661        1.2553185854866810E-006
  0.33333333333333331       0.80000000000000004        4.1851570310377440E-007
  0.33333333333333331       0.83333333333333337        1.3265549568069954E-007
  0.33333333333333331       0.86666666666666670        3.9929728951221798E-008
  0.33333333333333331       0.90000000000000002        1.1406856135596559E-008
  0.33333333333333331       0.93333333333333335        3.1245753977060344E-009
  0.33333333333333331       0.96666666666666667        9.7791047299676763E-010
  0.33333333333333331        1.0000000000000000        9.7791047299676763E-010

  0.36666666666666664        0.0000000000000000       0.91354545764260087     
  0.36666666666666664        3.3333333333333333E-002  0.75043595792735718     
  0.36666666666666664        6.6666666666666666E-002  0.60090973822604954     
  0.36666666666666664       0.10000000000000001       0.46804231832883403     
  0.36666666666666664       0.13333333333333333       0.35392460223534417     
  0.36666666666666664       0.16666666666666666       0.25938749853208398     
  0.36666666666666664       0.20000000000000001       0.18396953874109392     
  0.36666666666666664       0.23333333333333334       0.12610114201550207     
  0.36666666666666664       0.26666666666666666        8.3434647440248269E-002
  0.36666666666666664       0.29999999999999999        5.3229962831528643E-002
  0.36666666666666664       0.33333333333333331        3.2712708992053141E-002
  0.36666666666666664       0.36666666666666664        1.9347620246075350E-002
  0.36666666666666664       0.40000000000000002        1.1003063746327545E-002
  0.36666666666666664       0.43333333333333335        6.0119691350420685E-003
  0.36666666666666664       0.46666666666666667        3.1534852824189959E-003
  0.36666666666666664       0.50000000000000000        1.5867063524294606E-003
  0.36666666666666664       0.53333333333333333        7.6523886273241080E-004
  0.36666666666666664       0.56666666666666665        3.5347067518066169E-004
  0.36666666666666664       0.59999999999999998        1.5625046106399712E-004
  0.36666666666666664       0.63333333333333330        6.6046116478154850E-005
  0.36666666666666664       0.66666666666666663        2.6672598163143510E-005
  0.36666666666666664       0.69999999999999996        1.0282377640860734E-005
  0.36666666666666664       0.73333333333333328        3.7803400967404201E-006
  0.36666666666666664       0.76666666666666661        1.3241997136046355E-006
  0.36666666666666664       0.80000000000000004        4.4148025895291015E-007
  0.36666666666666664       0.83333333333333337        1.3993449266136674E-007
  0.36666666666666664       0.86666666666666670        4.2120730349116333E-008
  0.36666666666666664       0.90000000000000002        1.2032766663794853E-008
  0.36666666666666664       0.93333333333333335        3.2960253234634512E-009
  0.36666666666666664       0.96666666666666667        1.0315698207967245E-009
  0.36666666666666664        1.0000000000000000        1.0315698207967245E-009

  0.40000000000000002        0.0000000000000000       0.95105651629515353     
  0.40000000000000002        3.3333333333333333E-002  0.78124958301552472     
  0.40000000000000002        6.6666666666666666E-002  0.62558367234384804     
  0.40000000000000002       0.10000000000000001       0.48726058788272653     
  0.40000000000000002       0.13333333333333333       0.36845708816909323     
  0.40000000000000002       0.16666666666666666       0.27003819969837722     
  0.40000000000000002       0.20000000000000001       0.19152350565129889     
  0.40000000000000002       0.23333333333333334       0.13127897667575378     
  0.40000000000000002       0.26666666666666666        8.6860554632499476E-002
  0.40000000000000002       0.29999999999999999        5.5415636506705321E-002
  0.40000000000000002       0.33333333333333331        3.4055924412171680E-002
  0.40000000000000002       0.36666666666666664        2.0142052216336186E-002
  0.40000000000000002       0.40000000000000002        1.1454860168819025E-002
  0.40000000000000002       0.43333333333333335        6.2588263931623606E-003
  0.40000000000000002       0.46666666666666667        3.2829704332663643E-003
  0.40000000000000002       0.50000000000000000        1.6518580474572573E-003
  0.40000000000000002       0.53333333333333333        7.9666030938624355E-004
  0.40000000000000002       0.56666666666666665        3.6798452243121251E-004
  0.40000000000000002       0.59999999999999998        1.6266625587795696E-004
  0.40000000000000002       0.63333333333333330        6.8758033797932736E-005
  0.40000000000000002       0.66666666666666663        2.7767800800016641E-005
  0.40000000000000002       0.69999999999999996        1.0704581995933910E-005
  0.40000000000000002       0.73333333333333328        3.9355645115838291E-006
  0.40000000000000002       0.76666666666666661        1.3785726325537326E-006
  0.40000000000000002       0.80000000000000004        4.5960786469927409E-007
  0.40000000000000002       0.83333333333333337        1.4568033805726088E-007
  0.40000000000000002       0.86666666666666670        4.3850248210976457E-008
  0.40000000000000002       0.90000000000000002        1.2526843682406302E-008
  0.40000000000000002       0.93333333333333335        3.4313633060393617E-009
  0.40000000000000002       0.96666666666666667        1.0739270737701695E-009
  0.40000000000000002        1.0000000000000000        1.0739270737701695E-009

  0.43333333333333335        0.0000000000000000       0.97814760073380569     
  0.43333333333333335        3.3333333333333333E-002  0.80350367418518864     
  0.43333333333333335        6.6666666666666666E-002  0.64340358083564742     
  0.43333333333333335       0.10000000000000001       0.50114032846994272     
  0.43333333333333335       0.13333333333333333       0.37895268114025887     
  0.43333333333333335       0.16666666666666666       0.27773030583964881     
  0.43333333333333335       0.20000000000000001       0.19697910095471799     
  0.43333333333333335       0.23333333333333334       0.13501849139565392     
  0.43333333333333335       0.26666666666666666        8.9334799411457388E-002
  0.43333333333333335       0.29999999999999999        5.6994164871847081E-002
  0.43333333333333335       0.33333333333333331        3.5026015997770117E-002
  0.43333333333333335       0.36666666666666664        2.0715803647519442E-002
  0.43333333333333335       0.40000000000000002        1.1781154746217328E-002
  0.43333333333333335       0.43333333333333335        6.4371106395755403E-003
  0.43333333333333335       0.46666666666666667        3.3764866730411369E-003
  0.43333333333333335       0.50000000000000000        1.6989116400435926E-003
  0.43333333333333335       0.53333333333333333        8.1935337897855306E-004
  0.43333333333333335       0.56666666666666665        3.7846665424829491E-004
  0.43333333333333335       0.59999999999999998        1.6729984515241554E-004
  0.43333333333333335       0.63333333333333330        7.0716623710876883E-005
  0.43333333333333335       0.66666666666666663        2.8558773600538900E-005
  0.43333333333333335       0.69999999999999996        1.1009504710581839E-005
  0.43333333333333335       0.73333333333333328        4.0476700580685045E-006
  0.43333333333333335       0.76666666666666661        1.4178416212557014E-006
  0.43333333333333335       0.80000000000000004        4.7269991050086396E-007
  0.43333333333333335       0.83333333333333337        1.4983007918382905E-007
  0.43333333333333335       0.86666666666666670        4.5099333577182745E-008
  0.43333333333333335       0.90000000000000002        1.2883673980222742E-008
  0.43333333333333335       0.93333333333333335        3.5291065541753701E-009
  0.43333333333333335       0.96666666666666667        1.1045181569897002E-009
  0.43333333333333335        1.0000000000000000        1.1045181569897002E-009

  0.46666666666666667        0.0000000000000000       0.99452189536827329     
  0.46666666666666667        3.3333333333333333E-002  0.81695441095652599     
  0.46666666666666667        6.6666666666666666E-002  0.65417422505495637     
  0.46666666666666667       0.10000000000000001       0.50952947074808630     
  0.46666666666666667       0.13333333333333333       0.38529638923590531     
  0.46666666666666667       0.16666666666666666       0.28237954063133835     
  0.46666666666666667       0.20000000000000001       0.20027655200755032     
  0.46666666666666667       0.23333333333333334       0.13727871526938754     
  0.46666666666666667       0.26666666666666666        9.0830273433554751E-002
  0.46666666666666667       0.29999999999999999        5.7948253239857118E-002
  0.46666666666666667       0.33333333333333331        3.5612355222431925E-002
  0.46666666666666667       0.36666666666666664        2.1062588398879860E-002
  0.46666666666666667       0.40000000000000002        1.1978372526850946E-002
  0.46666666666666667       0.43333333333333335        6.5448685547695286E-003
  0.46666666666666667       0.46666666666666667        3.4330094182508089E-003
  0.46666666666666667       0.50000000000000000        1.7273516011814935E-003
  0.46666666666666667       0.53333333333333333        8.3306944149005597E-004
  0.46666666666666667       0.56666666666666665        3.8480222620219403E-004
  0.46666666666666667       0.59999999999999998        1.7010046231364084E-004
  0.46666666666666667       0.63333333333333330        7.1900427496039788E-005
  0.46666666666666667       0.66666666666666663        2.9036850501186064E-005
  0.46666666666666667       0.69999999999999996        1.1193804987733658E-005
  0.46666666666666667       0.73333333333333328        4.1154284843675674E-006
  0.46666666666666667       0.76666666666666661        1.4415764404527586E-006
  0.46666666666666667       0.80000000000000004        4.8061295716419066E-007
  0.46666666666666667       0.83333333333333337        1.5233825060889938E-007
  0.46666666666666667       0.86666666666666670        4.5854301207075152E-008
  0.46666666666666667       0.90000000000000002        1.3099348049829753E-008
  0.46666666666666667       0.93333333333333335        3.5881841723908085E-009
  0.46666666666666667       0.96666666666666667        1.1230079081459684E-009
  0.46666666666666667        1.0000000000000000        1.1230079081459684E-009

  0.50000000000000000        0.0000000000000000        1.0000000000000000     
  0.50000000000000000        3.3333333333333333E-002  0.82145442424272241     
  0.50000000000000000        6.6666666666666666E-002  0.65777759956980575     
  0.50000000000000000       0.10000000000000001       0.51233610151881737     
  0.50000000000000000       0.13333333333333333       0.38741870946263002     
  0.50000000000000000       0.16666666666666666       0.28393496608415308     
  0.50000000000000000       0.20000000000000001       0.20137973124602504     
  0.50000000000000000       0.23333333333333334       0.13803488481121168     
  0.50000000000000000       0.26666666666666666        9.1330591972457423E-002
  0.50000000000000000       0.29999999999999999        5.8267448418919697E-002
  0.50000000000000000       0.33333333333333331        3.5808518030912340E-002
  0.50000000000000000       0.36666666666666664        2.1178607024112166E-002
  0.50000000000000000       0.40000000000000002        1.2044352751444786E-002
  0.50000000000000000       0.43333333333333335        6.5809195204756671E-003
  0.50000000000000000       0.46666666666666667        3.4519193938707194E-003
  0.50000000000000000       0.50000000000000000        1.7368663367052888E-003
  0.50000000000000000       0.53333333333333333        8.3765822086960572E-004
  0.50000000000000000       0.56666666666666665        3.8692182444077919E-004
  0.50000000000000000       0.59999999999999998        1.7103742321394777E-004
  0.50000000000000000       0.63333333333333330        7.2296475151424297E-005
  0.50000000000000000       0.66666666666666663        2.9196793591390634E-005
  0.50000000000000000       0.69999999999999996        1.1255463594985581E-005
  0.50000000000000000       0.73333333333333328        4.1380974149831227E-006
  0.50000000000000000       0.76666666666666661        1.4495170464989516E-006
  0.50000000000000000       0.80000000000000004        4.8326030769409935E-007
  0.50000000000000000       0.83333333333333337        1.5317737228147023E-007
  0.50000000000000000       0.86666666666666670        4.6106879517313397E-008
  0.50000000000000000       0.90000000000000002        1.3171502920988016E-008
  0.50000000000000000       0.93333333333333335        3.6079488939377221E-009
  0.50000000000000000       0.96666666666666667        1.1291937496560764E-009
  0.50000000000000000        1.0000000000000000        1.1291937496560764E-009

  0.53333333333333333        0.0000000000000000       0.99452189536827340     
  0.53333333333333333        3.3333333333333333E-002  0.81695441095652599     
  0.53333333333333333        6.6666666666666666E-002  0.65417422505495637     
  0.53333333333333333       0.10000000000000001       0.50952947074808630     
  0.53333333333333333       0.13333333333333333       0.38529638923590531     
  0.53333333333333333       0.16666666666666666       0.28237954063133835     
  0.53333333333333333       0.20000000000000001       0.20027655200755032     
  0.53333333333333333       0.23333333333333334       0.13727871526938754     
  0.53333333333333333       0.26666666666666666        9.0830273433554751E-002
  0.53333333333333333       0.29999999999999999        5.7948253239857118E-002
  0.53333333333333333       0.33333333333333331        3.5612355222431925E-002
  0.53333333333333333       0.36666666666666664        2.1062588398879860E-002
  0.53333333333333333       0.40000000000000002        1.1978372526850946E-002
  0.53333333333333333       0.43333333333333335        6.5448685547695286E-003
  0.53333333333333333       0.46666666666666667        3.4330094182508089E-003
  0.53333333333333333       0.50000000000000000        1.7273516011814935E-003
  0.53333333333333333       0.53333333333333333        8.3306944149005597E-004
  0.53333333333333333       0.56666666666666665        3.8480222620219403E-004
  0.53333333333333333       0.59999999999999998        1.7010046231364084E-004
  0.53333333333333333       0.63333333333333330        7.1900427496039788E-005
  0.53333333333333333       0.66666666666666663        2.9036850501186064E-005
  0.53333333333333333       0.69999999999999996        1.1193804987733660E-005
  0.53333333333333333       0.73333333333333328        4.1154284843675674E-006
  0.53333333333333333       0.76666666666666661        1.4415764404527586E-006
  0.53333333333333333       0.80000000000000004        4.8061295716419077E-007
  0.53333333333333333       0.83333333333333337        1.5233825060889938E-007
  0.53333333333333333       0.86666666666666670        4.5854301207075152E-008
  0.53333333333333333       0.90000000000000002        1.3099348049829753E-008
  0.53333333333333333       0.93333333333333335        3.5881841723908085E-009
  0.53333333333333333       0.96666666666666667        1.1230079081459686E-009
  0.53333333333333333        1.0000000000000000        1.1230079081459686E-009

  0.56666666666666665        0.0000000000000000       0.97814760073380569     
  0.56666666666666665        3.3333333333333333E-002  0.80350367418518864     
  0.56666666666666665        6.6666666666666666E-002  0.64340358083564730     
  0.56666666666666665       0.10000000000000001       0.50114032846994272     
  0.56666666666666665       0.13333333333333333       0.37895268114025898     
  0.56666666666666665       0.16666666666666666       0.27773030583964886     
  0.56666666666666665       0.20000000000000001       0.19697910095471799     
  0.56666666666666665       0.23333333333333334       0.13501849139565394     
  0.56666666666666665       0.26666666666666666        8.9334799411457388E-002
  0.56666666666666665       0.29999999999999999        5.6994164871847081E-002
  0.56666666666666665       0.33333333333333331        3.5026015997770117E-002
  0.56666666666666665       0.36666666666666664        2.0715803647519442E-002
  0.56666666666666665       0.40000000000000002        1.1781154746217328E-002
  0.56666666666666665       0.43333333333333335        6.4371106395755403E-003
  0.56666666666666665       0.46666666666666667        3.3764866730411364E-003
  0.56666666666666665       0.50000000000000000        1.6989116400435926E-003
  0.56666666666666665       0.53333333333333333        8.1935337897855306E-004
  0.56666666666666665       0.56666666666666665        3.7846665424829491E-004
  0.56666666666666665       0.59999999999999998        1.6729984515241554E-004
  0.56666666666666665       0.63333333333333330        7.0716623710876883E-005
  0.56666666666666665       0.66666666666666663        2.8558773600538900E-005
  0.56666666666666665       0.69999999999999996        1.1009504710581841E-005
  0.56666666666666665       0.73333333333333328        4.0476700580685045E-006
  0.56666666666666665       0.76666666666666661        1.4178416212557014E-006
  0.56666666666666665       0.80000000000000004        4.7269991050086401E-007
  0.56666666666666665       0.83333333333333337        1.4983007918382905E-007
  0.56666666666666665       0.86666666666666670        4.5099333577182752E-008
  0.56666666666666665       0.90000000000000002        1.2883673980222742E-008
  0.56666666666666665       0.93333333333333335        3.5291065541753709E-009
  0.56666666666666665       0.96666666666666667        1.1045181569897004E-009
  0.56666666666666665        1.0000000000000000        1.1045181569897004E-009

  0.59999999999999998        0.0000000000000000       0.95105651629515364     
  0.59999999999999998        3.3333333333333333E-002  0.78124958301552472     
  0.59999999999999998        6.6666666666666666E-002  0.62558367234384793     
  0.59999999999999998       0.10000000000000001       0.48726058788272658     
  0.59999999999999998       0.13333333333333333       0.36845708816909323     
  0.59999999999999998       0.16666666666666666       0.27003819969837722     
  0.59999999999999998       0.20000000000000001       0.19152350565129889     
  0.59999999999999998       0.23333333333333334       0.13127897667575378     
  0.59999999999999998       0.26666666666666666        8.6860554632499462E-002
  0.59999999999999998       0.29999999999999999        5.5415636506705321E-002
  0.59999999999999998       0.33333333333333331        3.4055924412171680E-002
  0.59999999999999998       0.36666666666666664        2.0142052216336186E-002
  0.59999999999999998       0.40000000000000002        1.1454860168819025E-002
  0.59999999999999998       0.43333333333333335        6.2588263931623606E-003
  0.59999999999999998       0.46666666666666667        3.2829704332663647E-003
  0.59999999999999998       0.50000000000000000        1.6518580474572573E-003
  0.59999999999999998       0.53333333333333333        7.9666030938624355E-004
  0.59999999999999998       0.56666666666666665        3.6798452243121251E-004
  0.59999999999999998       0.59999999999999998        1.6266625587795698E-004
  0.59999999999999998       0.63333333333333330        6.8758033797932749E-005
  0.59999999999999998       0.66666666666666663        2.7767800800016641E-005
  0.59999999999999998       0.69999999999999996        1.0704581995933911E-005
  0.59999999999999998       0.73333333333333328        3.9355645115838291E-006
  0.59999999999999998       0.76666666666666661        1.3785726325537328E-006
  0.59999999999999998       0.80000000000000004        4.5960786469927414E-007
  0.59999999999999998       0.83333333333333337        1.4568033805726091E-007
  0.59999999999999998       0.86666666666666670        4.3850248210976457E-008
  0.59999999999999998       0.90000000000000002        1.2526843682406304E-008
  0.59999999999999998       0.93333333333333335        3.4313633060393621E-009
  0.59999999999999998       0.96666666666666667        1.0739270737701695E-009
  0.59999999999999998        1.0000000000000000        1.0739270737701695E-009

  0.63333333333333330        0.0000000000000000       0.91354545764260098     
  0.63333333333333330        3.3333333333333333E-002  0.75043595792735707     
  0.63333333333333330        6.6666666666666666E-002  0.60090973822604965     
  0.63333333333333330       0.10000000000000001       0.46804231832883408     
  0.63333333333333330       0.13333333333333333       0.35392460223534428     
  0.63333333333333330       0.16666666666666666       0.25938749853208398     
  0.63333333333333330       0.20000000000000001       0.18396953874109395     
  0.63333333333333330       0.23333333333333334       0.12610114201550207     
  0.63333333333333330       0.26666666666666666        8.3434647440248255E-002
  0.63333333333333330       0.29999999999999999        5.3229962831528636E-002
  0.63333333333333330       0.33333333333333331        3.2712708992053141E-002
  0.63333333333333330       0.36666666666666664        1.9347620246075350E-002
  0.63333333333333330       0.40000000000000002        1.1003063746327545E-002
  0.63333333333333330       0.43333333333333335        6.0119691350420685E-003
  0.63333333333333330       0.46666666666666667        3.1534852824189959E-003
  0.63333333333333330       0.50000000000000000        1.5867063524294611E-003
  0.63333333333333330       0.53333333333333333        7.6523886273241091E-004
  0.63333333333333330       0.56666666666666665        3.5347067518066175E-004
  0.63333333333333330       0.59999999999999998        1.5625046106399712E-004
  0.63333333333333330       0.63333333333333330        6.6046116478154850E-005
  0.63333333333333330       0.66666666666666663        2.6672598163143513E-005
  0.63333333333333330       0.69999999999999996        1.0282377640860734E-005
  0.63333333333333330       0.73333333333333328        3.7803400967404201E-006
  0.63333333333333330       0.76666666666666661        1.3241997136046357E-006
  0.63333333333333330       0.80000000000000004        4.4148025895291020E-007
  0.63333333333333330       0.83333333333333337        1.3993449266136677E-007
  0.63333333333333330       0.86666666666666670        4.2120730349116339E-008
  0.63333333333333330       0.90000000000000002        1.2032766663794853E-008
  0.63333333333333330       0.93333333333333335        3.2960253234634520E-009
  0.63333333333333330       0.96666666666666667        1.0315698207967247E-009
  0.63333333333333330        1.0000000000000000        1.0315698207967247E-009

  0.66666666666666663        0.0000000000000000       0.86602540378443871     
  0.66666666666666663        3.3333333333333333E-002  0.71140039944531730     
  0.66666666666666663        6.6666666666666666E-002  0.56965211126779980     
  0.66666666666666663       0.10000000000000001       0.44369607919117898     
  0.66666666666666663       0.13333333333333333       0.33551444429602034     
  0.66666666666666663       0.16666666666666666       0.24589489365154960     
  0.66666666666666663       0.20000000000000001       0.17439996306634059     
  0.66666666666666663       0.23333333333333334       0.11954171685496806     
  0.66666666666666663       0.26666666666666666        7.9094612790819252E-002
  0.66666666666666663       0.29999999999999999        5.0461090544483882E-002
  0.66666666666666663       0.33333333333333331        3.1011086286643209E-002
  0.66666666666666663       0.36666666666666664        1.8341211699648689E-002
  0.66666666666666663       0.40000000000000002        1.0430715454892185E-002
  0.66666666666666663       0.43333333333333335        5.6992434849928346E-003
  0.66666666666666663       0.46666666666666667        2.9894498869082247E-003
  0.66666666666666663       0.50000000000000000        1.5041703705647967E-003
  0.66666666666666663       0.53333333333333333        7.2543329896195474E-004
  0.66666666666666663       0.56666666666666665        3.3508412924433749E-004
  0.66666666666666663       0.59999999999999998        1.4812275350110904E-004
  0.66666666666666663       0.63333333333333330        6.2610584085203867E-005
  0.66666666666666663       0.66666666666666663        2.5285164959194981E-005
  0.66666666666666663       0.69999999999999996        9.7475174046284344E-006
  0.66666666666666663       0.73333333333333328        3.5836974847101002E-006
  0.66666666666666663       0.76666666666666661        1.2553185854866810E-006
  0.66666666666666663       0.80000000000000004        4.1851570310377445E-007
  0.66666666666666663       0.83333333333333337        1.3265549568069954E-007
  0.66666666666666663       0.86666666666666670        3.9929728951221805E-008
  0.66666666666666663       0.90000000000000002        1.1406856135596559E-008
  0.66666666666666663       0.93333333333333335        3.1245753977060344E-009
  0.66666666666666663       0.96666666666666667        9.7791047299676763E-010
  0.66666666666666663        1.0000000000000000        9.7791047299676763E-010

  0.69999999999999996        0.0000000000000000       0.80901699437494745     
  0.69999999999999996        3.3333333333333333E-002  0.66457058931685031     
  0.69999999999999996        6.6666666666666666E-002  0.53215325657113199     
  0.69999999999999996       0.10000000000000001       0.41448861296053158     
  0.69999999999999996       0.13333333333333333       0.31342831989407804     
  0.69999999999999996       0.16666666666666666       0.22970821285935419     
  0.69999999999999996       0.20000000000000001       0.16291962490069389     
  0.69999999999999996       0.23333333333333334       0.11167256762885855     
  0.69999999999999996       0.26666666666666666        7.3888001012042195E-002
  0.69999999999999996       0.29999999999999999        4.7139355989771696E-002
  0.69999999999999996       0.33333333333333331        2.8969699630389815E-002
  0.69999999999999996       0.36666666666666664        1.7133852999695373E-002
  0.69999999999999996       0.40000000000000002        9.7440860621654888E-003
  0.69999999999999996       0.43333333333333335        5.3240757306786445E-003
  0.69999999999999996       0.46666666666666667        2.7926614528538799E-003
  0.69999999999999996       0.50000000000000000        1.4051543833523384E-003
  0.69999999999999996       0.53333333333333333        6.7767973616139426E-004
  0.69999999999999996       0.56666666666666665        3.1302633146715027E-004
  0.69999999999999996       0.59999999999999998        1.3837218205418387E-004
  0.69999999999999996       0.63333333333333330        5.8489077030908374E-005
  0.69999999999999996       0.66666666666666663        2.3620702196692571E-005
  0.69999999999999996       0.69999999999999996        9.1058613279118737E-006
  0.69999999999999996       0.73333333333333328        3.3477911331003851E-006
  0.69999999999999996       0.76666666666666661        1.1726839242538324E-006
  0.69999999999999996       0.80000000000000004        3.9096580163139263E-007
  0.69999999999999996       0.83333333333333337        1.2392309732940743E-007
  0.69999999999999996       0.86666666666666670        3.7301249087104720E-008
  0.69999999999999996       0.90000000000000002        1.0655969704538566E-008
  0.69999999999999996       0.93333333333333335        2.9188919700319113E-009
  0.69999999999999996       0.96666666666666667        9.1353693341373541E-010
  0.69999999999999996        1.0000000000000000        9.1353693341373541E-010

  0.73333333333333328        0.0000000000000000       0.74314482547739447     
  0.73333333333333328        3.3333333333333333E-002  0.61045960474149141     
  0.73333333333333328        6.6666666666666666E-002  0.48882401943524267     
  0.73333333333333328       0.10000000000000001       0.38073992274897012     
  0.73333333333333328       0.13333333333333333       0.28790820923028354     
  0.73333333333333328       0.16666666666666666       0.21100480081753781     
  0.73333333333333328       0.20000000000000001       0.14965430523151188     
  0.73333333333333328       0.23333333333333334       0.10257991038282013     
  0.73333333333333328       0.26666666666666666        6.7871856832118979E-002
  0.73333333333333328       0.29999999999999999        4.3301152786291153E-002
  0.73333333333333328       0.33333333333333331        2.6610914882686475E-002
  0.73333333333333328       0.36666666666666664        1.5738772220788153E-002
  0.73333333333333328       0.40000000000000002        8.9506984234606086E-003
  0.73333333333333328       0.43333333333333335        4.8905762885246666E-003
  0.73333333333333328       0.46666666666666667        2.5652760355200886E-003
  0.73333333333333328       0.50000000000000000        1.2907432306684130E-003
  0.73333333333333328       0.53333333333333333        6.2250137235784770E-004
  0.73333333333333328       0.56666666666666665        2.8753895169743787E-004
  0.73333333333333328       0.59999999999999998        1.2710557602443244E-004
  0.73333333333333328       0.63333333333333330        5.3726751409035986E-005
  0.73333333333333328       0.66666666666666663        2.1697446077973495E-005
  0.73333333333333328       0.69999999999999996        8.3644395289627217E-006
  0.73333333333333328       0.73333333333333328        3.0752056812660886E-006
  0.73333333333333328       0.76666666666666661        1.0772010925469713E-006
  0.73333333333333328       0.80000000000000004        3.5913239702148332E-007
  0.73333333333333328       0.83333333333333337        1.1383297159119904E-007
  0.73333333333333328       0.86666666666666670        3.4264088932201107E-008
  0.73333333333333328       0.90000000000000002        9.7883342394926270E-009
  0.73333333333333328       0.93333333333333335        2.6812285511167060E-009
  0.73333333333333328       0.96666666666666667        8.3915449201832906E-010
  0.73333333333333328        1.0000000000000000        8.3915449201832906E-010

  0.76666666666666661        0.0000000000000000       0.66913060635885835     
  0.76666666666666661        3.3333333333333333E-002  0.54966029698969965     
  0.76666666666666661        6.6666666666666666E-002  0.44013912404941841     
  0.76666666666666661       0.10000000000000001       0.34281976626881983     
  0.76666666666666661       0.13333333333333333       0.25923371597749600     
  0.76666666666666661       0.16666666666666666       0.18998957602237121     
  0.76666666666666661       0.20000000000000001       0.13474934167703667     
  0.76666666666666661       0.23333333333333334        9.2363366172401221E-002
  0.76666666666666661       0.26666666666666666        6.1112094385643904E-002
  0.76666666666666661       0.29999999999999999        3.8988533091535237E-002
  0.76666666666666661       0.33333333333333331        2.3960575382836483E-002
  0.76666666666666661       0.36666666666666664        1.4171254159880150E-002
  0.76666666666666661       0.40000000000000002        8.0592450597742320E-003
  0.76666666666666661       0.43333333333333335        4.4034946691347302E-003
  0.76666666666666661       0.46666666666666667        2.3097849171226166E-003
  0.76666666666666661       0.50000000000000000        1.1621904250438987E-003
  0.76666666666666661       0.53333333333333333        5.6050275325196172E-004
  0.76666666666666661       0.56666666666666665        2.5890123500153426E-004
  0.76666666666666661       0.59999999999999998        1.1444637470520551E-004
  0.76666666666666661       0.63333333333333330        4.8375784255680671E-005
  0.76666666666666661       0.66666666666666663        1.9536468199541637E-005
  0.76666666666666661       0.69999999999999996        7.5313751801627546E-006
  0.76666666666666661       0.73333333333333328        2.7689276324596807E-006
  0.76666666666666661       0.76666666666666661        9.6991622025134453E-007
  0.76666666666666661       0.80000000000000004        3.2336426271652111E-007
  0.76666666666666661       0.83333333333333337        1.0249566799515673E-007
  0.76666666666666661       0.86666666666666670        3.0851524248734737E-008
  0.76666666666666661       0.90000000000000002        8.8134557361781823E-009
  0.76666666666666661       0.93333333333333335        2.4141890311123196E-009
  0.76666666666666661       0.96666666666666667        7.5557809840400299E-010
  0.76666666666666661        1.0000000000000000        7.5557809840400299E-010

  0.80000000000000004        0.0000000000000000       0.58778525229247325     
  0.80000000000000004        3.3333333333333333E-002  0.48283879600027690     
  0.80000000000000004        6.6666666666666666E-002  0.38663197231547564     
  0.80000000000000004       0.10000000000000001       0.30114360468978019     
  0.80000000000000004       0.13333333333333333       0.22771900388431637     
  0.80000000000000004       0.16666666666666666       0.16689278567442875     
  0.80000000000000004       0.20000000000000001       0.11836803613703528     
  0.80000000000000004       0.23333333333333334        8.1134869593920536E-002
  0.80000000000000004       0.26666666666666666        5.3682775044551809E-002
  0.80000000000000004       0.29999999999999999        3.4248746869353384E-002
  0.80000000000000004       0.33333333333333331        2.1047718805019384E-002
  0.80000000000000004       0.36666666666666664        1.2448472872870915E-002
  0.80000000000000004       0.40000000000000002        7.0794929207075160E-003
  0.80000000000000004       0.43333333333333335        3.8681674406592518E-003
  0.80000000000000004       0.46666666666666667        2.0289873118195818E-003
  0.80000000000000004       0.50000000000000000        1.0209044179186218E-003
  0.80000000000000004       0.53333333333333333        4.9236314868870534E-004
  0.80000000000000004       0.56666666666666665        2.2742694219638740E-004
  0.80000000000000004       0.59999999999999998        1.0053327495526478E-004
  0.80000000000000004       0.63333333333333330        4.2494801886736452E-005
  0.80000000000000004       0.66666666666666663        1.7161444687246807E-005
  0.80000000000000004       0.69999999999999996        6.6157955088473460E-006
  0.80000000000000004       0.73333333333333328        2.4323126330766857E-006
  0.80000000000000004       0.76666666666666661        8.5200474287862654E-007
  0.80000000000000004       0.80000000000000004        2.8405328188091442E-007
  0.80000000000000004       0.83333333333333337        9.0035400411962064E-008
  0.80000000000000004       0.86666666666666670        2.7100943809502721E-008
  0.80000000000000004       0.90000000000000002        7.7420151674839890E-009
  0.80000000000000004       0.93333333333333335        2.1206991508815335E-009
  0.80000000000000004       0.96666666666666667        6.6372343302868049E-010
  0.80000000000000004        1.0000000000000000        6.6372343302868049E-010

  0.83333333333333337        0.0000000000000000       0.49999999999999994     
  0.83333333333333337        3.3333333333333333E-002  0.41072721212136121     
  0.83333333333333337        6.6666666666666666E-002  0.32888879978490287     
  0.83333333333333337       0.10000000000000001       0.25616805075940868     
  0.83333333333333337       0.13333333333333333       0.19370935473131506     
  0.83333333333333337       0.16666666666666666       0.14196748304207654     
  0.83333333333333337       0.20000000000000001       0.10068986562301255     
  0.83333333333333337       0.23333333333333334        6.9017442405605853E-002
  0.83333333333333337       0.26666666666666666        4.5665295986228711E-002
  0.83333333333333337       0.29999999999999999        2.9133724209459852E-002
  0.83333333333333337       0.33333333333333331        1.7904259015456170E-002
  0.83333333333333337       0.36666666666666664        1.0589303512056085E-002
  0.83333333333333337       0.40000000000000002        6.0221763757223930E-003
  0.83333333333333337       0.43333333333333335        3.2904597602378335E-003
  0.83333333333333337       0.46666666666666667        1.7259596969353599E-003
  0.83333333333333337       0.50000000000000000        8.6843316835264438E-004
  0.83333333333333337       0.53333333333333333        4.1882911043480286E-004
  0.83333333333333337       0.56666666666666665        1.9346091222038959E-004
  0.83333333333333337       0.59999999999999998        8.5518711606973871E-005
  0.83333333333333337       0.63333333333333330        3.6148237575712155E-005
  0.83333333333333337       0.66666666666666663        1.4598396795695315E-005
  0.83333333333333337       0.69999999999999996        5.6277317974927898E-006
  0.83333333333333337       0.73333333333333328        2.0690487074915614E-006
  0.83333333333333337       0.76666666666666661        7.2475852324947558E-007
  0.83333333333333337       0.80000000000000004        2.4163015384704968E-007
  0.83333333333333337       0.83333333333333337        7.6588686140735104E-008
  0.83333333333333337       0.86666666666666670        2.3053439758656702E-008
  0.83333333333333337       0.90000000000000002        6.5857514604940090E-009
  0.83333333333333337       0.93333333333333335        1.8039744469688611E-009
  0.83333333333333337       0.96666666666666667        5.6459687482803818E-010
  0.83333333333333337        1.0000000000000000        5.6459687482803818E-010

  0.86666666666666670        0.0000000000000000       0.40673664307580004     
  0.86666666666666670        3.3333333333333333E-002  0.33411561495624909     
  0.86666666666666670        6.6666666666666666E-002  0.26754225273948073     
  0.86666666666666670       0.10000000000000001       0.20838586605830614     
  0.86666666666666670       0.13333333333333333       0.15757738535158891     
  0.86666666666666670       0.16666666666666666       0.11548675495690963     
  0.86666666666666670       0.20000000000000001        8.1908515870515078E-002
  0.86666666666666670       0.23333333333333334        5.6143845675467006E-002
  0.86666666666666670       0.26666666666666666        3.7147498389002963E-002
  0.86666666666666670       0.29999999999999999        2.3699506370503741E-002
  0.86666666666666670       0.33333333333333331        1.4564636417412548E-002
  0.86666666666666670       0.36666666666666664        8.6141155260089468E-003
  0.86666666666666670       0.40000000000000002        4.8988796061434298E-003
  0.86666666666666670       0.43333333333333335        2.6767011141102777E-003
  0.86666666666666670       0.46666666666666667        1.4040221064312275E-003
  0.86666666666666670       0.50000000000000000        7.0644718326287170E-004
  0.86666666666666670       0.53333333333333333        3.4070629280135063E-004
  0.86666666666666670       0.56666666666666665        1.5737528400580666E-004
  0.86666666666666670       0.59999999999999998        6.9567187358376053E-005
  0.86666666666666670       0.63333333333333330        2.9405625609303329E-005
  0.86666666666666670       0.66666666666666663        1.1875405813939262E-005
  0.86666666666666670       0.69999999999999996        4.5780094788863132E-006
  0.86666666666666670       0.73333333333333328        1.6831158512908817E-006
  0.86666666666666670       0.76666666666666661        5.8957169757413203E-007
  0.86666666666666670       0.80000000000000004        1.9655967528327629E-007
  0.86666666666666670       0.83333333333333337        6.2302850196937328E-008
  0.86666666666666670       0.86666666666666670        1.8753357397572424E-008
  0.86666666666666670       0.90000000000000002        5.3573328823457636E-009
  0.86666666666666670       0.93333333333333335        1.4674850215092754E-009
  0.86666666666666670       0.96666666666666667        4.5928447511728798E-010
  0.86666666666666670        1.0000000000000000        4.5928447511728798E-010

  0.90000000000000002        0.0000000000000000       0.30901699437494751     
  0.90000000000000002        3.3333333333333333E-002  0.25384337719548905     
  0.90000000000000002        6.6666666666666666E-002  0.20326445678622906     
  0.90000000000000002       0.10000000000000001       0.15832056220112287     
  0.90000000000000002       0.13333333333333333       0.11971896516276295     
  0.90000000000000002       0.16666666666666666        8.7740729817277624E-002
  0.90000000000000002       0.20000000000000001        6.2229759277681360E-002
  0.90000000000000002       0.23333333333333334        4.2655125223252717E-002
  0.90000000000000002       0.26666666666666666        2.8222705025813491E-002
  0.90000000000000002       0.29999999999999999        1.8005631780311851E-002
  0.90000000000000002       0.33333333333333331        1.1065440614933642E-002
  0.90000000000000002       0.36666666666666664        6.5445494876392920E-003
  0.90000000000000002       0.40000000000000002        3.7219096864430957E-003
  0.90000000000000002       0.43333333333333335        2.0336159704408109E-003
  0.90000000000000002       0.46666666666666667        1.0667017559185200E-003
  0.90000000000000002       0.50000000000000000        5.3672121499969382E-004
  0.90000000000000002       0.53333333333333333        2.5885062572659139E-004
  0.90000000000000002       0.56666666666666665        1.1956541924676064E-004
  0.90000000000000002       0.59999999999999998        5.2853470447210000E-005
  0.90000000000000002       0.63333333333333330        2.2340839455196212E-005
  0.90000000000000002       0.66666666666666663        9.0223054009972594E-006
  0.90000000000000002       0.69999999999999996        3.4781295304190848E-006
  0.90000000000000002       0.73333333333333328        1.2787424256088242E-006
  0.90000000000000002       0.76666666666666661        4.4792540100435677E-007
  0.90000000000000002       0.80000000000000004        1.4933564778434287E-007
  0.90000000000000002       0.83333333333333337        4.7334411188672308E-008
  0.90000000000000002       0.86666666666666670        1.4247809328448015E-008
  0.90000000000000002       0.90000000000000002        4.0702182440445580E-009
  0.90000000000000002       0.93333333333333335        1.1149175230630509E-009
  0.90000000000000002       0.96666666666666667        3.4894005858569744E-010
  0.90000000000000002        1.0000000000000000        3.4894005858569744E-010

  0.93333333333333335        0.0000000000000000       0.20791169081775931     
  0.93333333333333335        3.3333333333333333E-002  0.17078997827403344     
  0.93333333333333335        6.6666666666666666E-002  0.13675965290860537     
  0.93333333333333335       0.10000000000000001       0.10652066513375652     
  0.93333333333333335       0.13333333333333333        8.0548878938809687E-002
  0.93333333333333335       0.16666666666666666        5.9033398880839423E-002
  0.93333333333333335       0.20000000000000001        4.1869200419787034E-002
  0.93333333333333335       0.23333333333333334        2.8699066292933669E-002
  0.93333333333333335       0.26666666666666666        1.8988697800380504E-002
  0.93333333333333335       0.29999999999999999        1.2114483720414173E-002
  0.93333333333333335       0.33333333333333331        7.4450095294852072E-003
  0.93333333333333335       0.36666666666666664        4.4032799955480359E-003
  0.93333333333333335       0.40000000000000002        2.5041617453584173E-003
  0.93333333333333335       0.43333333333333335        1.3682501046376940E-003
  0.93333333333333335       0.46666666666666667        7.1769439774627629E-004
  0.93333333333333335       0.50000000000000000        3.6111481678884435E-004
  0.93333333333333335       0.53333333333333333        1.7415893702839579E-004
  0.93333333333333335       0.56666666666666665        8.0445570733774646E-005
  0.93333333333333335       0.59999999999999998        3.5560679853524556E-005
  0.93333333333333335       0.63333333333333330        1.5031282388896752E-005
  0.93333333333333335       0.66666666666666663        6.0703547220431464E-006
  0.93333333333333335       0.69999999999999996        2.3401424669711880E-006
  0.93333333333333335       0.73333333333333328        8.6035883031774006E-007
  0.93333333333333335       0.76666666666666661        3.0137154000676163E-007
  0.93333333333333335       0.80000000000000004        1.0047546767779082E-007
  0.93333333333333335       0.83333333333333337        3.1847366466061851E-008
  0.93333333333333335       0.86666666666666670        9.5861592787753446E-009
  0.93333333333333335       0.90000000000000002        2.7385094429136749E-009
  0.93333333333333335       0.93333333333333335        7.5013475492265650E-010
  0.93333333333333335       0.96666666666666667        2.3477258175184045E-010
  0.93333333333333335        1.0000000000000000        2.3477258175184045E-010

  0.96666666666666667        0.0000000000000000       0.10452846326765373     
  0.96666666666666667        3.3333333333333333E-002   8.5865368610506934E-002
  0.96666666666666667        6.6666666666666666E-002   6.8756481654917739E-002
  0.96666666666666667       0.10000000000000001        5.3553705368302493E-002
  0.96666666666666667       0.13333333333333333        4.0496282341266246E-002
  0.96666666666666667       0.16666666666666666        2.9679285672729833E-002
  0.96666666666666667       0.20000000000000001        2.1049913840400062E-002
  0.96666666666666667       0.23333333333333334        1.4428574386643519E-002
  0.96666666666666667       0.26666666666666666        9.5466464282060615E-003
  0.96666666666666667       0.29999999999999999        6.0906068417569421E-003
  0.96666666666666667       0.33333333333333331        3.7430093616633276E-003
  0.96666666666666667       0.36666666666666664        2.2137672463799765E-003
  0.96666666666666667       0.40000000000000002        1.2589776841620574E-003
  0.96666666666666667       0.43333333333333335        6.8789340436342444E-004
  0.96666666666666667       0.46666666666666667        3.6082382956511617E-004
  0.96666666666666667       0.50000000000000000        1.8155196907712262E-004
  0.96666666666666667       0.53333333333333333        8.7559126571016532E-005
  0.96666666666666667       0.56666666666666665        4.0444343713511450E-005
  0.96666666666666667       0.59999999999999998        1.7878279009813240E-005
  0.96666666666666667       0.63333333333333330        7.5570394472464776E-006
  0.96666666666666667       0.66666666666666663        3.0518959664509361E-006
  0.96666666666666667       0.69999999999999996        1.1765163129488611E-006
  0.96666666666666667       0.73333333333333328        4.3254896364003513E-007
  0.96666666666666667       0.76666666666666661        1.5151578935080316E-007
  0.96666666666666667       0.80000000000000004        5.0514457321517575E-008
  0.96666666666666667       0.83333333333333337        1.6011395331959339E-008
  0.96666666666666667       0.86666666666666670        4.8194812620116191E-009
  0.96666666666666667       0.90000000000000002        1.3767969592562864E-009
  0.96666666666666667       0.93333333333333335        3.7713335343154011E-010
  0.96666666666666667       0.96666666666666667        1.1803288738298904E-010
  0.96666666666666667        1.0000000000000000        1.1803288738298904E-010

   1.0000000000000000        0.0000000000000000        1.2246467991473532E-016
   1.0000000000000000        3.3333333333333333E-002   0.0000000000000000     
   1.0000000000000000        6.6666666666666666E-002   0.0000000000000000     
   1.0000000000000000       0.10000000000000001        0.0000000000000000     
   1.0000000000000000       0.13333333333333333        0.0000000000000000     
   1.0000000000000000       0.16666666666666666        0.0000000000000000     
   1.0000000000000000       0.20000000000000001        0.0000000000000000     
   1.0000000000000000       0.23333333333333334        0.0000000000000000     
   1.0000000000000000       0.26666666666666666        0.0000000000000000     
   1.0000000000000000       0.29999999999999999        0.0000000000000000     
   1.0000000000000000       0.33333333333333331        0.0000000000000000     
   1.0000000000000000       0.36666666666666664        0.0000000000000000     
   1.0000000000000000       0.40000000000000002        0.0000000000000000     
   1.0000000000000000       0.43333333333333335        0.0000000000000000     
   1.0000000000000000       0.46666666666666667        0.0000000000000000     
   1.0000000000000000       0.50000000000000000        0.0000000000000000     
   1.0000000000000000       0.53333333333333333        0.0000000000000000     
   1.0000000000000000       0.56666666666666665        0.0000000000000000     
   1.0000000000000000       0.59999999999999998        0.0000000000000000     
   1.0000000000000000       0.63333333333333330        0.0000000000000000     
   1.0000000000000000       0.66666666666666663        0.0000000000000000     
   1.0000000000000000       0.69999999999999996        0.0000000000000000     
   1.0000000000000000       0.73333333333333328        0.0000000000000000     
   1.0000000000000000       0.76666666666666661        0.0000000000000000     
   1.0000000000000000       0.80000000000000004        0.0000000000000000     
   1.0000000000000000       0.83333333333333337        0.0000000000000000     
   1.0000000000000000       0.86666666666666670        0.0000000000000000     
   1.0000000000000000       0.90000000000000002        0.0000000000000000     
   1.0000000000000000       0.93333333333333335        0.0000000000000000     
   1.0000000000000000       0.96666666666666667        0.0000000000000000     
   1.0000000000000000        1.0000000000000000        0.0000000000000000     

