   0.0000000000000000        0.0000000000000000        0.0000000000000000     
   0.0000000000000000        3.3333333333333333E-002   0.0000000000000000     
   0.0000000000000000        6.6666666666666666E-002   0.0000000000000000     
   0.0000000000000000       0.10000000000000001        0.0000000000000000     
   0.0000000000000000       0.13333333333333333        0.0000000000000000     
   0.0000000000000000       0.16666666666666666        0.0000000000000000     
   0.0000000000000000       0.20000000000000001        0.0000000000000000     
   0.0000000000000000       0.23333333333333334        0.0000000000000000     
   0.0000000000000000       0.26666666666666666        0.0000000000000000     
   0.0000000000000000       0.29999999999999999        0.0000000000000000     
   0.0000000000000000       0.33333333333333331        0.0000000000000000     
   0.0000000000000000       0.36666666666666664        0.0000000000000000     
   0.0000000000000000       0.40000000000000002        0.0000000000000000     
   0.0000000000000000       0.43333333333333335        0.0000000000000000     
   0.0000000000000000       0.46666666666666667        0.0000000000000000     
   0.0000000000000000       0.50000000000000000        0.0000000000000000     
   0.0000000000000000       0.53333333333333333        0.0000000000000000     
   0.0000000000000000       0.56666666666666665        0.0000000000000000     
   0.0000000000000000       0.59999999999999998        0.0000000000000000     
   0.0000000000000000       0.63333333333333330        0.0000000000000000     
   0.0000000000000000       0.66666666666666663        0.0000000000000000     
   0.0000000000000000       0.69999999999999996        0.0000000000000000     
   0.0000000000000000       0.73333333333333328        0.0000000000000000     
   0.0000000000000000       0.76666666666666661        0.0000000000000000     
   0.0000000000000000       0.80000000000000004        0.0000000000000000     
   0.0000000000000000       0.83333333333333337        0.0000000000000000     
   0.0000000000000000       0.86666666666666670        0.0000000000000000     
   0.0000000000000000       0.90000000000000002        0.0000000000000000     
   0.0000000000000000       0.93333333333333335        0.0000000000000000     
   0.0000000000000000       0.96666666666666667        0.0000000000000000     
   0.0000000000000000        1.0000000000000000        0.0000000000000000     

   3.3333333333333333E-002   0.0000000000000000       0.10452846326765346     
   3.3333333333333333E-002   3.3333333333333333E-002   8.6003394586842599E-002
   3.3333333333333333E-002   6.6666666666666666E-002   6.9015861727479963E-002
   3.3333333333333333E-002  0.10000000000000001        5.3904392107723569E-002
   3.3333333333333333E-002  0.13333333333333333        4.0900548998792703E-002
   3.3333333333333333E-002  0.16666666666666666        3.0098337476240661E-002
   3.3333333333333333E-002  0.20000000000000001        2.1449830010846088E-002
   3.3333333333333333E-002  0.23333333333333334        1.4784373431910351E-002
   3.3333333333333333E-002  0.26666666666666666        9.8439374384168849E-003
   3.3333333333333333E-002  0.29999999999999999        6.3249920851221964E-003
   3.3333333333333333E-002  0.33333333333333331        3.9179122584387513E-003
   3.3333333333333333E-002  0.36666666666666664        2.3375618148269435E-003
   3.3333333333333333E-002  0.40000000000000002        1.3422078114923332E-003
   3.3333333333333333E-002  0.43333333333333335        7.4110095709566061E-004
   3.3333333333333333E-002  0.46666666666666667        3.9318883301080193E-004
   3.3333333333333333E-002  0.50000000000000000        2.0029219670594510E-004
   3.3333333333333333E-002  0.53333333333333333        9.7890844357113619E-005
   3.3333333333333333E-002  0.56666666666666665        4.5868104299751929E-005
   3.3333333333333333E-002  0.59999999999999998        2.0589292207961094E-005
   3.3333333333333333E-002  0.63333333333333330        8.8470319131572078E-006
   3.3333333333333333E-002  0.66666666666666663        3.6360694828955047E-006
   3.3333333333333333E-002  0.69999999999999996        1.4281838075874359E-006
   3.3333333333333333E-002  0.73333333333333328        5.3564286109961663E-007
   3.3333333333333333E-002  0.76666666666666661        1.9164944705919742E-007
   3.3333333333333333E-002  0.80000000000000004        6.5352043218023725E-008
   3.3333333333333333E-002  0.83333333333333337        2.1216933416603698E-008
   3.3333333333333333E-002  0.86666666666666670        6.5511773117002750E-009
   3.3333333333333333E-002  0.90000000000000002        1.9230826350030922E-009
   3.3333333333333333E-002  0.93333333333333335        5.4283037856477475E-010
   3.3333333333333333E-002  0.96666666666666667        1.7603952657089947E-010
   3.3333333333333333E-002   1.0000000000000000        1.7603952657089947E-010

   6.6666666666666666E-002   0.0000000000000000       0.20791169081775931     
   6.6666666666666666E-002   3.3333333333333333E-002  0.17106451798522437     
   6.6666666666666666E-002   6.6666666666666666E-002  0.13727557123137610     
   6.6666666666666666E-002  0.10000000000000001       0.10721819641529569     
   6.6666666666666666E-002  0.13333333333333333        8.1352983023764508E-002
   6.6666666666666666E-002  0.16666666666666666        5.9866911268609588E-002
   6.6666666666666666E-002  0.20000000000000001        4.2664651195427845E-002
   6.6666666666666666E-002  0.23333333333333334        2.9406766174671650E-002
   6.6666666666666666E-002  0.26666666666666666        1.9580022638282131E-002
   6.6666666666666666E-002  0.29999999999999999        1.2580686233370107E-002
   6.6666666666666666E-002  0.33333333333333331        7.7928990502981995E-003
   6.6666666666666666E-002  0.36666666666666664        4.6495128132443848E-003
   6.6666666666666666E-002  0.40000000000000002        2.6697101133269152E-003
   6.6666666666666666E-002  0.43333333333333335        1.4740822570200355E-003
   6.6666666666666666E-002  0.46666666666666667        7.8206980688708453E-004
   6.6666666666666666E-002  0.50000000000000000        3.9838995019094310E-004
   6.6666666666666666E-002  0.53333333333333333        1.9470917613847457E-004
   6.6666666666666666E-002  0.56666666666666665        9.1233668050277883E-005
   6.6666666666666666E-002  0.59999999999999998        4.0953003821905383E-005
   6.6666666666666666E-002  0.63333333333333330        1.7597133893313416E-005
   6.6666666666666666E-002  0.66666666666666663        7.2323014276399499E-006
   6.6666666666666666E-002  0.69999999999999996        2.8407201345122683E-006
   6.6666666666666666E-002  0.73333333333333328        1.0654171069225510E-006
   6.6666666666666666E-002  0.76666666666666661        3.8119914267118913E-007
   6.6666666666666666E-002  0.80000000000000004        1.2998807577475657E-007
   6.6666666666666666E-002  0.83333333333333337        4.2201409670766334E-008
   6.6666666666666666E-002  0.86666666666666670        1.3030578553851574E-008
   6.6666666666666666E-002  0.90000000000000002        3.8250955742261765E-009
   6.6666666666666666E-002  0.93333333333333335        1.0797133939074341E-009
   6.6666666666666666E-002  0.96666666666666667        3.5015032725004891E-010
   6.6666666666666666E-002   1.0000000000000000        3.5015032725004891E-010

  0.10000000000000001        0.0000000000000000       0.30901699437494740     
  0.10000000000000001        3.3333333333333333E-002  0.25425142272700829     
  0.10000000000000001        6.6666666666666666E-002  0.20403126085010115     
  0.10000000000000001       0.10000000000000001       0.15935729572609178     
  0.10000000000000001       0.13333333333333333       0.12091409674252178     
  0.10000000000000001       0.16666666666666666        8.8979570653163045E-002
  0.10000000000000001       0.20000000000000001        6.3412029533360253E-002
  0.10000000000000001       0.23333333333333334        4.3706972233461802E-002
  0.10000000000000001       0.26666666666666666        2.9101585012739208E-002
  0.10000000000000001       0.29999999999999999        1.8698543750567367E-002
  0.10000000000000001       0.33333333333333331        1.1582505209393615E-002
  0.10000000000000001       0.36666666666666664        6.9105227763068128E-003
  0.10000000000000001       0.40000000000000002        3.9679625124871293E-003
  0.10000000000000001       0.43333333333333335        2.1909132032649553E-003
  0.10000000000000001       0.46666666666666667        1.1623822603004839E-003
  0.10000000000000001       0.50000000000000000        5.9212286001319244E-004
  0.10000000000000001       0.53333333333333333        2.8939423344054782E-004
  0.10000000000000001       0.56666666666666665        1.3559965664177256E-004
  0.10000000000000001       0.59999999999999998        6.0868025756009861E-005
  0.10000000000000001       0.63333333333333330        2.6154437992097473E-005
  0.10000000000000001       0.66666666666666663        1.0749294764486799E-005
  0.10000000000000001       0.69999999999999996        4.2221329371844788E-006
  0.10000000000000001       0.73333333333333328        1.5835184199691789E-006
  0.10000000000000001       0.76666666666666661        5.6657234070502633E-007
  0.10000000000000001       0.80000000000000004        1.9319993177154751E-007
  0.10000000000000001       0.83333333333333337        6.2723518449363338E-008
  0.10000000000000001       0.86666666666666670        1.9367214050543011E-008
  0.10000000000000001       0.90000000000000002        5.6851999658853313E-009
  0.10000000000000001       0.93333333333333335        1.6047668433618903E-009
  0.10000000000000001       0.96666666666666667        5.2042480767018022E-010
  0.10000000000000001        1.0000000000000000        5.2042480767018022E-010

  0.13333333333333333        0.0000000000000000       0.40673664307580015     
  0.13333333333333333        3.3333333333333333E-002  0.33465269567586436     
  0.13333333333333333        6.6666666666666666E-002  0.26855154127866632     
  0.13333333333333333       0.10000000000000001       0.20975044315725477     
  0.13333333333333333       0.13333333333333333       0.15915045031446654     
  0.13333333333333333       0.16666666666666666       0.11711735124146821     
  0.13333333333333333       0.20000000000000001        8.3464652405904893E-002
  0.13333333333333333       0.23333333333333334        5.7528315558190220E-002
  0.13333333333333333       0.26666666666666666        3.8304304331898534E-002
  0.13333333333333333       0.29999999999999999        2.4611536109511580E-002
  0.13333333333333333       0.33333333333333331        1.5245211017619872E-002
  0.13333333333333333       0.36666666666666664        9.0958196057121642E-003
  0.13333333333333333       0.40000000000000002        5.2227410840109973E-003
  0.13333333333333333       0.43333333333333335        2.8837400459768418E-003
  0.13333333333333333       0.46666666666666667        1.5299594104259051E-003
  0.13333333333333333       0.50000000000000000        7.7936834787146266E-004
  0.13333333333333333       0.53333333333333333        3.8090862696140977E-004
  0.13333333333333333       0.56666666666666665        1.7847998701904752E-004
  0.13333333333333333       0.59999999999999998        8.0116164862478233E-005
  0.13333333333333333       0.63333333333333330        3.4425188595072098E-005
  0.13333333333333333       0.66666666666666663        1.4148516578459387E-005
  0.13333333333333333       0.69999999999999996        5.5572871678587778E-006
  0.13333333333333333       0.73333333333333328        2.0842703738340912E-006
  0.13333333333333333       0.76666666666666661        7.4573805361121462E-007
  0.13333333333333333       0.80000000000000004        2.5429504888616452E-007
  0.13333333333333333       0.83333333333333337        8.2558415234089017E-008
  0.13333333333333333       0.86666666666666670        2.5491658297246603E-008
  0.13333333333333333       0.90000000000000002        7.4830161170136676E-009
  0.13333333333333333       0.93333333333333335        2.1122381314614225E-009
  0.13333333333333333       0.96666666666666667        6.8499740499158450E-010
  0.13333333333333333        1.0000000000000000        6.8499740499158450E-010

  0.16666666666666666        0.0000000000000000       0.49999999999999994     
  0.16666666666666666        3.3333333333333333E-002  0.41138744366031693     
  0.16666666666666666        6.6666666666666666E-002  0.33012951482295944     
  0.16666666666666666       0.10000000000000001       0.25784552084008483     
  0.16666666666666666       0.13333333333333333       0.19564311824839320     
  0.16666666666666666       0.16666666666666666       0.14397196962119049     
  0.16666666666666666       0.20000000000000001       0.10260281908058902     
  0.16666666666666666       0.23333333333333334        7.0719366619089119E-002
  0.16666666666666666       0.26666666666666666        4.7087353677106585E-002
  0.16666666666666666       0.29999999999999999        3.0254879328544943E-002
  0.16666666666666666       0.33333333333333331        1.8740887103671586E-002
  0.16666666666666666       0.36666666666666664        1.1181460732094710E-002
  0.16666666666666666       0.40000000000000002        6.4202982112896044E-003
  0.16666666666666666       0.43333333333333335        3.5449720292836050E-003
  0.16666666666666666       0.46666666666666667        1.8807740050861103E-003
  0.16666666666666666       0.50000000000000000        9.5807491301714133E-004
  0.16666666666666666       0.53333333333333333        4.6824970585502776E-004
  0.16666666666666666       0.56666666666666665        2.1940485330920341E-004
  0.16666666666666666       0.59999999999999998        9.8486534501327969E-005
  0.16666666666666666       0.63333333333333330        4.2318769627865267E-005
  0.16666666666666666       0.66666666666666663        1.7392724284030936E-005
  0.16666666666666666       0.69999999999999996        6.8315545973849107E-006
  0.16666666666666666       0.73333333333333328        2.5621866253216615E-006
  0.16666666666666666       0.76666666666666661        9.1673330434631794E-007
  0.16666666666666666       0.80000000000000004        3.1260405623052455E-007
  0.16666666666666666       0.83333333333333337        1.0148878474505097E-007
  0.16666666666666666       0.86666666666666670        3.1336810601173108E-008
  0.16666666666666666       0.90000000000000002        9.1988467776422090E-009
  0.16666666666666666       0.93333333333333335        2.5965672965784168E-009
  0.16666666666666666       0.96666666666666667        8.4206502739897850E-010
  0.16666666666666666        1.0000000000000000        8.4206502739897850E-010

  0.20000000000000001        0.0000000000000000       0.58778525229247314     
  0.20000000000000001        3.3333333333333333E-002  0.48361494472366995     
  0.20000000000000001        6.6666666666666666E-002  0.38809052031880997     
  0.20000000000000001       0.10000000000000001       0.30311558903894681     
  0.20000000000000001       0.13333333333333333       0.22999227923783588     
  0.20000000000000001       0.16666666666666666       0.16924920097367144     
  0.20000000000000001       0.20000000000000001       0.12061684779840599     
  0.20000000000000001       0.23333333333333334        8.3135601500330406E-002
  0.20000000000000001       0.26666666666666666        5.5354504121766013E-002
  0.20000000000000001       0.29999999999999999        3.5566743758414246E-002
  0.20000000000000001       0.33333333333333331        2.2031234108832717E-002
  0.20000000000000001       0.36666666666666664        1.3144595434825341E-002
  0.20000000000000001       0.40000000000000002        7.5475132078315485E-003
  0.20000000000000001       0.43333333333333335        4.1673645572044490E-003
  0.20000000000000001       0.46666666666666667        2.2109824461693291E-003
  0.20000000000000001       0.50000000000000000        1.1262846089257392E-003
  0.20000000000000001       0.53333333333333333        5.5046054298374760E-004
  0.20000000000000001       0.56666666666666665        2.5792587411308638E-004
  0.20000000000000001       0.59999999999999998        1.1577786505854885E-004
  0.20000000000000001       0.63333333333333330        4.9748697364843666E-005
  0.20000000000000001       0.66666666666666663        2.0446373662685097E-005
  0.20000000000000001       0.69999999999999996        8.0309740851473894E-006
  0.20000000000000001       0.73333333333333328        3.0120310239701866E-006
  0.20000000000000001       0.76666666666666661        1.0776846331602264E-006
  0.20000000000000001       0.80000000000000004        3.6748810811821868E-007
  0.20000000000000001       0.83333333333333337        1.1930722189245258E-007
  0.20000000000000001       0.86666666666666670        3.6838630250503970E-008
  0.20000000000000001       0.90000000000000002        1.0813892947992457E-008
  0.20000000000000001       0.93333333333333335        3.0524479270274597E-009
  0.20000000000000001       0.96666666666666667        9.8990680915275364E-010
  0.20000000000000001        1.0000000000000000        9.8990680915275364E-010

  0.23333333333333334        0.0000000000000000       0.66913060635885824     
  0.23333333333333334        3.3333333333333333E-002  0.55054385924969695     
  0.23333333333333334        6.6666666666666666E-002  0.44179952486088508     
  0.23333333333333334       0.10000000000000001       0.34506465941328324     
  0.23333333333333334       0.13333333333333333       0.26182159668697025     
  0.23333333333333334       0.16666666666666666       0.19267210266261259     
  0.23333333333333334       0.20000000000000001       0.13730937309104554     
  0.23333333333333334       0.23333333333333334        9.4640985334290995E-002
  0.23333333333333334       0.26666666666666666        6.3015179035592686E-002
  0.23333333333333334       0.29999999999999999        4.0488931500846724E-002
  0.23333333333333334       0.33333333333333331        2.5080202302765347E-002
  0.23333333333333334       0.36666666666666664        1.4963715199288593E-002
  0.23333333333333334       0.40000000000000002        8.5920360702498137E-003
  0.23333333333333334       0.43333333333333335        4.7440985669594607E-003
  0.23333333333333334       0.46666666666666667        2.5169669008944947E-003
  0.23333333333333334       0.50000000000000000        1.2821544949687402E-003
  0.23333333333333334       0.53333333333333333        6.2664041921226346E-004
  0.23333333333333334       0.56666666666666665        2.9362100506572723E-004
  0.23333333333333334       0.59999999999999998        1.3180070909811240E-004
  0.23333333333333334       0.63333333333333330        5.6633567962908636E-005
  0.23333333333333334       0.66666666666666663        2.3276008292812114E-005
  0.23333333333333334       0.69999999999999996        9.1424045402436226E-006
  0.23333333333333334       0.73333333333333328        3.4288749804120800E-006
  0.23333333333333334       0.76666666666666661        1.2268286236132233E-006
  0.23333333333333334       0.80000000000000004        4.1834588339153905E-007
  0.23333333333333334       0.83333333333333337        1.3581850415015920E-007
  0.23333333333333334       0.86666666666666670        4.1936838157831323E-008
  0.23333333333333334       0.90000000000000002        1.2310459844251920E-008
  0.23333333333333334       0.93333333333333335        3.4748852992221946E-009
  0.23333333333333334       0.96666666666666667        1.1269029647541338E-009
  0.23333333333333334        1.0000000000000000        1.1269029647541338E-009

  0.26666666666666666        0.0000000000000000       0.74314482547739413     
  0.26666666666666666        3.3333333333333333E-002  0.61144090004507512     
  0.26666666666666666        6.6666666666666666E-002  0.49066808135609008     
  0.26666666666666666       0.10000000000000001       0.38323312916966540     
  0.26666666666666666       0.13333333333333333       0.29078234193311076     
  0.26666666666666666       0.16666666666666666       0.21398404847555261     
  0.26666666666666666       0.20000000000000001       0.15249750815826596     
  0.26666666666666666       0.23333333333333334       0.10510946272802968     
  0.26666666666666666       0.26666666666666666        6.9985446461131418E-002
  0.26666666666666666       0.29999999999999999        4.4967514036902308E-002
  0.26666666666666666       0.33333333333333331        2.7854386551899139E-002
  0.26666666666666666       0.36666666666666664        1.6618889368669718E-002
  0.26666666666666666       0.40000000000000002        9.5424227874832800E-003
  0.26666666666666666       0.43333333333333335        5.2688552400484180E-003
  0.26666666666666666       0.46666666666666667        2.7953749395442746E-003
  0.26666666666666666       0.50000000000000000        1.4239768280567863E-003
  0.26666666666666666       0.53333333333333333        6.9595469187495158E-004
  0.26666666666666666       0.56666666666666665        3.2609916284272248E-004
  0.26666666666666666       0.59999999999999998        1.4637951698772547E-004
  0.26666666666666666       0.63333333333333330        6.2897949339035976E-005
  0.26666666666666666       0.66666666666666663        2.5850626105265213E-005
  0.26666666666666666       0.69999999999999996        1.0153668898025799E-005
  0.26666666666666666       0.73333333333333328        3.8081514650303600E-006
  0.26666666666666666       0.76666666666666661        1.3625312229355187E-006
  0.26666666666666666       0.80000000000000004        4.6462017362191751E-007
  0.26666666666666666       0.83333333333333337        1.5084173045454744E-007
  0.26666666666666666       0.86666666666666670        4.6575577290453904E-008
  0.26666666666666666       0.90000000000000002        1.3672150766328415E-008
  0.26666666666666666       0.93333333333333335        3.8592511009121542E-009
  0.26666666666666666       0.96666666666666667        1.2515525356540622E-009
  0.26666666666666666        1.0000000000000000        1.2515525356540622E-009

  0.29999999999999999        0.0000000000000000       0.80901699437494745     
  0.29999999999999999        3.3333333333333333E-002  0.66563886638732528     
  0.29999999999999999        6.6666666666666666E-002  0.53416077567306064     
  0.29999999999999999       0.10000000000000001       0.41720281656617664     
  0.29999999999999999       0.13333333333333333       0.31655721499091494     
  0.29999999999999999       0.16666666666666666       0.23295154027435350     
  0.29999999999999999       0.20000000000000001       0.16601484861394927     
  0.29999999999999999       0.23333333333333334       0.11442633885255092     
  0.29999999999999999       0.26666666666666666        7.6188938689845789E-002
  0.29999999999999999       0.29999999999999999        4.8953423079112310E-002
  0.29999999999999999       0.33333333333333331        3.0323392313065200E-002
  0.29999999999999999       0.36666666666666664        1.8091983508401525E-002
  0.29999999999999999       0.40000000000000002        1.0388260723776735E-002
  0.29999999999999999       0.43333333333333335        5.7358852325485616E-003
  0.29999999999999999       0.46666666666666667        3.0431562653865938E-003
  0.29999999999999999       0.50000000000000000        1.5501977730303337E-003
  0.29999999999999999       0.53333333333333333        7.5764393929557557E-004
  0.29999999999999999       0.56666666666666665        3.5500450995097594E-004
  0.29999999999999999       0.59999999999999998        1.5935456025733784E-004
  0.29999999999999999       0.63333333333333330        6.8473207619962746E-005
  0.29999999999999999       0.66666666666666663        2.8142019048517733E-005
  0.29999999999999999       0.69999999999999996        1.1053687534569391E-005
  0.29999999999999999       0.73333333333333328        4.1457050452908393E-006
  0.29999999999999999       0.76666666666666661        1.4833056450513445E-006
  0.29999999999999999       0.80000000000000004        5.0580398800207200E-007
  0.29999999999999999       0.83333333333333337        1.6421230319441429E-007
  0.29999999999999999       0.86666666666666670        5.0704024651716113E-008
  0.29999999999999999       0.90000000000000002        1.4884046743527537E-008
  0.29999999999999999       0.93333333333333335        4.2013341399403072E-009
  0.29999999999999999       0.96666666666666667        1.3624898350691584E-009
  0.29999999999999999        1.0000000000000000        1.3624898350691584E-009

  0.33333333333333331        0.0000000000000000       0.86602540378443860     
  0.33333333333333331        3.3333333333333333E-002  0.71254395401554793     
  0.33333333333333331        6.6666666666666666E-002  0.57180109275142854     
  0.33333333333333331       0.10000000000000001       0.44660154259908674     
  0.33333333333333331       0.13333333333333333       0.33886382095742273     
  0.33333333333333331       0.16666666666666666       0.24936676624966483     
  0.33333333333333331       0.20000000000000001       0.17771329564737762     
  0.33333333333333331       0.23333333333333334       0.12248953606335281     
  0.33333333333333331       0.26666666666666666        8.1557688962713815E-002
  0.33333333333333331       0.29999999999999999        5.2402988173905200E-002
  0.33333333333333331       0.33333333333333331        3.2460168642471532E-002
  0.33333333333333331       0.36666666666666664        1.9366858090824331E-002
  0.33333333333333331       0.40000000000000002        1.1120282701697178E-002
  0.33333333333333331       0.43333333333333335        6.1400716661297507E-003
  0.33333333333333331       0.46666666666666667        3.2575961343639490E-003
  0.33333333333333331       0.50000000000000000        1.6594344268028212E-003
  0.33333333333333331       0.53333333333333333        8.1103228117009008E-004
  0.33333333333333331       0.56666666666666665        3.8002035335873676E-004
  0.33333333333333331       0.59999999999999998        1.7058368161768523E-004
  0.33333333333333331       0.63333333333333330        7.3298259109265323E-005
  0.33333333333333331       0.66666666666666663        3.0125082141978610E-005
  0.33333333333333331       0.69999999999999996        1.1832599657351411E-005
  0.33333333333333331       0.73333333333333328        4.4378374135305604E-006
  0.33333333333333331       0.76666666666666661        1.5878286601183253E-006
  0.33333333333333331       0.80000000000000004        5.4144610804338681E-007
  0.33333333333333331       0.83333333333333337        1.7578373157684946E-007
  0.33333333333333331       0.86666666666666670        5.4276948108394846E-008
  0.33333333333333331       0.90000000000000002        1.5932869989917548E-008
  0.33333333333333331       0.93333333333333335        4.4973864829455835E-009
  0.33333333333333331       0.96666666666666667        1.4584994107319092E-009
  0.33333333333333331        1.0000000000000000        1.4584994107319092E-009

  0.36666666666666664        0.0000000000000000       0.91354545764260087     
  0.36666666666666664        3.3333333333333333E-002  0.75164226097416786     
  0.36666666666666664        6.6666666666666666E-002  0.60317663740054062     
  0.36666666666666664       0.10000000000000001       0.47110720867390016     
  0.36666666666666664       0.13333333333333333       0.35745776398970769     
  0.36666666666666664       0.16666666666666666       0.26304987775059413     
  0.36666666666666664       0.20000000000000001       0.18746467862479535     
  0.36666666666666664       0.23333333333333334       0.12921071228446127     
  0.36666666666666664       0.26666666666666666        8.6032876128262686E-002
  0.36666666666666664       0.29999999999999999        5.5278415164234512E-002
  0.36666666666666664       0.33333333333333331        3.4241304571503949E-002
  0.36666666666666664       0.36666666666666664        2.0429545323228469E-002
  0.36666666666666664       0.40000000000000002        1.1730468535269068E-002
  0.36666666666666664       0.43333333333333335        6.4769861896442219E-003
  0.36666666666666664       0.46666666666666667        3.4363450983973956E-003
  0.36666666666666664       0.50000000000000000        1.7504899697362787E-003
  0.36666666666666664       0.53333333333333333        8.5553478365268910E-004
  0.36666666666666664       0.56666666666666665        4.0087261425072790E-004
  0.36666666666666664       0.59999999999999998        1.7994385246529893E-004
  0.36666666666666664       0.63333333333333330        7.7320239533119954E-005
  0.36666666666666664       0.66666666666666663        3.1778088531413245E-005
  0.36666666666666664       0.69999999999999996        1.2481871342156825E-005
  0.36666666666666664       0.73333333333333328        4.6813479063904562E-006
  0.36666666666666664       0.76666666666666661        1.6749550921105416E-006
  0.36666666666666664       0.80000000000000004        5.7115603122009578E-007
  0.36666666666666664       0.83333333333333337        1.8542923661101801E-007
  0.36666666666666664       0.86666666666666670        5.7255201963416393E-008
  0.36666666666666664       0.90000000000000002        1.6807129378530631E-008
  0.36666666666666664       0.93333333333333335        4.7441645185050813E-009
  0.36666666666666664       0.96666666666666667        1.5385293616400579E-009
  0.36666666666666664        1.0000000000000000        1.5385293616400579E-009

  0.40000000000000002        0.0000000000000000       0.95105651629515353     
  0.40000000000000002        3.3333333333333333E-002  0.78250541803029960     
  0.40000000000000002        6.6666666666666666E-002  0.62794365258746621     
  0.40000000000000002       0.10000000000000001       0.49045132558496107     
  0.40000000000000002       0.13333333333333333       0.37213532495687518     
  0.40000000000000002       0.16666666666666666       0.27385095974416224     
  0.40000000000000002       0.20000000000000001       0.19516215935369383     
  0.40000000000000002       0.23333333333333334       0.13451622890270132     
  0.40000000000000002       0.26666666666666666        8.9565469099413555E-002
  0.40000000000000002       0.29999999999999999        5.7548200270272423E-002
  0.40000000000000002       0.33333333333333331        3.5647285602197334E-002
  0.40000000000000002       0.36666666666666664        2.1268402181914108E-002
  0.40000000000000002       0.40000000000000002        1.2212132900810194E-002
  0.40000000000000002       0.43333333333333335        6.7429374970684533E-003
  0.40000000000000002       0.46666666666666667        3.5774447464313589E-003
  0.40000000000000002       0.50000000000000000        1.8223667782477292E-003
  0.40000000000000002       0.53333333333333333        8.9066386801342620E-004
  0.40000000000000002       0.56666666666666665        4.1733283089300037E-004
  0.40000000000000002       0.59999999999999998        1.8733252080963087E-004
  0.40000000000000002       0.63333333333333330        8.0495083232349379E-005
  0.40000000000000002       0.66666666666666663        3.3082927532905163E-005
  0.40000000000000002       0.69999999999999996        1.2994389032538070E-005
  0.40000000000000002       0.73333333333333328        4.8735685719529110E-006
  0.40000000000000002       0.76666666666666661        1.7437303656067080E-006
  0.40000000000000002       0.80000000000000004        5.9460824939667395E-007
  0.40000000000000002       0.83333333333333337        1.9304314012531381E-007
  0.40000000000000002       0.86666666666666670        5.9606155844305466E-008
  0.40000000000000002       0.90000000000000002        1.7497246340554593E-008
  0.40000000000000002       0.93333333333333335        4.9389644948195877E-009
  0.40000000000000002       0.96666666666666667        1.6017028629041107E-009
  0.40000000000000002        1.0000000000000000        1.6017028629041107E-009

  0.43333333333333335        0.0000000000000000       0.97814760073380569     
  0.43333333333333335        3.3333333333333333E-002  0.80479528197670525     
  0.43333333333333335        6.6666666666666666E-002  0.64583078571098629     
  0.43333333333333335       0.10000000000000001       0.50442195513937504     
  0.43333333333333335       0.13333333333333333       0.38273569342949210     
  0.43333333333333335       0.16666666666666666       0.28165167331577562     
  0.43333333333333335       0.20000000000000001       0.20072140262440577     
  0.43333333333333335       0.23333333333333334       0.13834795756775281     
  0.43333333333333335       0.26666666666666666        9.2116764048331884E-002
  0.43333333333333335       0.29999999999999999        5.9187475251414094E-002
  0.43333333333333335       0.33333333333333331        3.6662707512158964E-002
  0.43333333333333335       0.36666666666666664        2.1874237975595404E-002
  0.43333333333333335       0.40000000000000002        1.2559998582736943E-002
  0.43333333333333335       0.43333333333333335        6.9350117702244177E-003
  0.43333333333333335       0.46666666666666667        3.6793491611949781E-003
  0.43333333333333335       0.50000000000000000        1.8742773549819325E-003
  0.43333333333333335       0.53333333333333333        9.1603465265281128E-004
  0.43333333333333335       0.56666666666666665        4.2922066170749979E-004
  0.43333333333333335       0.59999999999999998        1.9266873485412225E-004
  0.43333333333333335       0.63333333333333330        8.2788005955006122E-005
  0.43333333333333335       0.66666666666666663        3.4025303057298915E-005
  0.43333333333333335       0.69999999999999996        1.3364537477428103E-005
  0.43333333333333335       0.73333333333333328        5.0123934003812591E-006
  0.43333333333333335       0.76666666666666661        1.7934009643182493E-006
  0.43333333333333335       0.80000000000000004        6.1154581516308662E-007
  0.43333333333333335       0.83333333333333337        1.9854202259952254E-007
  0.43333333333333335       0.86666666666666670        6.1304052208374348E-008
  0.43333333333333335       0.90000000000000002        1.7995659810137249E-008
  0.43333333333333335       0.93333333333333335        5.0796521425840849E-009
  0.43333333333333335       0.96666666666666667        1.6473277724243139E-009
  0.43333333333333335        1.0000000000000000        1.6473277724243139E-009

  0.46666666666666667        0.0000000000000000       0.99452189536827329     
  0.46666666666666667        3.3333333333333333E-002  0.81826764039953426     
  0.46666666666666667        6.6666666666666666E-002  0.65664206159747629     
  0.46666666666666667       0.10000000000000001       0.51286603219620164     
  0.46666666666666667       0.13333333333333333       0.38914272955230239     
  0.46666666666666667       0.16666666666666666       0.28636655221513962     
  0.46666666666666667       0.20000000000000001       0.20408150020431087     
  0.46666666666666667       0.23333333333333334       0.14066391705852060     
  0.46666666666666667       0.26666666666666666        9.3658808453664560E-002
  0.46666666666666667       0.29999999999999999        6.0178279867925816E-002
  0.46666666666666667       0.33333333333333331        3.7276445126452590E-002
  0.46666666666666667       0.36666666666666664        2.2240415040537507E-002
  0.46666666666666667       0.40000000000000002        1.2770254291842547E-002
  0.46666666666666667       0.43333333333333335        7.0511046031812904E-003
  0.46666666666666667       0.46666666666666667        3.7409418565952338E-003
  0.46666666666666667       0.50000000000000000        1.9056529567972017E-003
  0.46666666666666667       0.53333333333333333        9.3136916994515737E-004
  0.46666666666666667       0.56666666666666665        4.3640586113213387E-004
  0.46666666666666667       0.59999999999999998        1.9589402992102709E-004
  0.46666666666666667       0.63333333333333330        8.4173885959915764E-005
  0.46666666666666667       0.66666666666666663        3.4594890241144489E-005
  0.46666666666666667       0.69999999999999996        1.3588261253006166E-005
  0.46666666666666667       0.73333333333333328        5.0963013978042778E-006
  0.46666666666666667       0.76666666666666661        1.8234226867714409E-006
  0.46666666666666667       0.80000000000000004        6.2178315700438331E-007
  0.46666666666666667       0.83333333333333337        2.0186563712654158E-007
  0.46666666666666667       0.86666666666666670        6.2330288547750573E-008
  0.46666666666666667       0.90000000000000002        1.8296909065006128E-008
  0.46666666666666667       0.93333333333333335        5.1646860584888817E-009
  0.46666666666666667       0.96666666666666667        1.6749042141443380E-009
  0.46666666666666667        1.0000000000000000        1.6749042141443380E-009

  0.50000000000000000        0.0000000000000000        1.0000000000000000     
  0.50000000000000000        3.3333333333333333E-002  0.82277488732063386     
  0.50000000000000000        6.6666666666666666E-002  0.66025902964591898     
  0.50000000000000000       0.10000000000000001       0.51569104168016977     
  0.50000000000000000       0.13333333333333333       0.39128623649678640     
  0.50000000000000000       0.16666666666666666       0.28794393924238093     
  0.50000000000000000       0.20000000000000001       0.20520563816117804     
  0.50000000000000000       0.23333333333333334       0.14143873323817824     
  0.50000000000000000       0.26666666666666666        9.4174707354213169E-002
  0.50000000000000000       0.29999999999999999        6.0509758657089886E-002
  0.50000000000000000       0.33333333333333331        3.7481774207343173E-002
  0.50000000000000000       0.36666666666666664        2.2362921464189420E-002
  0.50000000000000000       0.40000000000000002        1.2840596422579210E-002
  0.50000000000000000       0.43333333333333335        7.0899440585672109E-003
  0.50000000000000000       0.46666666666666667        3.7615480101722202E-003
  0.50000000000000000       0.50000000000000000        1.9161498260342824E-003
  0.50000000000000000       0.53333333333333333        9.3649941171005551E-004
  0.50000000000000000       0.56666666666666665        4.3880970661840676E-004
  0.50000000000000000       0.59999999999999998        1.9697306900265596E-004
  0.50000000000000000       0.63333333333333330        8.4637539255730533E-005
  0.50000000000000000       0.66666666666666663        3.4785448568061865E-005
  0.50000000000000000       0.69999999999999996        1.3663109194769825E-005
  0.50000000000000000       0.73333333333333328        5.1243732506433238E-006
  0.50000000000000000       0.76666666666666661        1.8334666086926361E-006
  0.50000000000000000       0.80000000000000004        6.2520811246104930E-007
  0.50000000000000000       0.83333333333333337        2.0297756949010195E-007
  0.50000000000000000       0.86666666666666670        6.2673621202346229E-008
  0.50000000000000000       0.90000000000000002        1.8397693555284415E-008
  0.50000000000000000       0.93333333333333335        5.1931345931568337E-009
  0.50000000000000000       0.96666666666666667        1.6841300547979570E-009
  0.50000000000000000        1.0000000000000000        1.6841300547979570E-009

  0.53333333333333333        0.0000000000000000       0.99452189536827340     
  0.53333333333333333        3.3333333333333333E-002  0.81826764039953437     
  0.53333333333333333        6.6666666666666666E-002  0.65664206159747629     
  0.53333333333333333       0.10000000000000001       0.51286603219620164     
  0.53333333333333333       0.13333333333333333       0.38914272955230245     
  0.53333333333333333       0.16666666666666666       0.28636655221513968     
  0.53333333333333333       0.20000000000000001       0.20408150020431087     
  0.53333333333333333       0.23333333333333334       0.14066391705852060     
  0.53333333333333333       0.26666666666666666        9.3658808453664560E-002
  0.53333333333333333       0.29999999999999999        6.0178279867925816E-002
  0.53333333333333333       0.33333333333333331        3.7276445126452590E-002
  0.53333333333333333       0.36666666666666664        2.2240415040537507E-002
  0.53333333333333333       0.40000000000000002        1.2770254291842547E-002
  0.53333333333333333       0.43333333333333335        7.0511046031812904E-003
  0.53333333333333333       0.46666666666666667        3.7409418565952333E-003
  0.53333333333333333       0.50000000000000000        1.9056529567972017E-003
  0.53333333333333333       0.53333333333333333        9.3136916994515737E-004
  0.53333333333333333       0.56666666666666665        4.3640586113213387E-004
  0.53333333333333333       0.59999999999999998        1.9589402992102709E-004
  0.53333333333333333       0.63333333333333330        8.4173885959915764E-005
  0.53333333333333333       0.66666666666666663        3.4594890241144489E-005
  0.53333333333333333       0.69999999999999996        1.3588261253006168E-005
  0.53333333333333333       0.73333333333333328        5.0963013978042786E-006
  0.53333333333333333       0.76666666666666661        1.8234226867714411E-006
  0.53333333333333333       0.80000000000000004        6.2178315700438320E-007
  0.53333333333333333       0.83333333333333337        2.0186563712654164E-007
  0.53333333333333333       0.86666666666666670        6.2330288547750573E-008
  0.53333333333333333       0.90000000000000002        1.8296909065006128E-008
  0.53333333333333333       0.93333333333333335        5.1646860584888817E-009
  0.53333333333333333       0.96666666666666667        1.6749042141443383E-009
  0.53333333333333333        1.0000000000000000        1.6749042141443383E-009

  0.56666666666666665        0.0000000000000000       0.97814760073380569     
  0.56666666666666665        3.3333333333333333E-002  0.80479528197670525     
  0.56666666666666665        6.6666666666666666E-002  0.64583078571098629     
  0.56666666666666665       0.10000000000000001       0.50442195513937504     
  0.56666666666666665       0.13333333333333333       0.38273569342949210     
  0.56666666666666665       0.16666666666666666       0.28165167331577567     
  0.56666666666666665       0.20000000000000001       0.20072140262440580     
  0.56666666666666665       0.23333333333333334       0.13834795756775281     
  0.56666666666666665       0.26666666666666666        9.2116764048331898E-002
  0.56666666666666665       0.29999999999999999        5.9187475251414094E-002
  0.56666666666666665       0.33333333333333331        3.6662707512158964E-002
  0.56666666666666665       0.36666666666666664        2.1874237975595404E-002
  0.56666666666666665       0.40000000000000002        1.2559998582736943E-002
  0.56666666666666665       0.43333333333333335        6.9350117702244168E-003
  0.56666666666666665       0.46666666666666667        3.6793491611949785E-003
  0.56666666666666665       0.50000000000000000        1.8742773549819325E-003
  0.56666666666666665       0.53333333333333333        9.1603465265281128E-004
  0.56666666666666665       0.56666666666666665        4.2922066170749979E-004
  0.56666666666666665       0.59999999999999998        1.9266873485412225E-004
  0.56666666666666665       0.63333333333333330        8.2788005955006122E-005
  0.56666666666666665       0.66666666666666663        3.4025303057298915E-005
  0.56666666666666665       0.69999999999999996        1.3364537477428103E-005
  0.56666666666666665       0.73333333333333328        5.0123934003812600E-006
  0.56666666666666665       0.76666666666666661        1.7934009643182493E-006
  0.56666666666666665       0.80000000000000004        6.1154581516308672E-007
  0.56666666666666665       0.83333333333333337        1.9854202259952254E-007
  0.56666666666666665       0.86666666666666670        6.1304052208374334E-008
  0.56666666666666665       0.90000000000000002        1.7995659810137249E-008
  0.56666666666666665       0.93333333333333335        5.0796521425840849E-009
  0.56666666666666665       0.96666666666666667        1.6473277724243143E-009
  0.56666666666666665        1.0000000000000000        1.6473277724243143E-009

  0.59999999999999998        0.0000000000000000       0.95105651629515364     
  0.59999999999999998        3.3333333333333333E-002  0.78250541803029960     
  0.59999999999999998        6.6666666666666666E-002  0.62794365258746621     
  0.59999999999999998       0.10000000000000001       0.49045132558496113     
  0.59999999999999998       0.13333333333333333       0.37213532495687524     
  0.59999999999999998       0.16666666666666666       0.27385095974416224     
  0.59999999999999998       0.20000000000000001       0.19516215935369383     
  0.59999999999999998       0.23333333333333334       0.13451622890270132     
  0.59999999999999998       0.26666666666666666        8.9565469099413555E-002
  0.59999999999999998       0.29999999999999999        5.7548200270272409E-002
  0.59999999999999998       0.33333333333333331        3.5647285602197334E-002
  0.59999999999999998       0.36666666666666664        2.1268402181914108E-002
  0.59999999999999998       0.40000000000000002        1.2212132900810194E-002
  0.59999999999999998       0.43333333333333335        6.7429374970684533E-003
  0.59999999999999998       0.46666666666666667        3.5774447464313589E-003
  0.59999999999999998       0.50000000000000000        1.8223667782477292E-003
  0.59999999999999998       0.53333333333333333        8.9066386801342620E-004
  0.59999999999999998       0.56666666666666665        4.1733283089300037E-004
  0.59999999999999998       0.59999999999999998        1.8733252080963090E-004
  0.59999999999999998       0.63333333333333330        8.0495083232349392E-005
  0.59999999999999998       0.66666666666666663        3.3082927532905170E-005
  0.59999999999999998       0.69999999999999996        1.2994389032538068E-005
  0.59999999999999998       0.73333333333333328        4.8735685719529110E-006
  0.59999999999999998       0.76666666666666661        1.7437303656067082E-006
  0.59999999999999998       0.80000000000000004        5.9460824939667406E-007
  0.59999999999999998       0.83333333333333337        1.9304314012531381E-007
  0.59999999999999998       0.86666666666666670        5.9606155844305492E-008
  0.59999999999999998       0.90000000000000002        1.7497246340554596E-008
  0.59999999999999998       0.93333333333333335        4.9389644948195885E-009
  0.59999999999999998       0.96666666666666667        1.6017028629041111E-009
  0.59999999999999998        1.0000000000000000        1.6017028629041111E-009

  0.63333333333333330        0.0000000000000000       0.91354545764260098     
  0.63333333333333330        3.3333333333333333E-002  0.75164226097416786     
  0.63333333333333330        6.6666666666666666E-002  0.60317663740054073     
  0.63333333333333330       0.10000000000000001       0.47110720867390027     
  0.63333333333333330       0.13333333333333333       0.35745776398970774     
  0.63333333333333330       0.16666666666666666       0.26304987775059419     
  0.63333333333333330       0.20000000000000001       0.18746467862479538     
  0.63333333333333330       0.23333333333333334       0.12921071228446127     
  0.63333333333333330       0.26666666666666666        8.6032876128262686E-002
  0.63333333333333330       0.29999999999999999        5.5278415164234512E-002
  0.63333333333333330       0.33333333333333331        3.4241304571503949E-002
  0.63333333333333330       0.36666666666666664        2.0429545323228469E-002
  0.63333333333333330       0.40000000000000002        1.1730468535269068E-002
  0.63333333333333330       0.43333333333333335        6.4769861896442219E-003
  0.63333333333333330       0.46666666666666667        3.4363450983973961E-003
  0.63333333333333330       0.50000000000000000        1.7504899697362789E-003
  0.63333333333333330       0.53333333333333333        8.5553478365268921E-004
  0.63333333333333330       0.56666666666666665        4.0087261425072795E-004
  0.63333333333333330       0.59999999999999998        1.7994385246529896E-004
  0.63333333333333330       0.63333333333333330        7.7320239533119954E-005
  0.63333333333333330       0.66666666666666663        3.1778088531413238E-005
  0.63333333333333330       0.69999999999999996        1.2481871342156825E-005
  0.63333333333333330       0.73333333333333328        4.6813479063904571E-006
  0.63333333333333330       0.76666666666666661        1.6749550921105418E-006
  0.63333333333333330       0.80000000000000004        5.7115603122009589E-007
  0.63333333333333330       0.83333333333333337        1.8542923661101804E-007
  0.63333333333333330       0.86666666666666670        5.7255201963416406E-008
  0.63333333333333330       0.90000000000000002        1.6807129378530631E-008
  0.63333333333333330       0.93333333333333335        4.7441645185050821E-009
  0.63333333333333330       0.96666666666666667        1.5385293616400581E-009
  0.63333333333333330        1.0000000000000000        1.5385293616400581E-009

  0.66666666666666663        0.0000000000000000       0.86602540378443871     
  0.66666666666666663        3.3333333333333333E-002  0.71254395401554793     
  0.66666666666666663        6.6666666666666666E-002  0.57180109275142865     
  0.66666666666666663       0.10000000000000001       0.44660154259908680     
  0.66666666666666663       0.13333333333333333       0.33886382095742285     
  0.66666666666666663       0.16666666666666666       0.24936676624966486     
  0.66666666666666663       0.20000000000000001       0.17771329564737764     
  0.66666666666666663       0.23333333333333334       0.12248953606335281     
  0.66666666666666663       0.26666666666666666        8.1557688962713787E-002
  0.66666666666666663       0.29999999999999999        5.2402988173905200E-002
  0.66666666666666663       0.33333333333333331        3.2460168642471525E-002
  0.66666666666666663       0.36666666666666664        1.9366858090824331E-002
  0.66666666666666663       0.40000000000000002        1.1120282701697178E-002
  0.66666666666666663       0.43333333333333335        6.1400716661297507E-003
  0.66666666666666663       0.46666666666666667        3.2575961343639494E-003
  0.66666666666666663       0.50000000000000000        1.6594344268028214E-003
  0.66666666666666663       0.53333333333333333        8.1103228117009019E-004
  0.66666666666666663       0.56666666666666665        3.8002035335873681E-004
  0.66666666666666663       0.59999999999999998        1.7058368161768523E-004
  0.66666666666666663       0.63333333333333330        7.3298259109265323E-005
  0.66666666666666663       0.66666666666666663        3.0125082141978604E-005
  0.66666666666666663       0.69999999999999996        1.1832599657351411E-005
  0.66666666666666663       0.73333333333333328        4.4378374135305596E-006
  0.66666666666666663       0.76666666666666661        1.5878286601183255E-006
  0.66666666666666663       0.80000000000000004        5.4144610804338692E-007
  0.66666666666666663       0.83333333333333337        1.7578373157684949E-007
  0.66666666666666663       0.86666666666666670        5.4276948108394846E-008
  0.66666666666666663       0.90000000000000002        1.5932869989917551E-008
  0.66666666666666663       0.93333333333333335        4.4973864829455835E-009
  0.66666666666666663       0.96666666666666667        1.4584994107319092E-009
  0.66666666666666663        1.0000000000000000        1.4584994107319092E-009

  0.69999999999999996        0.0000000000000000       0.80901699437494745     
  0.69999999999999996        3.3333333333333333E-002  0.66563886638732539     
  0.69999999999999996        6.6666666666666666E-002  0.53416077567306075     
  0.69999999999999996       0.10000000000000001       0.41720281656617675     
  0.69999999999999996       0.13333333333333333       0.31655721499091499     
  0.69999999999999996       0.16666666666666666       0.23295154027435355     
  0.69999999999999996       0.20000000000000001       0.16601484861394930     
  0.69999999999999996       0.23333333333333334       0.11442633885255092     
  0.69999999999999996       0.26666666666666666        7.6188938689845803E-002
  0.69999999999999996       0.29999999999999999        4.8953423079112310E-002
  0.69999999999999996       0.33333333333333331        3.0323392313065200E-002
  0.69999999999999996       0.36666666666666664        1.8091983508401528E-002
  0.69999999999999996       0.40000000000000002        1.0388260723776735E-002
  0.69999999999999996       0.43333333333333335        5.7358852325485616E-003
  0.69999999999999996       0.46666666666666667        3.0431562653865942E-003
  0.69999999999999996       0.50000000000000000        1.5501977730303337E-003
  0.69999999999999996       0.53333333333333333        7.5764393929557568E-004
  0.69999999999999996       0.56666666666666665        3.5500450995097600E-004
  0.69999999999999996       0.59999999999999998        1.5935456025733787E-004
  0.69999999999999996       0.63333333333333330        6.8473207619962746E-005
  0.69999999999999996       0.66666666666666663        2.8142019048517737E-005
  0.69999999999999996       0.69999999999999996        1.1053687534569390E-005
  0.69999999999999996       0.73333333333333328        4.1457050452908401E-006
  0.69999999999999996       0.76666666666666661        1.4833056450513445E-006
  0.69999999999999996       0.80000000000000004        5.0580398800207211E-007
  0.69999999999999996       0.83333333333333337        1.6421230319441434E-007
  0.69999999999999996       0.86666666666666670        5.0704024651716132E-008
  0.69999999999999996       0.90000000000000002        1.4884046743527540E-008
  0.69999999999999996       0.93333333333333335        4.2013341399403072E-009
  0.69999999999999996       0.96666666666666667        1.3624898350691584E-009
  0.69999999999999996        1.0000000000000000        1.3624898350691584E-009

  0.73333333333333328        0.0000000000000000       0.74314482547739447     
  0.73333333333333328        3.3333333333333333E-002  0.61144090004507523     
  0.73333333333333328        6.6666666666666666E-002  0.49066808135609019     
  0.73333333333333328       0.10000000000000001       0.38323312916966545     
  0.73333333333333328       0.13333333333333333       0.29078234193311076     
  0.73333333333333328       0.16666666666666666       0.21398404847555264     
  0.73333333333333328       0.20000000000000001       0.15249750815826599     
  0.73333333333333328       0.23333333333333334       0.10510946272802969     
  0.73333333333333328       0.26666666666666666        6.9985446461131431E-002
  0.73333333333333328       0.29999999999999999        4.4967514036902315E-002
  0.73333333333333328       0.33333333333333331        2.7854386551899143E-002
  0.73333333333333328       0.36666666666666664        1.6618889368669721E-002
  0.73333333333333328       0.40000000000000002        9.5424227874832800E-003
  0.73333333333333328       0.43333333333333335        5.2688552400484180E-003
  0.73333333333333328       0.46666666666666667        2.7953749395442746E-003
  0.73333333333333328       0.50000000000000000        1.4239768280567863E-003
  0.73333333333333328       0.53333333333333333        6.9595469187495158E-004
  0.73333333333333328       0.56666666666666665        3.2609916284272248E-004
  0.73333333333333328       0.59999999999999998        1.4637951698772550E-004
  0.73333333333333328       0.63333333333333330        6.2897949339035976E-005
  0.73333333333333328       0.66666666666666663        2.5850626105265213E-005
  0.73333333333333328       0.69999999999999996        1.0153668898025801E-005
  0.73333333333333328       0.73333333333333328        3.8081514650303592E-006
  0.73333333333333328       0.76666666666666661        1.3625312229355189E-006
  0.73333333333333328       0.80000000000000004        4.6462017362191756E-007
  0.73333333333333328       0.83333333333333337        1.5084173045454749E-007
  0.73333333333333328       0.86666666666666670        4.6575577290453904E-008
  0.73333333333333328       0.90000000000000002        1.3672150766328415E-008
  0.73333333333333328       0.93333333333333335        3.8592511009121542E-009
  0.73333333333333328       0.96666666666666667        1.2515525356540622E-009
  0.73333333333333328        1.0000000000000000        1.2515525356540622E-009

  0.76666666666666661        0.0000000000000000       0.66913060635885835     
  0.76666666666666661        3.3333333333333333E-002  0.55054385924969707     
  0.76666666666666661        6.6666666666666666E-002  0.44179952486088514     
  0.76666666666666661       0.10000000000000001       0.34506465941328329     
  0.76666666666666661       0.13333333333333333       0.26182159668697030     
  0.76666666666666661       0.16666666666666666       0.19267210266261262     
  0.76666666666666661       0.20000000000000001       0.13730937309104554     
  0.76666666666666661       0.23333333333333334        9.4640985334291008E-002
  0.76666666666666661       0.26666666666666666        6.3015179035592686E-002
  0.76666666666666661       0.29999999999999999        4.0488931500846731E-002
  0.76666666666666661       0.33333333333333331        2.5080202302765350E-002
  0.76666666666666661       0.36666666666666664        1.4963715199288593E-002
  0.76666666666666661       0.40000000000000002        8.5920360702498120E-003
  0.76666666666666661       0.43333333333333335        4.7440985669594616E-003
  0.76666666666666661       0.46666666666666667        2.5169669008944947E-003
  0.76666666666666661       0.50000000000000000        1.2821544949687402E-003
  0.76666666666666661       0.53333333333333333        6.2664041921226346E-004
  0.76666666666666661       0.56666666666666665        2.9362100506572723E-004
  0.76666666666666661       0.59999999999999998        1.3180070909811240E-004
  0.76666666666666661       0.63333333333333330        5.6633567962908636E-005
  0.76666666666666661       0.66666666666666663        2.3276008292812114E-005
  0.76666666666666661       0.69999999999999996        9.1424045402436226E-006
  0.76666666666666661       0.73333333333333328        3.4288749804120800E-006
  0.76666666666666661       0.76666666666666661        1.2268286236132233E-006
  0.76666666666666661       0.80000000000000004        4.1834588339153911E-007
  0.76666666666666661       0.83333333333333337        1.3581850415015920E-007
  0.76666666666666661       0.86666666666666670        4.1936838157831323E-008
  0.76666666666666661       0.90000000000000002        1.2310459844251920E-008
  0.76666666666666661       0.93333333333333335        3.4748852992221941E-009
  0.76666666666666661       0.96666666666666667        1.1269029647541340E-009
  0.76666666666666661        1.0000000000000000        1.1269029647541340E-009

  0.80000000000000004        0.0000000000000000       0.58778525229247325     
  0.80000000000000004        3.3333333333333333E-002  0.48361494472366995     
  0.80000000000000004        6.6666666666666666E-002  0.38809052031881003     
  0.80000000000000004       0.10000000000000001       0.30311558903894686     
  0.80000000000000004       0.13333333333333333       0.22999227923783591     
  0.80000000000000004       0.16666666666666666       0.16924920097367147     
  0.80000000000000004       0.20000000000000001       0.12061684779840601     
  0.80000000000000004       0.23333333333333334        8.3135601500330406E-002
  0.80000000000000004       0.26666666666666666        5.5354504121766013E-002
  0.80000000000000004       0.29999999999999999        3.5566743758414239E-002
  0.80000000000000004       0.33333333333333331        2.2031234108832721E-002
  0.80000000000000004       0.36666666666666664        1.3144595434825343E-002
  0.80000000000000004       0.40000000000000002        7.5475132078315502E-003
  0.80000000000000004       0.43333333333333335        4.1673645572044490E-003
  0.80000000000000004       0.46666666666666667        2.2109824461693291E-003
  0.80000000000000004       0.50000000000000000        1.1262846089257392E-003
  0.80000000000000004       0.53333333333333333        5.5046054298374771E-004
  0.80000000000000004       0.56666666666666665        2.5792587411308632E-004
  0.80000000000000004       0.59999999999999998        1.1577786505854885E-004
  0.80000000000000004       0.63333333333333330        4.9748697364843672E-005
  0.80000000000000004       0.66666666666666663        2.0446373662685097E-005
  0.80000000000000004       0.69999999999999996        8.0309740851473911E-006
  0.80000000000000004       0.73333333333333328        3.0120310239701866E-006
  0.80000000000000004       0.76666666666666661        1.0776846331602264E-006
  0.80000000000000004       0.80000000000000004        3.6748810811821868E-007
  0.80000000000000004       0.83333333333333337        1.1930722189245258E-007
  0.80000000000000004       0.86666666666666670        3.6838630250503970E-008
  0.80000000000000004       0.90000000000000002        1.0813892947992457E-008
  0.80000000000000004       0.93333333333333335        3.0524479270274593E-009
  0.80000000000000004       0.96666666666666667        9.8990680915275364E-010
  0.80000000000000004        1.0000000000000000        9.8990680915275364E-010

  0.83333333333333337        0.0000000000000000       0.49999999999999994     
  0.83333333333333337        3.3333333333333333E-002  0.41138744366031693     
  0.83333333333333337        6.6666666666666666E-002  0.33012951482295949     
  0.83333333333333337       0.10000000000000001       0.25784552084008489     
  0.83333333333333337       0.13333333333333333       0.19564311824839320     
  0.83333333333333337       0.16666666666666666       0.14397196962119052     
  0.83333333333333337       0.20000000000000001       0.10260281908058903     
  0.83333333333333337       0.23333333333333334        7.0719366619089133E-002
  0.83333333333333337       0.26666666666666666        4.7087353677106591E-002
  0.83333333333333337       0.29999999999999999        3.0254879328544947E-002
  0.83333333333333337       0.33333333333333331        1.8740887103671586E-002
  0.83333333333333337       0.36666666666666664        1.1181460732094712E-002
  0.83333333333333337       0.40000000000000002        6.4202982112896052E-003
  0.83333333333333337       0.43333333333333335        3.5449720292836055E-003
  0.83333333333333337       0.46666666666666667        1.8807740050861103E-003
  0.83333333333333337       0.50000000000000000        9.5807491301714133E-004
  0.83333333333333337       0.53333333333333333        4.6824970585502776E-004
  0.83333333333333337       0.56666666666666665        2.1940485330920341E-004
  0.83333333333333337       0.59999999999999998        9.8486534501327969E-005
  0.83333333333333337       0.63333333333333330        4.2318769627865260E-005
  0.83333333333333337       0.66666666666666663        1.7392724284030940E-005
  0.83333333333333337       0.69999999999999996        6.8315545973849116E-006
  0.83333333333333337       0.73333333333333328        2.5621866253216615E-006
  0.83333333333333337       0.76666666666666661        9.1673330434631805E-007
  0.83333333333333337       0.80000000000000004        3.1260405623052455E-007
  0.83333333333333337       0.83333333333333337        1.0148878474505097E-007
  0.83333333333333337       0.86666666666666670        3.1336810601173108E-008
  0.83333333333333337       0.90000000000000002        9.1988467776422090E-009
  0.83333333333333337       0.93333333333333335        2.5965672965784173E-009
  0.83333333333333337       0.96666666666666667        8.4206502739897850E-010
  0.83333333333333337        1.0000000000000000        8.4206502739897850E-010

  0.86666666666666670        0.0000000000000000       0.40673664307580004     
  0.86666666666666670        3.3333333333333333E-002  0.33465269567586436     
  0.86666666666666670        6.6666666666666666E-002  0.26855154127866632     
  0.86666666666666670       0.10000000000000001       0.20975044315725483     
  0.86666666666666670       0.13333333333333333       0.15915045031446656     
  0.86666666666666670       0.16666666666666666       0.11711735124146821     
  0.86666666666666670       0.20000000000000001        8.3464652405904893E-002
  0.86666666666666670       0.23333333333333334        5.7528315558190227E-002
  0.86666666666666670       0.26666666666666666        3.8304304331898541E-002
  0.86666666666666670       0.29999999999999999        2.4611536109511584E-002
  0.86666666666666670       0.33333333333333331        1.5245211017619874E-002
  0.86666666666666670       0.36666666666666664        9.0958196057121642E-003
  0.86666666666666670       0.40000000000000002        5.2227410840109973E-003
  0.86666666666666670       0.43333333333333335        2.8837400459768418E-003
  0.86666666666666670       0.46666666666666667        1.5299594104259051E-003
  0.86666666666666670       0.50000000000000000        7.7936834787146266E-004
  0.86666666666666670       0.53333333333333333        3.8090862696140972E-004
  0.86666666666666670       0.56666666666666665        1.7847998701904752E-004
  0.86666666666666670       0.59999999999999998        8.0116164862478233E-005
  0.86666666666666670       0.63333333333333330        3.4425188595072098E-005
  0.86666666666666670       0.66666666666666663        1.4148516578459388E-005
  0.86666666666666670       0.69999999999999996        5.5572871678587769E-006
  0.86666666666666670       0.73333333333333328        2.0842703738340917E-006
  0.86666666666666670       0.76666666666666661        7.4573805361121462E-007
  0.86666666666666670       0.80000000000000004        2.5429504888616452E-007
  0.86666666666666670       0.83333333333333337        8.2558415234089030E-008
  0.86666666666666670       0.86666666666666670        2.5491658297246603E-008
  0.86666666666666670       0.90000000000000002        7.4830161170136676E-009
  0.86666666666666670       0.93333333333333335        2.1122381314614225E-009
  0.86666666666666670       0.96666666666666667        6.8499740499158450E-010
  0.86666666666666670        1.0000000000000000        6.8499740499158450E-010

  0.90000000000000002        0.0000000000000000       0.30901699437494751     
  0.90000000000000002        3.3333333333333333E-002  0.25425142272700835     
  0.90000000000000002        6.6666666666666666E-002  0.20403126085010120     
  0.90000000000000002       0.10000000000000001       0.15935729572609178     
  0.90000000000000002       0.13333333333333333       0.12091409674252179     
  0.90000000000000002       0.16666666666666666        8.8979570653163059E-002
  0.90000000000000002       0.20000000000000001        6.3412029533360267E-002
  0.90000000000000002       0.23333333333333334        4.3706972233461816E-002
  0.90000000000000002       0.26666666666666666        2.9101585012739215E-002
  0.90000000000000002       0.29999999999999999        1.8698543750567370E-002
  0.90000000000000002       0.33333333333333331        1.1582505209393615E-002
  0.90000000000000002       0.36666666666666664        6.9105227763068145E-003
  0.90000000000000002       0.40000000000000002        3.9679625124871302E-003
  0.90000000000000002       0.43333333333333335        2.1909132032649553E-003
  0.90000000000000002       0.46666666666666667        1.1623822603004839E-003
  0.90000000000000002       0.50000000000000000        5.9212286001319244E-004
  0.90000000000000002       0.53333333333333333        2.8939423344054776E-004
  0.90000000000000002       0.56666666666666665        1.3559965664177253E-004
  0.90000000000000002       0.59999999999999998        6.0868025756009861E-005
  0.90000000000000002       0.63333333333333330        2.6154437992097476E-005
  0.90000000000000002       0.66666666666666663        1.0749294764486799E-005
  0.90000000000000002       0.69999999999999996        4.2221329371844788E-006
  0.90000000000000002       0.73333333333333328        1.5835184199691791E-006
  0.90000000000000002       0.76666666666666661        5.6657234070502633E-007
  0.90000000000000002       0.80000000000000004        1.9319993177154751E-007
  0.90000000000000002       0.83333333333333337        6.2723518449363338E-008
  0.90000000000000002       0.86666666666666670        1.9367214050543011E-008
  0.90000000000000002       0.90000000000000002        5.6851999658853313E-009
  0.90000000000000002       0.93333333333333335        1.6047668433618903E-009
  0.90000000000000002       0.96666666666666667        5.2042480767018012E-010
  0.90000000000000002        1.0000000000000000        5.2042480767018012E-010

  0.93333333333333335        0.0000000000000000       0.20791169081775931     
  0.93333333333333335        3.3333333333333333E-002  0.17106451798522443     
  0.93333333333333335        6.6666666666666666E-002  0.13727557123137613     
  0.93333333333333335       0.10000000000000001       0.10721819641529570     
  0.93333333333333335       0.13333333333333333        8.1352983023764522E-002
  0.93333333333333335       0.16666666666666666        5.9866911268609595E-002
  0.93333333333333335       0.20000000000000001        4.2664651195427852E-002
  0.93333333333333335       0.23333333333333334        2.9406766174671653E-002
  0.93333333333333335       0.26666666666666666        1.9580022638282138E-002
  0.93333333333333335       0.29999999999999999        1.2580686233370110E-002
  0.93333333333333335       0.33333333333333331        7.7928990502982012E-003
  0.93333333333333335       0.36666666666666664        4.6495128132443848E-003
  0.93333333333333335       0.40000000000000002        2.6697101133269156E-003
  0.93333333333333335       0.43333333333333335        1.4740822570200357E-003
  0.93333333333333335       0.46666666666666667        7.8206980688708464E-004
  0.93333333333333335       0.50000000000000000        3.9838995019094315E-004
  0.93333333333333335       0.53333333333333333        1.9470917613847457E-004
  0.93333333333333335       0.56666666666666665        9.1233668050277869E-005
  0.93333333333333335       0.59999999999999998        4.0953003821905383E-005
  0.93333333333333335       0.63333333333333330        1.7597133893313413E-005
  0.93333333333333335       0.66666666666666663        7.2323014276399490E-006
  0.93333333333333335       0.69999999999999996        2.8407201345122683E-006
  0.93333333333333335       0.73333333333333328        1.0654171069225510E-006
  0.93333333333333335       0.76666666666666661        3.8119914267118908E-007
  0.93333333333333335       0.80000000000000004        1.2998807577475657E-007
  0.93333333333333335       0.83333333333333337        4.2201409670766334E-008
  0.93333333333333335       0.86666666666666670        1.3030578553851574E-008
  0.93333333333333335       0.90000000000000002        3.8250955742261773E-009
  0.93333333333333335       0.93333333333333335        1.0797133939074343E-009
  0.93333333333333335       0.96666666666666667        3.5015032725004891E-010
  0.93333333333333335        1.0000000000000000        3.5015032725004891E-010

  0.96666666666666667        0.0000000000000000       0.10452846326765373     
  0.96666666666666667        3.3333333333333333E-002   8.6003394586842682E-002
  0.96666666666666667        6.6666666666666666E-002   6.9015861727479991E-002
  0.96666666666666667       0.10000000000000001        5.3904392107723589E-002
  0.96666666666666667       0.13333333333333333        4.0900548998792717E-002
  0.96666666666666667       0.16666666666666666        3.0098337476240664E-002
  0.96666666666666667       0.20000000000000001        2.1449830010846091E-002
  0.96666666666666667       0.23333333333333334        1.4784373431910353E-002
  0.96666666666666667       0.26666666666666666        9.8439374384168884E-003
  0.96666666666666667       0.29999999999999999        6.3249920851221973E-003
  0.96666666666666667       0.33333333333333331        3.9179122584387521E-003
  0.96666666666666667       0.36666666666666664        2.3375618148269435E-003
  0.96666666666666667       0.40000000000000002        1.3422078114923334E-003
  0.96666666666666667       0.43333333333333335        7.4110095709566072E-004
  0.96666666666666667       0.46666666666666667        3.9318883301080198E-004
  0.96666666666666667       0.50000000000000000        2.0029219670594510E-004
  0.96666666666666667       0.53333333333333333        9.7890844357113605E-005
  0.96666666666666667       0.56666666666666665        4.5868104299751929E-005
  0.96666666666666667       0.59999999999999998        2.0589292207961094E-005
  0.96666666666666667       0.63333333333333330        8.8470319131572078E-006
  0.96666666666666667       0.66666666666666663        3.6360694828955047E-006
  0.96666666666666667       0.69999999999999996        1.4281838075874359E-006
  0.96666666666666667       0.73333333333333328        5.3564286109961663E-007
  0.96666666666666667       0.76666666666666661        1.9164944705919742E-007
  0.96666666666666667       0.80000000000000004        6.5352043218023725E-008
  0.96666666666666667       0.83333333333333337        2.1216933416603698E-008
  0.96666666666666667       0.86666666666666670        6.5511773117002750E-009
  0.96666666666666667       0.90000000000000002        1.9230826350030922E-009
  0.96666666666666667       0.93333333333333335        5.4283037856477475E-010
  0.96666666666666667       0.96666666666666667        1.7603952657089947E-010
  0.96666666666666667        1.0000000000000000        1.7603952657089947E-010

   1.0000000000000000        0.0000000000000000        1.2246467991473532E-016
   1.0000000000000000        3.3333333333333333E-002   0.0000000000000000     
   1.0000000000000000        6.6666666666666666E-002   0.0000000000000000     
   1.0000000000000000       0.10000000000000001        0.0000000000000000     
   1.0000000000000000       0.13333333333333333        0.0000000000000000     
   1.0000000000000000       0.16666666666666666        0.0000000000000000     
   1.0000000000000000       0.20000000000000001        0.0000000000000000     
   1.0000000000000000       0.23333333333333334        0.0000000000000000     
   1.0000000000000000       0.26666666666666666        0.0000000000000000     
   1.0000000000000000       0.29999999999999999        0.0000000000000000     
   1.0000000000000000       0.33333333333333331        0.0000000000000000     
   1.0000000000000000       0.36666666666666664        0.0000000000000000     
   1.0000000000000000       0.40000000000000002        0.0000000000000000     
   1.0000000000000000       0.43333333333333335        0.0000000000000000     
   1.0000000000000000       0.46666666666666667        0.0000000000000000     
   1.0000000000000000       0.50000000000000000        0.0000000000000000     
   1.0000000000000000       0.53333333333333333        0.0000000000000000     
   1.0000000000000000       0.56666666666666665        0.0000000000000000     
   1.0000000000000000       0.59999999999999998        0.0000000000000000     
   1.0000000000000000       0.63333333333333330        0.0000000000000000     
   1.0000000000000000       0.66666666666666663        0.0000000000000000     
   1.0000000000000000       0.69999999999999996        0.0000000000000000     
   1.0000000000000000       0.73333333333333328        0.0000000000000000     
   1.0000000000000000       0.76666666666666661        0.0000000000000000     
   1.0000000000000000       0.80000000000000004        0.0000000000000000     
   1.0000000000000000       0.83333333333333337        0.0000000000000000     
   1.0000000000000000       0.86666666666666670        0.0000000000000000     
   1.0000000000000000       0.90000000000000002        0.0000000000000000     
   1.0000000000000000       0.93333333333333335        0.0000000000000000     
   1.0000000000000000       0.96666666666666667        0.0000000000000000     
   1.0000000000000000        1.0000000000000000        0.0000000000000000     

