   0.0000000000000000        0.0000000000000000        0.0000000000000000     
   0.0000000000000000        3.3333333333333333E-002   0.0000000000000000     
   0.0000000000000000        6.6666666666666666E-002   0.0000000000000000     
   0.0000000000000000       0.10000000000000001        0.0000000000000000     
   0.0000000000000000       0.13333333333333333        0.0000000000000000     
   0.0000000000000000       0.16666666666666666        0.0000000000000000     
   0.0000000000000000       0.20000000000000001        0.0000000000000000     
   0.0000000000000000       0.23333333333333334        0.0000000000000000     
   0.0000000000000000       0.26666666666666666        0.0000000000000000     
   0.0000000000000000       0.29999999999999999        0.0000000000000000     
   0.0000000000000000       0.33333333333333331        0.0000000000000000     
   0.0000000000000000       0.36666666666666664        0.0000000000000000     
   0.0000000000000000       0.40000000000000002        0.0000000000000000     
   0.0000000000000000       0.43333333333333335        0.0000000000000000     
   0.0000000000000000       0.46666666666666667        0.0000000000000000     
   0.0000000000000000       0.50000000000000000        0.0000000000000000     
   0.0000000000000000       0.53333333333333333        0.0000000000000000     
   0.0000000000000000       0.56666666666666665        0.0000000000000000     
   0.0000000000000000       0.59999999999999998        0.0000000000000000     
   0.0000000000000000       0.63333333333333330        0.0000000000000000     
   0.0000000000000000       0.66666666666666663        0.0000000000000000     
   0.0000000000000000       0.69999999999999996        0.0000000000000000     
   0.0000000000000000       0.73333333333333328        0.0000000000000000     
   0.0000000000000000       0.76666666666666661        0.0000000000000000     
   0.0000000000000000       0.80000000000000004        0.0000000000000000     
   0.0000000000000000       0.83333333333333337        0.0000000000000000     
   0.0000000000000000       0.86666666666666670        0.0000000000000000     
   0.0000000000000000       0.90000000000000002        0.0000000000000000     
   0.0000000000000000       0.93333333333333335        0.0000000000000000     
   0.0000000000000000       0.96666666666666667        0.0000000000000000     
   0.0000000000000000        1.0000000000000000        0.0000000000000000     

   3.3333333333333333E-002   0.0000000000000000       0.10452846326765346     
   3.3333333333333333E-002   3.3333333333333333E-002   8.7185928661819637E-002
   3.3333333333333333E-002   6.6666666666666666E-002   7.1250278043612780E-002
   3.3333333333333333E-002  0.10000000000000001        5.6953103344318544E-002
   3.3333333333333333E-002  0.13333333333333333        4.4460522735941498E-002
   3.3333333333333333E-002  0.16666666666666666        3.3850363636975862E-002
   3.3333333333333333E-002  0.20000000000000001        2.5104566180435127E-002
   3.3333333333333333E-002  0.23333333333333334        1.8116261102230639E-002
   3.3333333333333333E-002  0.26666666666666666        1.2708268987189167E-002
   3.3333333333333333E-002  0.29999999999999999        8.6581343648989059E-003
   3.3333333333333333E-002  0.33333333333333331        5.7244856640480306E-003
   3.3333333333333333E-002  0.36666666666666664        3.6703458465040893E-003
   3.3333333333333333E-002  0.40000000000000002        2.2805764526523629E-003
   3.3333333333333333E-002  0.43333333333333335        1.3723915994185408E-003
   3.3333333333333333E-002  0.46666666666666667        7.9937684453379042E-004
   3.3333333333333333E-002  0.50000000000000000        4.5042401162206035E-004
   3.3333333333333333E-002  0.53333333333333333        2.4538789624154372E-004
   3.3333333333333333E-002  0.56666666666666665        1.2918661933618595E-004
   3.3333333333333333E-002  0.59999999999999998        6.5688501740974328E-005
   3.3333333333333333E-002  0.63333333333333330        3.2243669894311392E-005
   3.3333333333333333E-002  0.66666666666666663        1.5270663719326981E-005
   3.3333333333333333E-002  0.69999999999999996        6.9743232110076232E-006
   3.3333333333333333E-002  0.73333333333333328        3.0700460810819831E-006
   3.3333333333333333E-002  0.76666666666666661        1.3018122907787349E-006
   3.3333333333333333E-002  0.80000000000000004        5.3145659761912689E-007
   3.3333333333333333E-002  0.83333333333333337        2.0876573802780410E-007
   3.3333333333333333E-002  0.86666666666666670        7.8879755112046299E-008
   3.3333333333333333E-002  0.90000000000000002        2.8718998080845136E-008
   3.3333333333333333E-002  0.93333333333333335        1.0306371857283613E-008
   3.3333333333333333E-002  0.96666666666666667        4.4082822745792710E-009
   3.3333333333333333E-002   1.0000000000000000        4.4082822745792710E-009

   6.6666666666666666E-002   0.0000000000000000       0.20791169081775931     
   6.6666666666666666E-002   3.3333333333333333E-002  0.17341663004439184     
   6.6666666666666666E-002   6.6666666666666666E-002  0.14171992313090051     
   6.6666666666666666E-002  0.10000000000000001       0.11328221657019365     
   6.6666666666666666E-002  0.13333333333333333        8.8433926680825489E-002
   6.6666666666666666E-002  0.16666666666666666        6.7329855606301031E-002
   6.6666666666666666E-002  0.20000000000000001        4.9934081480329191E-002
   6.6666666666666666E-002  0.23333333333333334        3.6034036656753879E-002
   6.6666666666666666E-002  0.26666666666666666        2.5277303519978436E-002
   6.6666666666666666E-002  0.29999999999999999        1.7221408397864884E-002
   6.6666666666666666E-002  0.33333333333333331        1.1386252665235111E-002
   6.6666666666666666E-002  0.36666666666666664        7.3004786158446322E-003
   6.6666666666666666E-002  0.40000000000000002        4.5361664324481627E-003
   6.6666666666666666E-002  0.43333333333333335        2.7297469892824471E-003
   6.6666666666666666E-002  0.46666666666666667        1.5899955490785097E-003
   6.6666666666666666E-002  0.50000000000000000        8.9591308351550530E-004
   6.6666666666666666E-002  0.53333333333333333        4.8808727134114655E-004
   6.6666666666666666E-002  0.56666666666666665        2.5695784303688660E-004
   6.6666666666666666E-002  0.59999999999999998        1.3065730651067183E-004
   6.6666666666666666E-002  0.63333333333333330        6.4134071393838994E-005
   6.6666666666666666E-002  0.66666666666666663        3.0374018851353188E-005
   6.6666666666666666E-002  0.69999999999999996        1.3872234277444485E-005
   6.6666666666666666E-002  0.73333333333333328        6.1064560948511886E-006
   6.6666666666666666E-002  0.76666666666666661        2.5893616536779625E-006
   6.6666666666666666E-002  0.80000000000000004        1.0570904455402956E-006
   6.6666666666666666E-002  0.83333333333333337        4.1524419494273631E-007
   6.6666666666666666E-002  0.86666666666666670        1.5689528712043510E-007
   6.6666666666666666E-002  0.90000000000000002        5.7123344808879822E-008
   6.6666666666666666E-002  0.93333333333333335        2.0499824947751860E-008
   6.6666666666666666E-002  0.96666666666666667        8.7682664860658796E-009
   6.6666666666666666E-002   1.0000000000000000        8.7682664860658796E-009

  0.10000000000000001        0.0000000000000000       0.30901699437494740     
  0.10000000000000001        3.3333333333333333E-002  0.25774734253843490     
  0.10000000000000001        6.6666666666666666E-002  0.21063685508356558     
  0.10000000000000001       0.10000000000000001       0.16837018612549789     
  0.10000000000000001       0.13333333333333333       0.13143843001900546     
  0.10000000000000001       0.16666666666666666       0.10007166758792545     
  0.10000000000000001       0.20000000000000001        7.4216508534146436E-002
  0.10000000000000001       0.23333333333333334        5.3557015765058766E-002
  0.10000000000000001       0.26666666666666666        3.7569394625786991E-002
  0.10000000000000001       0.29999999999999999        2.5596001076612456E-002
  0.10000000000000001       0.33333333333333331        1.6923269499495325E-002
  0.10000000000000001       0.36666666666666664        1.0850625813746616E-002
  0.10000000000000001       0.40000000000000002        6.7420572235562075E-003
  0.10000000000000001       0.43333333333333335        4.0571946998954932E-003
  0.10000000000000001       0.46666666666666667        2.3631939296595655E-003
  0.10000000000000001       0.50000000000000000        1.3315863441840886E-003
  0.10000000000000001       0.53333333333333333        7.2543906015710784E-004
  0.10000000000000001       0.56666666666666665        3.8191378283738942E-004
  0.10000000000000001       0.59999999999999998        1.9419460248843923E-004
  0.10000000000000001       0.63333333333333330        9.5321806586258441E-005
  0.10000000000000001       0.66666666666666663        4.5144589876671895E-005
  0.10000000000000001       0.69999999999999996        2.0618158242186015E-005
  0.10000000000000001       0.73333333333333328        9.0759624977871128E-006
  0.10000000000000001       0.76666666666666661        3.8485414284407329E-006
  0.10000000000000001       0.80000000000000004        1.5711425893297278E-006
  0.10000000000000001       0.83333333333333337        6.1717314956244163E-007
  0.10000000000000001       0.86666666666666670        2.3319184153068278E-007
  0.10000000000000001       0.90000000000000002        8.4901836217360012E-008
  0.10000000000000001       0.93333333333333335        3.0468677666228384E-008
  0.10000000000000001       0.96666666666666667        1.3032183735053427E-008
  0.10000000000000001        1.0000000000000000        1.3032183735053427E-008

  0.13333333333333333        0.0000000000000000       0.40673664307580015     
  0.13333333333333333        3.3333333333333333E-002  0.33925412121052778     
  0.13333333333333333        6.6666666666666666E-002  0.27724600557333945     
  0.13333333333333333       0.10000000000000001       0.22161345668788457     
  0.13333333333333333       0.13333333333333333       0.17300286641263746     
  0.13333333333333333       0.16666666666666666       0.13171707343811384     
  0.13333333333333333       0.20000000000000001        9.7685803989660702E-002
  0.13333333333333333       0.23333333333333334        7.0493213001115607E-002
  0.13333333333333333       0.26666666666666666        4.9449867582174171E-002
  0.13333333333333333       0.29999999999999999        3.3690158611257084E-002
  0.13333333333333333       0.33333333333333331        2.2274871451697247E-002
  0.13333333333333333       0.36666666666666664        1.4281891284593761E-002
  0.13333333333333333       0.40000000000000002        8.8740806248567942E-003
  0.13333333333333333       0.43333333333333335        5.3401909363539101E-003
  0.13333333333333333       0.46666666666666667        3.1105006630171481E-003
  0.13333333333333333       0.50000000000000000        1.7526704662134342E-003
  0.13333333333333333       0.53333333333333333        9.5484278682210488E-004
  0.13333333333333333       0.56666666666666665        5.0268539531252881E-004
  0.13333333333333333       0.59999999999999998        2.5560426176351016E-004
  0.13333333333333333       0.63333333333333330        1.2546517611834843E-004
  0.13333333333333333       0.66666666666666663        5.9420547328189014E-005
  0.13333333333333333       0.69999999999999996        2.7138185350599164E-005
  0.13333333333333333       0.73333333333333328        1.1946030756330028E-005
  0.13333333333333333       0.76666666666666661        5.0655557779544361E-006
  0.13333333333333333       0.80000000000000004        2.0679809661277395E-006
  0.13333333333333333       0.83333333333333337        8.1234022600375623E-007
  0.13333333333333333       0.86666666666666670        3.0693349732659027E-007
  0.13333333333333333       0.90000000000000002        1.1175012534139137E-007
  0.13333333333333333       0.93333333333333335        4.0103709176212992E-008
  0.13333333333333333       0.96666666666666667        1.7153317651879954E-008
  0.13333333333333333        1.0000000000000000        1.7153317651879954E-008

  0.16666666666666666        0.0000000000000000       0.49999999999999994     
  0.16666666666666666        3.3333333333333333E-002  0.41704396073714922     
  0.16666666666666666        6.6666666666666666E-002  0.34081759080859519     
  0.16666666666666666       0.10000000000000001       0.27242868384320157     
  0.16666666666666666       0.13333333333333333       0.21267184719867532     
  0.16666666666666666       0.16666666666666666       0.16191935946814462     
  0.16666666666666666       0.20000000000000001       0.12008483333459558     
  0.16666666666666666       0.23333333333333334        8.6657071843879038E-002
  0.16666666666666666       0.26666666666666666        6.0788557441280991E-002
  0.16666666666666666       0.29999999999999999        4.1415199718037858E-002
  0.16666666666666666       0.33333333333333331        2.7382425250957854E-002
  0.16666666666666666       0.36666666666666664        1.7556681365849008E-002
  0.16666666666666666       0.40000000000000002        1.0908877741810692E-002
  0.16666666666666666       0.43333333333333335        6.5646789234068371E-003
  0.16666666666666666       0.46666666666666667        3.8237281001966047E-003
  0.16666666666666666       0.50000000000000000        2.1545519638450712E-003
  0.16666666666666666       0.53333333333333333        1.1737850561009801E-003
  0.16666666666666666       0.56666666666666665        6.1794948140294237E-004
  0.16666666666666666       0.59999999999999998        3.1421346725806957E-004
  0.16666666666666666       0.63333333333333330        1.5423392292560976E-004
  0.16666666666666666       0.66666666666666663        7.3045480828629546E-005
  0.16666666666666666       0.69999999999999996        3.3360880821280767E-005
  0.16666666666666666       0.73333333333333328        1.4685215802038941E-005
  0.16666666666666666       0.76666666666666661        6.2270708383291769E-006
  0.16666666666666666       0.80000000000000004        2.5421621107080170E-006
  0.16666666666666666       0.83333333333333337        9.9860713293585271E-007
  0.16666666666666666       0.86666666666666670        3.7731232549582407E-007
  0.16666666666666666       0.90000000000000002        1.3737405670696532E-007
  0.16666666666666666       0.93333333333333335        4.9299356056222339E-008
  0.16666666666666666       0.96666666666666667        2.1086516230949998E-008
  0.16666666666666666        1.0000000000000000        2.1086516230949998E-008

  0.20000000000000001        0.0000000000000000       0.58778525229247314     
  0.20000000000000001        3.3333333333333333E-002  0.49026457935787504     
  0.20000000000000001        6.6666666666666666E-002  0.40065510719828601     
  0.20000000000000001       0.10000000000000001       0.32025912532896528     
  0.20000000000000001       0.13333333333333333       0.25001075072235940     
  0.20000000000000001       0.16666666666666666       0.19034762311203804     
  0.20000000000000001       0.20000000000000001       0.14116818811614970     
  0.20000000000000001       0.23333333333333334       0.10187149767336283     
  0.20000000000000001       0.26666666666666666        7.1461235144237689E-002
  0.20000000000000001       0.29999999999999999        4.8686487230020087E-002
  0.20000000000000001       0.33333333333333331        3.2189971469028099E-002
  0.20000000000000001       0.36666666666666664        2.0639116772088243E-002
  0.20000000000000001       0.40000000000000002        1.2824154911395883E-002
  0.20000000000000001       0.43333333333333335        7.7172429144275363E-003
  0.20000000000000001       0.46666666666666667        4.4950619721437603E-003
  0.20000000000000001       0.50000000000000000        2.5328277392918370E-003
  0.20000000000000001       0.53333333333333333        1.3798670906748985E-003
  0.20000000000000001       0.56666666666666665        7.2644318366086279E-004
  0.20000000000000001       0.59999999999999998        3.6938008425195431E-004
  0.20000000000000001       0.63333333333333330        1.8131285059777471E-004
  0.20000000000000001       0.66666666666666663        8.5870112755362070E-005
  0.20000000000000001       0.69999999999999996        3.9218067500471280E-005
  0.20000000000000001       0.73333333333333328        1.7263506550341742E-005
  0.20000000000000001       0.76666666666666661        7.3203608075008345E-006
  0.20000000000000001       0.80000000000000004        2.9884907952217558E-006
  0.20000000000000001       0.83333333333333337        1.1739330911475268E-006
  0.20000000000000001       0.86666666666666670        4.4355724086924530E-007
  0.20000000000000001       0.90000000000000002        1.6149288915988824E-007
  0.20000000000000001       0.93333333333333335        5.7954868874726222E-008
  0.20000000000000001       0.96666666666666667        2.4788686525556548E-008
  0.20000000000000001        1.0000000000000000        2.4788686525556548E-008

  0.23333333333333334        0.0000000000000000       0.66913060635885824     
  0.23333333333333334        3.3333333333333333E-002  0.55811375665269702     
  0.23333333333333334        6.6666666666666666E-002  0.45610296239104103     
  0.23333333333333334       0.10000000000000001       0.36458074081909431     
  0.23333333333333334       0.13333333333333333       0.28461048414301615     
  0.23333333333333334       0.16666666666666666       0.21669039836431508     
  0.23333333333333334       0.20000000000000001       0.16070487468736075     
  0.23333333333333334       0.23333333333333334       0.11596979805635585     
  0.23333333333333334       0.26666666666666666        8.1350968600729268E-002
  0.23333333333333334       0.29999999999999999        5.5424355399607772E-002
  0.23333333333333334       0.33333333333333331        3.6644837623499078E-002
  0.23333333333333334       0.36666666666666664        2.3495425695959627E-002
  0.23333333333333334       0.40000000000000002        1.4598927956144881E-002
  0.23333333333333334       0.43333333333333335        8.7852551771408667E-003
  0.23333333333333334       0.46666666666666667        5.1171470044719183E-003
  0.23333333333333334       0.50000000000000000        2.8833533239986425E-003
  0.23333333333333334       0.53333333333333333        1.5708310126476303E-003
  0.23333333333333334       0.56666666666666665        8.2697782238058551E-004
  0.23333333333333334       0.59999999999999998        4.2049969574502264E-004
  0.23333333333333334       0.63333333333333330        2.0640527673663729E-004
  0.23333333333333334       0.66666666666666663        9.7753933757270490E-005
  0.23333333333333334       0.69999999999999996        4.4645572825218401E-005
  0.23333333333333334       0.73333333333333328        1.9652654708258007E-005
  0.23333333333333334       0.76666666666666661        8.3334473717815316E-006
  0.23333333333333334       0.80000000000000004        3.4020769492011408E-006
  0.23333333333333334       0.83333333333333337        1.3363971927512962E-006
  0.23333333333333334       0.86666666666666670        5.0494245029138321E-007
  0.23333333333333334       0.90000000000000002        1.8384237172461576E-007
  0.23333333333333334       0.93333333333333335        6.5975416022002614E-008
  0.23333333333333334       0.96666666666666667        2.8219266783222953E-008
  0.23333333333333334        1.0000000000000000        2.8219266783222953E-008

  0.26666666666666666        0.0000000000000000       0.74314482547739413     
  0.26666666666666666        3.3333333333333333E-002  0.61984812283682011     
  0.26666666666666666        6.6666666666666666E-002  0.50655365808215891     
  0.26666666666666666       0.10000000000000001       0.40490793341938452     
  0.26666666666666666       0.13333333333333333       0.31609196554082925     
  0.26666666666666666       0.16666666666666666       0.24065906826673159     
  0.26666666666666666       0.20000000000000001       0.17848084502184000     
  0.26666666666666666       0.23333333333333334       0.12879750906360299     
  0.26666666666666666       0.26666666666666666        9.0349403821446628E-002
  0.26666666666666666       0.29999999999999999        6.1554982733145351E-002
  0.26666666666666666       0.33333333333333331        4.0698215268541733E-002
  0.26666666666666666       0.36666666666666664        2.6094313819172165E-002
  0.26666666666666666       0.40000000000000002        1.6213752091184273E-002
  0.26666666666666666       0.43333333333333335        9.7570143457006032E-003
  0.26666666666666666       0.46666666666666667        5.6831675033872280E-003
  0.26666666666666666       0.50000000000000000        3.2022882863072446E-003
  0.26666666666666666       0.53333333333333333        1.7445845813282724E-003
  0.26666666666666666       0.56666666666666665        9.1845191902207169E-004
  0.26666666666666666       0.59999999999999998        4.6701222457629007E-004
  0.26666666666666666       0.63333333333333330        2.2923628347049224E-004
  0.26666666666666666       0.66666666666666663        1.0856674220460851E-004
  0.26666666666666666       0.69999999999999996        4.9583931911405679E-005
  0.26666666666666666       0.73333333333333328        2.1826484268608203E-005
  0.26666666666666666       0.76666666666666661        9.2552309427710140E-006
  0.26666666666666666       0.80000000000000004        3.7783892361947079E-006
  0.26666666666666666       0.83333333333333337        1.4842194470521908E-006
  0.26666666666666666       0.86666666666666670        5.6079540456212785E-007
  0.26666666666666666       0.90000000000000002        2.0417763879323879E-007
  0.26666666666666666       0.93333333333333335        7.3273122705098538E-008
  0.26666666666666666       0.96666666666666667        3.1340670848751157E-008
  0.26666666666666666        1.0000000000000000        3.1340670848751157E-008

  0.29999999999999999        0.0000000000000000       0.80901699437494745     
  0.29999999999999999        3.3333333333333333E-002  0.67479130327558412     
  0.29999999999999999        6.6666666666666666E-002  0.55145444589216086     
  0.29999999999999999       0.10000000000000001       0.44079886996869944     
  0.29999999999999999       0.13333333333333333       0.34411027721768084     
  0.29999999999999999       0.16666666666666666       0.26199102705607008     
  0.29999999999999999       0.20000000000000001       0.19430134186874201     
  0.29999999999999999       0.23333333333333334       0.14021408760893780     
  0.29999999999999999       0.26666666666666666        9.8357952067067989E-002
  0.29999999999999999       0.29999999999999999        6.7011200794650311E-002
  0.29999999999999999       0.33333333333333331        4.4305694750453185E-002
  0.29999999999999999       0.36666666666666664        2.8407307179595630E-002
  0.29999999999999999       0.40000000000000002        1.7650934965366901E-002
  0.29999999999999999       0.43333333333333335        1.0621873623302329E-002
  0.29999999999999999       0.46666666666666667        6.1869220298561706E-003
  0.29999999999999999       0.50000000000000000        3.4861383080291596E-003
  0.29999999999999999       0.53333333333333333        1.8992241162580877E-003
  0.29999999999999999       0.56666666666666665        9.9986326424033180E-004
  0.29999999999999999       0.59999999999999998        5.0840806974650882E-004
  0.29999999999999999       0.63333333333333330        2.4955572951186817E-004
  0.29999999999999999       0.66666666666666663        1.1819007070530145E-004
  0.29999999999999999       0.69999999999999996        5.3979039063466782E-005
  0.29999999999999999       0.73333333333333328        2.3761178299826053E-005
  0.29999999999999999       0.76666666666666661        1.0075612266769910E-005
  0.29999999999999999       0.80000000000000004        4.1133047000377452E-006
  0.29999999999999999       0.83333333333333337        1.6157802824982946E-006
  0.29999999999999999       0.86666666666666670        6.1050416702650673E-007
  0.29999999999999999       0.90000000000000002        2.2227589292432532E-007
  0.29999999999999999       0.93333333333333335        7.9768033722450723E-008
  0.29999999999999999       0.96666666666666667        3.4118699966003426E-008
  0.29999999999999999        1.0000000000000000        3.4118699966003426E-008

  0.33333333333333331        0.0000000000000000       0.86602540378443860     
  0.33333333333333331        3.3333333333333333E-002  0.72234132898650238     
  0.33333333333333331        6.6666666666666666E-002  0.59031338339370643     
  0.33333333333333331       0.10000000000000001       0.47186032185554361     
  0.33333333333333331       0.13333333333333333       0.36835844468763046     
  0.33333333333333331       0.16666666666666666       0.28045255732783519     
  0.33333333333333331       0.20000000000000001       0.20799303255396032     
  0.33333333333333331       0.23333333333333334       0.15009445126874491     
  0.33333333333333331       0.26666666666666666       0.10528887000711783     
  0.33333333333333331       0.29999999999999999        7.1733230117253813E-002
  0.33333333333333331       0.33333333333333331        4.7427751769115976E-002
  0.33333333333333331       0.36666666666666664        3.0409064137948239E-002
  0.33333333333333331       0.40000000000000002        1.8894730502373360E-002
  0.33333333333333331       0.43333333333333335        1.1370357430717199E-002
  0.33333333333333331       0.46666666666666667        6.6228913438693381E-003
  0.33333333333333331       0.50000000000000000        3.7317934689269656E-003
  0.33333333333333331       0.53333333333333333        2.0330553543319823E-003
  0.33333333333333331       0.56666666666666665        1.0703198983007351E-003
  0.33333333333333331       0.59999999999999998        5.4423368971335639E-004
  0.33333333333333331       0.63333333333333330        2.6714099075781831E-004
  0.33333333333333331       0.66666666666666663        1.2651848405848478E-004
  0.33333333333333331       0.69999999999999996        5.7782740567708418E-005
  0.33333333333333331       0.73333333333333328        2.5435539889244787E-005
  0.33333333333333331       0.76666666666666661        1.0785603074316657E-005
  0.33333333333333331       0.80000000000000004        4.4031539368228233E-006
  0.33333333333333331       0.83333333333333337        1.7296382910455850E-006
  0.33333333333333331       0.86666666666666670        6.5352411808073315E-007
  0.33333333333333331       0.90000000000000002        2.3793884585831200E-007
  0.33333333333333331       0.93333333333333335        8.5388989469805525E-008
  0.33333333333333331       0.96666666666666667        3.6522917466631184E-008
  0.33333333333333331        1.0000000000000000        3.6522917466631184E-008

  0.36666666666666664        0.0000000000000000       0.91354545764260087     
  0.36666666666666664        3.3333333333333333E-002  0.76197723193740374     
  0.36666666666666664        6.6666666666666666E-002  0.62270472393577359     
  0.36666666666666664       0.10000000000000001       0.49775197331301801     
  0.36666666666666664       0.13333333333333333       0.38857079995362226     
  0.36666666666666664       0.16666666666666666       0.29584139069304588     
  0.36666666666666664       0.20000000000000001       0.21940590804917715     
  0.36666666666666664       0.23333333333333334       0.15833034871116844     
  0.36666666666666664       0.26666666666666666       0.11106622105425716     
  0.36666666666666664       0.29999999999999999        7.5669335159549225E-002
  0.36666666666666664       0.33333333333333331        5.0030180414501212E-002
  0.36666666666666664       0.36666666666666664        3.2077653026099710E-002
  0.36666666666666664       0.40000000000000002        1.9931511418019264E-002
  0.36666666666666664       0.43333333333333335        1.1994265222720870E-002
  0.36666666666666664       0.46666666666666667        6.9862988743899608E-003
  0.36666666666666664       0.50000000000000000        3.9365623196512198E-003
  0.36666666666666664       0.53333333333333333        2.1446120124996317E-003
  0.36666666666666664       0.56666666666666665        1.1290498835765177E-003
  0.36666666666666664       0.59999999999999998        5.7409657148748306E-004
  0.36666666666666664       0.63333333333333330        2.8179939940617957E-004
  0.36666666666666664       0.66666666666666663        1.3346073442462844E-004
  0.36666666666666664       0.69999999999999996        6.0953362274474407E-005
  0.36666666666666664       0.73333333333333328        2.6831224380908037E-005
  0.36666666666666664       0.76666666666666661        1.1377424557548644E-005
  0.36666666666666664       0.80000000000000004        4.6447612976568712E-006
  0.36666666666666664       0.83333333333333337        1.8245460205260987E-006
  0.36666666666666664       0.86666666666666670        6.8938392213855313E-007
  0.36666666666666664       0.90000000000000002        2.5099489100517045E-007
  0.36666666666666664       0.93333333333333335        9.0074405579734326E-008
  0.36666666666666664       0.96666666666666667        3.8526982240582701E-008
  0.36666666666666664        1.0000000000000000        3.8526982240582701E-008

  0.40000000000000002        0.0000000000000000       0.95105651629515353     
  0.40000000000000002        3.3333333333333333E-002  0.79326475288121190     
  0.40000000000000002        6.6666666666666666E-002  0.64827358121305945     
  0.40000000000000002       0.10000000000000001       0.51819014998957813     
  0.40000000000000002       0.13333333333333333       0.40452589222165475     
  0.40000000000000002       0.16666666666666666       0.30798892387303256     
  0.40000000000000002       0.20000000000000001       0.22841492650216919     
  0.40000000000000002       0.23333333333333334       0.16483154572035685     
  0.40000000000000002       0.26666666666666666       0.11562670734142506     
  0.40000000000000002       0.29999999999999999        7.8776391131010218E-002
  0.40000000000000002       0.33333333333333331        5.2084467933776850E-002
  0.40000000000000002       0.36666666666666664        3.3394792435016793E-002
  0.40000000000000002       0.40000000000000002        2.0749918523632439E-002
  0.40000000000000002       0.43333333333333335        1.2486761334983052E-002
  0.40000000000000002       0.46666666666666667        7.2731630524657384E-003
  0.40000000000000002       0.50000000000000000        4.0982013698227498E-003
  0.40000000000000002       0.53333333333333333        2.2326718526694189E-003
  0.40000000000000002       0.56666666666666665        1.1754097620589583E-003
  0.40000000000000002       0.59999999999999998        5.9766953108696195E-004
  0.40000000000000002       0.63333333333333330        2.9337035486433127E-004
  0.40000000000000002       0.66666666666666663        1.3894076105596171E-004
  0.40000000000000002       0.69999999999999996        6.3456166188850167E-005
  0.40000000000000002       0.73333333333333328        2.7932940363459389E-005
  0.40000000000000002       0.76666666666666661        1.1844592596448976E-005
  0.40000000000000002       0.80000000000000004        4.8354796817350035E-006
  0.40000000000000002       0.83333333333333337        1.8994636419949271E-006
  0.40000000000000002       0.86666666666666670        7.1769069168256301E-007
  0.40000000000000002       0.90000000000000002        2.6130098360211862E-007
  0.40000000000000002       0.93333333333333335        9.3772947652850414E-008
  0.40000000000000002       0.96666666666666667        4.0108937334817038E-008
  0.40000000000000002        1.0000000000000000        4.0108937334817038E-008

  0.43333333333333335        0.0000000000000000       0.97814760073380569     
  0.43333333333333335        3.3333333333333333E-002  0.81586109919113192     
  0.43333333333333335        6.6666666666666666E-002  0.66673981747460664     
  0.43333333333333335       0.10000000000000001       0.53295092694459212     
  0.43333333333333335       0.13333333333333333       0.41604891416202161     
  0.43333333333333335       0.16666666666666666       0.31676206595224049     
  0.43333333333333335       0.20000000000000001       0.23492138322150716     
  0.43333333333333335       0.23333333333333334       0.16952681382141460     
  0.43333333333333335       0.26666666666666666       0.11892036322651625     
  0.43333333333333335       0.29999999999999999        8.1020356476220232E-002
  0.43333333333333335       0.33333333333333331        5.3568107122994403E-002
  0.43333333333333335       0.36666666666666664        3.4346051509706245E-002
  0.43333333333333335       0.40000000000000002        2.1340985179701087E-002
  0.43333333333333335       0.43333333333333335        1.2842449877036359E-002
  0.43333333333333335       0.46666666666666667        7.4803409341314842E-003
  0.43333333333333335       0.50000000000000000        4.2149396681827305E-003
  0.43333333333333335       0.53333333333333333        2.2962700728047384E-003
  0.43333333333333335       0.56666666666666665        1.2088916052179750E-003
  0.43333333333333335       0.59999999999999998        6.1469429823346195E-004
  0.43333333333333335       0.63333333333333330        3.0172708332289579E-004
  0.43333333333333335       0.66666666666666663        1.4289852363394239E-004
  0.43333333333333335       0.69999999999999996        6.5263731067404424E-005
  0.43333333333333335       0.73333333333333328        2.8728617206045119E-005
  0.43333333333333335       0.76666666666666661        1.2181988800222264E-005
  0.43333333333333335       0.80000000000000004        4.9732195385308690E-006
  0.43333333333333335       0.83333333333333337        1.9535703423137381E-006
  0.43333333333333335       0.86666666666666670        7.3813429182206597E-007
  0.43333333333333335       0.90000000000000002        2.6874420794197578E-007
  0.43333333333333335       0.93333333333333335        9.6444093688230992E-008
  0.43333333333333335       0.96666666666666667        4.1251450518276386E-008
  0.43333333333333335        1.0000000000000000        4.1251450518276386E-008

  0.46666666666666667        0.0000000000000000       0.99452189536827329     
  0.46666666666666667        3.3333333333333333E-002  0.82951870056840293     
  0.46666666666666667        6.6666666666666666E-002  0.67790111277162546     
  0.46666666666666667       0.10000000000000001       0.54187258201684985     
  0.46666666666666667       0.13333333333333333       0.42301361713499680     
  0.46666666666666667       0.16666666666666666       0.32206469655015185     
  0.46666666666666667       0.20000000000000001       0.23885399210581038     
  0.46666666666666667       0.23333333333333334       0.17236471067447839     
  0.46666666666666667       0.26666666666666666       0.12091110272641185     
  0.46666666666666667       0.29999999999999999        8.2376645841277171E-002
  0.46666666666666667       0.33333333333333331        5.4464842920725350E-002
  0.46666666666666667       0.36666666666666664        3.4921008056682003E-002
  0.46666666666666667       0.40000000000000002        2.1698235536252677E-002
  0.46666666666666667       0.43333333333333335        1.3057433850781449E-002
  0.46666666666666667       0.46666666666666667        7.6055626351609097E-003
  0.46666666666666667       0.50000000000000000        4.2854982055052712E-003
  0.46666666666666667       0.53333333333333333        2.3347098774970038E-003
  0.46666666666666667       0.56666666666666665        1.2291285789733917E-003
  0.46666666666666667       0.59999999999999998        6.2498434601546441E-004
  0.46666666666666667       0.63333333333333330        3.0677802671612319E-004
  0.46666666666666667       0.66666666666666663        1.4529066008355106E-004
  0.46666666666666667       0.69999999999999996        6.6356252851070444E-005
  0.46666666666666667       0.73333333333333328        2.9209537306671772E-005
  0.46666666666666667       0.76666666666666661        1.2385916585455272E-005
  0.46666666666666667       0.80000000000000004        5.0564717613494953E-006
  0.46666666666666667       0.83333333333333337        1.9862733171512835E-006
  0.46666666666666667       0.86666666666666670        7.5049073819583563E-007
  0.46666666666666667       0.90000000000000002        2.7324301450127966E-007
  0.46666666666666667       0.93333333333333335        9.8058578050939221E-008
  0.46666666666666667       0.96666666666666667        4.1942004177436509E-008
  0.46666666666666667        1.0000000000000000        4.1942004177436509E-008

  0.50000000000000000        0.0000000000000000        1.0000000000000000     
  0.50000000000000000        3.3333333333333333E-002  0.83408792147429844     
  0.50000000000000000        6.6666666666666666E-002  0.68163518161719050     
  0.50000000000000000       0.10000000000000001       0.54485736768640314     
  0.50000000000000000       0.13333333333333333       0.42534369439735065     
  0.50000000000000000       0.16666666666666666       0.32383871893628918     
  0.50000000000000000       0.20000000000000001       0.24016966666919112     
  0.50000000000000000       0.23333333333333334       0.17331414368775805     
  0.50000000000000000       0.26666666666666666       0.12157711488256198     
  0.50000000000000000       0.29999999999999999        8.2830399436075716E-002
  0.50000000000000000       0.33333333333333331        5.4764850501915714E-002
  0.50000000000000000       0.36666666666666664        3.5113362731698024E-002
  0.50000000000000000       0.40000000000000002        2.1817755483621387E-002
  0.50000000000000000       0.43333333333333335        1.3129357846813676E-002
  0.50000000000000000       0.46666666666666667        7.6474562003932102E-003
  0.50000000000000000       0.50000000000000000        4.3091039276901425E-003
  0.50000000000000000       0.53333333333333333        2.3475701122019602E-003
  0.50000000000000000       0.56666666666666665        1.2358989628058847E-003
  0.50000000000000000       0.59999999999999998        6.2842693451613913E-004
  0.50000000000000000       0.63333333333333330        3.0846784585121951E-004
  0.50000000000000000       0.66666666666666663        1.4609096165725912E-004
  0.50000000000000000       0.69999999999999996        6.6721761642561534E-005
  0.50000000000000000       0.73333333333333328        2.9370431604077881E-005
  0.50000000000000000       0.76666666666666661        1.2454141676658354E-005
  0.50000000000000000       0.80000000000000004        5.0843242214160357E-006
  0.50000000000000000       0.83333333333333337        1.9972142658717058E-006
  0.50000000000000000       0.86666666666666670        7.5462465099164815E-007
  0.50000000000000000       0.90000000000000002        2.7474811341393063E-007
  0.50000000000000000       0.93333333333333335        9.8598712112444692E-008
  0.50000000000000000       0.96666666666666667        4.2173032461900003E-008
  0.50000000000000000        1.0000000000000000        4.2173032461900003E-008

  0.53333333333333333        0.0000000000000000       0.99452189536827340     
  0.53333333333333333        3.3333333333333333E-002  0.82951870056840293     
  0.53333333333333333        6.6666666666666666E-002  0.67790111277162546     
  0.53333333333333333       0.10000000000000001       0.54187258201684985     
  0.53333333333333333       0.13333333333333333       0.42301361713499686     
  0.53333333333333333       0.16666666666666666       0.32206469655015185     
  0.53333333333333333       0.20000000000000001       0.23885399210581038     
  0.53333333333333333       0.23333333333333334       0.17236471067447842     
  0.53333333333333333       0.26666666666666666       0.12091110272641185     
  0.53333333333333333       0.29999999999999999        8.2376645841277171E-002
  0.53333333333333333       0.33333333333333331        5.4464842920725350E-002
  0.53333333333333333       0.36666666666666664        3.4921008056682010E-002
  0.53333333333333333       0.40000000000000002        2.1698235536252677E-002
  0.53333333333333333       0.43333333333333335        1.3057433850781449E-002
  0.53333333333333333       0.46666666666666667        7.6055626351609089E-003
  0.53333333333333333       0.50000000000000000        4.2854982055052712E-003
  0.53333333333333333       0.53333333333333333        2.3347098774970038E-003
  0.53333333333333333       0.56666666666666665        1.2291285789733917E-003
  0.53333333333333333       0.59999999999999998        6.2498434601546441E-004
  0.53333333333333333       0.63333333333333330        3.0677802671612319E-004
  0.53333333333333333       0.66666666666666663        1.4529066008355106E-004
  0.53333333333333333       0.69999999999999996        6.6356252851070444E-005
  0.53333333333333333       0.73333333333333328        2.9209537306671772E-005
  0.53333333333333333       0.76666666666666661        1.2385916585455272E-005
  0.53333333333333333       0.80000000000000004        5.0564717613494953E-006
  0.53333333333333333       0.83333333333333337        1.9862733171512835E-006
  0.53333333333333333       0.86666666666666670        7.5049073819583563E-007
  0.53333333333333333       0.90000000000000002        2.7324301450127966E-007
  0.53333333333333333       0.93333333333333335        9.8058578050939234E-008
  0.53333333333333333       0.96666666666666667        4.1942004177436509E-008
  0.53333333333333333        1.0000000000000000        4.1942004177436509E-008

  0.56666666666666665        0.0000000000000000       0.97814760073380569     
  0.56666666666666665        3.3333333333333333E-002  0.81586109919113192     
  0.56666666666666665        6.6666666666666666E-002  0.66673981747460676     
  0.56666666666666665       0.10000000000000001       0.53295092694459223     
  0.56666666666666665       0.13333333333333333       0.41604891416202161     
  0.56666666666666665       0.16666666666666666       0.31676206595224049     
  0.56666666666666665       0.20000000000000001       0.23492138322150719     
  0.56666666666666665       0.23333333333333334       0.16952681382141460     
  0.56666666666666665       0.26666666666666666       0.11892036322651627     
  0.56666666666666665       0.29999999999999999        8.1020356476220246E-002
  0.56666666666666665       0.33333333333333331        5.3568107122994410E-002
  0.56666666666666665       0.36666666666666664        3.4346051509706245E-002
  0.56666666666666665       0.40000000000000002        2.1340985179701087E-002
  0.56666666666666665       0.43333333333333335        1.2842449877036359E-002
  0.56666666666666665       0.46666666666666667        7.4803409341314834E-003
  0.56666666666666665       0.50000000000000000        4.2149396681827305E-003
  0.56666666666666665       0.53333333333333333        2.2962700728047379E-003
  0.56666666666666665       0.56666666666666665        1.2088916052179748E-003
  0.56666666666666665       0.59999999999999998        6.1469429823346195E-004
  0.56666666666666665       0.63333333333333330        3.0172708332289579E-004
  0.56666666666666665       0.66666666666666663        1.4289852363394239E-004
  0.56666666666666665       0.69999999999999996        6.5263731067404424E-005
  0.56666666666666665       0.73333333333333328        2.8728617206045119E-005
  0.56666666666666665       0.76666666666666661        1.2181988800222264E-005
  0.56666666666666665       0.80000000000000004        4.9732195385308699E-006
  0.56666666666666665       0.83333333333333337        1.9535703423137381E-006
  0.56666666666666665       0.86666666666666670        7.3813429182206597E-007
  0.56666666666666665       0.90000000000000002        2.6874420794197578E-007
  0.56666666666666665       0.93333333333333335        9.6444093688230992E-008
  0.56666666666666665       0.96666666666666667        4.1251450518276386E-008
  0.56666666666666665        1.0000000000000000        4.1251450518276386E-008

  0.59999999999999998        0.0000000000000000       0.95105651629515364     
  0.59999999999999998        3.3333333333333333E-002  0.79326475288121190     
  0.59999999999999998        6.6666666666666666E-002  0.64827358121305945     
  0.59999999999999998       0.10000000000000001       0.51819014998957813     
  0.59999999999999998       0.13333333333333333       0.40452589222165480     
  0.59999999999999998       0.16666666666666666       0.30798892387303262     
  0.59999999999999998       0.20000000000000001       0.22841492650216921     
  0.59999999999999998       0.23333333333333334       0.16483154572035688     
  0.59999999999999998       0.26666666666666666       0.11562670734142508     
  0.59999999999999998       0.29999999999999999        7.8776391131010232E-002
  0.59999999999999998       0.33333333333333331        5.2084467933776857E-002
  0.59999999999999998       0.36666666666666664        3.3394792435016800E-002
  0.59999999999999998       0.40000000000000002        2.0749918523632439E-002
  0.59999999999999998       0.43333333333333335        1.2486761334983052E-002
  0.59999999999999998       0.46666666666666667        7.2731630524657384E-003
  0.59999999999999998       0.50000000000000000        4.0982013698227506E-003
  0.59999999999999998       0.53333333333333333        2.2326718526694189E-003
  0.59999999999999998       0.56666666666666665        1.1754097620589583E-003
  0.59999999999999998       0.59999999999999998        5.9766953108696195E-004
  0.59999999999999998       0.63333333333333330        2.9337035486433127E-004
  0.59999999999999998       0.66666666666666663        1.3894076105596171E-004
  0.59999999999999998       0.69999999999999996        6.3456166188850167E-005
  0.59999999999999998       0.73333333333333328        2.7932940363459389E-005
  0.59999999999999998       0.76666666666666661        1.1844592596448976E-005
  0.59999999999999998       0.80000000000000004        4.8354796817350035E-006
  0.59999999999999998       0.83333333333333337        1.8994636419949271E-006
  0.59999999999999998       0.86666666666666670        7.1769069168256301E-007
  0.59999999999999998       0.90000000000000002        2.6130098360211862E-007
  0.59999999999999998       0.93333333333333335        9.3772947652850414E-008
  0.59999999999999998       0.96666666666666667        4.0108937334817038E-008
  0.59999999999999998        1.0000000000000000        4.0108937334817038E-008

  0.63333333333333330        0.0000000000000000       0.91354545764260098     
  0.63333333333333330        3.3333333333333333E-002  0.76197723193740374     
  0.63333333333333330        6.6666666666666666E-002  0.62270472393577359     
  0.63333333333333330       0.10000000000000001       0.49775197331301807     
  0.63333333333333330       0.13333333333333333       0.38857079995362231     
  0.63333333333333330       0.16666666666666666       0.29584139069304594     
  0.63333333333333330       0.20000000000000001       0.21940590804917715     
  0.63333333333333330       0.23333333333333334       0.15833034871116844     
  0.63333333333333330       0.26666666666666666       0.11106622105425716     
  0.63333333333333330       0.29999999999999999        7.5669335159549239E-002
  0.63333333333333330       0.33333333333333331        5.0030180414501219E-002
  0.63333333333333330       0.36666666666666664        3.2077653026099717E-002
  0.63333333333333330       0.40000000000000002        1.9931511418019264E-002
  0.63333333333333330       0.43333333333333335        1.1994265222720870E-002
  0.63333333333333330       0.46666666666666667        6.9862988743899608E-003
  0.63333333333333330       0.50000000000000000        3.9365623196512198E-003
  0.63333333333333330       0.53333333333333333        2.1446120124996321E-003
  0.63333333333333330       0.56666666666666665        1.1290498835765177E-003
  0.63333333333333330       0.59999999999999998        5.7409657148748316E-004
  0.63333333333333330       0.63333333333333330        2.8179939940617957E-004
  0.63333333333333330       0.66666666666666663        1.3346073442462844E-004
  0.63333333333333330       0.69999999999999996        6.0953362274474407E-005
  0.63333333333333330       0.73333333333333328        2.6831224380908037E-005
  0.63333333333333330       0.76666666666666661        1.1377424557548646E-005
  0.63333333333333330       0.80000000000000004        4.6447612976568720E-006
  0.63333333333333330       0.83333333333333337        1.8245460205260987E-006
  0.63333333333333330       0.86666666666666670        6.8938392213855324E-007
  0.63333333333333330       0.90000000000000002        2.5099489100517051E-007
  0.63333333333333330       0.93333333333333335        9.0074405579734340E-008
  0.63333333333333330       0.96666666666666667        3.8526982240582701E-008
  0.63333333333333330        1.0000000000000000        3.8526982240582701E-008

  0.66666666666666663        0.0000000000000000       0.86602540378443871     
  0.66666666666666663        3.3333333333333333E-002  0.72234132898650250     
  0.66666666666666663        6.6666666666666666E-002  0.59031338339370665     
  0.66666666666666663       0.10000000000000001       0.47186032185554366     
  0.66666666666666663       0.13333333333333333       0.36835844468763052     
  0.66666666666666663       0.16666666666666666       0.28045255732783525     
  0.66666666666666663       0.20000000000000001       0.20799303255396032     
  0.66666666666666663       0.23333333333333334       0.15009445126874493     
  0.66666666666666663       0.26666666666666666       0.10528887000711783     
  0.66666666666666663       0.29999999999999999        7.1733230117253827E-002
  0.66666666666666663       0.33333333333333331        4.7427751769115976E-002
  0.66666666666666663       0.36666666666666664        3.0409064137948239E-002
  0.66666666666666663       0.40000000000000002        1.8894730502373360E-002
  0.66666666666666663       0.43333333333333335        1.1370357430717199E-002
  0.66666666666666663       0.46666666666666667        6.6228913438693389E-003
  0.66666666666666663       0.50000000000000000        3.7317934689269664E-003
  0.66666666666666663       0.53333333333333333        2.0330553543319828E-003
  0.66666666666666663       0.56666666666666665        1.0703198983007354E-003
  0.66666666666666663       0.59999999999999998        5.4423368971335639E-004
  0.66666666666666663       0.63333333333333330        2.6714099075781836E-004
  0.66666666666666663       0.66666666666666663        1.2651848405848478E-004
  0.66666666666666663       0.69999999999999996        5.7782740567708418E-005
  0.66666666666666663       0.73333333333333328        2.5435539889244787E-005
  0.66666666666666663       0.76666666666666661        1.0785603074316655E-005
  0.66666666666666663       0.80000000000000004        4.4031539368228233E-006
  0.66666666666666663       0.83333333333333337        1.7296382910455850E-006
  0.66666666666666663       0.86666666666666670        6.5352411808073325E-007
  0.66666666666666663       0.90000000000000002        2.3793884585831203E-007
  0.66666666666666663       0.93333333333333335        8.5388989469805538E-008
  0.66666666666666663       0.96666666666666667        3.6522917466631184E-008
  0.66666666666666663        1.0000000000000000        3.6522917466631184E-008

  0.69999999999999996        0.0000000000000000       0.80901699437494745     
  0.69999999999999996        3.3333333333333333E-002  0.67479130327558423     
  0.69999999999999996        6.6666666666666666E-002  0.55145444589216086     
  0.69999999999999996       0.10000000000000001       0.44079886996869955     
  0.69999999999999996       0.13333333333333333       0.34411027721768089     
  0.69999999999999996       0.16666666666666666       0.26199102705607008     
  0.69999999999999996       0.20000000000000001       0.19430134186874207     
  0.69999999999999996       0.23333333333333334       0.14021408760893783     
  0.69999999999999996       0.26666666666666666        9.8357952067068002E-002
  0.69999999999999996       0.29999999999999999        6.7011200794650325E-002
  0.69999999999999996       0.33333333333333331        4.4305694750453185E-002
  0.69999999999999996       0.36666666666666664        2.8407307179595630E-002
  0.69999999999999996       0.40000000000000002        1.7650934965366901E-002
  0.69999999999999996       0.43333333333333335        1.0621873623302330E-002
  0.69999999999999996       0.46666666666666667        6.1869220298561714E-003
  0.69999999999999996       0.50000000000000000        3.4861383080291601E-003
  0.69999999999999996       0.53333333333333333        1.8992241162580879E-003
  0.69999999999999996       0.56666666666666665        9.9986326424033201E-004
  0.69999999999999996       0.59999999999999998        5.0840806974650882E-004
  0.69999999999999996       0.63333333333333330        2.4955572951186822E-004
  0.69999999999999996       0.66666666666666663        1.1819007070530145E-004
  0.69999999999999996       0.69999999999999996        5.3979039063466782E-005
  0.69999999999999996       0.73333333333333328        2.3761178299826053E-005
  0.69999999999999996       0.76666666666666661        1.0075612266769910E-005
  0.69999999999999996       0.80000000000000004        4.1133047000377452E-006
  0.69999999999999996       0.83333333333333337        1.6157802824982946E-006
  0.69999999999999996       0.86666666666666670        6.1050416702650683E-007
  0.69999999999999996       0.90000000000000002        2.2227589292432532E-007
  0.69999999999999996       0.93333333333333335        7.9768033722450723E-008
  0.69999999999999996       0.96666666666666667        3.4118699966003432E-008
  0.69999999999999996        1.0000000000000000        3.4118699966003432E-008

  0.73333333333333328        0.0000000000000000       0.74314482547739447     
  0.73333333333333328        3.3333333333333333E-002  0.61984812283682023     
  0.73333333333333328        6.6666666666666666E-002  0.50655365808215902     
  0.73333333333333328       0.10000000000000001       0.40490793341938458     
  0.73333333333333328       0.13333333333333333       0.31609196554082930     
  0.73333333333333328       0.16666666666666666       0.24065906826673164     
  0.73333333333333328       0.20000000000000001       0.17848084502184006     
  0.73333333333333328       0.23333333333333334       0.12879750906360302     
  0.73333333333333328       0.26666666666666666        9.0349403821446642E-002
  0.73333333333333328       0.29999999999999999        6.1554982733145351E-002
  0.73333333333333328       0.33333333333333331        4.0698215268541740E-002
  0.73333333333333328       0.36666666666666664        2.6094313819172165E-002
  0.73333333333333328       0.40000000000000002        1.6213752091184277E-002
  0.73333333333333328       0.43333333333333335        9.7570143457006049E-003
  0.73333333333333328       0.46666666666666667        5.6831675033872289E-003
  0.73333333333333328       0.50000000000000000        3.2022882863072450E-003
  0.73333333333333328       0.53333333333333333        1.7445845813282724E-003
  0.73333333333333328       0.56666666666666665        9.1845191902207180E-004
  0.73333333333333328       0.59999999999999998        4.6701222457629012E-004
  0.73333333333333328       0.63333333333333330        2.2923628347049226E-004
  0.73333333333333328       0.66666666666666663        1.0856674220460851E-004
  0.73333333333333328       0.69999999999999996        4.9583931911405679E-005
  0.73333333333333328       0.73333333333333328        2.1826484268608203E-005
  0.73333333333333328       0.76666666666666661        9.2552309427710140E-006
  0.73333333333333328       0.80000000000000004        3.7783892361947071E-006
  0.73333333333333328       0.83333333333333337        1.4842194470521908E-006
  0.73333333333333328       0.86666666666666670        5.6079540456212785E-007
  0.73333333333333328       0.90000000000000002        2.0417763879323881E-007
  0.73333333333333328       0.93333333333333335        7.3273122705098538E-008
  0.73333333333333328       0.96666666666666667        3.1340670848751157E-008
  0.73333333333333328        1.0000000000000000        3.1340670848751157E-008

  0.76666666666666661        0.0000000000000000       0.66913060635885835     
  0.76666666666666661        3.3333333333333333E-002  0.55811375665269713     
  0.76666666666666661        6.6666666666666666E-002  0.45610296239104114     
  0.76666666666666661       0.10000000000000001       0.36458074081909436     
  0.76666666666666661       0.13333333333333333       0.28461048414301621     
  0.76666666666666661       0.16666666666666666       0.21669039836431511     
  0.76666666666666661       0.20000000000000001       0.16070487468736078     
  0.76666666666666661       0.23333333333333334       0.11596979805635586     
  0.76666666666666661       0.26666666666666666        8.1350968600729281E-002
  0.76666666666666661       0.29999999999999999        5.5424355399607779E-002
  0.76666666666666661       0.33333333333333331        3.6644837623499085E-002
  0.76666666666666661       0.36666666666666664        2.3495425695959634E-002
  0.76666666666666661       0.40000000000000002        1.4598927956144880E-002
  0.76666666666666661       0.43333333333333335        8.7852551771408667E-003
  0.76666666666666661       0.46666666666666667        5.1171470044719183E-003
  0.76666666666666661       0.50000000000000000        2.8833533239986425E-003
  0.76666666666666661       0.53333333333333333        1.5708310126476305E-003
  0.76666666666666661       0.56666666666666665        8.2697782238058562E-004
  0.76666666666666661       0.59999999999999998        4.2049969574502264E-004
  0.76666666666666661       0.63333333333333330        2.0640527673663729E-004
  0.76666666666666661       0.66666666666666663        9.7753933757270490E-005
  0.76666666666666661       0.69999999999999996        4.4645572825218401E-005
  0.76666666666666661       0.73333333333333328        1.9652654708258007E-005
  0.76666666666666661       0.76666666666666661        8.3334473717815316E-006
  0.76666666666666661       0.80000000000000004        3.4020769492011408E-006
  0.76666666666666661       0.83333333333333337        1.3363971927512962E-006
  0.76666666666666661       0.86666666666666670        5.0494245029138321E-007
  0.76666666666666661       0.90000000000000002        1.8384237172461576E-007
  0.76666666666666661       0.93333333333333335        6.5975416022002614E-008
  0.76666666666666661       0.96666666666666667        2.8219266783222959E-008
  0.76666666666666661        1.0000000000000000        2.8219266783222959E-008

  0.80000000000000004        0.0000000000000000       0.58778525229247325     
  0.80000000000000004        3.3333333333333333E-002  0.49026457935787510     
  0.80000000000000004        6.6666666666666666E-002  0.40065510719828606     
  0.80000000000000004       0.10000000000000001       0.32025912532896533     
  0.80000000000000004       0.13333333333333333       0.25001075072235940     
  0.80000000000000004       0.16666666666666666       0.19034762311203809     
  0.80000000000000004       0.20000000000000001       0.14116818811614973     
  0.80000000000000004       0.23333333333333334       0.10187149767336286     
  0.80000000000000004       0.26666666666666666        7.1461235144237689E-002
  0.80000000000000004       0.29999999999999999        4.8686487230020101E-002
  0.80000000000000004       0.33333333333333331        3.2189971469028099E-002
  0.80000000000000004       0.36666666666666664        2.0639116772088243E-002
  0.80000000000000004       0.40000000000000002        1.2824154911395883E-002
  0.80000000000000004       0.43333333333333335        7.7172429144275363E-003
  0.80000000000000004       0.46666666666666667        4.4950619721437612E-003
  0.80000000000000004       0.50000000000000000        2.5328277392918375E-003
  0.80000000000000004       0.53333333333333333        1.3798670906748987E-003
  0.80000000000000004       0.56666666666666665        7.2644318366086290E-004
  0.80000000000000004       0.59999999999999998        3.6938008425195436E-004
  0.80000000000000004       0.63333333333333330        1.8131285059777477E-004
  0.80000000000000004       0.66666666666666663        8.5870112755362057E-005
  0.80000000000000004       0.69999999999999996        3.9218067500471287E-005
  0.80000000000000004       0.73333333333333328        1.7263506550341742E-005
  0.80000000000000004       0.76666666666666661        7.3203608075008345E-006
  0.80000000000000004       0.80000000000000004        2.9884907952217558E-006
  0.80000000000000004       0.83333333333333337        1.1739330911475268E-006
  0.80000000000000004       0.86666666666666670        4.4355724086924530E-007
  0.80000000000000004       0.90000000000000002        1.6149288915988821E-007
  0.80000000000000004       0.93333333333333335        5.7954868874726229E-008
  0.80000000000000004       0.96666666666666667        2.4788686525556548E-008
  0.80000000000000004        1.0000000000000000        2.4788686525556548E-008

  0.83333333333333337        0.0000000000000000       0.49999999999999994     
  0.83333333333333337        3.3333333333333333E-002  0.41704396073714922     
  0.83333333333333337        6.6666666666666666E-002  0.34081759080859525     
  0.83333333333333337       0.10000000000000001       0.27242868384320157     
  0.83333333333333337       0.13333333333333333       0.21267184719867535     
  0.83333333333333337       0.16666666666666666       0.16191935946814465     
  0.83333333333333337       0.20000000000000001       0.12008483333459560     
  0.83333333333333337       0.23333333333333334        8.6657071843879052E-002
  0.83333333333333337       0.26666666666666666        6.0788557441281005E-002
  0.83333333333333337       0.29999999999999999        4.1415199718037865E-002
  0.83333333333333337       0.33333333333333331        2.7382425250957857E-002
  0.83333333333333337       0.36666666666666664        1.7556681365849012E-002
  0.83333333333333337       0.40000000000000002        1.0908877741810694E-002
  0.83333333333333337       0.43333333333333335        6.5646789234068371E-003
  0.83333333333333337       0.46666666666666667        3.8237281001966051E-003
  0.83333333333333337       0.50000000000000000        2.1545519638450712E-003
  0.83333333333333337       0.53333333333333333        1.1737850561009801E-003
  0.83333333333333337       0.56666666666666665        6.1794948140294237E-004
  0.83333333333333337       0.59999999999999998        3.1421346725806957E-004
  0.83333333333333337       0.63333333333333330        1.5423392292560978E-004
  0.83333333333333337       0.66666666666666663        7.3045480828629560E-005
  0.83333333333333337       0.69999999999999996        3.3360880821280767E-005
  0.83333333333333337       0.73333333333333328        1.4685215802038941E-005
  0.83333333333333337       0.76666666666666661        6.2270708383291769E-006
  0.83333333333333337       0.80000000000000004        2.5421621107080170E-006
  0.83333333333333337       0.83333333333333337        9.9860713293585271E-007
  0.83333333333333337       0.86666666666666670        3.7731232549582407E-007
  0.83333333333333337       0.90000000000000002        1.3737405670696532E-007
  0.83333333333333337       0.93333333333333335        4.9299356056222346E-008
  0.83333333333333337       0.96666666666666667        2.1086516230949998E-008
  0.83333333333333337        1.0000000000000000        2.1086516230949998E-008

  0.86666666666666670        0.0000000000000000       0.40673664307580004     
  0.86666666666666670        3.3333333333333333E-002  0.33925412121052778     
  0.86666666666666670        6.6666666666666666E-002  0.27724600557333945     
  0.86666666666666670       0.10000000000000001       0.22161345668788460     
  0.86666666666666670       0.13333333333333333       0.17300286641263748     
  0.86666666666666670       0.16666666666666666       0.13171707343811387     
  0.86666666666666670       0.20000000000000001        9.7685803989660730E-002
  0.86666666666666670       0.23333333333333334        7.0493213001115620E-002
  0.86666666666666670       0.26666666666666666        4.9449867582174178E-002
  0.86666666666666670       0.29999999999999999        3.3690158611257091E-002
  0.86666666666666670       0.33333333333333331        2.2274871451697251E-002
  0.86666666666666670       0.36666666666666664        1.4281891284593765E-002
  0.86666666666666670       0.40000000000000002        8.8740806248567942E-003
  0.86666666666666670       0.43333333333333335        5.3401909363539101E-003
  0.86666666666666670       0.46666666666666667        3.1105006630171481E-003
  0.86666666666666670       0.50000000000000000        1.7526704662134342E-003
  0.86666666666666670       0.53333333333333333        9.5484278682210499E-004
  0.86666666666666670       0.56666666666666665        5.0268539531252892E-004
  0.86666666666666670       0.59999999999999998        2.5560426176351016E-004
  0.86666666666666670       0.63333333333333330        1.2546517611834843E-004
  0.86666666666666670       0.66666666666666663        5.9420547328189021E-005
  0.86666666666666670       0.69999999999999996        2.7138185350599164E-005
  0.86666666666666670       0.73333333333333328        1.1946030756330028E-005
  0.86666666666666670       0.76666666666666661        5.0655557779544361E-006
  0.86666666666666670       0.80000000000000004        2.0679809661277395E-006
  0.86666666666666670       0.83333333333333337        8.1234022600375623E-007
  0.86666666666666670       0.86666666666666670        3.0693349732659027E-007
  0.86666666666666670       0.90000000000000002        1.1175012534139137E-007
  0.86666666666666670       0.93333333333333335        4.0103709176212992E-008
  0.86666666666666670       0.96666666666666667        1.7153317651879954E-008
  0.86666666666666670        1.0000000000000000        1.7153317651879954E-008

  0.90000000000000002        0.0000000000000000       0.30901699437494751     
  0.90000000000000002        3.3333333333333333E-002  0.25774734253843490     
  0.90000000000000002        6.6666666666666666E-002  0.21063685508356558     
  0.90000000000000002       0.10000000000000001       0.16837018612549792     
  0.90000000000000002       0.13333333333333333       0.13143843001900551     
  0.90000000000000002       0.16666666666666666       0.10007166758792549     
  0.90000000000000002       0.20000000000000001        7.4216508534146450E-002
  0.90000000000000002       0.23333333333333334        5.3557015765058773E-002
  0.90000000000000002       0.26666666666666666        3.7569394625786998E-002
  0.90000000000000002       0.29999999999999999        2.5596001076612460E-002
  0.90000000000000002       0.33333333333333331        1.6923269499495325E-002
  0.90000000000000002       0.36666666666666664        1.0850625813746616E-002
  0.90000000000000002       0.40000000000000002        6.7420572235562075E-003
  0.90000000000000002       0.43333333333333335        4.0571946998954932E-003
  0.90000000000000002       0.46666666666666667        2.3631939296595655E-003
  0.90000000000000002       0.50000000000000000        1.3315863441840888E-003
  0.90000000000000002       0.53333333333333333        7.2543906015710784E-004
  0.90000000000000002       0.56666666666666665        3.8191378283738942E-004
  0.90000000000000002       0.59999999999999998        1.9419460248843926E-004
  0.90000000000000002       0.63333333333333330        9.5321806586258454E-005
  0.90000000000000002       0.66666666666666663        4.5144589876671902E-005
  0.90000000000000002       0.69999999999999996        2.0618158242186019E-005
  0.90000000000000002       0.73333333333333328        9.0759624977871128E-006
  0.90000000000000002       0.76666666666666661        3.8485414284407329E-006
  0.90000000000000002       0.80000000000000004        1.5711425893297278E-006
  0.90000000000000002       0.83333333333333337        6.1717314956244163E-007
  0.90000000000000002       0.86666666666666670        2.3319184153068278E-007
  0.90000000000000002       0.90000000000000002        8.4901836217360025E-008
  0.90000000000000002       0.93333333333333335        3.0468677666228377E-008
  0.90000000000000002       0.96666666666666667        1.3032183735053426E-008
  0.90000000000000002        1.0000000000000000        1.3032183735053426E-008

  0.93333333333333335        0.0000000000000000       0.20791169081775931     
  0.93333333333333335        3.3333333333333333E-002  0.17341663004439190     
  0.93333333333333335        6.6666666666666666E-002  0.14171992313090054     
  0.93333333333333335       0.10000000000000001       0.11328221657019368     
  0.93333333333333335       0.13333333333333333        8.8433926680825489E-002
  0.93333333333333335       0.16666666666666666        6.7329855606301031E-002
  0.93333333333333335       0.20000000000000001        4.9934081480329191E-002
  0.93333333333333335       0.23333333333333334        3.6034036656753879E-002
  0.93333333333333335       0.26666666666666666        2.5277303519978440E-002
  0.93333333333333335       0.29999999999999999        1.7221408397864884E-002
  0.93333333333333335       0.33333333333333331        1.1386252665235113E-002
  0.93333333333333335       0.36666666666666664        7.3004786158446322E-003
  0.93333333333333335       0.40000000000000002        4.5361664324481627E-003
  0.93333333333333335       0.43333333333333335        2.7297469892824475E-003
  0.93333333333333335       0.46666666666666667        1.5899955490785097E-003
  0.93333333333333335       0.50000000000000000        8.9591308351550530E-004
  0.93333333333333335       0.53333333333333333        4.8808727134114660E-004
  0.93333333333333335       0.56666666666666665        2.5695784303688654E-004
  0.93333333333333335       0.59999999999999998        1.3065730651067183E-004
  0.93333333333333335       0.63333333333333330        6.4134071393838994E-005
  0.93333333333333335       0.66666666666666663        3.0374018851353188E-005
  0.93333333333333335       0.69999999999999996        1.3872234277444489E-005
  0.93333333333333335       0.73333333333333328        6.1064560948511886E-006
  0.93333333333333335       0.76666666666666661        2.5893616536779625E-006
  0.93333333333333335       0.80000000000000004        1.0570904455402956E-006
  0.93333333333333335       0.83333333333333337        4.1524419494273626E-007
  0.93333333333333335       0.86666666666666670        1.5689528712043510E-007
  0.93333333333333335       0.90000000000000002        5.7123344808879822E-008
  0.93333333333333335       0.93333333333333335        2.0499824947751863E-008
  0.93333333333333335       0.96666666666666667        8.7682664860658796E-009
  0.93333333333333335        1.0000000000000000        8.7682664860658796E-009

  0.96666666666666667        0.0000000000000000       0.10452846326765373     
  0.96666666666666667        3.3333333333333333E-002   8.7185928661819720E-002
  0.96666666666666667        6.6666666666666666E-002   7.1250278043612822E-002
  0.96666666666666667       0.10000000000000001        5.6953103344318558E-002
  0.96666666666666667       0.13333333333333333        4.4460522735941505E-002
  0.96666666666666667       0.16666666666666666        3.3850363636975869E-002
  0.96666666666666667       0.20000000000000001        2.5104566180435127E-002
  0.96666666666666667       0.23333333333333334        1.8116261102230639E-002
  0.96666666666666667       0.26666666666666666        1.2708268987189169E-002
  0.96666666666666667       0.29999999999999999        8.6581343648989076E-003
  0.96666666666666667       0.33333333333333331        5.7244856640480315E-003
  0.96666666666666667       0.36666666666666664        3.6703458465040893E-003
  0.96666666666666667       0.40000000000000002        2.2805764526523629E-003
  0.96666666666666667       0.43333333333333335        1.3723915994185410E-003
  0.96666666666666667       0.46666666666666667        7.9937684453379042E-004
  0.96666666666666667       0.50000000000000000        4.5042401162206041E-004
  0.96666666666666667       0.53333333333333333        2.4538789624154372E-004
  0.96666666666666667       0.56666666666666665        1.2918661933618595E-004
  0.96666666666666667       0.59999999999999998        6.5688501740974328E-005
  0.96666666666666667       0.63333333333333330        3.2243669894311392E-005
  0.96666666666666667       0.66666666666666663        1.5270663719326981E-005
  0.96666666666666667       0.69999999999999996        6.9743232110076232E-006
  0.96666666666666667       0.73333333333333328        3.0700460810819831E-006
  0.96666666666666667       0.76666666666666661        1.3018122907787349E-006
  0.96666666666666667       0.80000000000000004        5.3145659761912689E-007
  0.96666666666666667       0.83333333333333337        2.0876573802780410E-007
  0.96666666666666667       0.86666666666666670        7.8879755112046299E-008
  0.96666666666666667       0.90000000000000002        2.8718998080845139E-008
  0.96666666666666667       0.93333333333333335        1.0306371857283615E-008
  0.96666666666666667       0.96666666666666667        4.4082822745792719E-009
  0.96666666666666667        1.0000000000000000        4.4082822745792719E-009

   1.0000000000000000        0.0000000000000000        1.2246467991473532E-016
   1.0000000000000000        3.3333333333333333E-002   0.0000000000000000     
   1.0000000000000000        6.6666666666666666E-002   0.0000000000000000     
   1.0000000000000000       0.10000000000000001        0.0000000000000000     
   1.0000000000000000       0.13333333333333333        0.0000000000000000     
   1.0000000000000000       0.16666666666666666        0.0000000000000000     
   1.0000000000000000       0.20000000000000001        0.0000000000000000     
   1.0000000000000000       0.23333333333333334        0.0000000000000000     
   1.0000000000000000       0.26666666666666666        0.0000000000000000     
   1.0000000000000000       0.29999999999999999        0.0000000000000000     
   1.0000000000000000       0.33333333333333331        0.0000000000000000     
   1.0000000000000000       0.36666666666666664        0.0000000000000000     
   1.0000000000000000       0.40000000000000002        0.0000000000000000     
   1.0000000000000000       0.43333333333333335        0.0000000000000000     
   1.0000000000000000       0.46666666666666667        0.0000000000000000     
   1.0000000000000000       0.50000000000000000        0.0000000000000000     
   1.0000000000000000       0.53333333333333333        0.0000000000000000     
   1.0000000000000000       0.56666666666666665        0.0000000000000000     
   1.0000000000000000       0.59999999999999998        0.0000000000000000     
   1.0000000000000000       0.63333333333333330        0.0000000000000000     
   1.0000000000000000       0.66666666666666663        0.0000000000000000     
   1.0000000000000000       0.69999999999999996        0.0000000000000000     
   1.0000000000000000       0.73333333333333328        0.0000000000000000     
   1.0000000000000000       0.76666666666666661        0.0000000000000000     
   1.0000000000000000       0.80000000000000004        0.0000000000000000     
   1.0000000000000000       0.83333333333333337        0.0000000000000000     
   1.0000000000000000       0.86666666666666670        0.0000000000000000     
   1.0000000000000000       0.90000000000000002        0.0000000000000000     
   1.0000000000000000       0.93333333333333335        0.0000000000000000     
   1.0000000000000000       0.96666666666666667        0.0000000000000000     
   1.0000000000000000        1.0000000000000000        0.0000000000000000     

