   0.0000000000000000        0.0000000000000000        0.0000000000000000     
   0.0000000000000000        3.3333333333333333E-002   0.0000000000000000     
   0.0000000000000000        6.6666666666666666E-002   0.0000000000000000     
   0.0000000000000000       0.10000000000000001        0.0000000000000000     
   0.0000000000000000       0.13333333333333333        0.0000000000000000     
   0.0000000000000000       0.16666666666666666        0.0000000000000000     
   0.0000000000000000       0.20000000000000001        0.0000000000000000     
   0.0000000000000000       0.23333333333333334        0.0000000000000000     
   0.0000000000000000       0.26666666666666666        0.0000000000000000     
   0.0000000000000000       0.29999999999999999        0.0000000000000000     
   0.0000000000000000       0.33333333333333331        0.0000000000000000     
   0.0000000000000000       0.36666666666666664        0.0000000000000000     
   0.0000000000000000       0.40000000000000002        0.0000000000000000     
   0.0000000000000000       0.43333333333333335        0.0000000000000000     
   0.0000000000000000       0.46666666666666667        0.0000000000000000     
   0.0000000000000000       0.50000000000000000        0.0000000000000000     
   0.0000000000000000       0.53333333333333333        0.0000000000000000     
   0.0000000000000000       0.56666666666666665        0.0000000000000000     
   0.0000000000000000       0.59999999999999998        0.0000000000000000     
   0.0000000000000000       0.63333333333333330        0.0000000000000000     
   0.0000000000000000       0.66666666666666663        0.0000000000000000     
   0.0000000000000000       0.69999999999999996        0.0000000000000000     
   0.0000000000000000       0.73333333333333328        0.0000000000000000     
   0.0000000000000000       0.76666666666666661        0.0000000000000000     
   0.0000000000000000       0.80000000000000004        0.0000000000000000     
   0.0000000000000000       0.83333333333333337        0.0000000000000000     
   0.0000000000000000       0.86666666666666670        0.0000000000000000     
   0.0000000000000000       0.90000000000000002        0.0000000000000000     
   0.0000000000000000       0.93333333333333335        0.0000000000000000     
   0.0000000000000000       0.96666666666666667        0.0000000000000000     
   0.0000000000000000        1.0000000000000000        0.0000000000000000     

   3.3333333333333333E-002   0.0000000000000000       0.10452846326765346     
   3.3333333333333333E-002   3.3333333333333333E-002   8.7577490207928183E-002
   3.3333333333333333E-002   6.6666666666666666E-002   7.1994827525602240E-002
   3.3333333333333333E-002  0.10000000000000001        5.7979735956702520E-002
   3.3333333333333333E-002  0.13333333333333333        4.5677093015092728E-002
   3.3333333333333333E-002  0.16666666666666666        3.5157030351887546E-002
   3.3333333333333333E-002  0.20000000000000001        2.6407053205272358E-002
   3.3333333333333333E-002  0.23333333333333334        1.9336450321869553E-002
   3.3333333333333333E-002  0.26666666666666666        1.3790624806147220E-002
   3.3333333333333333E-002  0.29999999999999999        9.5715658226129229E-003
   3.3333333333333333E-002  0.33333333333333331        6.4602554491911051E-003
   3.3333333333333333E-002  0.36666666666666664        4.2372960046834071E-003
   3.3333333333333333E-002  0.40000000000000002        2.6991636337095168E-003
   3.3333333333333333E-002  0.43333333333333335        1.6688589713326671E-003
   3.3333333333333333E-002  0.46666666666666667        1.0009786801411476E-003
   3.3333333333333333E-002  0.50000000000000000        5.8213303130627385E-004
   3.3333333333333333E-002  0.53333333333333333        3.2809463336499551E-004
   3.3333333333333333E-002  0.56666666666666665        1.7912241639404572E-004
   3.3333333333333333E-002  0.59999999999999998        9.4683453345925458E-005
   3.3333333333333333E-002  0.63333333333333330        4.8436630178624773E-005
   3.3333333333333333E-002  0.66666666666666663        2.3969165183818535E-005
   3.3333333333333333E-002  0.69999999999999996        1.1468695554004373E-005
   3.3333333333333333E-002  0.73333333333333328        5.3034473788265115E-006
   3.3333333333333333E-002  0.76666666666666661        2.3691004392717912E-006
   3.3333333333333333E-002  0.80000000000000004        1.0218447584954762E-006
   3.3333333333333333E-002  0.83333333333333337        4.2537315519712258E-007
   3.3333333333333333E-002  0.86666666666666670        1.7088047950387258E-007
   3.3333333333333333E-002  0.90000000000000002        6.6432386236701259E-008
   3.3333333333333333E-002  0.93333333333333335        2.5674244596140694E-008
   3.3333333333333333E-002  0.96666666666666667        1.1917249287931076E-008
   3.3333333333333333E-002   1.0000000000000000        1.1917249287931076E-008

   6.6666666666666666E-002   0.0000000000000000       0.20791169081775931     
   6.6666666666666666E-002   3.3333333333333333E-002  0.17419546310637030     
   6.6666666666666666E-002   6.6666666666666666E-002  0.14320086465494777     
   6.6666666666666666E-002  0.10000000000000001       0.11532423379322364     
   6.6666666666666666E-002  0.13333333333333333        9.0853738240565876E-002
   6.6666666666666666E-002  0.16666666666666666        6.9928872922158242E-002
   6.6666666666666666E-002  0.20000000000000001        5.2524785209596601E-002
   6.6666666666666666E-002  0.23333333333333334        3.8461046447600337E-002
   6.6666666666666666E-002  0.26666666666666666        2.7430156641044524E-002
   6.6666666666666666E-002  0.29999999999999999        1.9038263567094378E-002
   6.6666666666666666E-002  0.33333333333333331        1.2849730987785508E-002
   6.6666666666666666E-002  0.36666666666666664        8.4281673076283085E-003
   6.6666666666666666E-002  0.40000000000000002        5.3687546658118092E-003
   6.6666666666666666E-002  0.43333333333333335        3.3194335745442218E-003
   6.6666666666666666E-002  0.46666666666666667        1.9909904283944135E-003
   6.6666666666666666E-002  0.50000000000000000        1.1578880913023877E-003
   6.6666666666666666E-002  0.53333333333333333        6.5259459326862806E-004
   6.6666666666666666E-002  0.56666666666666665        3.5628233011030289E-004
   6.6666666666666666E-002  0.59999999999999998        1.8832953496320656E-004
   6.6666666666666666E-002  0.63333333333333330        9.6342578500996029E-005
   6.6666666666666666E-002  0.66666666666666663        4.7675719178012871E-005
   6.6666666666666666E-002  0.69999999999999996        2.2811737679540237E-005
   6.6666666666666666E-002  0.73333333333333328        1.0548789078352885E-005
   6.6666666666666666E-002  0.76666666666666661        4.7122445183647810E-006
   6.6666666666666666E-002  0.80000000000000004        2.0324939719821134E-006
   6.6666666666666666E-002  0.83333333333333337        8.4608583309085000E-007
   6.6666666666666666E-002  0.86666666666666670        3.3988875671526151E-007
   6.6666666666666666E-002  0.90000000000000002        1.3213692534792265E-007
   6.6666666666666666E-002  0.93333333333333335        5.1067196795804983E-008
   6.6666666666666666E-002  0.96666666666666667        2.3703930698818837E-008
   6.6666666666666666E-002   1.0000000000000000        2.3703930698818837E-008

  0.10000000000000001        0.0000000000000000       0.30901699437494740     
  0.10000000000000001        3.3333333333333333E-002  0.25890491405827482     
  0.10000000000000001        6.6666666666666666E-002  0.21283796314442621     
  0.10000000000000001       0.10000000000000001       0.17140521519115876     
  0.10000000000000001       0.13333333333333333       0.13503497089750838     
  0.10000000000000001       0.16666666666666666       0.10393456012713631     
  0.10000000000000001       0.20000000000000001        7.8067044675646569E-002
  0.10000000000000001       0.23333333333333334        5.7164255299959804E-002
  0.10000000000000001       0.26666666666666666        4.0769157939653237E-002
  0.10000000000000001       0.29999999999999999        2.8296374111921967E-002
  0.10000000000000001       0.33333333333333331        1.9098422184698649E-002
  0.10000000000000001       0.36666666666666664        1.2526697845843437E-002
  0.10000000000000001       0.40000000000000002        7.9795244983113245E-003
  0.10000000000000001       0.43333333333333335        4.9336397688769379E-003
  0.10000000000000001       0.46666666666666667        2.9591884688726575E-003
  0.10000000000000001       0.50000000000000000        1.7209570870665321E-003
  0.10000000000000001       0.53333333333333333        9.6994459024421151E-004
  0.10000000000000001       0.56666666666666665        5.2953874006100073E-004
  0.10000000000000001       0.59999999999999998        2.7991223878494191E-004
  0.10000000000000001       0.63333333333333330        1.4319297737232971E-004
  0.10000000000000001       0.66666666666666663        7.0859928016107259E-005
  0.10000000000000001       0.69999999999999996        3.3904849633396061E-005
  0.10000000000000001       0.73333333333333328        1.5678556037260795E-005
  0.10000000000000001       0.76666666666666661        7.0037602604140052E-006
  0.10000000000000001       0.80000000000000004        3.0208747561850069E-006
  0.10000000000000001       0.83333333333333337        1.2575286175423910E-006
  0.10000000000000001       0.86666666666666670        5.0517314158178302E-007
  0.10000000000000001       0.90000000000000002        1.9639374465360289E-007
  0.10000000000000001       0.93333333333333335        7.5900646100876474E-008
  0.10000000000000001       0.96666666666666667        3.5230906884603943E-008
  0.10000000000000001        1.0000000000000000        3.5230906884603943E-008

  0.13333333333333333        0.0000000000000000       0.40673664307580015     
  0.13333333333333333        3.3333333333333333E-002  0.34077774859242049     
  0.13333333333333333        6.6666666666666666E-002  0.28014316437048720     
  0.13333333333333333       0.10000000000000001       0.22560824518261235     
  0.13333333333333333       0.13333333333333333       0.17773673215541344     
  0.13333333333333333       0.16666666666666666       0.13680151854165654     
  0.13333333333333333       0.20000000000000001       0.10275398526365079     
  0.13333333333333333       0.23333333333333334        7.5241160608863461E-002
  0.13333333333333333       0.26666666666666666        5.3661483812380333E-002
  0.13333333333333333       0.29999999999999999        3.7244463660582379E-002
  0.13333333333333333       0.33333333333333331        2.5137867071554455E-002
  0.13333333333333333       0.36666666666666664        1.6487983261079451E-002
  0.13333333333333333       0.40000000000000002        1.0502868990584491E-002
  0.13333333333333333       0.43333333333333335        6.4937919734713405E-003
  0.13333333333333333       0.46666666666666667        3.8949650212359347E-003
  0.13333333333333333       0.50000000000000000        2.2651709168513526E-003
  0.13333333333333333       0.53333333333333333        1.2766676713151246E-003
  0.13333333333333333       0.56666666666666665        6.9699341276248503E-004
  0.13333333333333333       0.59999999999999998        3.6842816554314773E-004
  0.13333333333333333       0.63333333333333330        1.8847452401851521E-004
  0.13333333333333333       0.66666666666666663        9.3267780654463964E-005
  0.13333333333333333       0.69999999999999996        4.4626492959622466E-005
  0.13333333333333333       0.73333333333333328        2.0636545455275697E-005
  0.13333333333333333       0.76666666666666661        9.2185413394190755E-006
  0.13333333333333333       0.80000000000000004        3.9761582044004540E-006
  0.13333333333333333       0.83333333333333337        1.6551936553053560E-006
  0.13333333333333333       0.86666666666666670        6.6492274379485836E-007
  0.13333333333333333       0.90000000000000002        2.5849883299482505E-007
  0.13333333333333333       0.93333333333333335        9.9902512044035464E-008
  0.13333333333333333       0.96666666666666667        4.6371885882020086E-008
  0.13333333333333333        1.0000000000000000        4.6371885882020086E-008

  0.16666666666666666        0.0000000000000000       0.49999999999999994     
  0.16666666666666666        3.3333333333333333E-002  0.41891695080065916     
  0.16666666666666666        6.6666666666666666E-002  0.34437905846397904     
  0.16666666666666666       0.10000000000000001       0.27733946402828469     
  0.16666666666666666       0.13333333333333333       0.21849117258202144     
  0.16666666666666666       0.16666666666666666       0.16816965089147615     
  0.16666666666666666       0.20000000000000001       0.12631513168645267     
  0.16666666666666666       0.23333333333333334        9.2493708016911286E-002
  0.16666666666666666       0.26666666666666666        6.5965883239071571E-002
  0.16666666666666666       0.29999999999999999        4.5784495071472371E-002
  0.16666666666666666       0.33333333333333331        3.0901896226337437E-002
  0.16666666666666666       0.36666666666666664        2.0268622881374768E-002
  0.16666666666666666       0.40000000000000002        1.2911141852330178E-002
  0.16666666666666666       0.43333333333333335        7.9827968342910602E-003
  0.16666666666666666       0.46666666666666667        4.7880675217527209E-003
  0.16666666666666666       0.50000000000000000        2.7845670600536608E-003
  0.16666666666666666       0.53333333333333333        1.5694033142192238E-003
  0.16666666666666666       0.56666666666666665        8.5681167977849485E-004
  0.16666666666666666       0.59999999999999998        4.5290751622111252E-004
  0.16666666666666666       0.63333333333333330        2.3169110433872406E-004
  0.16666666666666666       0.66666666666666663        1.1465377197043247E-004
  0.16666666666666666       0.69999999999999996        5.4859199090289235E-005
  0.16666666666666666       0.73333333333333328        2.5368436562807831E-005
  0.16666666666666666       0.76666666666666661        1.1332322150405675E-005
  0.16666666666666666       0.80000000000000004        4.8878780312638921E-006
  0.16666666666666666       0.83333333333333337        2.0347240450092556E-006
  0.16666666666666666       0.86666666666666670        8.1738731328288765E-007
  0.16666666666666666       0.90000000000000002        3.1777175402739742E-007
  0.16666666666666666       0.93333333333333335        1.2280982515929532E-007
  0.16666666666666666       0.96666666666666667        5.7004804793771850E-008
  0.16666666666666666        1.0000000000000000        5.7004804793771850E-008

  0.20000000000000001        0.0000000000000000       0.58778525229247314     
  0.20000000000000001        3.3333333333333333E-002  0.49246641123191798     
  0.20000000000000001        6.6666666666666666E-002  0.40484186352698859     
  0.20000000000000001       0.10000000000000001       0.32603209366904923     
  0.20000000000000001       0.13333333333333333       0.25685177799960351     
  0.20000000000000001       0.16666666666666666       0.19769528135436690     
  0.20000000000000001       0.20000000000000001       0.14849234309335707     
  0.20000000000000001       0.23333333333333334       0.10873287500437309     
  0.20000000000000001       0.26666666666666666        7.7547546644747015E-002
  0.20000000000000001       0.29999999999999999        5.3822901973337757E-002
  0.20000000000000001       0.33333333333333331        3.6327357739427149E-002
  0.20000000000000001       0.36666666666666664        2.3827195227899726E-002
  0.20000000000000001       0.40000000000000002        1.5177957542111604E-002
  0.20000000000000001       0.43333333333333335        9.3843405024866527E-003
  0.20000000000000001       0.46666666666666667        5.6287109525336382E-003
  0.20000000000000001       0.50000000000000000        3.2734549038379028E-003
  0.20000000000000001       0.53333333333333333        1.8449442459939798E-003
  0.20000000000000001       0.56666666666666665        1.0072425387314806E-003
  0.20000000000000001       0.59999999999999998        5.3242471737436790E-004
  0.20000000000000001       0.63333333333333330        2.7236922843531727E-004
  0.20000000000000001       0.66666666666666663        1.3478359256784866E-004
  0.20000000000000001       0.69999999999999996        6.4490856355697333E-005
  0.20000000000000001       0.73333333333333328        2.9822385770671206E-005
  0.20000000000000001       0.76666666666666661        1.3321943668471563E-005
  0.20000000000000001       0.80000000000000004        5.7460452435625675E-006
  0.20000000000000001       0.83333333333333337        2.3919615722826537E-006
  0.20000000000000001       0.86666666666666670        9.6089641631729780E-007
  0.20000000000000001       0.90000000000000002        3.7356310122483102E-007
  0.20000000000000001       0.93333333333333335        1.4437160813050181E-007
  0.20000000000000001       0.96666666666666667        6.7013167135180731E-008
  0.20000000000000001        1.0000000000000000        6.7013167135180731E-008

  0.23333333333333334        0.0000000000000000       0.66913060635885824     
  0.23333333333333334        3.3333333333333333E-002  0.56062030660649809     
  0.23333333333333334        6.6666666666666666E-002  0.46086913641458999     
  0.23333333333333334       0.10000000000000001       0.37115264746497378     
  0.23333333333333334       0.13333333333333333       0.29239826158773191     
  0.23333333333333334       0.16666666666666666       0.22505492094434193     
  0.23333333333333334       0.20000000000000001       0.16904264131531019     
  0.23333333333333334       0.23333333333333334       0.12378074185947008     
  0.23333333333333334       0.26666666666666666        8.8279582901515205E-002
  0.23333333333333334       0.29999999999999999        6.1271613898016927E-002
  0.23333333333333334       0.33333333333333331        4.1354809119135368E-002
  0.23333333333333334       0.36666666666666664        2.7124711837346657E-002
  0.23333333333333334       0.40000000000000002        1.7278480352869847E-002
  0.23333333333333334       0.43333333333333335        1.0683067372337502E-002
  0.23333333333333334       0.46666666666666667        6.4076850482351058E-003
  0.23333333333333334       0.50000000000000000        3.7264780906812183E-003
  0.23333333333333334       0.53333333333333333        2.1002715825302215E-003
  0.23333333333333334       0.56666666666666665        1.1466378376510725E-003
  0.23333333333333334       0.59999999999999998        6.0610856190703485E-004
  0.23333333333333334       0.63333333333333330        3.1006321826824778E-004
  0.23333333333333334       0.66666666666666663        1.5343669591981148E-004
  0.23333333333333334       0.69999999999999996        7.3415938303293110E-005
  0.23333333333333334       0.73333333333333328        3.3949594679295665E-005
  0.23333333333333334       0.76666666666666661        1.5165607183909740E-005
  0.23333333333333334       0.80000000000000004        6.5412575817355013E-006
  0.23333333333333334       0.83333333333333337        2.7229922680199840E-006
  0.23333333333333334       0.86666666666666670        1.0938777371340333E-006
  0.23333333333333334       0.90000000000000002        4.2526161291214083E-007
  0.23333333333333334       0.93333333333333335        1.6435162555132928E-007
  0.23333333333333334       0.96666666666666667        7.6287319194049815E-008
  0.23333333333333334        1.0000000000000000        7.6287319194049815E-008

  0.26666666666666666        0.0000000000000000       0.74314482547739413     
  0.26666666666666666        3.3333333333333333E-002  0.62263192858455596     
  0.26666666666666666        6.6666666666666666E-002  0.51184703060056613     
  0.26666666666666666       0.10000000000000001       0.41220677518658744     
  0.26666666666666666       0.13333333333333333       0.32474116863363517     
  0.26666666666666666       0.16666666666666666       0.24994881172468075     
  0.26666666666666666       0.20000000000000001       0.18774087298456588     
  0.26666666666666666       0.23333333333333334       0.13747244100396921     
  0.26666666666666666       0.26666666666666666        9.8044409574324018E-002
  0.26666666666666666       0.29999999999999999        6.8049021198919896E-002
  0.26666666666666666       0.33333333333333331        4.5929168556084164E-002
  0.26666666666666666       0.36666666666666664        3.0125044427692746E-002
  0.26666666666666666       0.40000000000000002        1.9189696517127579E-002
  0.26666666666666666       0.43333333333333335        1.1864748320481448E-002
  0.26666666666666666       0.46666666666666667        7.1164552056538089E-003
  0.26666666666666666       0.50000000000000000        4.1386732037473565E-003
  0.26666666666666666       0.53333333333333333        2.3325879040981784E-003
  0.26666666666666666       0.56666666666666665        1.2734703324719650E-003
  0.26666666666666666       0.59999999999999998        6.7315175419907752E-004
  0.26666666666666666       0.63333333333333330        3.4436009059693169E-004
  0.26666666666666666       0.66666666666666663        1.7040871472258397E-004
  0.26666666666666666       0.69999999999999996        8.1536659867565212E-005
  0.26666666666666666       0.73333333333333328        3.7704844724204346E-005
  0.26666666666666666       0.76666666666666661        1.6843113133433670E-005
  0.26666666666666666       0.80000000000000004        7.2648025329967898E-006
  0.26666666666666666       0.83333333333333337        3.0241892906461215E-006
  0.26666666666666666       0.86666666666666670        1.2148743045540955E-006
  0.26666666666666666       0.90000000000000002        4.7230086937667141E-007
  0.26666666666666666       0.93333333333333335        1.8253097216982763E-007
  0.26666666666666666       0.96666666666666667        8.4725651419681021E-008
  0.26666666666666666        1.0000000000000000        8.4725651419681021E-008

  0.29999999999999999        0.0000000000000000       0.80901699437494745     
  0.29999999999999999        3.3333333333333333E-002  0.67782186485893403     
  0.29999999999999999        6.6666666666666666E-002  0.55721702160840525     
  0.29999999999999999       0.10000000000000001       0.44874467921944350     
  0.29999999999999999       0.13333333333333333       0.35352614347952988     
  0.29999999999999999       0.16666666666666666       0.27210421101861249     
  0.29999999999999999       0.20000000000000001       0.20438217636209924     
  0.29999999999999999       0.23333333333333334       0.14965796331687109     
  0.29999999999999999       0.26666666666666666       0.10673504117872480     
  0.29999999999999999       0.29999999999999999        7.4080869183394335E-002
  0.29999999999999999       0.33333333333333331        5.0000318411036089E-002
  0.29999999999999999       0.36666666666666664        3.2795320727218205E-002
  0.29999999999999999       0.40000000000000002        2.0890666350641504E-002
  0.29999999999999999       0.43333333333333335        1.2916436603167998E-002
  0.29999999999999999       0.46666666666666667        7.7472559906253766E-003
  0.29999999999999999       0.50000000000000000        4.5055241471201922E-003
  0.29999999999999999       0.53333333333333333        2.5393479044634347E-003
  0.29999999999999999       0.56666666666666665        1.3863504198394956E-003
  0.29999999999999999       0.59999999999999998        7.3281975500605432E-004
  0.29999999999999999       0.63333333333333330        3.7488408171105375E-004
  0.29999999999999999       0.66666666666666663        1.8551369998653976E-004
  0.29999999999999999       0.69999999999999996        8.8764048723685276E-005
  0.29999999999999999       0.73333333333333328        4.1046992600068619E-005
  0.29999999999999999       0.76666666666666661        1.8336082410819683E-005
  0.29999999999999999       0.80000000000000004        7.9087527874488990E-006
  0.29999999999999999       0.83333333333333337        3.2922526625516470E-006
  0.29999999999999999       0.86666666666666670        1.3225604548646707E-006
  0.29999999999999999       0.90000000000000002        5.1416549868100028E-007
  0.29999999999999999       0.93333333333333335        1.9871047126017181E-007
  0.29999999999999999       0.96666666666666667        9.2235711678375787E-008
  0.29999999999999999        1.0000000000000000        9.2235711678375787E-008

  0.33333333333333331        0.0000000000000000       0.86602540378443860     
  0.33333333333333331        3.3333333333333333E-002  0.72558544293857330     
  0.33333333333333331        6.6666666666666666E-002  0.59648202632234459     
  0.33333333333333331       0.10000000000000001       0.48036604264091021     
  0.33333333333333331       0.13333333333333333       0.37843781191736126     
  0.33333333333333331       0.16666666666666666       0.29127837963515751     
  0.33333333333333331       0.20000000000000001       0.21878422584568941     
  0.33333333333333331       0.23333333333333334       0.16020380166573114     
  0.33333333333333331       0.26666666666666666       0.11425626133622818     
  0.33333333333333331       0.29999999999999999        7.9301071662676997E-002
  0.33333333333333331       0.33333333333333331        5.3523654314237404E-002
  0.33333333333333331       0.36666666666666664        3.5106284629994197E-002
  0.33333333333333331       0.40000000000000002        2.2362753671964816E-002
  0.33333333333333331       0.43333333333333335        1.3826609703492107E-002
  0.33333333333333331       0.46666666666666667        8.2931762177461121E-003
  0.33333333333333331       0.50000000000000000        4.8230116250956379E-003
  0.33333333333333331       0.53333333333333333        2.7182862777946786E-003
  0.33333333333333331       0.56666666666666665        1.4840413618947880E-003
  0.33333333333333331       0.59999999999999998        7.8445882922479238E-004
  0.33333333333333331       0.63333333333333330        4.0130076437641204E-004
  0.33333333333333331       0.66666666666666663        1.9858615833220547E-004
  0.33333333333333331       0.69999999999999996        9.5018920086917277E-005
  0.33333333333333331       0.73333333333333328        4.3939421035371133E-005
  0.33333333333333331       0.76666666666666661        1.9628157732240825E-005
  0.33333333333333331       0.80000000000000004        8.4660530913487983E-006
  0.33333333333333331       0.83333333333333337        3.5242454253380936E-006
  0.33333333333333331       0.86666666666666670        1.4157563560681806E-006
  0.33333333333333331       0.90000000000000002        5.5039682318573238E-007
  0.33333333333333331       0.93333333333333335        2.1271285684455012E-007
  0.33333333333333331       0.96666666666666667        9.8735218178358735E-008
  0.33333333333333331        1.0000000000000000        9.8735218178358735E-008

  0.36666666666666664        0.0000000000000000       0.91354545764260087     
  0.36666666666666664        3.3333333333333333E-002  0.76539935506686219     
  0.36666666666666664        6.6666666666666666E-002  0.62921184913400752     
  0.36666666666666664       0.10000000000000001       0.50672441517614608     
  0.36666666666666664       0.13333333333333333       0.39920323649462258     
  0.36666666666666664       0.16666666666666666       0.30726124137050004     
  0.36666666666666664       0.20000000000000001       0.23078922956737161     
  0.36666666666666664       0.23333333333333334       0.16899441363874065     
  0.36666666666666664       0.26666666666666666       0.12052566598487204     
  0.36666666666666664       0.29999999999999999        8.3652435006007247E-002
  0.36666666666666664       0.33333333333333331        5.6460573860227195E-002
  0.36666666666666664       0.36666666666666664        3.7032616731901613E-002
  0.36666666666666664       0.40000000000000002        2.3589829984351017E-002
  0.36666666666666664       0.43333333333333335        1.4585295574500664E-002
  0.36666666666666664       0.46666666666666667        8.7482346707665245E-003
  0.36666666666666664       0.50000000000000000        5.0876571784264661E-003
  0.36666666666666664       0.53333333333333333        2.8674425378284302E-003
  0.36666666666666664       0.56666666666666665        1.5654728362335412E-003
  0.36666666666666664       0.59999999999999998        8.2750320835197982E-004
  0.36666666666666664       0.63333333333333330        4.2332071188967853E-004
  0.36666666666666664       0.66666666666666663        2.0948286517035830E-004
  0.36666666666666664       0.69999999999999996        1.0023274427768965E-004
  0.36666666666666664       0.73333333333333328        4.6350439978895136E-005
  0.36666666666666664       0.76666666666666661        2.0705182850091472E-005
  0.36666666666666664       0.80000000000000004        8.9305975459443752E-006
  0.36666666666666664       0.83333333333333337        3.7176258177487692E-006
  0.36666666666666664       0.86666666666666670        1.4934409343685432E-006
  0.36666666666666664       0.90000000000000002        5.8059788491770170E-007
  0.36666666666666664       0.93333333333333335        2.2438471585631252E-007
  0.36666666666666664       0.96666666666666667        1.0415296096630688E-007
  0.36666666666666664        1.0000000000000000        1.0415296096630688E-007

  0.40000000000000002        0.0000000000000000       0.95105651629515353     
  0.40000000000000002        3.3333333333333333E-002  0.79682739169092642     
  0.40000000000000002        6.6666666666666666E-002  0.65504789525551388     
  0.40000000000000002       0.10000000000000001       0.52753100897981109     
  0.40000000000000002       0.13333333333333333       0.41559490687420098     
  0.40000000000000002       0.16666666666666666       0.31987768464683897     
  0.40000000000000002       0.20000000000000001       0.24026565819416248     
  0.40000000000000002       0.23333333333333334       0.17593348745156953     
  0.40000000000000002       0.26666666666666666       0.12547456621536854     
  0.40000000000000002       0.29999999999999999        8.7087284766014267E-002
  0.40000000000000002       0.33333333333333331        5.8778899543869674E-002
  0.40000000000000002       0.36666666666666664        3.8553211735321051E-002
  0.40000000000000002       0.40000000000000002        2.4558451182939391E-002
  0.40000000000000002       0.43333333333333335        1.5184181895025671E-002
  0.40000000000000002       0.46666666666666667        9.1074456340482224E-003
  0.40000000000000002       0.50000000000000000        5.2965612950497450E-003
  0.40000000000000002       0.53333333333333333        2.9851824973668060E-003
  0.40000000000000002       0.56666666666666665        1.6297526625822681E-003
  0.40000000000000002       0.59999999999999998        8.6148128916228406E-004
  0.40000000000000002       0.63333333333333330        4.4070266909792774E-004
  0.40000000000000002       0.66666666666666663        2.1808443390059688E-004
  0.40000000000000002       0.69999999999999996        1.0434839754710546E-004
  0.40000000000000002       0.73333333333333328        4.8253633802557231E-005
  0.40000000000000002       0.76666666666666661        2.1555357651798449E-005
  0.40000000000000002       0.80000000000000004        9.2972965049789040E-006
  0.40000000000000002       0.83333333333333337        3.8702751237369717E-006
  0.40000000000000002       0.86666666666666670        1.5547630612693572E-006
  0.40000000000000002       0.90000000000000002        6.0443779472459409E-007
  0.40000000000000002       0.93333333333333335        2.3359816896563267E-007
  0.40000000000000002       0.96666666666666667        1.0842958211849986E-007
  0.40000000000000002        1.0000000000000000        1.0842958211849986E-007

  0.43333333333333335        0.0000000000000000       0.97814760073380569     
  0.43333333333333335        3.3333333333333333E-002  0.81952522066477296     
  0.43333333333333335        6.6666666666666666E-002  0.67370709955901620     
  0.43333333333333335       0.10000000000000001       0.54255786265613259     
  0.43333333333333335       0.13333333333333333       0.42743323248524029     
  0.43333333333333335       0.16666666666666666       0.32898948107147818     
  0.43333333333333335       0.20000000000000001       0.24710968599095678     
  0.43333333333333335       0.23333333333333334       0.18094499715942985     
  0.43333333333333335       0.26666666666666666       0.12904874084116844     
  0.43333333333333335       0.29999999999999999        8.9567988009938884E-002
  0.43333333333333335       0.33333333333333331        6.0453231303834017E-002
  0.43333333333333335       0.36666666666666664        3.9651409683190086E-002
  0.43333333333333335       0.40000000000000002        2.5258004851181175E-002
  0.43333333333333335       0.43333333333333335        1.5616707141214440E-002
  0.43333333333333335       0.46666666666666667        9.3668735171077641E-003
  0.43333333333333335       0.50000000000000000        5.4474351777477510E-003
  0.43333333333333335       0.53333333333333333        3.0702161727744334E-003
  0.43333333333333335       0.56666666666666665        1.6761765777120730E-003
  0.43333333333333335       0.59999999999999998        8.8602080069197686E-004
  0.43333333333333335       0.63333333333333330        4.5325619564057760E-004
  0.43333333333333335       0.66666666666666663        2.2429662393591877E-004
  0.43333333333333335       0.69999999999999996        1.0732078793668917E-004
  0.43333333333333335       0.73333333333333328        4.9628150716556463E-005
  0.43333333333333335       0.76666666666666661        2.2169367444323744E-005
  0.43333333333333335       0.80000000000000004        9.5621323379205065E-006
  0.43333333333333335       0.83333333333333337        3.9805208855623745E-006
  0.43333333333333335       0.86666666666666670        1.5990508787158165E-006
  0.43333333333333335       0.90000000000000002        6.2165535756574375E-007
  0.43333333333333335       0.93333333333333335        2.4025227165220576E-007
  0.43333333333333335       0.96666666666666667        1.1151822607865376E-007
  0.43333333333333335        1.0000000000000000        1.1151822607865376E-007

  0.46666666666666667        0.0000000000000000       0.99452189536827329     
  0.46666666666666667        3.3333333333333333E-002  0.83324415982433864     
  0.46666666666666667        6.6666666666666666E-002  0.68498502789747573     
  0.46666666666666667       0.10000000000000001       0.55164033885166153     
  0.46666666666666667       0.13333333333333333       0.43458851015501698     
  0.46666666666666667       0.16666666666666666       0.33449679989602343     
  0.46666666666666667       0.20000000000000001       0.25124632835700789     
  0.46666666666666667       0.23333333333333334       0.18397403561323650     
  0.46666666666666667       0.26666666666666666       0.13120903045712734     
  0.46666666666666667       0.29999999999999999        9.1067365633920136E-002
  0.46666666666666667       0.33333333333333331        6.1465224810981607E-002
  0.46666666666666667       0.36666666666666664        4.0315178488979177E-002
  0.46666666666666667       0.40000000000000002        2.5680826532696099E-002
  0.46666666666666667       0.43333333333333335        1.5878132475957991E-002
  0.46666666666666667       0.46666666666666667        9.5236759737695725E-003
  0.46666666666666667       0.50000000000000000        5.5386258206892545E-003
  0.46666666666666667       0.53333333333333333        3.1216119173091048E-003
  0.46666666666666667       0.56666666666666665        1.7042359514939658E-003
  0.46666666666666667       0.59999999999999998        9.0085288291751574E-004
  0.46666666666666667       0.63333333333333330        4.6084375245383254E-004
  0.46666666666666667       0.66666666666666663        2.2805137322231265E-004
  0.46666666666666667       0.69999999999999996        1.0911734931531981E-004
  0.46666666666666667       0.73333333333333328        5.0458931225946903E-005
  0.46666666666666667       0.76666666666666661        2.2540485007890638E-005
  0.46666666666666667       0.80000000000000004        9.7222034479630216E-006
  0.46666666666666667       0.83333333333333337        4.0471552275880097E-006
  0.46666666666666667       0.86666666666666670        1.6258191601121563E-006
  0.46666666666666667       0.90000000000000002        6.3206193421965612E-007
  0.46666666666666667       0.93333333333333335        2.4427412017453730E-007
  0.46666666666666667       0.96666666666666667        1.1338505301720083E-007
  0.46666666666666667        1.0000000000000000        1.1338505301720083E-007

  0.50000000000000000        0.0000000000000000        1.0000000000000000     
  0.50000000000000000        3.3333333333333333E-002  0.83783390160131843     
  0.50000000000000000        6.6666666666666666E-002  0.68875811692795808     
  0.50000000000000000       0.10000000000000001       0.55467892805656938     
  0.50000000000000000       0.13333333333333333       0.43698234516404288     
  0.50000000000000000       0.16666666666666666       0.33633930178295229     
  0.50000000000000000       0.20000000000000001       0.25263026337290534     
  0.50000000000000000       0.23333333333333334       0.18498741603382254     
  0.50000000000000000       0.26666666666666666       0.13193176647814311     
  0.50000000000000000       0.29999999999999999        9.1568990142944728E-002
  0.50000000000000000       0.33333333333333331        6.1803792452674873E-002
  0.50000000000000000       0.36666666666666664        4.0537245762749537E-002
  0.50000000000000000       0.40000000000000002        2.5822283704660356E-002
  0.50000000000000000       0.43333333333333335        1.5965593668582120E-002
  0.50000000000000000       0.46666666666666667        9.5761350435054401E-003
  0.50000000000000000       0.50000000000000000        5.5691341201073224E-003
  0.50000000000000000       0.53333333333333333        3.1388066284384476E-003
  0.50000000000000000       0.56666666666666665        1.7136233595569899E-003
  0.50000000000000000       0.59999999999999998        9.0581503244222515E-004
  0.50000000000000000       0.63333333333333330        4.6338220867744813E-004
  0.50000000000000000       0.66666666666666663        2.2930754394086494E-004
  0.50000000000000000       0.69999999999999996        1.0971839818057847E-004
  0.50000000000000000       0.73333333333333328        5.0736873125615662E-005
  0.50000000000000000       0.76666666666666661        2.2664644300811351E-005
  0.50000000000000000       0.80000000000000004        9.7757560625277842E-006
  0.50000000000000000       0.83333333333333337        4.0694480900185112E-006
  0.50000000000000000       0.86666666666666670        1.6347746265657755E-006
  0.50000000000000000       0.90000000000000002        6.3554350805479483E-007
  0.50000000000000000       0.93333333333333335        2.4561965031859064E-007
  0.50000000000000000       0.96666666666666667        1.1400960958754369E-007
  0.50000000000000000        1.0000000000000000        1.1400960958754369E-007

  0.53333333333333333        0.0000000000000000       0.99452189536827340     
  0.53333333333333333        3.3333333333333333E-002  0.83324415982433853     
  0.53333333333333333        6.6666666666666666E-002  0.68498502789747573     
  0.53333333333333333       0.10000000000000001       0.55164033885166153     
  0.53333333333333333       0.13333333333333333       0.43458851015501698     
  0.53333333333333333       0.16666666666666666       0.33449679989602343     
  0.53333333333333333       0.20000000000000001       0.25124632835700789     
  0.53333333333333333       0.23333333333333334       0.18397403561323653     
  0.53333333333333333       0.26666666666666666       0.13120903045712734     
  0.53333333333333333       0.29999999999999999        9.1067365633920122E-002
  0.53333333333333333       0.33333333333333331        6.1465224810981607E-002
  0.53333333333333333       0.36666666666666664        4.0315178488979184E-002
  0.53333333333333333       0.40000000000000002        2.5680826532696099E-002
  0.53333333333333333       0.43333333333333335        1.5878132475957991E-002
  0.53333333333333333       0.46666666666666667        9.5236759737695725E-003
  0.53333333333333333       0.50000000000000000        5.5386258206892545E-003
  0.53333333333333333       0.53333333333333333        3.1216119173091048E-003
  0.53333333333333333       0.56666666666666665        1.7042359514939656E-003
  0.53333333333333333       0.59999999999999998        9.0085288291751574E-004
  0.53333333333333333       0.63333333333333330        4.6084375245383248E-004
  0.53333333333333333       0.66666666666666663        2.2805137322231262E-004
  0.53333333333333333       0.69999999999999996        1.0911734931531981E-004
  0.53333333333333333       0.73333333333333328        5.0458931225946903E-005
  0.53333333333333333       0.76666666666666661        2.2540485007890638E-005
  0.53333333333333333       0.80000000000000004        9.7222034479630216E-006
  0.53333333333333333       0.83333333333333337        4.0471552275880097E-006
  0.53333333333333333       0.86666666666666670        1.6258191601121563E-006
  0.53333333333333333       0.90000000000000002        6.3206193421965622E-007
  0.53333333333333333       0.93333333333333335        2.4427412017453730E-007
  0.53333333333333333       0.96666666666666667        1.1338505301720083E-007
  0.53333333333333333        1.0000000000000000        1.1338505301720083E-007

  0.56666666666666665        0.0000000000000000       0.97814760073380569     
  0.56666666666666665        3.3333333333333333E-002  0.81952522066477296     
  0.56666666666666665        6.6666666666666666E-002  0.67370709955901620     
  0.56666666666666665       0.10000000000000001       0.54255786265613248     
  0.56666666666666665       0.13333333333333333       0.42743323248524034     
  0.56666666666666665       0.16666666666666666       0.32898948107147818     
  0.56666666666666665       0.20000000000000001       0.24710968599095676     
  0.56666666666666665       0.23333333333333334       0.18094499715942988     
  0.56666666666666665       0.26666666666666666       0.12904874084116844     
  0.56666666666666665       0.29999999999999999        8.9567988009938884E-002
  0.56666666666666665       0.33333333333333331        6.0453231303834024E-002
  0.56666666666666665       0.36666666666666664        3.9651409683190093E-002
  0.56666666666666665       0.40000000000000002        2.5258004851181175E-002
  0.56666666666666665       0.43333333333333335        1.5616707141214436E-002
  0.56666666666666665       0.46666666666666667        9.3668735171077641E-003
  0.56666666666666665       0.50000000000000000        5.4474351777477501E-003
  0.56666666666666665       0.53333333333333333        3.0702161727744334E-003
  0.56666666666666665       0.56666666666666665        1.6761765777120730E-003
  0.56666666666666665       0.59999999999999998        8.8602080069197686E-004
  0.56666666666666665       0.63333333333333330        4.5325619564057749E-004
  0.56666666666666665       0.66666666666666663        2.2429662393591877E-004
  0.56666666666666665       0.69999999999999996        1.0732078793668917E-004
  0.56666666666666665       0.73333333333333328        4.9628150716556463E-005
  0.56666666666666665       0.76666666666666661        2.2169367444323744E-005
  0.56666666666666665       0.80000000000000004        9.5621323379205065E-006
  0.56666666666666665       0.83333333333333337        3.9805208855623745E-006
  0.56666666666666665       0.86666666666666670        1.5990508787158165E-006
  0.56666666666666665       0.90000000000000002        6.2165535756574375E-007
  0.56666666666666665       0.93333333333333335        2.4025227165220576E-007
  0.56666666666666665       0.96666666666666667        1.1151822607865376E-007
  0.56666666666666665        1.0000000000000000        1.1151822607865376E-007

  0.59999999999999998        0.0000000000000000       0.95105651629515364     
  0.59999999999999998        3.3333333333333333E-002  0.79682739169092642     
  0.59999999999999998        6.6666666666666666E-002  0.65504789525551388     
  0.59999999999999998       0.10000000000000001       0.52753100897981109     
  0.59999999999999998       0.13333333333333333       0.41559490687420103     
  0.59999999999999998       0.16666666666666666       0.31987768464683897     
  0.59999999999999998       0.20000000000000001       0.24026565819416248     
  0.59999999999999998       0.23333333333333334       0.17593348745156953     
  0.59999999999999998       0.26666666666666666       0.12547456621536854     
  0.59999999999999998       0.29999999999999999        8.7087284766014281E-002
  0.59999999999999998       0.33333333333333331        5.8778899543869681E-002
  0.59999999999999998       0.36666666666666664        3.8553211735321058E-002
  0.59999999999999998       0.40000000000000002        2.4558451182939391E-002
  0.59999999999999998       0.43333333333333335        1.5184181895025671E-002
  0.59999999999999998       0.46666666666666667        9.1074456340482224E-003
  0.59999999999999998       0.50000000000000000        5.2965612950497459E-003
  0.59999999999999998       0.53333333333333333        2.9851824973668064E-003
  0.59999999999999998       0.56666666666666665        1.6297526625822683E-003
  0.59999999999999998       0.59999999999999998        8.6148128916228406E-004
  0.59999999999999998       0.63333333333333330        4.4070266909792779E-004
  0.59999999999999998       0.66666666666666663        2.1808443390059688E-004
  0.59999999999999998       0.69999999999999996        1.0434839754710548E-004
  0.59999999999999998       0.73333333333333328        4.8253633802557231E-005
  0.59999999999999998       0.76666666666666661        2.1555357651798449E-005
  0.59999999999999998       0.80000000000000004        9.2972965049789040E-006
  0.59999999999999998       0.83333333333333337        3.8702751237369717E-006
  0.59999999999999998       0.86666666666666670        1.5547630612693572E-006
  0.59999999999999998       0.90000000000000002        6.0443779472459409E-007
  0.59999999999999998       0.93333333333333335        2.3359816896563262E-007
  0.59999999999999998       0.96666666666666667        1.0842958211849986E-007
  0.59999999999999998        1.0000000000000000        1.0842958211849986E-007

  0.63333333333333330        0.0000000000000000       0.91354545764260098     
  0.63333333333333330        3.3333333333333333E-002  0.76539935506686230     
  0.63333333333333330        6.6666666666666666E-002  0.62921184913400763     
  0.63333333333333330       0.10000000000000001       0.50672441517614619     
  0.63333333333333330       0.13333333333333333       0.39920323649462269     
  0.63333333333333330       0.16666666666666666       0.30726124137050004     
  0.63333333333333330       0.20000000000000001       0.23078922956737163     
  0.63333333333333330       0.23333333333333334       0.16899441363874065     
  0.63333333333333330       0.26666666666666666       0.12052566598487204     
  0.63333333333333330       0.29999999999999999        8.3652435006007275E-002
  0.63333333333333330       0.33333333333333331        5.6460573860227202E-002
  0.63333333333333330       0.36666666666666664        3.7032616731901613E-002
  0.63333333333333330       0.40000000000000002        2.3589829984351020E-002
  0.63333333333333330       0.43333333333333335        1.4585295574500664E-002
  0.63333333333333330       0.46666666666666667        8.7482346707665245E-003
  0.63333333333333330       0.50000000000000000        5.0876571784264669E-003
  0.63333333333333330       0.53333333333333333        2.8674425378284307E-003
  0.63333333333333330       0.56666666666666665        1.5654728362335414E-003
  0.63333333333333330       0.59999999999999998        8.2750320835198003E-004
  0.63333333333333330       0.63333333333333330        4.2332071188967859E-004
  0.63333333333333330       0.66666666666666663        2.0948286517035830E-004
  0.63333333333333330       0.69999999999999996        1.0023274427768966E-004
  0.63333333333333330       0.73333333333333328        4.6350439978895136E-005
  0.63333333333333330       0.76666666666666661        2.0705182850091475E-005
  0.63333333333333330       0.80000000000000004        8.9305975459443752E-006
  0.63333333333333330       0.83333333333333337        3.7176258177487692E-006
  0.63333333333333330       0.86666666666666670        1.4934409343685432E-006
  0.63333333333333330       0.90000000000000002        5.8059788491770170E-007
  0.63333333333333330       0.93333333333333335        2.2438471585631249E-007
  0.63333333333333330       0.96666666666666667        1.0415296096630687E-007
  0.63333333333333330        1.0000000000000000        1.0415296096630687E-007

  0.66666666666666663        0.0000000000000000       0.86602540378443871     
  0.66666666666666663        3.3333333333333333E-002  0.72558544293857341     
  0.66666666666666663        6.6666666666666666E-002  0.59648202632234459     
  0.66666666666666663       0.10000000000000001       0.48036604264091026     
  0.66666666666666663       0.13333333333333333       0.37843781191736131     
  0.66666666666666663       0.16666666666666666       0.29127837963515757     
  0.66666666666666663       0.20000000000000001       0.21878422584568943     
  0.66666666666666663       0.23333333333333334       0.16020380166573114     
  0.66666666666666663       0.26666666666666666       0.11425626133622820     
  0.66666666666666663       0.29999999999999999        7.9301071662677011E-002
  0.66666666666666663       0.33333333333333331        5.3523654314237411E-002
  0.66666666666666663       0.36666666666666664        3.5106284629994197E-002
  0.66666666666666663       0.40000000000000002        2.2362753671964816E-002
  0.66666666666666663       0.43333333333333335        1.3826609703492108E-002
  0.66666666666666663       0.46666666666666667        8.2931762177461121E-003
  0.66666666666666663       0.50000000000000000        4.8230116250956388E-003
  0.66666666666666663       0.53333333333333333        2.7182862777946795E-003
  0.66666666666666663       0.56666666666666665        1.4840413618947884E-003
  0.66666666666666663       0.59999999999999998        7.8445882922479238E-004
  0.66666666666666663       0.63333333333333330        4.0130076437641204E-004
  0.66666666666666663       0.66666666666666663        1.9858615833220547E-004
  0.66666666666666663       0.69999999999999996        9.5018920086917277E-005
  0.66666666666666663       0.73333333333333328        4.3939421035371146E-005
  0.66666666666666663       0.76666666666666661        1.9628157732240825E-005
  0.66666666666666663       0.80000000000000004        8.4660530913488000E-006
  0.66666666666666663       0.83333333333333337        3.5242454253380936E-006
  0.66666666666666663       0.86666666666666670        1.4157563560681806E-006
  0.66666666666666663       0.90000000000000002        5.5039682318573238E-007
  0.66666666666666663       0.93333333333333335        2.1271285684455010E-007
  0.66666666666666663       0.96666666666666667        9.8735218178358735E-008
  0.66666666666666663        1.0000000000000000        9.8735218178358735E-008

  0.69999999999999996        0.0000000000000000       0.80901699437494745     
  0.69999999999999996        3.3333333333333333E-002  0.67782186485893414     
  0.69999999999999996        6.6666666666666666E-002  0.55721702160840536     
  0.69999999999999996       0.10000000000000001       0.44874467921944361     
  0.69999999999999996       0.13333333333333333       0.35352614347952993     
  0.69999999999999996       0.16666666666666666       0.27210421101861254     
  0.69999999999999996       0.20000000000000001       0.20438217636209929     
  0.69999999999999996       0.23333333333333334       0.14965796331687112     
  0.69999999999999996       0.26666666666666666       0.10673504117872482     
  0.69999999999999996       0.29999999999999999        7.4080869183394349E-002
  0.69999999999999996       0.33333333333333331        5.0000318411036096E-002
  0.69999999999999996       0.36666666666666664        3.2795320727218205E-002
  0.69999999999999996       0.40000000000000002        2.0890666350641508E-002
  0.69999999999999996       0.43333333333333335        1.2916436603167998E-002
  0.69999999999999996       0.46666666666666667        7.7472559906253775E-003
  0.69999999999999996       0.50000000000000000        4.5055241471201931E-003
  0.69999999999999996       0.53333333333333333        2.5393479044634355E-003
  0.69999999999999996       0.56666666666666665        1.3863504198394958E-003
  0.69999999999999996       0.59999999999999998        7.3281975500605443E-004
  0.69999999999999996       0.63333333333333330        3.7488408171105375E-004
  0.69999999999999996       0.66666666666666663        1.8551369998653973E-004
  0.69999999999999996       0.69999999999999996        8.8764048723685289E-005
  0.69999999999999996       0.73333333333333328        4.1046992600068626E-005
  0.69999999999999996       0.76666666666666661        1.8336082410819680E-005
  0.69999999999999996       0.80000000000000004        7.9087527874488990E-006
  0.69999999999999996       0.83333333333333337        3.2922526625516465E-006
  0.69999999999999996       0.86666666666666670        1.3225604548646707E-006
  0.69999999999999996       0.90000000000000002        5.1416549868100028E-007
  0.69999999999999996       0.93333333333333335        1.9871047126017181E-007
  0.69999999999999996       0.96666666666666667        9.2235711678375800E-008
  0.69999999999999996        1.0000000000000000        9.2235711678375800E-008

  0.73333333333333328        0.0000000000000000       0.74314482547739447     
  0.73333333333333328        3.3333333333333333E-002  0.62263192858455618     
  0.73333333333333328        6.6666666666666666E-002  0.51184703060056624     
  0.73333333333333328       0.10000000000000001       0.41220677518658749     
  0.73333333333333328       0.13333333333333333       0.32474116863363522     
  0.73333333333333328       0.16666666666666666       0.24994881172468081     
  0.73333333333333328       0.20000000000000001       0.18774087298456590     
  0.73333333333333328       0.23333333333333334       0.13747244100396921     
  0.73333333333333328       0.26666666666666666        9.8044409574324032E-002
  0.73333333333333328       0.29999999999999999        6.8049021198919910E-002
  0.73333333333333328       0.33333333333333331        4.5929168556084171E-002
  0.73333333333333328       0.36666666666666664        3.0125044427692749E-002
  0.73333333333333328       0.40000000000000002        1.9189696517127579E-002
  0.73333333333333328       0.43333333333333335        1.1864748320481450E-002
  0.73333333333333328       0.46666666666666667        7.1164552056538107E-003
  0.73333333333333328       0.50000000000000000        4.1386732037473574E-003
  0.73333333333333328       0.53333333333333333        2.3325879040981788E-003
  0.73333333333333328       0.56666666666666665        1.2734703324719652E-003
  0.73333333333333328       0.59999999999999998        6.7315175419907763E-004
  0.73333333333333328       0.63333333333333330        3.4436009059693169E-004
  0.73333333333333328       0.66666666666666663        1.7040871472258397E-004
  0.73333333333333328       0.69999999999999996        8.1536659867565239E-005
  0.73333333333333328       0.73333333333333328        3.7704844724204346E-005
  0.73333333333333328       0.76666666666666661        1.6843113133433666E-005
  0.73333333333333328       0.80000000000000004        7.2648025329967898E-006
  0.73333333333333328       0.83333333333333337        3.0241892906461215E-006
  0.73333333333333328       0.86666666666666670        1.2148743045540955E-006
  0.73333333333333328       0.90000000000000002        4.7230086937667147E-007
  0.73333333333333328       0.93333333333333335        1.8253097216982763E-007
  0.73333333333333328       0.96666666666666667        8.4725651419681021E-008
  0.73333333333333328        1.0000000000000000        8.4725651419681021E-008

  0.76666666666666661        0.0000000000000000       0.66913060635885835     
  0.76666666666666661        3.3333333333333333E-002  0.56062030660649820     
  0.76666666666666661        6.6666666666666666E-002  0.46086913641459004     
  0.76666666666666661       0.10000000000000001       0.37115264746497389     
  0.76666666666666661       0.13333333333333333       0.29239826158773197     
  0.76666666666666661       0.16666666666666666       0.22505492094434196     
  0.76666666666666661       0.20000000000000001       0.16904264131531022     
  0.76666666666666661       0.23333333333333334       0.12378074185947009     
  0.76666666666666661       0.26666666666666666        8.8279582901515219E-002
  0.76666666666666661       0.29999999999999999        6.1271613898016934E-002
  0.76666666666666661       0.33333333333333331        4.1354809119135374E-002
  0.76666666666666661       0.36666666666666664        2.7124711837346657E-002
  0.76666666666666661       0.40000000000000002        1.7278480352869847E-002
  0.76666666666666661       0.43333333333333335        1.0683067372337502E-002
  0.76666666666666661       0.46666666666666667        6.4076850482351067E-003
  0.76666666666666661       0.50000000000000000        3.7264780906812191E-003
  0.76666666666666661       0.53333333333333333        2.1002715825302219E-003
  0.76666666666666661       0.56666666666666665        1.1466378376510725E-003
  0.76666666666666661       0.59999999999999998        6.0610856190703496E-004
  0.76666666666666661       0.63333333333333330        3.1006321826824784E-004
  0.76666666666666661       0.66666666666666663        1.5343669591981148E-004
  0.76666666666666661       0.69999999999999996        7.3415938303293110E-005
  0.76666666666666661       0.73333333333333328        3.3949594679295665E-005
  0.76666666666666661       0.76666666666666661        1.5165607183909740E-005
  0.76666666666666661       0.80000000000000004        6.5412575817355004E-006
  0.76666666666666661       0.83333333333333337        2.7229922680199835E-006
  0.76666666666666661       0.86666666666666670        1.0938777371340331E-006
  0.76666666666666661       0.90000000000000002        4.2526161291214073E-007
  0.76666666666666661       0.93333333333333335        1.6435162555132928E-007
  0.76666666666666661       0.96666666666666667        7.6287319194049815E-008
  0.76666666666666661        1.0000000000000000        7.6287319194049815E-008

  0.80000000000000004        0.0000000000000000       0.58778525229247325     
  0.80000000000000004        3.3333333333333333E-002  0.49246641123191803     
  0.80000000000000004        6.6666666666666666E-002  0.40484186352698864     
  0.80000000000000004       0.10000000000000001       0.32603209366904928     
  0.80000000000000004       0.13333333333333333       0.25685177799960357     
  0.80000000000000004       0.16666666666666666       0.19769528135436695     
  0.80000000000000004       0.20000000000000001       0.14849234309335713     
  0.80000000000000004       0.23333333333333334       0.10873287500437311     
  0.80000000000000004       0.26666666666666666        7.7547546644747029E-002
  0.80000000000000004       0.29999999999999999        5.3822901973337764E-002
  0.80000000000000004       0.33333333333333331        3.6327357739427149E-002
  0.80000000000000004       0.36666666666666664        2.3827195227899726E-002
  0.80000000000000004       0.40000000000000002        1.5177957542111604E-002
  0.80000000000000004       0.43333333333333335        9.3843405024866544E-003
  0.80000000000000004       0.46666666666666667        5.6287109525336391E-003
  0.80000000000000004       0.50000000000000000        3.2734549038379028E-003
  0.80000000000000004       0.53333333333333333        1.8449442459939800E-003
  0.80000000000000004       0.56666666666666665        1.0072425387314806E-003
  0.80000000000000004       0.59999999999999998        5.3242471737436801E-004
  0.80000000000000004       0.63333333333333330        2.7236922843531727E-004
  0.80000000000000004       0.66666666666666663        1.3478359256784866E-004
  0.80000000000000004       0.69999999999999996        6.4490856355697333E-005
  0.80000000000000004       0.73333333333333328        2.9822385770671202E-005
  0.80000000000000004       0.76666666666666661        1.3321943668471563E-005
  0.80000000000000004       0.80000000000000004        5.7460452435625675E-006
  0.80000000000000004       0.83333333333333337        2.3919615722826533E-006
  0.80000000000000004       0.86666666666666670        9.6089641631729780E-007
  0.80000000000000004       0.90000000000000002        3.7356310122483102E-007
  0.80000000000000004       0.93333333333333335        1.4437160813050181E-007
  0.80000000000000004       0.96666666666666667        6.7013167135180731E-008
  0.80000000000000004        1.0000000000000000        6.7013167135180731E-008

  0.83333333333333337        0.0000000000000000       0.49999999999999994     
  0.83333333333333337        3.3333333333333333E-002  0.41891695080065916     
  0.83333333333333337        6.6666666666666666E-002  0.34437905846397909     
  0.83333333333333337       0.10000000000000001       0.27733946402828474     
  0.83333333333333337       0.13333333333333333       0.21849117258202150     
  0.83333333333333337       0.16666666666666666       0.16816965089147620     
  0.83333333333333337       0.20000000000000001       0.12631513168645270     
  0.83333333333333337       0.23333333333333334        9.2493708016911300E-002
  0.83333333333333337       0.26666666666666666        6.5965883239071585E-002
  0.83333333333333337       0.29999999999999999        4.5784495071472378E-002
  0.83333333333333337       0.33333333333333331        3.0901896226337443E-002
  0.83333333333333337       0.36666666666666664        2.0268622881374768E-002
  0.83333333333333337       0.40000000000000002        1.2911141852330178E-002
  0.83333333333333337       0.43333333333333335        7.9827968342910602E-003
  0.83333333333333337       0.46666666666666667        4.7880675217527200E-003
  0.83333333333333337       0.50000000000000000        2.7845670600536612E-003
  0.83333333333333337       0.53333333333333333        1.5694033142192238E-003
  0.83333333333333337       0.56666666666666665        8.5681167977849496E-004
  0.83333333333333337       0.59999999999999998        4.5290751622111252E-004
  0.83333333333333337       0.63333333333333330        2.3169110433872406E-004
  0.83333333333333337       0.66666666666666663        1.1465377197043247E-004
  0.83333333333333337       0.69999999999999996        5.4859199090289235E-005
  0.83333333333333337       0.73333333333333328        2.5368436562807828E-005
  0.83333333333333337       0.76666666666666661        1.1332322150405675E-005
  0.83333333333333337       0.80000000000000004        4.8878780312638921E-006
  0.83333333333333337       0.83333333333333337        2.0347240450092556E-006
  0.83333333333333337       0.86666666666666670        8.1738731328288765E-007
  0.83333333333333337       0.90000000000000002        3.1777175402739742E-007
  0.83333333333333337       0.93333333333333335        1.2280982515929532E-007
  0.83333333333333337       0.96666666666666667        5.7004804793771850E-008
  0.83333333333333337        1.0000000000000000        5.7004804793771850E-008

  0.86666666666666670        0.0000000000000000       0.40673664307580004     
  0.86666666666666670        3.3333333333333333E-002  0.34077774859242049     
  0.86666666666666670        6.6666666666666666E-002  0.28014316437048720     
  0.86666666666666670       0.10000000000000001       0.22560824518261238     
  0.86666666666666670       0.13333333333333333       0.17773673215541347     
  0.86666666666666670       0.16666666666666666       0.13680151854165659     
  0.86666666666666670       0.20000000000000001       0.10275398526365082     
  0.86666666666666670       0.23333333333333334        7.5241160608863461E-002
  0.86666666666666670       0.26666666666666666        5.3661483812380339E-002
  0.86666666666666670       0.29999999999999999        3.7244463660582386E-002
  0.86666666666666670       0.33333333333333331        2.5137867071554462E-002
  0.86666666666666670       0.36666666666666664        1.6487983261079454E-002
  0.86666666666666670       0.40000000000000002        1.0502868990584491E-002
  0.86666666666666670       0.43333333333333335        6.4937919734713422E-003
  0.86666666666666670       0.46666666666666667        3.8949650212359351E-003
  0.86666666666666670       0.50000000000000000        2.2651709168513530E-003
  0.86666666666666670       0.53333333333333333        1.2766676713151248E-003
  0.86666666666666670       0.56666666666666665        6.9699341276248503E-004
  0.86666666666666670       0.59999999999999998        3.6842816554314773E-004
  0.86666666666666670       0.63333333333333330        1.8847452401851521E-004
  0.86666666666666670       0.66666666666666663        9.3267780654463964E-005
  0.86666666666666670       0.69999999999999996        4.4626492959622473E-005
  0.86666666666666670       0.73333333333333328        2.0636545455275697E-005
  0.86666666666666670       0.76666666666666661        9.2185413394190772E-006
  0.86666666666666670       0.80000000000000004        3.9761582044004540E-006
  0.86666666666666670       0.83333333333333337        1.6551936553053560E-006
  0.86666666666666670       0.86666666666666670        6.6492274379485836E-007
  0.86666666666666670       0.90000000000000002        2.5849883299482505E-007
  0.86666666666666670       0.93333333333333335        9.9902512044035464E-008
  0.86666666666666670       0.96666666666666667        4.6371885882020086E-008
  0.86666666666666670        1.0000000000000000        4.6371885882020086E-008

  0.90000000000000002        0.0000000000000000       0.30901699437494751     
  0.90000000000000002        3.3333333333333333E-002  0.25890491405827487     
  0.90000000000000002        6.6666666666666666E-002  0.21283796314442624     
  0.90000000000000002       0.10000000000000001       0.17140521519115881     
  0.90000000000000002       0.13333333333333333       0.13503497089750841     
  0.90000000000000002       0.16666666666666666       0.10393456012713634     
  0.90000000000000002       0.20000000000000001        7.8067044675646582E-002
  0.90000000000000002       0.23333333333333334        5.7164255299959811E-002
  0.90000000000000002       0.26666666666666666        4.0769157939653237E-002
  0.90000000000000002       0.29999999999999999        2.8296374111921974E-002
  0.90000000000000002       0.33333333333333331        1.9098422184698653E-002
  0.90000000000000002       0.36666666666666664        1.2526697845843435E-002
  0.90000000000000002       0.40000000000000002        7.9795244983113262E-003
  0.90000000000000002       0.43333333333333335        4.9336397688769370E-003
  0.90000000000000002       0.46666666666666667        2.9591884688726579E-003
  0.90000000000000002       0.50000000000000000        1.7209570870665323E-003
  0.90000000000000002       0.53333333333333333        9.6994459024421151E-004
  0.90000000000000002       0.56666666666666665        5.2953874006100084E-004
  0.90000000000000002       0.59999999999999998        2.7991223878494185E-004
  0.90000000000000002       0.63333333333333330        1.4319297737232971E-004
  0.90000000000000002       0.66666666666666663        7.0859928016107259E-005
  0.90000000000000002       0.69999999999999996        3.3904849633396061E-005
  0.90000000000000002       0.73333333333333328        1.5678556037260799E-005
  0.90000000000000002       0.76666666666666661        7.0037602604140052E-006
  0.90000000000000002       0.80000000000000004        3.0208747561850069E-006
  0.90000000000000002       0.83333333333333337        1.2575286175423910E-006
  0.90000000000000002       0.86666666666666670        5.0517314158178291E-007
  0.90000000000000002       0.90000000000000002        1.9639374465360289E-007
  0.90000000000000002       0.93333333333333335        7.5900646100876474E-008
  0.90000000000000002       0.96666666666666667        3.5230906884603943E-008
  0.90000000000000002        1.0000000000000000        3.5230906884603943E-008

  0.93333333333333335        0.0000000000000000       0.20791169081775931     
  0.93333333333333335        3.3333333333333333E-002  0.17419546310637032     
  0.93333333333333335        6.6666666666666666E-002  0.14320086465494777     
  0.93333333333333335       0.10000000000000001       0.11532423379322368     
  0.93333333333333335       0.13333333333333333        9.0853738240565890E-002
  0.93333333333333335       0.16666666666666666        6.9928872922158256E-002
  0.93333333333333335       0.20000000000000001        5.2524785209596615E-002
  0.93333333333333335       0.23333333333333334        3.8461046447600344E-002
  0.93333333333333335       0.26666666666666666        2.7430156641044527E-002
  0.93333333333333335       0.29999999999999999        1.9038263567094378E-002
  0.93333333333333335       0.33333333333333331        1.2849730987785508E-002
  0.93333333333333335       0.36666666666666664        8.4281673076283068E-003
  0.93333333333333335       0.40000000000000002        5.3687546658118084E-003
  0.93333333333333335       0.43333333333333335        3.3194335745442222E-003
  0.93333333333333335       0.46666666666666667        1.9909904283944135E-003
  0.93333333333333335       0.50000000000000000        1.1578880913023877E-003
  0.93333333333333335       0.53333333333333333        6.5259459326862817E-004
  0.93333333333333335       0.56666666666666665        3.5628233011030289E-004
  0.93333333333333335       0.59999999999999998        1.8832953496320654E-004
  0.93333333333333335       0.63333333333333330        9.6342578500996029E-005
  0.93333333333333335       0.66666666666666663        4.7675719178012871E-005
  0.93333333333333335       0.69999999999999996        2.2811737679540237E-005
  0.93333333333333335       0.73333333333333328        1.0548789078352887E-005
  0.93333333333333335       0.76666666666666661        4.7122445183647810E-006
  0.93333333333333335       0.80000000000000004        2.0324939719821134E-006
  0.93333333333333335       0.83333333333333337        8.4608583309085000E-007
  0.93333333333333335       0.86666666666666670        3.3988875671526151E-007
  0.93333333333333335       0.90000000000000002        1.3213692534792265E-007
  0.93333333333333335       0.93333333333333335        5.1067196795804983E-008
  0.93333333333333335       0.96666666666666667        2.3703930698818837E-008
  0.93333333333333335        1.0000000000000000        2.3703930698818837E-008

  0.96666666666666667        0.0000000000000000       0.10452846326765373     
  0.96666666666666667        3.3333333333333333E-002   8.7577490207928280E-002
  0.96666666666666667        6.6666666666666666E-002   7.1994827525602267E-002
  0.96666666666666667       0.10000000000000001        5.7979735956702534E-002
  0.96666666666666667       0.13333333333333333        4.5677093015092748E-002
  0.96666666666666667       0.16666666666666666        3.5157030351887553E-002
  0.96666666666666667       0.20000000000000001        2.6407053205272361E-002
  0.96666666666666667       0.23333333333333334        1.9336450321869557E-002
  0.96666666666666667       0.26666666666666666        1.3790624806147221E-002
  0.96666666666666667       0.29999999999999999        9.5715658226129229E-003
  0.96666666666666667       0.33333333333333331        6.4602554491911051E-003
  0.96666666666666667       0.36666666666666664        4.2372960046834071E-003
  0.96666666666666667       0.40000000000000002        2.6991636337095172E-003
  0.96666666666666667       0.43333333333333335        1.6688589713326669E-003
  0.96666666666666667       0.46666666666666667        1.0009786801411476E-003
  0.96666666666666667       0.50000000000000000        5.8213303130627385E-004
  0.96666666666666667       0.53333333333333333        3.2809463336499556E-004
  0.96666666666666667       0.56666666666666665        1.7912241639404575E-004
  0.96666666666666667       0.59999999999999998        9.4683453345925458E-005
  0.96666666666666667       0.63333333333333330        4.8436630178624773E-005
  0.96666666666666667       0.66666666666666663        2.3969165183818535E-005
  0.96666666666666667       0.69999999999999996        1.1468695554004375E-005
  0.96666666666666667       0.73333333333333328        5.3034473788265115E-006
  0.96666666666666667       0.76666666666666661        2.3691004392717912E-006
  0.96666666666666667       0.80000000000000004        1.0218447584954762E-006
  0.96666666666666667       0.83333333333333337        4.2537315519712258E-007
  0.96666666666666667       0.86666666666666670        1.7088047950387258E-007
  0.96666666666666667       0.90000000000000002        6.6432386236701259E-008
  0.96666666666666667       0.93333333333333335        2.5674244596140694E-008
  0.96666666666666667       0.96666666666666667        1.1917249287931076E-008
  0.96666666666666667        1.0000000000000000        1.1917249287931076E-008

   1.0000000000000000        0.0000000000000000        1.2246467991473532E-016
   1.0000000000000000        3.3333333333333333E-002   0.0000000000000000     
   1.0000000000000000        6.6666666666666666E-002   0.0000000000000000     
   1.0000000000000000       0.10000000000000001        0.0000000000000000     
   1.0000000000000000       0.13333333333333333        0.0000000000000000     
   1.0000000000000000       0.16666666666666666        0.0000000000000000     
   1.0000000000000000       0.20000000000000001        0.0000000000000000     
   1.0000000000000000       0.23333333333333334        0.0000000000000000     
   1.0000000000000000       0.26666666666666666        0.0000000000000000     
   1.0000000000000000       0.29999999999999999        0.0000000000000000     
   1.0000000000000000       0.33333333333333331        0.0000000000000000     
   1.0000000000000000       0.36666666666666664        0.0000000000000000     
   1.0000000000000000       0.40000000000000002        0.0000000000000000     
   1.0000000000000000       0.43333333333333335        0.0000000000000000     
   1.0000000000000000       0.46666666666666667        0.0000000000000000     
   1.0000000000000000       0.50000000000000000        0.0000000000000000     
   1.0000000000000000       0.53333333333333333        0.0000000000000000     
   1.0000000000000000       0.56666666666666665        0.0000000000000000     
   1.0000000000000000       0.59999999999999998        0.0000000000000000     
   1.0000000000000000       0.63333333333333330        0.0000000000000000     
   1.0000000000000000       0.66666666666666663        0.0000000000000000     
   1.0000000000000000       0.69999999999999996        0.0000000000000000     
   1.0000000000000000       0.73333333333333328        0.0000000000000000     
   1.0000000000000000       0.76666666666666661        0.0000000000000000     
   1.0000000000000000       0.80000000000000004        0.0000000000000000     
   1.0000000000000000       0.83333333333333337        0.0000000000000000     
   1.0000000000000000       0.86666666666666670        0.0000000000000000     
   1.0000000000000000       0.90000000000000002        0.0000000000000000     
   1.0000000000000000       0.93333333333333335        0.0000000000000000     
   1.0000000000000000       0.96666666666666667        0.0000000000000000     
   1.0000000000000000        1.0000000000000000        0.0000000000000000     

