   0.0000000000000000        0.0000000000000000        0.0000000000000000     
   0.0000000000000000        3.3333333333333333E-002   0.0000000000000000     
   0.0000000000000000        6.6666666666666666E-002   0.0000000000000000     
   0.0000000000000000       0.10000000000000001        0.0000000000000000     
   0.0000000000000000       0.13333333333333333        0.0000000000000000     
   0.0000000000000000       0.16666666666666666        0.0000000000000000     
   0.0000000000000000       0.20000000000000001        0.0000000000000000     
   0.0000000000000000       0.23333333333333334        0.0000000000000000     
   0.0000000000000000       0.26666666666666666        0.0000000000000000     
   0.0000000000000000       0.29999999999999999        0.0000000000000000     
   0.0000000000000000       0.33333333333333331        0.0000000000000000     
   0.0000000000000000       0.36666666666666664        0.0000000000000000     
   0.0000000000000000       0.40000000000000002        0.0000000000000000     
   0.0000000000000000       0.43333333333333335        0.0000000000000000     
   0.0000000000000000       0.46666666666666667        0.0000000000000000     
   0.0000000000000000       0.50000000000000000        0.0000000000000000     
   0.0000000000000000       0.53333333333333333        0.0000000000000000     
   0.0000000000000000       0.56666666666666665        0.0000000000000000     
   0.0000000000000000       0.59999999999999998        0.0000000000000000     
   0.0000000000000000       0.63333333333333330        0.0000000000000000     
   0.0000000000000000       0.66666666666666663        0.0000000000000000     
   0.0000000000000000       0.69999999999999996        0.0000000000000000     
   0.0000000000000000       0.73333333333333328        0.0000000000000000     
   0.0000000000000000       0.76666666666666661        0.0000000000000000     
   0.0000000000000000       0.80000000000000004        0.0000000000000000     
   0.0000000000000000       0.83333333333333337        0.0000000000000000     
   0.0000000000000000       0.86666666666666670        0.0000000000000000     
   0.0000000000000000       0.90000000000000002        0.0000000000000000     
   0.0000000000000000       0.93333333333333335        0.0000000000000000     
   0.0000000000000000       0.96666666666666667        0.0000000000000000     
   0.0000000000000000        1.0000000000000000        0.0000000000000000     

   3.3333333333333333E-002   0.0000000000000000       0.10452846326765346     
   3.3333333333333333E-002   3.3333333333333333E-002   8.8691150705594982E-002
   3.3333333333333333E-002   6.6666666666666666E-002   7.4124674260676926E-002
   3.3333333333333333E-002  0.10000000000000001        6.0944892719114761E-002
   3.3333333333333333E-002  0.13333333333333333        4.9238611265993652E-002
   3.3333333333333333E-002  0.16666666666666666        3.9049562732002573E-002
   3.3333333333333333E-002  0.20000000000000001        3.0371071569165495E-002
   3.3333333333333333E-002  0.23333333333333334        2.3145669548818224E-002
   3.3333333333333333E-002  0.26666666666666666        1.7270858123444355E-002
   3.3333333333333333E-002  0.29999999999999999        1.2609394166317629E-002
   3.3333333333333333E-002  0.33333333333333331        9.0020436488707847E-003
   3.3333333333333333E-002  0.36666666666666664        6.2807308445970243E-003
   3.3333333333333333E-002  0.40000000000000002        4.2803442043393165E-003
   3.3333333333333333E-002  0.43333333333333335        2.8480162586288480E-003
   3.3333333333333333E-002  0.46666666666666667        1.8493241153148821E-003
   3.3333333333333333E-002  0.50000000000000000        1.1714268019553515E-003
   3.3333333333333333E-002  0.53333333333333333        7.2357671731302395E-004
   3.3333333333333333E-002  0.56666666666666665        4.3567846935190722E-004
   3.3333333333333333E-002  0.59999999999999998        2.5562998015259868E-004
   3.3333333333333333E-002  0.63333333333333330        1.4610985801495396E-004
   3.3333333333333333E-002  0.66666666666666663        8.1326412045511020E-005
   3.3333333333333333E-002  0.69999999999999996        4.4069050970921841E-005
   3.3333333333333333E-002  0.73333333333333328        2.3240957072232001E-005
   3.3333333333333333E-002  0.76666666666666661        1.1925166870632387E-005
   3.3333333333333333E-002  0.80000000000000004        5.9518432524125018E-006
   3.3333333333333333E-002  0.83333333333333337        2.8892274165903559E-006
   3.3333333333333333E-002  0.86666666666666670        1.3654599722839500E-006
   3.3333333333333333E-002  0.90000000000000002        6.3261853798056504E-007
   3.3333333333333333E-002  0.93333333333333335        2.9865935360794984E-007
   3.3333333333333333E-002  0.96666666666666667        1.7074960140638796E-007
   3.3333333333333333E-002   1.0000000000000000        1.7074960140638796E-007

   6.6666666666666666E-002   0.0000000000000000       0.20791169081775931     
   6.6666666666666666E-002   3.3333333333333333E-002  0.17641058260424300     
   6.6666666666666666E-002   6.6666666666666666E-002  0.14743722307856852     
   6.6666666666666666E-002  0.10000000000000001       0.12122206044006020     
   6.6666666666666666E-002  0.13333333333333333        9.7937754003115246E-002
   6.6666666666666666E-002  0.16666666666666666        7.7671290283066963E-002
   6.6666666666666666E-002  0.20000000000000001        6.0409391322663895E-002
   6.6666666666666666E-002  0.23333333333333334        4.6037750298516859E-002
   6.6666666666666666E-002  0.26666666666666666        3.4352493111128847E-002
   6.6666666666666666E-002  0.29999999999999999        2.5080637171463718E-002
   6.6666666666666666E-002  0.33333333333333331        1.7905459023725801E-002
   6.6666666666666666E-002  0.36666666666666664        1.2492648687733218E-002
   6.6666666666666666E-002  0.40000000000000002        8.5137920618562814E-003
   6.6666666666666666E-002  0.43333333333333335        5.6648290551424398E-003
   6.6666666666666666E-002  0.46666666666666667        3.6783866486264235E-003
   6.6666666666666666E-002  0.50000000000000000        2.3300192067316622E-003
   6.6666666666666666E-002  0.53333333333333333        1.4392257766930037E-003
   6.6666666666666666E-002  0.56666666666666665        8.6658355422201397E-004
   6.6666666666666666E-002  0.59999999999999998        5.0845922474863307E-004
   6.6666666666666666E-002  0.63333333333333330        2.9061890585004263E-004
   6.6666666666666666E-002  0.66666666666666663        1.6176179490200561E-004
   6.6666666666666666E-002  0.69999999999999996        8.7655272197364475E-005
   6.6666666666666666E-002  0.73333333333333328        4.6227281355297678E-005
   6.6666666666666666E-002  0.76666666666666661        2.3719679117528527E-005
   6.6666666666666666E-002  0.80000000000000004        1.1838476864648298E-005
   6.6666666666666666E-002  0.83333333333333337        5.7467998529948432E-006
   6.6666666666666666E-002  0.86666666666666670        2.7159596793706873E-006
   6.6666666666666666E-002  0.90000000000000002        1.2583059748750754E-006
   6.6666666666666666E-002  0.93333333333333335        5.9404653283928331E-007
   6.6666666666666666E-002  0.96666666666666667        3.3962843444811634E-007
   6.6666666666666666E-002   1.0000000000000000        3.3962843444811634E-007

  0.10000000000000001        0.0000000000000000       0.30901699437494740     
  0.10000000000000001        3.3333333333333333E-002  0.26219722324359124     
  0.10000000000000001        6.6666666666666666E-002  0.21913441882718895     
  0.10000000000000001       0.10000000000000001       0.18017109389947733     
  0.10000000000000001       0.13333333333333333       0.14556387021258613     
  0.10000000000000001       0.16666666666666666       0.11544203492402764     
  0.10000000000000001       0.20000000000000001        8.9785853143353356E-002
  0.10000000000000001       0.23333333333333334        6.8425431821926327E-002
  0.10000000000000001       0.26666666666666666        5.1057754995566459E-002
  0.10000000000000001       0.29999999999999999        3.7277091467298504E-002
  0.10000000000000001       0.33333333333333331        2.6612698442558685E-002
  0.10000000000000001       0.36666666666666664        1.8567694457591800E-002
  0.10000000000000001       0.40000000000000002        1.2653961031918022E-002
  0.10000000000000001       0.43333333333333335        8.4195767990862015E-003
  0.10000000000000001       0.46666666666666667        5.4671480080637205E-003
  0.10000000000000001       0.50000000000000000        3.4630834334911553E-003
  0.10000000000000001       0.53333333333333333        2.1391063772861789E-003
  0.10000000000000001       0.56666666666666665        1.2879941683277972E-003
  0.10000000000000001       0.59999999999999998        7.5571768367638822E-004
  0.10000000000000001       0.63333333333333330        4.3194387213672239E-004
  0.10000000000000001       0.66666666666666663        2.4042488168272196E-004
  0.10000000000000001       0.69999999999999996        1.3028112391856784E-004
  0.10000000000000001       0.73333333333333328        6.8707129870154200E-005
  0.10000000000000001       0.76666666666666661        3.5254313596351061E-005
  0.10000000000000001       0.80000000000000004        1.7595405646994460E-005
  0.10000000000000001       0.83333333333333337        8.5414091476147345E-006
  0.10000000000000001       0.86666666666666670        4.0367027638591394E-006
  0.10000000000000001       0.90000000000000002        1.8702071481914002E-006
  0.10000000000000001       0.93333333333333335        8.8292521394460069E-007
  0.10000000000000001       0.96666666666666667        5.0478622729021205E-007
  0.10000000000000001        1.0000000000000000        5.0478622729021205E-007

  0.13333333333333333        0.0000000000000000       0.40673664307580015     
  0.13333333333333333        3.3333333333333333E-002  0.34511117623678628     
  0.13333333333333333        6.6666666666666666E-002  0.28843073202631342     
  0.13333333333333333       0.10000000000000001       0.23714613515090655     
  0.13333333333333333       0.13333333333333333       0.19159515819880973     
  0.13333333333333333       0.16666666666666666       0.15194797247256181     
  0.13333333333333333       0.20000000000000001       0.11817860236810654     
  0.13333333333333333       0.23333333333333334        9.0063429995352620E-002
  0.13333333333333333       0.26666666666666666        6.7203617431750517E-002
  0.13333333333333333       0.29999999999999999        4.9065130148284675E-002
  0.13333333333333333       0.33333333333333331        3.5028363568189724E-002
  0.13333333333333333       0.36666666666666664        2.4439308681433142E-002
  0.13333333333333333       0.40000000000000002        1.6655490556902484E-002
  0.13333333333333333       0.43333333333333335        1.1082077897709456E-002
  0.13333333333333333       0.46666666666666667        7.1960101498503995E-003
  0.13333333333333333       0.50000000000000000        4.5582053934565209E-003
  0.13333333333333333       0.53333333333333333        2.8155504807730190E-003
  0.13333333333333333       0.56666666666666665        1.6952932487952735E-003
  0.13333333333333333       0.59999999999999998        9.9469634151769259E-004
  0.13333333333333333       0.63333333333333330        5.6853637097020575E-004
  0.13333333333333333       0.66666666666666663        3.1645382314758142E-004
  0.13333333333333333       0.69999999999999996        1.7147958838304142E-004
  0.13333333333333333       0.73333333333333328        9.0434208692262034E-005
  0.13333333333333333       0.76666666666666661        4.6402694437972567E-005
  0.13333333333333333       0.80000000000000004        2.3159555482996799E-005
  0.13333333333333333       0.83333333333333337        1.1242436976208585E-005
  0.13333333333333333       0.86666666666666670        5.3132188881323880E-006
  0.13333333333333333       0.90000000000000002        2.4616179406261341E-006
  0.13333333333333333       0.93333333333333335        1.1621303816419617E-006
  0.13333333333333333       0.96666666666666667        6.6441347659280714E-007
  0.13333333333333333        1.0000000000000000        6.6441347659280714E-007

  0.16666666666666666        0.0000000000000000       0.49999999999999994     
  0.16666666666666666        3.3333333333333333E-002  0.42424401896397457     
  0.16666666666666666        6.6666666666666666E-002  0.35456693776734660     
  0.16666666666666666       0.10000000000000001       0.29152295371960318     
  0.16666666666666666       0.13333333333333333       0.23552728953794272     
  0.16666666666666666       0.16666666666666666       0.18678913623752913     
  0.16666666666666666       0.20000000000000001       0.14527656209485229     
  0.16666666666666666       0.23333333333333334       0.11071467438276547     
  0.16666666666666666       0.26666666666666666        8.2613182972091276E-002
  0.16666666666666666       0.29999999999999999        6.0315600995827667E-002
  0.16666666666666666       0.33333333333333331        4.3060250612411345E-002
  0.16666666666666666       0.36666666666666664        3.0043160725106575E-002
  0.16666666666666666       0.40000000000000002        2.0474539041960050E-002
  0.16666666666666666       0.43333333333333335        1.3623161431811517E-002
  0.16666666666666666       0.46666666666666667        8.8460312985733820E-003
  0.16666666666666666       0.50000000000000000        5.6033867012653758E-003
  0.16666666666666666       0.53333333333333333        3.4611468240006936E-003
  0.16666666666666666       0.56666666666666665        2.0840183416660288E-003
  0.16666666666666666       0.59999999999999998        1.2227768980877377E-003
  0.16666666666666666       0.63333333333333330        6.9889986634945540E-004
  0.16666666666666666       0.66666666666666663        3.8901563030381607E-004
  0.16666666666666666       0.69999999999999996        2.1079928659277960E-004
  0.16666666666666666       0.73333333333333328        1.1117047139936264E-004
  0.16666666666666666       0.76666666666666661        5.7042677648943558E-005
  0.16666666666666666       0.80000000000000004        2.8469964382678869E-005
  0.16666666666666666       0.83333333333333337        1.3820290312659906E-005
  0.16666666666666666       0.86666666666666670        6.5315222744047261E-006
  0.16666666666666666       0.90000000000000002        3.0260587317766971E-006
  0.16666666666666666       0.93333333333333335        1.4286030056866364E-006
  0.16666666666666666       0.96666666666666667        8.1676127280839276E-007
  0.16666666666666666        1.0000000000000000        8.1676127280839276E-007

  0.20000000000000001        0.0000000000000000       0.58778525229247314     
  0.20000000000000001        3.3333333333333333E-002  0.49872875544062512     
  0.20000000000000001        6.6666666666666666E-002  0.41681843394029883     
  0.20000000000000001       0.10000000000000001       0.34270578580224786     
  0.20000000000000001       0.13333333333333333       0.27687893460564406     
  0.20000000000000001       0.16666666666666666       0.21958379913773840     
  0.20000000000000001       0.20000000000000001       0.17078284140621178     
  0.20000000000000001       0.23333333333333334       0.13015290562910561     
  0.20000000000000001       0.26666666666666666        9.7117621191869827E-002
  0.20000000000000001       0.29999999999999999        7.0905241497009414E-002
  0.20000000000000001       0.33333333333333331        5.0620360539986649E-002
  0.20000000000000001       0.36666666666666664        3.5317853612940174E-002
  0.20000000000000001       0.40000000000000002        2.4069264192701161E-002
  0.20000000000000001       0.43333333333333335        1.6014986758436843E-002
  0.20000000000000001       0.46666666666666667        1.0399133477238139E-002
  0.20000000000000001       0.50000000000000000        6.5871761317911146E-003
  0.20000000000000001       0.53333333333333333        4.0688221183330792E-003
  0.20000000000000001       0.56666666666666665        2.4499104934766168E-003
  0.20000000000000001       0.59999999999999998        1.4374604550798174E-003
  0.20000000000000001       0.63333333333333330        8.2160606853878078E-004
  0.20000000000000001       0.66666666666666663        4.5731530080768803E-004
  0.20000000000000001       0.69999999999999996        2.4780942370602061E-004
  0.20000000000000001       0.73333333333333328        1.3068872715789507E-004
  0.20000000000000001       0.76666666666666661        6.7057689346644998E-005
  0.20000000000000001       0.80000000000000004        3.3468450394861244E-005
  0.20000000000000001       0.83333333333333337        1.6246725656364052E-005
  0.20000000000000001       0.86666666666666670        7.6782649358297816E-006
  0.20000000000000001       0.90000000000000002        3.5573453902184146E-006
  0.20000000000000001       0.93333333333333335        1.6794235562466103E-006
  0.20000000000000001       0.96666666666666667        9.6016046160080531E-007
  0.20000000000000001        1.0000000000000000        9.6016046160080531E-007

  0.23333333333333334        0.0000000000000000       0.66913060635885824     
  0.23333333333333334        3.3333333333333333E-002  0.56774931530696648     
  0.23333333333333334        6.6666666666666666E-002  0.47450318012613635     
  0.23333333333333334       0.10000000000000001       0.39013386157984686     
  0.23333333333333334       0.13333333333333333       0.31519703612516392     
  0.23333333333333334       0.16666666666666666       0.24997265598373047     
  0.23333333333333334       0.20000000000000001       0.19441798816851766     
  0.23333333333333334       0.23333333333333334       0.14816515440512679     
  0.23333333333333334       0.26666666666666666       0.11055801843070148     
  0.23333333333333334       0.29999999999999999        8.0718029334474237E-002
  0.23333333333333334       0.33333333333333331        5.7625863204494400E-002
  0.23333333333333334       0.36666666666666664        4.0205596705854399E-002
  0.23333333333333334       0.40000000000000002        2.7400281448129692E-002
  0.23333333333333334       0.43333333333333335        1.8231348538785302E-002
  0.23333333333333334       0.46666666666666667        1.1838300573367691E-002
  0.23333333333333334       0.50000000000000000        7.4987950821617261E-003
  0.23333333333333334       0.53333333333333333        4.6319185460812397E-003
  0.23333333333333334       0.56666666666666665        2.7889609132439441E-003
  0.23333333333333334       0.59999999999999998        1.6363948945181033E-003
  0.23333333333333334       0.63333333333333330        9.3531058270907214E-004
  0.23333333333333334       0.66666666666666663        5.2060452917653184E-004
  0.23333333333333334       0.69999999999999996        2.8210450891568269E-004
  0.23333333333333334       0.73333333333333328        1.4877512987331121E-004
  0.23333333333333334       0.76666666666666661        7.6338002967140978E-005
  0.23333333333333334       0.80000000000000004        3.8100249060794013E-005
  0.23333333333333334       0.83333333333333337        1.8495158473931153E-005
  0.23333333333333334       0.86666666666666670        8.7408829198376470E-006
  0.23333333333333334       0.90000000000000002        4.0496570281425175E-006
  0.23333333333333334       0.93333333333333335        1.9118439908823730E-006
  0.23333333333333334       0.96666666666666667        1.0930399314494254E-006
  0.23333333333333334        1.0000000000000000        1.0930399314494254E-006

  0.26666666666666666        0.0000000000000000       0.74314482547739413     
  0.26666666666666666        3.3333333333333333E-002  0.63054949486562251     
  0.26666666666666666        6.6666666666666666E-002  0.52698917017433766     
  0.26666666666666666       0.10000000000000001       0.43328754912921796     
  0.26666666666666666       0.13333333333333333       0.35006177295767626     
  0.26666666666666666       0.16666666666666666       0.27762276010062364     
  0.26666666666666666       0.20000000000000001       0.21592305076786969     
  0.26666666666666666       0.23333333333333334       0.16455407474393355     
  0.26666666666666666       0.26666666666666666       0.12278711888385363     
  0.26666666666666666       0.29999999999999999        8.9646453551216990E-002
  0.26666666666666666       0.33333333333333331        6.4000004852746567E-002
  0.26666666666666666       0.36666666666666664        4.4652838867697268E-002
  0.26666666666666666       0.40000000000000002        3.0431095486134995E-002
  0.26666666666666666       0.43333333333333335        2.0247963849387880E-002
  0.26666666666666666       0.46666666666666667        1.3147764771091770E-002
  0.26666666666666666       0.50000000000000000        8.3282556643884172E-003
  0.26666666666666666       0.53333333333333333        5.1442667049472644E-003
  0.26666666666666666       0.56666666666666665        3.0974548936181789E-003
  0.26666666666666666       0.59999999999999998        1.8174006490544027E-003
  0.26666666666666666       0.63333333333333330        1.0387676384088803E-003
  0.26666666666666666       0.66666666666666663        5.7818990538021579E-004
  0.26666666666666666       0.69999999999999996        3.1330879809150081E-004
  0.26666666666666666       0.73333333333333328        1.6523152113263802E-004
  0.26666666666666666       0.76666666666666661        8.4781941452374826E-005
  0.26666666666666666       0.80000000000000004        4.2314613425027037E-005
  0.26666666666666666       0.83333333333333337        2.0540954464897136E-005
  0.26666666666666666       0.86666666666666670        9.7077339614284268E-006
  0.26666666666666666       0.90000000000000002        4.4975997762210773E-006
  0.26666666666666666       0.93333333333333335        2.1233178626749526E-006
  0.26666666666666666       0.96666666666666667        1.2139438270757749E-006
  0.26666666666666666        1.0000000000000000        1.2139438270757749E-006

  0.29999999999999999        0.0000000000000000       0.80901699437494745     
  0.29999999999999999        3.3333333333333333E-002  0.68644124220756586     
  0.29999999999999999        6.6666666666666666E-002  0.57370135659453558     
  0.29999999999999999       0.10000000000000001       0.47169404761908051     
  0.29999999999999999       0.13333333333333333       0.38109115975052887     
  0.29999999999999999       0.16666666666666666       0.30223117116155684     
  0.29999999999999999       0.20000000000000001       0.23506241523820567     
  0.29999999999999999       0.23333333333333334       0.17914010620469178     
  0.29999999999999999       0.26666666666666666       0.13367093796765775     
  0.29999999999999999       0.29999999999999999        9.7592692463126171E-002
  0.29999999999999999       0.33333333333333331        6.9672949054970040E-002
  0.29999999999999999       0.36666666666666664        4.8610855182698379E-002
  0.29999999999999999       0.40000000000000002        3.3128500073878075E-002
  0.29999999999999999       0.43333333333333335        2.2042738230897720E-002
  0.29999999999999999       0.46666666666666667        1.4313179306637103E-002
  0.29999999999999999       0.50000000000000000        9.0664701347565307E-003
  0.29999999999999999       0.53333333333333333        5.6002532012868712E-003
  0.29999999999999999       0.56666666666666665        3.3720125099938256E-003
  0.29999999999999999       0.59999999999999998        1.9784945817641255E-003
  0.29999999999999999       0.63333333333333330        1.1308437384861777E-003
  0.29999999999999999       0.66666666666666663        6.2944051198653801E-004
  0.29999999999999999       0.69999999999999996        3.4108041051134742E-004
  0.29999999999999999       0.73333333333333328        1.7987760126951684E-004
  0.29999999999999999       0.76666666666666661        9.2296991245294612E-005
  0.29999999999999999       0.80000000000000004        4.6065370029673325E-005
  0.29999999999999999       0.83333333333333337        2.2361699460274641E-005
  0.29999999999999999       0.86666666666666670        1.0568225038263865E-005
  0.29999999999999999       0.90000000000000002        4.8962658799680973E-006
  0.29999999999999999       0.93333333333333335        2.3115282196312371E-006
  0.29999999999999999       0.96666666666666667        1.3215475000986049E-006
  0.29999999999999999        1.0000000000000000        1.3215475000986049E-006

  0.33333333333333331        0.0000000000000000       0.86602540378443860     
  0.33333333333333331        3.3333333333333333E-002  0.73481219565281819     
  0.33333333333333331        6.6666666666666666E-002  0.61412795089715655     
  0.33333333333333331       0.10000000000000001       0.50493256741490311     
  0.33333333333333331       0.13333333333333333       0.40794523204870248     
  0.33333333333333331       0.16666666666666666       0.32352827426530545     
  0.33333333333333331       0.20000000000000001       0.25162638669721910     
  0.33333333333333331       0.23333333333333334       0.19176344117439420     
  0.33333333333333331       0.26666666666666666       0.14309023028264611     
  0.33333333333333331       0.29999999999999999       0.10446968541382548     
  0.33333333333333331       0.33333333333333331        7.4582541847345307E-002
  0.33333333333333331       0.36666666666666664        5.2036280795842424E-002
  0.33333333333333331       0.40000000000000002        3.5462941882227414E-002
  0.33333333333333331       0.43333333333333335        2.3596007759610325E-002
  0.33333333333333331       0.46666666666666667        1.5321775654473593E-002
  0.33333333333333331       0.50000000000000000        9.7053504610473997E-003
  0.33333333333333331       0.53333333333333333        5.9948821516248559E-003
  0.33333333333333331       0.56666666666666665        3.6096256516709975E-003
  0.33333333333333331       0.59999999999999998        2.1179117138094327E-003
  0.33333333333333331       0.63333333333333330        1.2105300779203547E-003
  0.33333333333333331       0.66666666666666663        6.7379483662464046E-004
  0.33333333333333331       0.69999999999999996        3.6511507457796712E-004
  0.33333333333333331       0.73333333333333328        1.9255290476507883E-004
  0.33333333333333331       0.76666666666666661        9.8800815887743843E-005
  0.33333333333333331       0.80000000000000004        4.9311424800476109E-005
  0.33333333333333331       0.83333333333333337        2.3937444996878923E-005
  0.33333333333333331       0.86666666666666670        1.1312928430036818E-005
  0.33333333333333331       0.90000000000000002        5.2412874701246813E-006
  0.33333333333333331       0.93333333333333335        2.4744129896948643E-006
  0.33333333333333331       0.96666666666666667        1.4146720221587608E-006
  0.33333333333333331        1.0000000000000000        1.4146720221587608E-006

  0.36666666666666664        0.0000000000000000       0.91354545764260087     
  0.36666666666666664        3.3333333333333333E-002  0.77513239291316094     
  0.36666666666666664        6.6666666666666666E-002  0.64782603085521251     
  0.36666666666666664       0.10000000000000001       0.53263894033819537     
  0.36666666666666664       0.13333333333333333       0.43032977101652253     
  0.36666666666666664       0.16666666666666666       0.34128073389355940     
  0.36666666666666664       0.20000000000000001       0.26543348680737117     
  0.36666666666666664       0.23333333333333334       0.20228577575351001     
  0.36666666666666664       0.26666666666666666       0.15094179609110212     
  0.36666666666666664       0.29999999999999999       0.11020208662944381     
  0.36666666666666664       0.33333333333333331        7.8674992703840818E-002
  0.36666666666666664       0.36666666666666664        5.4891586027295401E-002
  0.36666666666666664       0.40000000000000002        3.7408844278217390E-002
  0.36666666666666664       0.43333333333333335        2.4890754489526563E-002
  0.36666666666666664       0.46666666666666667        1.6162503421951985E-002
  0.36666666666666664       0.50000000000000000        1.0237896936711881E-002
  0.36666666666666664       0.53333333333333333        6.3238299185998962E-003
  0.36666666666666664       0.56666666666666665        3.8076909793457333E-003
  0.36666666666666664       0.59999999999999998        2.2341245619167246E-003
  0.36666666666666664       0.63333333333333330        1.2769535965011316E-003
  0.36666666666666664       0.66666666666666663        7.1076692403204906E-004
  0.36666666666666664       0.69999999999999996        3.8514946148226928E-004
  0.36666666666666664       0.73333333333333328        2.0311855834174883E-004
  0.36666666666666664       0.76666666666666661        1.0422215811592701E-004
  0.36666666666666664       0.80000000000000004        5.2017213282085834E-005
  0.36666666666666664       0.83333333333333337        2.5250926876864997E-005
  0.36666666666666664       0.86666666666666670        1.1933685010547815E-005
  0.36666666666666664       0.90000000000000002        5.5288844179486619E-006
  0.36666666666666664       0.93333333333333335        2.6101875732391874E-006
  0.36666666666666664       0.96666666666666667        1.4922971015049926E-006
  0.36666666666666664        1.0000000000000000        1.4922971015049926E-006

  0.40000000000000002        0.0000000000000000       0.95105651629515353     
  0.40000000000000002        3.3333333333333333E-002  0.80696007746986542     
  0.40000000000000002        6.6666666666666666E-002  0.67442639325290632     
  0.40000000000000002       0.10000000000000001       0.55450960956927808     
  0.40000000000000002       0.13333333333333333       0.44799952696079154     
  0.40000000000000002       0.16666666666666666       0.35529405038369061     
  0.40000000000000002       0.20000000000000001       0.27633244209053354     
  0.40000000000000002       0.23333333333333334       0.21059182504245039     
  0.40000000000000002       0.26666666666666666       0.15713961199498244     
  0.40000000000000002       0.29999999999999999       0.11472709072268071     
  0.40000000000000002       0.33333333333333331        8.1905463876472365E-002
  0.40000000000000002       0.36666666666666664        5.7145487555430474E-002
  0.40000000000000002       0.40000000000000002        3.8944887547991275E-002
  0.40000000000000002       0.43333333333333335        2.5912792904530316E-002
  0.40000000000000002       0.46666666666666667        1.6826151419718188E-002
  0.40000000000000002       0.50000000000000000        1.0658274871120079E-002
  0.40000000000000002       0.53333333333333333        6.5834924816402692E-003
  0.40000000000000002       0.56666666666666665        3.9640384478401933E-003
  0.40000000000000002       0.59999999999999998        2.3258598738030356E-003
  0.40000000000000002       0.63333333333333330        1.3293865442589232E-003
  0.40000000000000002       0.66666666666666663        7.3995170028222151E-004
  0.40000000000000002       0.69999999999999996        4.0096407028886535E-004
  0.40000000000000002       0.73333333333333328        2.1145880248793565E-004
  0.40000000000000002       0.76666666666666661        1.0850162056990335E-004
  0.40000000000000002       0.80000000000000004        5.4153090289675335E-005
  0.40000000000000002       0.83333333333333337        2.6287754317891980E-005
  0.40000000000000002       0.86666666666666670        1.2423693640799115E-005
  0.40000000000000002       0.90000000000000002        5.7559057510961531E-006
  0.40000000000000002       0.93333333333333335        2.7173643955142355E-006
  0.40000000000000002       0.96666666666666667        1.5535722615238913E-006
  0.40000000000000002        1.0000000000000000        1.5535722615238913E-006

  0.43333333333333335        0.0000000000000000       0.97814760073380569     
  0.43333333333333335        3.3333333333333333E-002  0.82994653855055778     
  0.43333333333333335        6.6666666666666666E-002  0.69363759895332522     
  0.43333333333333335       0.10000000000000001       0.57030495547932414     
  0.43333333333333335       0.13333333333333333       0.46076090633775008     
  0.43333333333333335       0.16666666666666666       0.36541469090775813     
  0.43333333333333335       0.20000000000000001       0.28420384131187104     
  0.43333333333333335       0.23333333333333334       0.21659058622705310     
  0.43333333333333335       0.26666666666666666       0.16161577342626793     
  0.43333333333333335       0.29999999999999999       0.11799512080177274     
  0.43333333333333335       0.33333333333333331        8.4238561647053081E-002
  0.43333333333333335       0.36666666666666664        5.8773291163446192E-002
  0.43333333333333335       0.40000000000000002        4.0054242480047707E-002
  0.43333333333333335       0.43333333333333335        2.6650925337871504E-002
  0.43333333333333335       0.46666666666666667        1.7305448581431411E-002
  0.43333333333333335       0.50000000000000000        1.0961878515652883E-002
  0.43333333333333335       0.53333333333333333        6.7710249233674195E-003
  0.43333333333333335       0.56666666666666665        4.0769550815717408E-003
  0.43333333333333335       0.59999999999999998        2.3921125781944919E-003
  0.43333333333333335       0.63333333333333330        1.3672544548457945E-003
  0.43333333333333335       0.66666666666666663        7.6102941085925383E-004
  0.43333333333333335       0.69999999999999996        4.1238563283425053E-004
  0.43333333333333335       0.73333333333333328        2.1748225974346544E-004
  0.43333333333333335       0.76666666666666661        1.1159231656349204E-004
  0.43333333333333335       0.80000000000000004        5.5695654707788480E-005
  0.43333333333333335       0.83333333333333337        2.7036567621545893E-005
  0.43333333333333335       0.86666666666666670        1.2777585683696787E-005
  0.43333333333333335       0.90000000000000002        5.9198641763339177E-006
  0.43333333333333335       0.93333333333333335        2.7947692048269735E-006
  0.43333333333333335       0.96666666666666667        1.5978261587396374E-006
  0.43333333333333335        1.0000000000000000        1.5978261587396374E-006

  0.46666666666666667        0.0000000000000000       0.99452189536827329     
  0.46666666666666667        3.3333333333333333E-002  0.84383993167741134     
  0.46666666666666667        6.6666666666666666E-002  0.70524916596661225     
  0.46666666666666667       0.10000000000000001       0.57985192095315441     
  0.46666666666666667       0.13333333333333333       0.46847409280445373     
  0.46666666666666667       0.16666666666666666       0.37153177161030027     
  0.46666666666666667       0.20000000000000001       0.28896144377431832     
  0.46666666666666667       0.23333333333333334       0.22021633562445822     
  0.46666666666666667       0.26666666666666666       0.16432123862362033     
  0.46666666666666667       0.29999999999999999       0.11997037164529409     
  0.46666666666666667       0.33333333333333331        8.5648724108176366E-002
  0.46666666666666667       0.36666666666666664        5.9757162294373320E-002
  0.46666666666666667       0.40000000000000002        4.0724754749603638E-002
  0.46666666666666667       0.43333333333333335        2.7097064656146301E-002
  0.46666666666666667       0.46666666666666667        1.7595143627088541E-002
  0.46666666666666667       0.50000000000000000        1.1145381525247635E-002
  0.46666666666666667       0.53333333333333333        6.8843725991060986E-003
  0.46666666666666667       0.56666666666666665        4.1452037422718899E-003
  0.46666666666666667       0.59999999999999998        2.4321567965975102E-003
  0.46666666666666667       0.63333333333333330        1.3901424395089867E-003
  0.46666666666666667       0.66666666666666663        7.7376912395526944E-004
  0.46666666666666667       0.69999999999999996        4.1928901208906216E-004
  0.46666666666666667       0.73333333333333328        2.2112293585015714E-004
  0.46666666666666667       0.76666666666666661        1.1346038378461757E-004
  0.46666666666666667       0.80000000000000004        5.6628005877858049E-005
  0.46666666666666667       0.83333333333333337        2.7489162632572638E-005
  0.46666666666666667       0.86666666666666670        1.2991483823962168E-005
  0.46666666666666667       0.90000000000000002        6.0189633308445495E-006
  0.46666666666666667       0.93333333333333335        2.8415539378885720E-006
  0.46666666666666667       0.96666666666666667        1.6245739381936124E-006
  0.46666666666666667        1.0000000000000000        1.6245739381936124E-006

  0.50000000000000000        0.0000000000000000        1.0000000000000000     
  0.50000000000000000        3.3333333333333333E-002  0.84848803792794925     
  0.50000000000000000        6.6666666666666666E-002  0.70913387553469320     
  0.50000000000000000       0.10000000000000001       0.58304590743920648     
  0.50000000000000000       0.13333333333333333       0.47105457907588544     
  0.50000000000000000       0.16666666666666666       0.37357827247505832     
  0.50000000000000000       0.20000000000000001       0.29055312418970458     
  0.50000000000000000       0.23333333333333334       0.22142934876553091     
  0.50000000000000000       0.26666666666666666       0.16522636594418252     
  0.50000000000000000       0.29999999999999999       0.12063120199165532     
  0.50000000000000000       0.33333333333333331        8.6120501224822690E-002
  0.50000000000000000       0.36666666666666664        6.0086321450213150E-002
  0.50000000000000000       0.40000000000000002        4.0949078083920100E-002
  0.50000000000000000       0.43333333333333335        2.7246322863623034E-002
  0.50000000000000000       0.46666666666666667        1.7692062597146764E-002
  0.50000000000000000       0.50000000000000000        1.1206773402530750E-002
  0.50000000000000000       0.53333333333333333        6.9222936480013864E-003
  0.50000000000000000       0.56666666666666665        4.1680366833320576E-003
  0.50000000000000000       0.59999999999999998        2.4455537961754754E-003
  0.50000000000000000       0.63333333333333330        1.3977997326989110E-003
  0.50000000000000000       0.66666666666666663        7.7803126060763225E-004
  0.50000000000000000       0.69999999999999996        4.2159857318555926E-004
  0.50000000000000000       0.73333333333333328        2.2234094279872531E-004
  0.50000000000000000       0.76666666666666661        1.1408535529788712E-004
  0.50000000000000000       0.80000000000000004        5.6939928765357738E-005
  0.50000000000000000       0.83333333333333337        2.7640580625319813E-005
  0.50000000000000000       0.86666666666666670        1.3063044548809456E-005
  0.50000000000000000       0.90000000000000002        6.0521174635533950E-006
  0.50000000000000000       0.93333333333333335        2.8572060113732733E-006
  0.50000000000000000       0.96666666666666667        1.6335225456167855E-006
  0.50000000000000000        1.0000000000000000        1.6335225456167855E-006

  0.53333333333333333        0.0000000000000000       0.99452189536827340     
  0.53333333333333333        3.3333333333333333E-002  0.84383993167741145     
  0.53333333333333333        6.6666666666666666E-002  0.70524916596661236     
  0.53333333333333333       0.10000000000000001       0.57985192095315452     
  0.53333333333333333       0.13333333333333333       0.46847409280445385     
  0.53333333333333333       0.16666666666666666       0.37153177161030027     
  0.53333333333333333       0.20000000000000001       0.28896144377431832     
  0.53333333333333333       0.23333333333333334       0.22021633562445822     
  0.53333333333333333       0.26666666666666666       0.16432123862362033     
  0.53333333333333333       0.29999999999999999       0.11997037164529409     
  0.53333333333333333       0.33333333333333331        8.5648724108176366E-002
  0.53333333333333333       0.36666666666666664        5.9757162294373320E-002
  0.53333333333333333       0.40000000000000002        4.0724754749603645E-002
  0.53333333333333333       0.43333333333333335        2.7097064656146301E-002
  0.53333333333333333       0.46666666666666667        1.7595143627088534E-002
  0.53333333333333333       0.50000000000000000        1.1145381525247635E-002
  0.53333333333333333       0.53333333333333333        6.8843725991060986E-003
  0.53333333333333333       0.56666666666666665        4.1452037422718899E-003
  0.53333333333333333       0.59999999999999998        2.4321567965975102E-003
  0.53333333333333333       0.63333333333333330        1.3901424395089867E-003
  0.53333333333333333       0.66666666666666663        7.7376912395526955E-004
  0.53333333333333333       0.69999999999999996        4.1928901208906216E-004
  0.53333333333333333       0.73333333333333328        2.2112293585015711E-004
  0.53333333333333333       0.76666666666666661        1.1346038378461759E-004
  0.53333333333333333       0.80000000000000004        5.6628005877858042E-005
  0.53333333333333333       0.83333333333333337        2.7489162632572638E-005
  0.53333333333333333       0.86666666666666670        1.2991483823962170E-005
  0.53333333333333333       0.90000000000000002        6.0189633308445495E-006
  0.53333333333333333       0.93333333333333335        2.8415539378885720E-006
  0.53333333333333333       0.96666666666666667        1.6245739381936124E-006
  0.53333333333333333        1.0000000000000000        1.6245739381936124E-006

  0.56666666666666665        0.0000000000000000       0.97814760073380569     
  0.56666666666666665        3.3333333333333333E-002  0.82994653855055789     
  0.56666666666666665        6.6666666666666666E-002  0.69363759895332533     
  0.56666666666666665       0.10000000000000001       0.57030495547932425     
  0.56666666666666665       0.13333333333333333       0.46076090633775008     
  0.56666666666666665       0.16666666666666666       0.36541469090775819     
  0.56666666666666665       0.20000000000000001       0.28420384131187099     
  0.56666666666666665       0.23333333333333334       0.21659058622705313     
  0.56666666666666665       0.26666666666666666       0.16161577342626793     
  0.56666666666666665       0.29999999999999999       0.11799512080177274     
  0.56666666666666665       0.33333333333333331        8.4238561647053081E-002
  0.56666666666666665       0.36666666666666664        5.8773291163446192E-002
  0.56666666666666665       0.40000000000000002        4.0054242480047714E-002
  0.56666666666666665       0.43333333333333335        2.6650925337871504E-002
  0.56666666666666665       0.46666666666666667        1.7305448581431414E-002
  0.56666666666666665       0.50000000000000000        1.0961878515652881E-002
  0.56666666666666665       0.53333333333333333        6.7710249233674195E-003
  0.56666666666666665       0.56666666666666665        4.0769550815717417E-003
  0.56666666666666665       0.59999999999999998        2.3921125781944919E-003
  0.56666666666666665       0.63333333333333330        1.3672544548457945E-003
  0.56666666666666665       0.66666666666666663        7.6102941085925372E-004
  0.56666666666666665       0.69999999999999996        4.1238563283425058E-004
  0.56666666666666665       0.73333333333333328        2.1748225974346547E-004
  0.56666666666666665       0.76666666666666661        1.1159231656349204E-004
  0.56666666666666665       0.80000000000000004        5.5695654707788486E-005
  0.56666666666666665       0.83333333333333337        2.7036567621545893E-005
  0.56666666666666665       0.86666666666666670        1.2777585683696787E-005
  0.56666666666666665       0.90000000000000002        5.9198641763339185E-006
  0.56666666666666665       0.93333333333333335        2.7947692048269735E-006
  0.56666666666666665       0.96666666666666667        1.5978261587396376E-006
  0.56666666666666665        1.0000000000000000        1.5978261587396376E-006

  0.59999999999999998        0.0000000000000000       0.95105651629515364     
  0.59999999999999998        3.3333333333333333E-002  0.80696007746986564     
  0.59999999999999998        6.6666666666666666E-002  0.67442639325290643     
  0.59999999999999998       0.10000000000000001       0.55450960956927819     
  0.59999999999999998       0.13333333333333333       0.44799952696079159     
  0.59999999999999998       0.16666666666666666       0.35529405038369061     
  0.59999999999999998       0.20000000000000001       0.27633244209053359     
  0.59999999999999998       0.23333333333333334       0.21059182504245039     
  0.59999999999999998       0.26666666666666666       0.15713961199498247     
  0.59999999999999998       0.29999999999999999       0.11472709072268071     
  0.59999999999999998       0.33333333333333331        8.1905463876472379E-002
  0.59999999999999998       0.36666666666666664        5.7145487555430481E-002
  0.59999999999999998       0.40000000000000002        3.8944887547991282E-002
  0.59999999999999998       0.43333333333333335        2.5912792904530319E-002
  0.59999999999999998       0.46666666666666667        1.6826151419718192E-002
  0.59999999999999998       0.50000000000000000        1.0658274871120081E-002
  0.59999999999999998       0.53333333333333333        6.5834924816402700E-003
  0.59999999999999998       0.56666666666666665        3.9640384478401933E-003
  0.59999999999999998       0.59999999999999998        2.3258598738030360E-003
  0.59999999999999998       0.63333333333333330        1.3293865442589230E-003
  0.59999999999999998       0.66666666666666663        7.3995170028222162E-004
  0.59999999999999998       0.69999999999999996        4.0096407028886535E-004
  0.59999999999999998       0.73333333333333328        2.1145880248793570E-004
  0.59999999999999998       0.76666666666666661        1.0850162056990338E-004
  0.59999999999999998       0.80000000000000004        5.4153090289675342E-005
  0.59999999999999998       0.83333333333333337        2.6287754317891984E-005
  0.59999999999999998       0.86666666666666670        1.2423693640799115E-005
  0.59999999999999998       0.90000000000000002        5.7559057510961531E-006
  0.59999999999999998       0.93333333333333335        2.7173643955142360E-006
  0.59999999999999998       0.96666666666666667        1.5535722615238915E-006
  0.59999999999999998        1.0000000000000000        1.5535722615238915E-006

  0.63333333333333330        0.0000000000000000       0.91354545764260098     
  0.63333333333333330        3.3333333333333333E-002  0.77513239291316094     
  0.63333333333333330        6.6666666666666666E-002  0.64782603085521262     
  0.63333333333333330       0.10000000000000001       0.53263894033819537     
  0.63333333333333330       0.13333333333333333       0.43032977101652253     
  0.63333333333333330       0.16666666666666666       0.34128073389355940     
  0.63333333333333330       0.20000000000000001       0.26543348680737117     
  0.63333333333333330       0.23333333333333334       0.20228577575351003     
  0.63333333333333330       0.26666666666666666       0.15094179609110209     
  0.63333333333333330       0.29999999999999999       0.11020208662944381     
  0.63333333333333330       0.33333333333333331        7.8674992703840832E-002
  0.63333333333333330       0.36666666666666664        5.4891586027295408E-002
  0.63333333333333330       0.40000000000000002        3.7408844278217397E-002
  0.63333333333333330       0.43333333333333335        2.4890754489526566E-002
  0.63333333333333330       0.46666666666666667        1.6162503421951989E-002
  0.63333333333333330       0.50000000000000000        1.0237896936711883E-002
  0.63333333333333330       0.53333333333333333        6.3238299185998962E-003
  0.63333333333333330       0.56666666666666665        3.8076909793457337E-003
  0.63333333333333330       0.59999999999999998        2.2341245619167250E-003
  0.63333333333333330       0.63333333333333330        1.2769535965011319E-003
  0.63333333333333330       0.66666666666666663        7.1076692403204916E-004
  0.63333333333333330       0.69999999999999996        3.8514946148226933E-004
  0.63333333333333330       0.73333333333333328        2.0311855834174885E-004
  0.63333333333333330       0.76666666666666661        1.0422215811592701E-004
  0.63333333333333330       0.80000000000000004        5.2017213282085834E-005
  0.63333333333333330       0.83333333333333337        2.5250926876865001E-005
  0.63333333333333330       0.86666666666666670        1.1933685010547815E-005
  0.63333333333333330       0.90000000000000002        5.5288844179486636E-006
  0.63333333333333330       0.93333333333333335        2.6101875732391874E-006
  0.63333333333333330       0.96666666666666667        1.4922971015049931E-006
  0.63333333333333330        1.0000000000000000        1.4922971015049931E-006

  0.66666666666666663        0.0000000000000000       0.86602540378443871     
  0.66666666666666663        3.3333333333333333E-002  0.73481219565281841     
  0.66666666666666663        6.6666666666666666E-002  0.61412795089715666     
  0.66666666666666663       0.10000000000000001       0.50493256741490322     
  0.66666666666666663       0.13333333333333333       0.40794523204870248     
  0.66666666666666663       0.16666666666666666       0.32352827426530545     
  0.66666666666666663       0.20000000000000001       0.25162638669721910     
  0.66666666666666663       0.23333333333333334       0.19176344117439423     
  0.66666666666666663       0.26666666666666666       0.14309023028264614     
  0.66666666666666663       0.29999999999999999       0.10446968541382549     
  0.66666666666666663       0.33333333333333331        7.4582541847345321E-002
  0.66666666666666663       0.36666666666666664        5.2036280795842431E-002
  0.66666666666666663       0.40000000000000002        3.5462941882227421E-002
  0.66666666666666663       0.43333333333333335        2.3596007759610328E-002
  0.66666666666666663       0.46666666666666667        1.5321775654473594E-002
  0.66666666666666663       0.50000000000000000        9.7053504610474031E-003
  0.66666666666666663       0.53333333333333333        5.9948821516248559E-003
  0.66666666666666663       0.56666666666666665        3.6096256516709984E-003
  0.66666666666666663       0.59999999999999998        2.1179117138094331E-003
  0.66666666666666663       0.63333333333333330        1.2105300779203549E-003
  0.66666666666666663       0.66666666666666663        6.7379483662464057E-004
  0.66666666666666663       0.69999999999999996        3.6511507457796718E-004
  0.66666666666666663       0.73333333333333328        1.9255290476507885E-004
  0.66666666666666663       0.76666666666666661        9.8800815887743843E-005
  0.66666666666666663       0.80000000000000004        4.9311424800476116E-005
  0.66666666666666663       0.83333333333333337        2.3937444996878923E-005
  0.66666666666666663       0.86666666666666670        1.1312928430036818E-005
  0.66666666666666663       0.90000000000000002        5.2412874701246805E-006
  0.66666666666666663       0.93333333333333335        2.4744129896948643E-006
  0.66666666666666663       0.96666666666666667        1.4146720221587608E-006
  0.66666666666666663        1.0000000000000000        1.4146720221587608E-006

  0.69999999999999996        0.0000000000000000       0.80901699437494745     
  0.69999999999999996        3.3333333333333333E-002  0.68644124220756586     
  0.69999999999999996        6.6666666666666666E-002  0.57370135659453569     
  0.69999999999999996       0.10000000000000001       0.47169404761908057     
  0.69999999999999996       0.13333333333333333       0.38109115975052887     
  0.69999999999999996       0.16666666666666666       0.30223117116155684     
  0.69999999999999996       0.20000000000000001       0.23506241523820567     
  0.69999999999999996       0.23333333333333334       0.17914010620469181     
  0.69999999999999996       0.26666666666666666       0.13367093796765775     
  0.69999999999999996       0.29999999999999999        9.7592692463126185E-002
  0.69999999999999996       0.33333333333333331        6.9672949054970040E-002
  0.69999999999999996       0.36666666666666664        4.8610855182698379E-002
  0.69999999999999996       0.40000000000000002        3.3128500073878075E-002
  0.69999999999999996       0.43333333333333335        2.2042738230897720E-002
  0.69999999999999996       0.46666666666666667        1.4313179306637107E-002
  0.69999999999999996       0.50000000000000000        9.0664701347565307E-003
  0.69999999999999996       0.53333333333333333        5.6002532012868729E-003
  0.69999999999999996       0.56666666666666665        3.3720125099938264E-003
  0.69999999999999996       0.59999999999999998        1.9784945817641259E-003
  0.69999999999999996       0.63333333333333330        1.1308437384861779E-003
  0.69999999999999996       0.66666666666666663        6.2944051198653812E-004
  0.69999999999999996       0.69999999999999996        3.4108041051134747E-004
  0.69999999999999996       0.73333333333333328        1.7987760126951684E-004
  0.69999999999999996       0.76666666666666661        9.2296991245294625E-005
  0.69999999999999996       0.80000000000000004        4.6065370029673332E-005
  0.69999999999999996       0.83333333333333337        2.2361699460274641E-005
  0.69999999999999996       0.86666666666666670        1.0568225038263865E-005
  0.69999999999999996       0.90000000000000002        4.8962658799680973E-006
  0.69999999999999996       0.93333333333333335        2.3115282196312371E-006
  0.69999999999999996       0.96666666666666667        1.3215475000986049E-006
  0.69999999999999996        1.0000000000000000        1.3215475000986049E-006

  0.73333333333333328        0.0000000000000000       0.74314482547739447     
  0.73333333333333328        3.3333333333333333E-002  0.63054949486562262     
  0.73333333333333328        6.6666666666666666E-002  0.52698917017433788     
  0.73333333333333328       0.10000000000000001       0.43328754912921807     
  0.73333333333333328       0.13333333333333333       0.35006177295767632     
  0.73333333333333328       0.16666666666666666       0.27762276010062364     
  0.73333333333333328       0.20000000000000001       0.21592305076786972     
  0.73333333333333328       0.23333333333333334       0.16455407474393355     
  0.73333333333333328       0.26666666666666666       0.12278711888385364     
  0.73333333333333328       0.29999999999999999        8.9646453551217004E-002
  0.73333333333333328       0.33333333333333331        6.4000004852746581E-002
  0.73333333333333328       0.36666666666666664        4.4652838867697268E-002
  0.73333333333333328       0.40000000000000002        3.0431095486134995E-002
  0.73333333333333328       0.43333333333333335        2.0247963849387880E-002
  0.73333333333333328       0.46666666666666667        1.3147764771091770E-002
  0.73333333333333328       0.50000000000000000        8.3282556643884190E-003
  0.73333333333333328       0.53333333333333333        5.1442667049472653E-003
  0.73333333333333328       0.56666666666666665        3.0974548936181798E-003
  0.73333333333333328       0.59999999999999998        1.8174006490544027E-003
  0.73333333333333328       0.63333333333333330        1.0387676384088806E-003
  0.73333333333333328       0.66666666666666663        5.7818990538021601E-004
  0.73333333333333328       0.69999999999999996        3.1330879809150092E-004
  0.73333333333333328       0.73333333333333328        1.6523152113263802E-004
  0.73333333333333328       0.76666666666666661        8.4781941452374840E-005
  0.73333333333333328       0.80000000000000004        4.2314613425027044E-005
  0.73333333333333328       0.83333333333333337        2.0540954464897140E-005
  0.73333333333333328       0.86666666666666670        9.7077339614284268E-006
  0.73333333333333328       0.90000000000000002        4.4975997762210773E-006
  0.73333333333333328       0.93333333333333335        2.1233178626749526E-006
  0.73333333333333328       0.96666666666666667        1.2139438270757749E-006
  0.73333333333333328        1.0000000000000000        1.2139438270757749E-006

  0.76666666666666661        0.0000000000000000       0.66913060635885835     
  0.76666666666666661        3.3333333333333333E-002  0.56774931530696660     
  0.76666666666666661        6.6666666666666666E-002  0.47450318012613640     
  0.76666666666666661       0.10000000000000001       0.39013386157984692     
  0.76666666666666661       0.13333333333333333       0.31519703612516403     
  0.76666666666666661       0.16666666666666666       0.24997265598373053     
  0.76666666666666661       0.20000000000000001       0.19441798816851771     
  0.76666666666666661       0.23333333333333334       0.14816515440512681     
  0.76666666666666661       0.26666666666666666       0.11055801843070148     
  0.76666666666666661       0.29999999999999999        8.0718029334474237E-002
  0.76666666666666661       0.33333333333333331        5.7625863204494407E-002
  0.76666666666666661       0.36666666666666664        4.0205596705854399E-002
  0.76666666666666661       0.40000000000000002        2.7400281448129695E-002
  0.76666666666666661       0.43333333333333335        1.8231348538785302E-002
  0.76666666666666661       0.46666666666666667        1.1838300573367693E-002
  0.76666666666666661       0.50000000000000000        7.4987950821617261E-003
  0.76666666666666661       0.53333333333333333        4.6319185460812415E-003
  0.76666666666666661       0.56666666666666665        2.7889609132439445E-003
  0.76666666666666661       0.59999999999999998        1.6363948945181035E-003
  0.76666666666666661       0.63333333333333330        9.3531058270907225E-004
  0.76666666666666661       0.66666666666666663        5.2060452917653184E-004
  0.76666666666666661       0.69999999999999996        2.8210450891568280E-004
  0.76666666666666661       0.73333333333333328        1.4877512987331129E-004
  0.76666666666666661       0.76666666666666661        7.6338002967140991E-005
  0.76666666666666661       0.80000000000000004        3.8100249060794020E-005
  0.76666666666666661       0.83333333333333337        1.8495158473931157E-005
  0.76666666666666661       0.86666666666666670        8.7408829198376470E-006
  0.76666666666666661       0.90000000000000002        4.0496570281425183E-006
  0.76666666666666661       0.93333333333333335        1.9118439908823730E-006
  0.76666666666666661       0.96666666666666667        1.0930399314494254E-006
  0.76666666666666661        1.0000000000000000        1.0930399314494254E-006

  0.80000000000000004        0.0000000000000000       0.58778525229247325     
  0.80000000000000004        3.3333333333333333E-002  0.49872875544062517     
  0.80000000000000004        6.6666666666666666E-002  0.41681843394029894     
  0.80000000000000004       0.10000000000000001       0.34270578580224792     
  0.80000000000000004       0.13333333333333333       0.27687893460564411     
  0.80000000000000004       0.16666666666666666       0.21958379913773846     
  0.80000000000000004       0.20000000000000001       0.17078284140621183     
  0.80000000000000004       0.23333333333333334       0.13015290562910564     
  0.80000000000000004       0.26666666666666666        9.7117621191869841E-002
  0.80000000000000004       0.29999999999999999        7.0905241497009427E-002
  0.80000000000000004       0.33333333333333331        5.0620360539986649E-002
  0.80000000000000004       0.36666666666666664        3.5317853612940181E-002
  0.80000000000000004       0.40000000000000002        2.4069264192701161E-002
  0.80000000000000004       0.43333333333333335        1.6014986758436843E-002
  0.80000000000000004       0.46666666666666667        1.0399133477238139E-002
  0.80000000000000004       0.50000000000000000        6.5871761317911146E-003
  0.80000000000000004       0.53333333333333333        4.0688221183330800E-003
  0.80000000000000004       0.56666666666666665        2.4499104934766168E-003
  0.80000000000000004       0.59999999999999998        1.4374604550798174E-003
  0.80000000000000004       0.63333333333333330        8.2160606853878089E-004
  0.80000000000000004       0.66666666666666663        4.5731530080768808E-004
  0.80000000000000004       0.69999999999999996        2.4780942370602067E-004
  0.80000000000000004       0.73333333333333328        1.3068872715789507E-004
  0.80000000000000004       0.76666666666666661        6.7057689346645011E-005
  0.80000000000000004       0.80000000000000004        3.3468450394861250E-005
  0.80000000000000004       0.83333333333333337        1.6246725656364052E-005
  0.80000000000000004       0.86666666666666670        7.6782649358297816E-006
  0.80000000000000004       0.90000000000000002        3.5573453902184146E-006
  0.80000000000000004       0.93333333333333335        1.6794235562466101E-006
  0.80000000000000004       0.96666666666666667        9.6016046160080531E-007
  0.80000000000000004        1.0000000000000000        9.6016046160080531E-007

  0.83333333333333337        0.0000000000000000       0.49999999999999994     
  0.83333333333333337        3.3333333333333333E-002  0.42424401896397462     
  0.83333333333333337        6.6666666666666666E-002  0.35456693776734666     
  0.83333333333333337       0.10000000000000001       0.29152295371960329     
  0.83333333333333337       0.13333333333333333       0.23552728953794275     
  0.83333333333333337       0.16666666666666666       0.18678913623752916     
  0.83333333333333337       0.20000000000000001       0.14527656209485232     
  0.83333333333333337       0.23333333333333334       0.11071467438276549     
  0.83333333333333337       0.26666666666666666        8.2613182972091276E-002
  0.83333333333333337       0.29999999999999999        6.0315600995827667E-002
  0.83333333333333337       0.33333333333333331        4.3060250612411345E-002
  0.83333333333333337       0.36666666666666664        3.0043160725106575E-002
  0.83333333333333337       0.40000000000000002        2.0474539041960053E-002
  0.83333333333333337       0.43333333333333335        1.3623161431811519E-002
  0.83333333333333337       0.46666666666666667        8.8460312985733838E-003
  0.83333333333333337       0.50000000000000000        5.6033867012653758E-003
  0.83333333333333337       0.53333333333333333        3.4611468240006936E-003
  0.83333333333333337       0.56666666666666665        2.0840183416660288E-003
  0.83333333333333337       0.59999999999999998        1.2227768980877377E-003
  0.83333333333333337       0.63333333333333330        6.9889986634945550E-004
  0.83333333333333337       0.66666666666666663        3.8901563030381613E-004
  0.83333333333333337       0.69999999999999996        2.1079928659277963E-004
  0.83333333333333337       0.73333333333333328        1.1117047139936264E-004
  0.83333333333333337       0.76666666666666661        5.7042677648943558E-005
  0.83333333333333337       0.80000000000000004        2.8469964382678872E-005
  0.83333333333333337       0.83333333333333337        1.3820290312659908E-005
  0.83333333333333337       0.86666666666666670        6.5315222744047269E-006
  0.83333333333333337       0.90000000000000002        3.0260587317766971E-006
  0.83333333333333337       0.93333333333333335        1.4286030056866366E-006
  0.83333333333333337       0.96666666666666667        8.1676127280839276E-007
  0.83333333333333337        1.0000000000000000        8.1676127280839276E-007

  0.86666666666666670        0.0000000000000000       0.40673664307580004     
  0.86666666666666670        3.3333333333333333E-002  0.34511117623678628     
  0.86666666666666670        6.6666666666666666E-002  0.28843073202631347     
  0.86666666666666670       0.10000000000000001       0.23714613515090657     
  0.86666666666666670       0.13333333333333333       0.19159515819880976     
  0.86666666666666670       0.16666666666666666       0.15194797247256184     
  0.86666666666666670       0.20000000000000001       0.11817860236810655     
  0.86666666666666670       0.23333333333333334        9.0063429995352634E-002
  0.86666666666666670       0.26666666666666666        6.7203617431750531E-002
  0.86666666666666670       0.29999999999999999        4.9065130148284675E-002
  0.86666666666666670       0.33333333333333331        3.5028363568189724E-002
  0.86666666666666670       0.36666666666666664        2.4439308681433146E-002
  0.86666666666666670       0.40000000000000002        1.6655490556902484E-002
  0.86666666666666670       0.43333333333333335        1.1082077897709458E-002
  0.86666666666666670       0.46666666666666667        7.1960101498503995E-003
  0.86666666666666670       0.50000000000000000        4.5582053934565218E-003
  0.86666666666666670       0.53333333333333333        2.8155504807730190E-003
  0.86666666666666670       0.56666666666666665        1.6952932487952735E-003
  0.86666666666666670       0.59999999999999998        9.9469634151769259E-004
  0.86666666666666670       0.63333333333333330        5.6853637097020596E-004
  0.86666666666666670       0.66666666666666663        3.1645382314758142E-004
  0.86666666666666670       0.69999999999999996        1.7147958838304144E-004
  0.86666666666666670       0.73333333333333328        9.0434208692262034E-005
  0.86666666666666670       0.76666666666666661        4.6402694437972567E-005
  0.86666666666666670       0.80000000000000004        2.3159555482996802E-005
  0.86666666666666670       0.83333333333333337        1.1242436976208585E-005
  0.86666666666666670       0.86666666666666670        5.3132188881323880E-006
  0.86666666666666670       0.90000000000000002        2.4616179406261345E-006
  0.86666666666666670       0.93333333333333335        1.1621303816419614E-006
  0.86666666666666670       0.96666666666666667        6.6441347659280714E-007
  0.86666666666666670        1.0000000000000000        6.6441347659280714E-007

  0.90000000000000002        0.0000000000000000       0.30901699437494751     
  0.90000000000000002        3.3333333333333333E-002  0.26219722324359129     
  0.90000000000000002        6.6666666666666666E-002  0.21913441882718898     
  0.90000000000000002       0.10000000000000001       0.18017109389947739     
  0.90000000000000002       0.13333333333333333       0.14556387021258615     
  0.90000000000000002       0.16666666666666666       0.11544203492402767     
  0.90000000000000002       0.20000000000000001        8.9785853143353356E-002
  0.90000000000000002       0.23333333333333334        6.8425431821926341E-002
  0.90000000000000002       0.26666666666666666        5.1057754995566473E-002
  0.90000000000000002       0.29999999999999999        3.7277091467298504E-002
  0.90000000000000002       0.33333333333333331        2.6612698442558692E-002
  0.90000000000000002       0.36666666666666664        1.8567694457591800E-002
  0.90000000000000002       0.40000000000000002        1.2653961031918022E-002
  0.90000000000000002       0.43333333333333335        8.4195767990862015E-003
  0.90000000000000002       0.46666666666666667        5.4671480080637205E-003
  0.90000000000000002       0.50000000000000000        3.4630834334911558E-003
  0.90000000000000002       0.53333333333333333        2.1391063772861789E-003
  0.90000000000000002       0.56666666666666665        1.2879941683277972E-003
  0.90000000000000002       0.59999999999999998        7.5571768367638833E-004
  0.90000000000000002       0.63333333333333330        4.3194387213672239E-004
  0.90000000000000002       0.66666666666666663        2.4042488168272196E-004
  0.90000000000000002       0.69999999999999996        1.3028112391856784E-004
  0.90000000000000002       0.73333333333333328        6.8707129870154200E-005
  0.90000000000000002       0.76666666666666661        3.5254313596351061E-005
  0.90000000000000002       0.80000000000000004        1.7595405646994460E-005
  0.90000000000000002       0.83333333333333337        8.5414091476147345E-006
  0.90000000000000002       0.86666666666666670        4.0367027638591394E-006
  0.90000000000000002       0.90000000000000002        1.8702071481914004E-006
  0.90000000000000002       0.93333333333333335        8.8292521394460069E-007
  0.90000000000000002       0.96666666666666667        5.0478622729021205E-007
  0.90000000000000002        1.0000000000000000        5.0478622729021205E-007

  0.93333333333333335        0.0000000000000000       0.20791169081775931     
  0.93333333333333335        3.3333333333333333E-002  0.17641058260424305     
  0.93333333333333335        6.6666666666666666E-002  0.14743722307856857     
  0.93333333333333335       0.10000000000000001       0.12122206044006023     
  0.93333333333333335       0.13333333333333333        9.7937754003115274E-002
  0.93333333333333335       0.16666666666666666        7.7671290283066977E-002
  0.93333333333333335       0.20000000000000001        6.0409391322663909E-002
  0.93333333333333335       0.23333333333333334        4.6037750298516866E-002
  0.93333333333333335       0.26666666666666666        3.4352493111128847E-002
  0.93333333333333335       0.29999999999999999        2.5080637171463721E-002
  0.93333333333333335       0.33333333333333331        1.7905459023725805E-002
  0.93333333333333335       0.36666666666666664        1.2492648687733220E-002
  0.93333333333333335       0.40000000000000002        8.5137920618562814E-003
  0.93333333333333335       0.43333333333333335        5.6648290551424407E-003
  0.93333333333333335       0.46666666666666667        3.6783866486264230E-003
  0.93333333333333335       0.50000000000000000        2.3300192067316626E-003
  0.93333333333333335       0.53333333333333333        1.4392257766930039E-003
  0.93333333333333335       0.56666666666666665        8.6658355422201397E-004
  0.93333333333333335       0.59999999999999998        5.0845922474863307E-004
  0.93333333333333335       0.63333333333333330        2.9061890585004263E-004
  0.93333333333333335       0.66666666666666663        1.6176179490200561E-004
  0.93333333333333335       0.69999999999999996        8.7655272197364475E-005
  0.93333333333333335       0.73333333333333328        4.6227281355297692E-005
  0.93333333333333335       0.76666666666666661        2.3719679117528530E-005
  0.93333333333333335       0.80000000000000004        1.1838476864648301E-005
  0.93333333333333335       0.83333333333333337        5.7467998529948424E-006
  0.93333333333333335       0.86666666666666670        2.7159596793706877E-006
  0.93333333333333335       0.90000000000000002        1.2583059748750752E-006
  0.93333333333333335       0.93333333333333335        5.9404653283928331E-007
  0.93333333333333335       0.96666666666666667        3.3962843444811628E-007
  0.93333333333333335        1.0000000000000000        3.3962843444811628E-007

  0.96666666666666667        0.0000000000000000       0.10452846326765373     
  0.96666666666666667        3.3333333333333333E-002   8.8691150705595093E-002
  0.96666666666666667        6.6666666666666666E-002   7.4124674260676954E-002
  0.96666666666666667       0.10000000000000001        6.0944892719114789E-002
  0.96666666666666667       0.13333333333333333        4.9238611265993666E-002
  0.96666666666666667       0.16666666666666666        3.9049562732002580E-002
  0.96666666666666667       0.20000000000000001        3.0371071569165495E-002
  0.96666666666666667       0.23333333333333334        2.3145669548818231E-002
  0.96666666666666667       0.26666666666666666        1.7270858123444359E-002
  0.96666666666666667       0.29999999999999999        1.2609394166317633E-002
  0.96666666666666667       0.33333333333333331        9.0020436488707865E-003
  0.96666666666666667       0.36666666666666664        6.2807308445970251E-003
  0.96666666666666667       0.40000000000000002        4.2803442043393173E-003
  0.96666666666666667       0.43333333333333335        2.8480162586288480E-003
  0.96666666666666667       0.46666666666666667        1.8493241153148823E-003
  0.96666666666666667       0.50000000000000000        1.1714268019553517E-003
  0.96666666666666667       0.53333333333333333        7.2357671731302395E-004
  0.96666666666666667       0.56666666666666665        4.3567846935190722E-004
  0.96666666666666667       0.59999999999999998        2.5562998015259868E-004
  0.96666666666666667       0.63333333333333330        1.4610985801495399E-004
  0.96666666666666667       0.66666666666666663        8.1326412045511020E-005
  0.96666666666666667       0.69999999999999996        4.4069050970921847E-005
  0.96666666666666667       0.73333333333333328        2.3240957072232001E-005
  0.96666666666666667       0.76666666666666661        1.1925166870632391E-005
  0.96666666666666667       0.80000000000000004        5.9518432524125018E-006
  0.96666666666666667       0.83333333333333337        2.8892274165903567E-006
  0.96666666666666667       0.86666666666666670        1.3654599722839500E-006
  0.96666666666666667       0.90000000000000002        6.3261853798056504E-007
  0.96666666666666667       0.93333333333333335        2.9865935360794984E-007
  0.96666666666666667       0.96666666666666667        1.7074960140638796E-007
  0.96666666666666667        1.0000000000000000        1.7074960140638796E-007

   1.0000000000000000        0.0000000000000000        1.2246467991473532E-016
   1.0000000000000000        3.3333333333333333E-002   0.0000000000000000     
   1.0000000000000000        6.6666666666666666E-002   0.0000000000000000     
   1.0000000000000000       0.10000000000000001        0.0000000000000000     
   1.0000000000000000       0.13333333333333333        0.0000000000000000     
   1.0000000000000000       0.16666666666666666        0.0000000000000000     
   1.0000000000000000       0.20000000000000001        0.0000000000000000     
   1.0000000000000000       0.23333333333333334        0.0000000000000000     
   1.0000000000000000       0.26666666666666666        0.0000000000000000     
   1.0000000000000000       0.29999999999999999        0.0000000000000000     
   1.0000000000000000       0.33333333333333331        0.0000000000000000     
   1.0000000000000000       0.36666666666666664        0.0000000000000000     
   1.0000000000000000       0.40000000000000002        0.0000000000000000     
   1.0000000000000000       0.43333333333333335        0.0000000000000000     
   1.0000000000000000       0.46666666666666667        0.0000000000000000     
   1.0000000000000000       0.50000000000000000        0.0000000000000000     
   1.0000000000000000       0.53333333333333333        0.0000000000000000     
   1.0000000000000000       0.56666666666666665        0.0000000000000000     
   1.0000000000000000       0.59999999999999998        0.0000000000000000     
   1.0000000000000000       0.63333333333333330        0.0000000000000000     
   1.0000000000000000       0.66666666666666663        0.0000000000000000     
   1.0000000000000000       0.69999999999999996        0.0000000000000000     
   1.0000000000000000       0.73333333333333328        0.0000000000000000     
   1.0000000000000000       0.76666666666666661        0.0000000000000000     
   1.0000000000000000       0.80000000000000004        0.0000000000000000     
   1.0000000000000000       0.83333333333333337        0.0000000000000000     
   1.0000000000000000       0.86666666666666670        0.0000000000000000     
   1.0000000000000000       0.90000000000000002        0.0000000000000000     
   1.0000000000000000       0.93333333333333335        0.0000000000000000     
   1.0000000000000000       0.96666666666666667        0.0000000000000000     
   1.0000000000000000        1.0000000000000000        0.0000000000000000     

