   0.0000000000000000        0.0000000000000000        0.0000000000000000     
   0.0000000000000000        3.3333333333333333E-002   0.0000000000000000     
   0.0000000000000000        6.6666666666666666E-002   0.0000000000000000     
   0.0000000000000000       0.10000000000000001        0.0000000000000000     
   0.0000000000000000       0.13333333333333333        0.0000000000000000     
   0.0000000000000000       0.16666666666666666        0.0000000000000000     
   0.0000000000000000       0.20000000000000001        0.0000000000000000     
   0.0000000000000000       0.23333333333333334        0.0000000000000000     
   0.0000000000000000       0.26666666666666666        0.0000000000000000     
   0.0000000000000000       0.29999999999999999        0.0000000000000000     
   0.0000000000000000       0.33333333333333331        0.0000000000000000     
   0.0000000000000000       0.36666666666666664        0.0000000000000000     
   0.0000000000000000       0.40000000000000002        0.0000000000000000     
   0.0000000000000000       0.43333333333333335        0.0000000000000000     
   0.0000000000000000       0.46666666666666667        0.0000000000000000     
   0.0000000000000000       0.50000000000000000        0.0000000000000000     
   0.0000000000000000       0.53333333333333333        0.0000000000000000     
   0.0000000000000000       0.56666666666666665        0.0000000000000000     
   0.0000000000000000       0.59999999999999998        0.0000000000000000     
   0.0000000000000000       0.63333333333333330        0.0000000000000000     
   0.0000000000000000       0.66666666666666663        0.0000000000000000     
   0.0000000000000000       0.69999999999999996        0.0000000000000000     
   0.0000000000000000       0.73333333333333328        0.0000000000000000     
   0.0000000000000000       0.76666666666666661        0.0000000000000000     
   0.0000000000000000       0.80000000000000004        0.0000000000000000     
   0.0000000000000000       0.83333333333333337        0.0000000000000000     
   0.0000000000000000       0.86666666666666670        0.0000000000000000     
   0.0000000000000000       0.90000000000000002        0.0000000000000000     
   0.0000000000000000       0.93333333333333335        0.0000000000000000     
   0.0000000000000000       0.96666666666666667        0.0000000000000000     
   0.0000000000000000        1.0000000000000000        0.0000000000000000     

   3.3333333333333333E-002   0.0000000000000000       0.10452846326765346     
   3.3333333333333333E-002   3.3333333333333333E-002   8.9362761491068407E-002
   3.3333333333333333E-002   6.6666666666666666E-002   7.5417569501410375E-002
   3.3333333333333333E-002  0.10000000000000001        6.2764642575852653E-002
   3.3333333333333333E-002  0.13333333333333333        5.1458061417917325E-002
   3.3333333333333333E-002  0.16666666666666666        4.1523469139541337E-002
   3.3333333333333333E-002  0.20000000000000001        3.2951660684437035E-002
   3.3333333333333333E-002  0.23333333333333334        2.5696835238726155E-002
   3.3333333333333333E-002  0.26666666666666666        1.9679171696422821E-002
   3.3333333333333333E-002  0.29999999999999999        1.4790851316188899E-002
   3.3333333333333333E-002  0.33333333333333331        1.0904312422190950E-002
   3.3333333333333333E-002  0.36666666666666664        7.8814135241840454E-003
   3.3333333333333333E-002  0.40000000000000002        5.5822885374565180E-003
   3.3333333333333333E-002  0.43333333333333335        3.8729470281941682E-003
   3.3333333333333333E-002  0.46666666666666667        2.6310286065692333E-003
   3.3333333333333333E-002  0.50000000000000000        1.7494870160561797E-003
   3.3333333333333333E-002  0.53333333333333333        1.1382937277423333E-003
   3.3333333333333333E-002  0.56666666666666665        7.2447436256982140E-004
   3.3333333333333333E-002  0.59999999999999998        4.5091134220788027E-004
   3.3333333333333333E-002  0.63333333333333330        2.7437193104493221E-004
   3.3333333333333333E-002  0.66666666666666663        1.6317549624638797E-004
   3.3333333333333333E-002  0.69999999999999996        9.4826129274307042E-005
   3.3333333333333333E-002  0.73333333333333328        5.3833818294517607E-005
   3.3333333333333333E-002  0.76666666666666661        2.9849935028294650E-005
   3.3333333333333333E-002  0.80000000000000004        1.6163623268898983E-005
   3.3333333333333333E-002  0.83333333333333337        8.5498696830659689E-006
   3.3333333333333333E-002  0.86666666666666670        4.4269720531382742E-006
   3.3333333333333333E-002  0.90000000000000002        2.2667434031445286E-006
   3.3333333333333333E-002  0.93333333333333335        1.1997444391982060E-006
   3.3333333333333333E-002  0.96666666666666667        7.6499866602755399E-007
   3.3333333333333333E-002   1.0000000000000000        7.6499866602755399E-007

   6.6666666666666666E-002   0.0000000000000000       0.20791169081775931     
   6.6666666666666666E-002   3.3333333333333333E-002  0.17774644586688065     
   6.6666666666666666E-002   6.6666666666666666E-002  0.15000884832922223     
   6.6666666666666666E-002  0.10000000000000001       0.12484162259329842     
   6.6666666666666666E-002  0.13333333333333333       0.10235233754664831     
   6.6666666666666666E-002  0.16666666666666666        8.2591998461845326E-002
   6.6666666666666666E-002  0.20000000000000001        6.5542296078837062E-002
   6.6666666666666666E-002  0.23333333333333334        5.1112130573168345E-002
   6.6666666666666666E-002  0.26666666666666666        3.9142734269608202E-002
   6.6666666666666666E-002  0.29999999999999999        2.9419650970173006E-002
   6.6666666666666666E-002  0.33333333333333331        2.1689154915610305E-002
   6.6666666666666666E-002  0.36666666666666664        1.5676476632505321E-002
   6.6666666666666666E-002  0.40000000000000002        1.1103416353527684E-002
   6.6666666666666666E-002  0.43333333333333335        7.7034612382811708E-003
   6.6666666666666666E-002  0.46666666666666667        5.2332311131467633E-003
   6.6666666666666666E-002  0.50000000000000000        3.4798062862607527E-003
   6.6666666666666666E-002  0.53333333333333333        2.2641160712002450E-003
   6.6666666666666666E-002  0.56666666666666665        1.4410112324173207E-003
   6.6666666666666666E-002  0.59999999999999998        8.9688240539126645E-004
   6.6666666666666666E-002  0.63333333333333330        5.4573778579731830E-004
   6.6666666666666666E-002  0.66666666666666663        3.2456320760923269E-004
   6.6666666666666666E-002  0.69999999999999996        1.8861332363264148E-004
   6.6666666666666666E-002  0.73333333333333328        1.0707782201034977E-004
   6.6666666666666666E-002  0.76666666666666661        5.9372827921918821E-005
   6.6666666666666666E-002  0.80000000000000004        3.2150154498808280E-005
   6.6666666666666666E-002  0.83333333333333337        1.7006065204709012E-005
   6.6666666666666666E-002  0.86666666666666670        8.8054412740589052E-006
   6.6666666666666666E-002  0.90000000000000002        4.5086518912176534E-006
   6.6666666666666666E-002  0.93333333333333335        2.3863442272578918E-006
   6.6666666666666666E-002  0.96666666666666667        1.5216158465838476E-006
   6.6666666666666666E-002   1.0000000000000000        1.5216158465838476E-006

  0.10000000000000001        0.0000000000000000       0.30901699437494740     
  0.10000000000000001        3.3333333333333333E-002  0.26418270298594021     
  0.10000000000000001        6.6666666666666666E-002  0.22295659882336952     
  0.10000000000000001       0.10000000000000001       0.18555081166882292     
  0.10000000000000001       0.13333333333333333       0.15212522004661461     
  0.10000000000000001       0.16666666666666666       0.12275563256551450     
  0.10000000000000001       0.20000000000000001        9.7414836361790158E-002
  0.10000000000000001       0.23333333333333334        7.5967430709149950E-002
  0.10000000000000001       0.26666666666666666        5.8177440854992019E-002
  0.10000000000000001       0.29999999999999999        4.3726122771670144E-002
  0.10000000000000001       0.33333333333333331        3.2236366489026773E-002
  0.10000000000000001       0.36666666666666664        2.3299784982327230E-002
  0.10000000000000001       0.40000000000000002        1.6502892816490353E-002
  0.10000000000000001       0.43333333333333335        1.1449574714988664E-002
  0.10000000000000001       0.46666666666666667        7.7780972445246413E-003
  0.10000000000000001       0.50000000000000000        5.1720000705967736E-003
  0.10000000000000001       0.53333333333333333        3.3651322851853392E-003
  0.10000000000000001       0.56666666666666665        2.1417600816514694E-003
  0.10000000000000001       0.59999999999999998        1.3330270372564764E-003
  0.10000000000000001       0.63333333333333330        8.1112442316553536E-004
  0.10000000000000001       0.66666666666666663        4.8239493655029302E-004
  0.10000000000000001       0.69999999999999996        2.8033403094738130E-004
  0.10000000000000001       0.73333333333333328        1.5914865870076173E-004
  0.10000000000000001       0.76666666666666661        8.8245219688267448E-005
  0.10000000000000001       0.80000000000000004        4.7784441908176293E-005
  0.10000000000000001       0.83333333333333337        2.5275938717221330E-005
  0.10000000000000001       0.86666666666666670        1.3087436237723899E-005
  0.10000000000000001       0.90000000000000002        6.7011626456745332E-006
  0.10000000000000001       0.93333333333333335        3.5467987285891065E-006
  0.10000000000000001       0.96666666666666667        2.2615618855063815E-006
  0.10000000000000001        1.0000000000000000        2.2615618855063815E-006

  0.13333333333333333        0.0000000000000000       0.40673664307580015     
  0.13333333333333333        3.3333333333333333E-002  0.34772451912730112     
  0.13333333333333333        6.6666666666666666E-002  0.29346159016414020     
  0.13333333333333333       0.10000000000000001       0.24422706722270018     
  0.13333333333333333       0.13333333333333333       0.20023138680150132     
  0.13333333333333333       0.16666666666666666       0.16157433027052834     
  0.13333333333333333       0.20000000000000001       0.12822007931219839     
  0.13333333333333333       0.23333333333333334        9.9990415777075223E-002
  0.13333333333333333       0.26666666666666666        7.6574743223956340E-002
  0.13333333333333333       0.29999999999999999        5.7553522021801411E-002
  0.13333333333333333       0.33333333333333331        4.2430389685296090E-002
  0.13333333333333333       0.36666666666666664        3.0667816012089295E-002
  0.13333333333333333       0.40000000000000002        2.1721560132303211E-002
  0.13333333333333333       0.43333333333333335        1.5070244255141196E-002
  0.13333333333333333       0.46666666666666667        1.0237744914820017E-002
  0.13333333333333333       0.50000000000000000        6.8075283398487405E-003
  0.13333333333333333       0.53333333333333333        4.4292794056547402E-003
  0.13333333333333333       0.56666666666666665        2.8190433592389335E-003
  0.13333333333333333       0.59999999999999998        1.7545667459476634E-003
  0.13333333333333333       0.63333333333333330        1.0676242116148529E-003
  0.13333333333333333       0.66666666666666663        6.3494144561887793E-004
  0.13333333333333333       0.69999999999999996        3.6898333995539416E-004
  0.13333333333333333       0.73333333333333328        2.0947582938245023E-004
  0.13333333333333333       0.76666666666666661        1.1615077836121200E-004
  0.13333333333333333       0.80000000000000004        6.2895192972460982E-005
  0.13333333333333333       0.83333333333333337        3.3268883755817551E-005
  0.13333333333333333       0.86666666666666670        1.7226042511246287E-005
  0.13333333333333333       0.90000000000000002        8.8202540598769641E-006
  0.13333333333333333       0.93333333333333335        4.6683937608345488E-006
  0.13333333333333333       0.96666666666666667        2.9767297791490578E-006
  0.13333333333333333        1.0000000000000000        2.9767297791490578E-006

  0.16666666666666666        0.0000000000000000       0.49999999999999994     
  0.16666666666666666        3.3333333333333333E-002  0.42745659267106961     
  0.16666666666666666        6.6666666666666666E-002  0.36075135491228666     
  0.16666666666666666       0.10000000000000001       0.30022751992028612     
  0.16666666666666666       0.13333333333333333       0.24614377658147929     
  0.16666666666666666       0.16666666666666666       0.19862278580149592     
  0.16666666666666666       0.20000000000000001       0.15762051624188561     
  0.16666666666666666       0.23333333333333334       0.12291788492540714     
  0.16666666666666666       0.26666666666666666        9.4133076681863811E-002
  0.16666666666666666       0.29999999999999999        7.0750352840813033E-002
  0.16666666666666666       0.33333333333333331        5.2159536653043424E-002
  0.16666666666666666       0.36666666666666664        3.7699844031969819E-002
  0.16666666666666666       0.40000000000000002        2.6702241489777869E-002
  0.16666666666666666       0.43333333333333335        1.8525801045583046E-002
  0.16666666666666666       0.46666666666666667        1.2585225709442770E-002
  0.16666666666666666       0.50000000000000000        8.3684719040424335E-003
  0.16666666666666666       0.53333333333333333        5.4448984140694828E-003
  0.16666666666666666       0.56666666666666665        3.4654406078598278E-003
  0.16666666666666666       0.59999999999999998        2.1568830542035510E-003
  0.16666666666666666       0.63333333333333330        1.3124268857869887E-003
  0.16666666666666666       0.66666666666666663        7.8053140333922302E-004
  0.16666666666666666       0.69999999999999996        4.5358999027612782E-004
  0.16666666666666666       0.73333333333333328        2.5750793904178912E-004
  0.16666666666666666       0.76666666666666661        1.4278376480031813E-004
  0.16666666666666666       0.80000000000000004        7.7316851140874120E-005
  0.16666666666666666       0.83333333333333337        4.0897327942023531E-005
  0.16666666666666666       0.86666666666666670        2.1175916658234320E-005
  0.16666666666666666       0.90000000000000002        1.0842708924842562E-005
  0.16666666666666666       0.93333333333333335        5.7388408941120874E-006
  0.16666666666666666       0.96666666666666667        3.6592839984106234E-006
  0.16666666666666666        1.0000000000000000        3.6592839984106234E-006

  0.20000000000000001        0.0000000000000000       0.58778525229247314     
  0.20000000000000001        3.3333333333333333E-002  0.50250536233449117     
  0.20000000000000001        6.6666666666666666E-002  0.42408865232393989     
  0.20000000000000001       0.10000000000000001       0.35293861708297769     
  0.20000000000000001       0.13333333333333333       0.28935936363633391     
  0.20000000000000001       0.16666666666666666       0.23349508852673226     
  0.20000000000000001       0.20000000000000001       0.18529402981141319     
  0.20000000000000001       0.23333333333333334       0.14449864000427526     
  0.20000000000000001       0.26666666666666666       0.11066006845303210     
  0.20000000000000001       0.29999999999999999        8.3172027988637570E-002
  0.20000000000000001       0.33333333333333331        6.1317212822135266E-002
  0.20000000000000001       0.36666666666666664        4.4318824671436538E-002
  0.20000000000000001       0.40000000000000002        3.1390367501687257E-002
  0.20000000000000001       0.43333333333333335        2.1778385282996388E-002
  0.20000000000000001       0.46666666666666667        1.4794820137565076E-002
  0.20000000000000001       0.50000000000000000        9.8377287388401111E-003
  0.20000000000000001       0.53333333333333333        6.4008619760414359E-003
  0.20000000000000001       0.56666666666666665        4.0738697639909399E-003
  0.20000000000000001       0.59999999999999998        2.5355681003607880E-003
  0.20000000000000001       0.63333333333333330        1.5428503363554599E-003
  0.20000000000000001       0.66666666666666663        9.1756969566788660E-004
  0.20000000000000001       0.69999999999999996        5.3322701374358835E-004
  0.20000000000000001       0.73333333333333328        3.0271873783398569E-004
  0.20000000000000001       0.76666666666666661        1.6785238243284827E-004
  0.20000000000000001       0.80000000000000004        9.0891409708596566E-005
  0.20000000000000001       0.83333333333333337        4.8077692444980628E-005
  0.20000000000000001       0.86666666666666670        2.4893783030969282E-005
  0.20000000000000001       0.90000000000000002        1.2746368801844871E-005
  0.20000000000000001       0.93333333333333335        6.7464120856240702E-006
  0.20000000000000001       0.96666666666666667        4.3017463364311959E-006
  0.20000000000000001        1.0000000000000000        4.3017463364311959E-006

  0.23333333333333334        0.0000000000000000       0.66913060635885824     
  0.23333333333333334        3.3333333333333333E-002  0.57204857809216858     
  0.23333333333333334        6.6666666666666666E-002  0.48277954571447612     
  0.23333333333333334       0.10000000000000001       0.40178284489975447     
  0.23333333333333334       0.13333333333333333       0.32940466895084913     
  0.23333333333333334       0.16666666666666666       0.26580917020008116     
  0.23333333333333334       0.20000000000000001       0.21093742321505837     
  0.23333333333333334       0.23333333333333334       0.16449623774497210     
  0.23333333333333334       0.26666666666666666       0.12597464535712088     
  0.23333333333333334       0.29999999999999999        9.4682452992952804E-002
  0.23333333333333334       0.33333333333333331        6.9803084776096092E-002
  0.23333333333333334       0.36666666666666664        5.0452238993492701E-002
  0.23333333333333334       0.40000000000000002        3.5734574078391451E-002
  0.23333333333333334       0.43333333333333335        2.4792360973829107E-002
  0.23333333333333334       0.46666666666666667        1.6842319420245062E-002
  0.23333333333333334       0.50000000000000000        1.1199201358897966E-002
  0.23333333333333334       0.53333333333333333        7.2866963547373962E-003
  0.23333333333333334       0.56666666666666665        4.6376647504757125E-003
  0.23333333333333334       0.59999999999999998        2.8864729318087358E-003
  0.23333333333333334       0.63333333333333330        1.7563699957766313E-003
  0.23333333333333334       0.66666666666666663        1.0445549023970094E-003
  0.23333333333333334       0.69999999999999996        6.0702189046354796E-004
  0.23333333333333334       0.73333333333333328        3.4461288678650453E-004
  0.23333333333333334       0.76666666666666661        1.9108197423807493E-004
  0.23333333333333334       0.80000000000000004        1.0347014297130135E-004
  0.23333333333333334       0.83333333333333337        5.4731307688606563E-005
  0.23333333333333334       0.86666666666666670        2.8338907907457950E-005
  0.23333333333333334       0.90000000000000002        1.4510376794905015E-005
  0.23333333333333334       0.93333333333333335        7.6800681745484660E-006
  0.23333333333333334       0.96666666666666667        4.8970778413915355E-006
  0.23333333333333334        1.0000000000000000        4.8970778413915355E-006

  0.26666666666666666        0.0000000000000000       0.74314482547739413     
  0.26666666666666666        3.3333333333333333E-002  0.63532430991940725     
  0.26666666666666666        6.6666666666666666E-002  0.53618100537404956     
  0.26666666666666666       0.10000000000000001       0.44622505578934379     
  0.26666666666666666       0.13333333333333333       0.36584094777998033     
  0.26666666666666666       0.16666666666666666       0.29521099098057307     
  0.26666666666666666       0.20000000000000001       0.23426974206846574     
  0.26666666666666666       0.23333333333333334       0.18269158028188426     
  0.26666666666666666       0.26666666666666666       0.13990901768478772     
  0.26666666666666666       0.29999999999999999       0.10515551722870016     
  0.26666666666666666       0.33333333333333331        7.7524179526015424E-002
  0.26666666666666666       0.36666666666666664        5.6032888027326394E-002
  0.26666666666666666       0.40000000000000002        3.9687265183552423E-002
  0.26666666666666666       0.43333333333333335        2.7534706369697487E-002
  0.26666666666666666       0.46666666666666667        1.8705290726874924E-002
  0.26666666666666666       0.50000000000000000        1.2437973185284184E-002
  0.26666666666666666       0.53333333333333333        8.0926961633316138E-003
  0.26666666666666666       0.56666666666666665        5.1506485114605318E-003
  0.26666666666666666       0.59999999999999998        3.2057529617824940E-003
  0.26666666666666666       0.63333333333333330        1.9506464979800234E-003
  0.26666666666666666       0.66666666666666663        1.1600957470283050E-003
  0.26666666666666666       0.69999999999999996        6.7416610832409180E-004
  0.26666666666666666       0.73333333333333328        3.8273138483650775E-004
  0.26666666666666666       0.76666666666666661        2.1221803194707543E-004
  0.26666666666666666       0.80000000000000004        1.1491523569509313E-004
  0.26666666666666666       0.83333333333333337        6.0785275271933674E-005
  0.26666666666666666       0.86666666666666670        3.1473545778614775E-005
  0.26666666666666666       0.90000000000000002        1.6115406063308623E-005
  0.26666666666666666       0.93333333333333335        8.5295798293949207E-006
  0.26666666666666666       0.96666666666666667        5.4387559367421683E-006
  0.26666666666666666        1.0000000000000000        5.4387559367421683E-006

  0.29999999999999999        0.0000000000000000       0.80901699437494745     
  0.29999999999999999        3.3333333333333333E-002  0.69163929565700988     
  0.29999999999999999        6.6666666666666666E-002  0.58370795373565620     
  0.29999999999999999       0.10000000000000001       0.48577833158910905     
  0.29999999999999999       0.13333333333333333       0.39826899662809390     
  0.29999999999999999       0.16666666666666666       0.32137841836701048     
  0.29999999999999999       0.20000000000000001       0.25503535260367582     
  0.29999999999999999       0.23333333333333334       0.19888531563455714     
  0.29999999999999999       0.26666666666666666       0.15231051753685587     
  0.29999999999999999       0.29999999999999999       0.11447647561248321     
  0.29999999999999999       0.33333333333333331        8.4395903142070211E-002
  0.29999999999999999       0.36666666666666664        6.0999629014297056E-002
  0.29999999999999999       0.40000000000000002        4.3205134306268218E-002
  0.29999999999999999       0.43333333333333335        2.9975375760571712E-002
  0.29999999999999999       0.46666666666666667        2.0363322953967408E-002
  0.29999999999999999       0.50000000000000000        1.3540471974639208E-002
  0.29999999999999999       0.53333333333333333        8.8100306992548224E-003
  0.29999999999999999       0.56666666666666665        5.6072006895112967E-003
  0.29999999999999999       0.59999999999999998        3.4899100914600272E-003
  0.29999999999999999       0.63333333333333330        2.1235513089525242E-003
  0.29999999999999999       0.66666666666666663        1.2629263398895158E-003
  0.29999999999999999       0.69999999999999996        7.3392402122350912E-004
  0.29999999999999999       0.73333333333333328        4.1665659774255083E-004
  0.29999999999999999       0.76666666666666661        2.3102898448858558E-004
  0.29999999999999999       0.80000000000000004        1.2510129304905041E-004
  0.29999999999999999       0.83333333333333337        6.6173266659244861E-005
  0.29999999999999999       0.86666666666666670        3.4263352895958217E-005
  0.29999999999999999       0.90000000000000002        1.7543871570517097E-005
  0.29999999999999999       0.93333333333333335        9.2856396227011955E-006
  0.29999999999999999       0.96666666666666667        5.9208458839170053E-006
  0.29999999999999999        1.0000000000000000        5.9208458839170053E-006

  0.33333333333333331        0.0000000000000000       0.86602540378443860     
  0.33333333333333331        3.3333333333333333E-002  0.74037653653656665     
  0.33333333333333331        6.6666666666666666E-002  0.62483967560739284     
  0.33333333333333331       0.10000000000000001       0.52000931833233277     
  0.33333333333333331       0.13333333333333333       0.42633352700600458     
  0.33333333333333331       0.16666666666666666       0.34402475654906117     
  0.33333333333333331       0.20000000000000001       0.27300674244618134     
  0.33333333333333331       0.23333333333333334       0.21290002184970983     
  0.33333333333333331       0.26666666666666666       0.16304327148576531     
  0.33333333333333331       0.29999999999999999       0.12254320577371325     
  0.33333333333333331       0.33333333333333331        9.0342967582322339E-002
  0.33333333333333331       0.36666666666666664        6.5298045300794055E-002
  0.33333333333333331       0.40000000000000002        4.6249638936268940E-002
  0.33333333333333331       0.43333333333333335        3.2087628661862468E-002
  0.33333333333333331       0.46666666666666667        2.1798250353476947E-002
  0.33333333333333331       0.50000000000000000        1.4494618519514160E-002
  0.33333333333333331       0.53333333333333333        9.4308406952195480E-003
  0.33333333333333331       0.56666666666666665        6.0023192034255948E-003
  0.33333333333333331       0.59999999999999998        3.7358310358648868E-003
  0.33333333333333331       0.63333333333333330        2.2731900474024600E-003
  0.33333333333333331       0.66666666666666663        1.3519200474865702E-003
  0.33333333333333331       0.69999999999999996        7.8564090896292619E-004
  0.33333333333333331       0.73333333333333328        4.4601683377272809E-004
  0.33333333333333331       0.76666666666666661        2.4730873513011565E-004
  0.33333333333333331       0.80000000000000004        1.3391671445723367E-004
  0.33333333333333331       0.83333333333333337        7.0836249889391078E-005
  0.33333333333333331       0.86666666666666670        3.6677763548905988E-005
  0.33333333333333331       0.90000000000000002        1.8780122749507837E-005
  0.33333333333333331       0.93333333333333335        9.9399640051561381E-006
  0.33333333333333331       0.96666666666666667        6.3380658045709912E-006
  0.33333333333333331        1.0000000000000000        6.3380658045709912E-006

  0.36666666666666664        0.0000000000000000       0.91354545764260087     
  0.36666666666666664        3.3333333333333333E-002  0.78100205714807824     
  0.36666666666666664        6.6666666666666666E-002  0.65912552323706664     
  0.36666666666666664       0.10000000000000001       0.54854297416496167     
  0.36666666666666664       0.13333333333333333       0.44972705804601121     
  0.36666666666666664       0.16666666666666666       0.36290188750655178     
  0.36666666666666664       0.20000000000000001       0.28798701328811283     
  0.36666666666666664       0.23333333333333334       0.22458215087328329     
  0.36666666666666664       0.26666666666666666       0.17198968923327868     
  0.36666666666666664       0.29999999999999999       0.12926732692867210     
  0.36666666666666664       0.33333333333333331        9.5300215564261159E-002
  0.36666666666666664       0.36666666666666664        6.8881042538481110E-002
  0.36666666666666664       0.40000000000000002        4.8787422843724740E-002
  0.36666666666666664       0.43333333333333335        3.3848322788765886E-002
  0.36666666666666664       0.46666666666666667        2.2994351560536645E-002
  0.36666666666666664       0.50000000000000000        1.5289958990695388E-002
  0.36666666666666664       0.53333333333333333        9.9483244269971544E-003
  0.36666666666666664       0.56666666666666665        6.3316750520811182E-003
  0.36666666666666664       0.59999999999999998        3.9408214336679077E-003
  0.36666666666666664       0.63333333333333330        2.3979232399974561E-003
  0.36666666666666664       0.66666666666666663        1.4261018361359037E-003
  0.36666666666666664       0.69999999999999996        8.2875015049781609E-004
  0.36666666666666664       0.73333333333333328        4.7049041603706846E-004
  0.36666666666666664       0.76666666666666661        2.6087891951688026E-004
  0.36666666666666664       0.80000000000000004        1.4126491631794938E-004
  0.36666666666666664       0.83333333333333337        7.4723136342310823E-005
  0.36666666666666664       0.86666666666666670        3.8690324949096498E-005
  0.36666666666666664       0.90000000000000002        1.9810614973661623E-005
  0.36666666666666664       0.93333333333333335        1.0485384061899400E-005
  0.36666666666666664       0.96666666666666667        6.6858445499445588E-006
  0.36666666666666664        1.0000000000000000        6.6858445499445588E-006

  0.40000000000000002        0.0000000000000000       0.95105651629515353     
  0.40000000000000002        3.3333333333333333E-002  0.81307075578628796     
  0.40000000000000002        6.6666666666666666E-002  0.68618985370327190     
  0.40000000000000002       0.10000000000000001       0.57106667838264225     
  0.40000000000000002       0.13333333333333333       0.46819328532662868     
  0.40000000000000002       0.16666666666666666       0.37780298944241847     
  0.40000000000000002       0.20000000000000001       0.29981203814730284     
  0.40000000000000002       0.23333333333333334       0.23380371085505261     
  0.40000000000000002       0.26666666666666666       0.17905175195439593     
  0.40000000000000002       0.29999999999999999       0.13457516819887316     
  0.40000000000000002       0.33333333333333331        9.9213334441625736E-002
  0.40000000000000002       0.36666666666666664        7.1709364659831715E-002
  0.40000000000000002       0.40000000000000002        5.0790681537080114E-002
  0.40000000000000002       0.43333333333333335        3.5238167607978654E-002
  0.40000000000000002       0.46666666666666667        2.3938521840021688E-002
  0.40000000000000002       0.50000000000000000        1.5917779471544935E-002
  0.40000000000000002       0.53333333333333333        1.0356812234531857E-002
  0.40000000000000002       0.56666666666666665        6.5916597438778531E-003
  0.40000000000000002       0.59999999999999998        4.1026353671737605E-003
  0.40000000000000002       0.63333333333333330        2.4963842837773418E-003
  0.40000000000000002       0.66666666666666663        1.4846589546375377E-003
  0.40000000000000002       0.69999999999999996        8.6277943195673334E-004
  0.40000000000000002       0.73333333333333328        4.8980920684685747E-004
  0.40000000000000002       0.76666666666666661        2.7159085986899431E-004
  0.40000000000000002       0.80000000000000004        1.4706539019390140E-004
  0.40000000000000002       0.83333333333333337        7.7791340476642690E-005
  0.40000000000000002       0.86666666666666670        4.0278987052673682E-005
  0.40000000000000002       0.90000000000000002        2.0624057954526277E-005
  0.40000000000000002       0.93333333333333335        1.0915924056652812E-005
  0.40000000000000002       0.96666666666666667        6.9603717833260163E-006
  0.40000000000000002        1.0000000000000000        6.9603717833260163E-006

  0.43333333333333335        0.0000000000000000       0.97814760073380569     
  0.43333333333333335        3.3333333333333333E-002  0.83623128107810885     
  0.43333333333333335        6.6666666666666666E-002  0.70573614453784572     
  0.43333333333333335       0.10000000000000001       0.58733365656857739     
  0.43333333333333335       0.13333333333333333       0.48152988899746374     
  0.43333333333333335       0.16666666666666666       0.38856480276559568     
  0.43333333333333335       0.20000000000000001       0.30835225957684848     
  0.43333333333333335       0.23333333333333334       0.24046366845412204     
  0.43333333333333335       0.26666666666666666       0.18415208621211290     
  0.43333333333333335       0.29999999999999999       0.13840857576462295     
  0.43333333333333335       0.33333333333333331       0.10203945126512286     
  0.43333333333333335       0.36666666666666664        7.3752023975819939E-002
  0.43333333333333335       0.40000000000000002        5.2237466894881804E-002
  0.43333333333333335       0.43333333333333335        3.6241935688817770E-002
  0.43333333333333335       0.46666666666666667        2.4620416664769704E-002
  0.43333333333333335       0.50000000000000000        1.6371201429494737E-002
  0.43333333333333335       0.53333333333333333        1.0651828639922735E-002
  0.43333333333333335       0.56666666666666665        6.7794248321271814E-003
  0.43333333333333335       0.59999999999999998        4.2194999690652124E-003
  0.43333333333333335       0.63333333333333330        2.5674944189421670E-003
  0.43333333333333335       0.66666666666666663        1.5269498389473026E-003
  0.43333333333333335       0.69999999999999996        8.8735592141092926E-004
  0.43333333333333335       0.73333333333333328        5.0376154548726628E-004
  0.43333333333333335       0.76666666666666661        2.7932719392634238E-004
  0.43333333333333335       0.80000000000000004        1.5125458487947767E-004
  0.43333333333333335       0.83333333333333337        8.0007246405827893E-005
  0.43333333333333335       0.86666666666666670        4.1426344145181847E-005
  0.43333333333333335       0.90000000000000002        2.1211539440579551E-005
  0.43333333333333335       0.93333333333333335        1.1226866903137573E-005
  0.43333333333333335       0.96666666666666667        7.1586397268979166E-006
  0.43333333333333335        1.0000000000000000        7.1586397268979166E-006

  0.46666666666666667        0.0000000000000000       0.99452189536827329     
  0.46666666666666667        3.3333333333333333E-002  0.85022988146179224     
  0.46666666666666667        6.6666666666666666E-002  0.71755024248808008     
  0.46666666666666667       0.10000000000000001       0.59716568430567796     
  0.46666666666666667       0.13333333333333333       0.48959075043783523     
  0.46666666666666667       0.16666666666666666       0.39506941879726060     
  0.46666666666666667       0.20000000000000001       0.31351410912361155     
  0.46666666666666667       0.23333333333333334       0.24448905578135049     
  0.46666666666666667       0.26666666666666666       0.18723481167698844     
  0.46666666666666667       0.29999999999999999       0.14072555001043899     
  0.46666666666666667       0.33333333333333331       0.10374760250743137     
  0.46666666666666667       0.36666666666666664        7.4986640683525826E-002
  0.46666666666666667       0.40000000000000002        5.3111927633990468E-002
  0.46666666666666667       0.43333333333333335        3.6848629538137584E-002
  0.46666666666666667       0.46666666666666667        2.5032565052385089E-002
  0.46666666666666667       0.50000000000000000        1.6645257078688851E-002
  0.46666666666666667       0.53333333333333333        1.0830141381696176E-002
  0.46666666666666667       0.56666666666666665        6.8929131232298739E-003
  0.46666666666666667       0.59999999999999998        4.2901348463084514E-003
  0.46666666666666667       0.63333333333333330        2.6104745479703130E-003
  0.46666666666666667       0.66666666666666663        1.5525111412867647E-003
  0.46666666666666667       0.69999999999999996        9.0221035369898262E-004
  0.46666666666666667       0.73333333333333328        5.1219456721643593E-004
  0.46666666666666667       0.76666666666666661        2.8400316079406026E-004
  0.46666666666666667       0.80000000000000004        1.5378660268105756E-004
  0.46666666666666667       0.83333333333333337        8.1346576200798178E-005
  0.46666666666666667       0.86666666666666670        4.2119825542215576E-005
  0.46666666666666667       0.90000000000000002        2.1566622861721842E-005
  0.46666666666666667       0.93333333333333335        1.1414805846458622E-005
  0.46666666666666667       0.96666666666666667        7.2784761155802537E-006
  0.46666666666666667        1.0000000000000000        7.2784761155802537E-006

  0.50000000000000000        0.0000000000000000        1.0000000000000000     
  0.50000000000000000        3.3333333333333333E-002  0.85491318534213923     
  0.50000000000000000        6.6666666666666666E-002  0.72150270982457343     
  0.50000000000000000       0.10000000000000001       0.60045503984057214     
  0.50000000000000000       0.13333333333333333       0.49228755316295864     
  0.50000000000000000       0.16666666666666666       0.39724557160299179     
  0.50000000000000000       0.20000000000000001       0.31524103248377122     
  0.50000000000000000       0.23333333333333334       0.24583576985081429     
  0.50000000000000000       0.26666666666666666       0.18826615336372765     
  0.50000000000000000       0.29999999999999999       0.14150070568162609     
  0.50000000000000000       0.33333333333333331       0.10431907330608686     
  0.50000000000000000       0.36666666666666664        7.5399688063939638E-002
  0.50000000000000000       0.40000000000000002        5.3404482979555745E-002
  0.50000000000000000       0.43333333333333335        3.7051602091166091E-002
  0.50000000000000000       0.46666666666666667        2.5170451418885537E-002
  0.50000000000000000       0.50000000000000000        1.6736943808084867E-002
  0.50000000000000000       0.53333333333333333        1.0889796828138966E-002
  0.50000000000000000       0.56666666666666665        6.9308812157196547E-003
  0.50000000000000000       0.59999999999999998        4.3137661084071020E-003
  0.50000000000000000       0.63333333333333330        2.6248537715739774E-003
  0.50000000000000000       0.66666666666666663        1.5610628066784460E-003
  0.50000000000000000       0.69999999999999996        9.0717998055225564E-004
  0.50000000000000000       0.73333333333333328        5.1501587808357836E-004
  0.50000000000000000       0.76666666666666661        2.8556752960063632E-004
  0.50000000000000000       0.80000000000000004        1.5463370228174824E-004
  0.50000000000000000       0.83333333333333337        8.1794655884047076E-005
  0.50000000000000000       0.86666666666666670        4.2351833316468640E-005
  0.50000000000000000       0.90000000000000002        2.1685417849685127E-005
  0.50000000000000000       0.93333333333333335        1.1477681788224175E-005
  0.50000000000000000       0.96666666666666667        7.3185679968212476E-006
  0.50000000000000000        1.0000000000000000        7.3185679968212476E-006

  0.53333333333333333        0.0000000000000000       0.99452189536827340     
  0.53333333333333333        3.3333333333333333E-002  0.85022988146179235     
  0.53333333333333333        6.6666666666666666E-002  0.71755024248808008     
  0.53333333333333333       0.10000000000000001       0.59716568430567796     
  0.53333333333333333       0.13333333333333333       0.48959075043783518     
  0.53333333333333333       0.16666666666666666       0.39506941879726060     
  0.53333333333333333       0.20000000000000001       0.31351410912361161     
  0.53333333333333333       0.23333333333333334       0.24448905578135047     
  0.53333333333333333       0.26666666666666666       0.18723481167698844     
  0.53333333333333333       0.29999999999999999       0.14072555001043899     
  0.53333333333333333       0.33333333333333331       0.10374760250743136     
  0.53333333333333333       0.36666666666666664        7.4986640683525840E-002
  0.53333333333333333       0.40000000000000002        5.3111927633990468E-002
  0.53333333333333333       0.43333333333333335        3.6848629538137591E-002
  0.53333333333333333       0.46666666666666667        2.5032565052385089E-002
  0.53333333333333333       0.50000000000000000        1.6645257078688851E-002
  0.53333333333333333       0.53333333333333333        1.0830141381696176E-002
  0.53333333333333333       0.56666666666666665        6.8929131232298739E-003
  0.53333333333333333       0.59999999999999998        4.2901348463084514E-003
  0.53333333333333333       0.63333333333333330        2.6104745479703130E-003
  0.53333333333333333       0.66666666666666663        1.5525111412867647E-003
  0.53333333333333333       0.69999999999999996        9.0221035369898262E-004
  0.53333333333333333       0.73333333333333328        5.1219456721643593E-004
  0.53333333333333333       0.76666666666666661        2.8400316079406026E-004
  0.53333333333333333       0.80000000000000004        1.5378660268105756E-004
  0.53333333333333333       0.83333333333333337        8.1346576200798178E-005
  0.53333333333333333       0.86666666666666670        4.2119825542215576E-005
  0.53333333333333333       0.90000000000000002        2.1566622861721842E-005
  0.53333333333333333       0.93333333333333335        1.1414805846458622E-005
  0.53333333333333333       0.96666666666666667        7.2784761155802537E-006
  0.53333333333333333        1.0000000000000000        7.2784761155802537E-006

  0.56666666666666665        0.0000000000000000       0.97814760073380569     
  0.56666666666666665        3.3333333333333333E-002  0.83623128107810885     
  0.56666666666666665        6.6666666666666666E-002  0.70573614453784572     
  0.56666666666666665       0.10000000000000001       0.58733365656857739     
  0.56666666666666665       0.13333333333333333       0.48152988899746380     
  0.56666666666666665       0.16666666666666666       0.38856480276559568     
  0.56666666666666665       0.20000000000000001       0.30835225957684853     
  0.56666666666666665       0.23333333333333334       0.24046366845412204     
  0.56666666666666665       0.26666666666666666       0.18415208621211288     
  0.56666666666666665       0.29999999999999999       0.13840857576462295     
  0.56666666666666665       0.33333333333333331       0.10203945126512286     
  0.56666666666666665       0.36666666666666664        7.3752023975819911E-002
  0.56666666666666665       0.40000000000000002        5.2237466894881811E-002
  0.56666666666666665       0.43333333333333335        3.6241935688817777E-002
  0.56666666666666665       0.46666666666666667        2.4620416664769707E-002
  0.56666666666666665       0.50000000000000000        1.6371201429494740E-002
  0.56666666666666665       0.53333333333333333        1.0651828639922737E-002
  0.56666666666666665       0.56666666666666665        6.7794248321271823E-003
  0.56666666666666665       0.59999999999999998        4.2194999690652124E-003
  0.56666666666666665       0.63333333333333330        2.5674944189421670E-003
  0.56666666666666665       0.66666666666666663        1.5269498389473028E-003
  0.56666666666666665       0.69999999999999996        8.8735592141092937E-004
  0.56666666666666665       0.73333333333333328        5.0376154548726628E-004
  0.56666666666666665       0.76666666666666661        2.7932719392634244E-004
  0.56666666666666665       0.80000000000000004        1.5125458487947767E-004
  0.56666666666666665       0.83333333333333337        8.0007246405827893E-005
  0.56666666666666665       0.86666666666666670        4.1426344145181854E-005
  0.56666666666666665       0.90000000000000002        2.1211539440579551E-005
  0.56666666666666665       0.93333333333333335        1.1226866903137573E-005
  0.56666666666666665       0.96666666666666667        7.1586397268979166E-006
  0.56666666666666665        1.0000000000000000        7.1586397268979166E-006

  0.59999999999999998        0.0000000000000000       0.95105651629515364     
  0.59999999999999998        3.3333333333333333E-002  0.81307075578628796     
  0.59999999999999998        6.6666666666666666E-002  0.68618985370327190     
  0.59999999999999998       0.10000000000000001       0.57106667838264236     
  0.59999999999999998       0.13333333333333333       0.46819328532662868     
  0.59999999999999998       0.16666666666666666       0.37780298944241847     
  0.59999999999999998       0.20000000000000001       0.29981203814730284     
  0.59999999999999998       0.23333333333333334       0.23380371085505264     
  0.59999999999999998       0.26666666666666666       0.17905175195439593     
  0.59999999999999998       0.29999999999999999       0.13457516819887314     
  0.59999999999999998       0.33333333333333331        9.9213334441625722E-002
  0.59999999999999998       0.36666666666666664        7.1709364659831729E-002
  0.59999999999999998       0.40000000000000002        5.0790681537080107E-002
  0.59999999999999998       0.43333333333333335        3.5238167607978661E-002
  0.59999999999999998       0.46666666666666667        2.3938521840021688E-002
  0.59999999999999998       0.50000000000000000        1.5917779471544938E-002
  0.59999999999999998       0.53333333333333333        1.0356812234531859E-002
  0.59999999999999998       0.56666666666666665        6.5916597438778540E-003
  0.59999999999999998       0.59999999999999998        4.1026353671737605E-003
  0.59999999999999998       0.63333333333333330        2.4963842837773418E-003
  0.59999999999999998       0.66666666666666663        1.4846589546375379E-003
  0.59999999999999998       0.69999999999999996        8.6277943195673344E-004
  0.59999999999999998       0.73333333333333328        4.8980920684685758E-004
  0.59999999999999998       0.76666666666666661        2.7159085986899425E-004
  0.59999999999999998       0.80000000000000004        1.4706539019390143E-004
  0.59999999999999998       0.83333333333333337        7.7791340476642676E-005
  0.59999999999999998       0.86666666666666670        4.0278987052673682E-005
  0.59999999999999998       0.90000000000000002        2.0624057954526280E-005
  0.59999999999999998       0.93333333333333335        1.0915924056652815E-005
  0.59999999999999998       0.96666666666666667        6.9603717833260163E-006
  0.59999999999999998        1.0000000000000000        6.9603717833260163E-006

  0.63333333333333330        0.0000000000000000       0.91354545764260098     
  0.63333333333333330        3.3333333333333333E-002  0.78100205714807835     
  0.63333333333333330        6.6666666666666666E-002  0.65912552323706675     
  0.63333333333333330       0.10000000000000001       0.54854297416496178     
  0.63333333333333330       0.13333333333333333       0.44972705804601132     
  0.63333333333333330       0.16666666666666666       0.36290188750655178     
  0.63333333333333330       0.20000000000000001       0.28798701328811283     
  0.63333333333333330       0.23333333333333334       0.22458215087328329     
  0.63333333333333330       0.26666666666666666       0.17198968923327868     
  0.63333333333333330       0.29999999999999999       0.12926732692867210     
  0.63333333333333330       0.33333333333333331        9.5300215564261173E-002
  0.63333333333333330       0.36666666666666664        6.8881042538481096E-002
  0.63333333333333330       0.40000000000000002        4.8787422843724747E-002
  0.63333333333333330       0.43333333333333335        3.3848322788765879E-002
  0.63333333333333330       0.46666666666666667        2.2994351560536648E-002
  0.63333333333333330       0.50000000000000000        1.5289958990695390E-002
  0.63333333333333330       0.53333333333333333        9.9483244269971561E-003
  0.63333333333333330       0.56666666666666665        6.3316750520811182E-003
  0.63333333333333330       0.59999999999999998        3.9408214336679077E-003
  0.63333333333333330       0.63333333333333330        2.3979232399974565E-003
  0.63333333333333330       0.66666666666666663        1.4261018361359042E-003
  0.63333333333333330       0.69999999999999996        8.2875015049781631E-004
  0.63333333333333330       0.73333333333333328        4.7049041603706857E-004
  0.63333333333333330       0.76666666666666661        2.6087891951688026E-004
  0.63333333333333330       0.80000000000000004        1.4126491631794938E-004
  0.63333333333333330       0.83333333333333337        7.4723136342310837E-005
  0.63333333333333330       0.86666666666666670        3.8690324949096491E-005
  0.63333333333333330       0.90000000000000002        1.9810614973661626E-005
  0.63333333333333330       0.93333333333333335        1.0485384061899402E-005
  0.63333333333333330       0.96666666666666667        6.6858445499445596E-006
  0.63333333333333330        1.0000000000000000        6.6858445499445596E-006

  0.66666666666666663        0.0000000000000000       0.86602540378443871     
  0.66666666666666663        3.3333333333333333E-002  0.74037653653656677     
  0.66666666666666663        6.6666666666666666E-002  0.62483967560739295     
  0.66666666666666663       0.10000000000000001       0.52000931833233277     
  0.66666666666666663       0.13333333333333333       0.42633352700600458     
  0.66666666666666663       0.16666666666666666       0.34402475654906117     
  0.66666666666666663       0.20000000000000001       0.27300674244618134     
  0.66666666666666663       0.23333333333333334       0.21290002184970983     
  0.66666666666666663       0.26666666666666666       0.16304327148576531     
  0.66666666666666663       0.29999999999999999       0.12254320577371326     
  0.66666666666666663       0.33333333333333331        9.0342967582322353E-002
  0.66666666666666663       0.36666666666666664        6.5298045300794069E-002
  0.66666666666666663       0.40000000000000002        4.6249638936268947E-002
  0.66666666666666663       0.43333333333333335        3.2087628661862475E-002
  0.66666666666666663       0.46666666666666667        2.1798250353476951E-002
  0.66666666666666663       0.50000000000000000        1.4494618519514162E-002
  0.66666666666666663       0.53333333333333333        9.4308406952195480E-003
  0.66666666666666663       0.56666666666666665        6.0023192034255957E-003
  0.66666666666666663       0.59999999999999998        3.7358310358648872E-003
  0.66666666666666663       0.63333333333333330        2.2731900474024604E-003
  0.66666666666666663       0.66666666666666663        1.3519200474865704E-003
  0.66666666666666663       0.69999999999999996        7.8564090896292651E-004
  0.66666666666666663       0.73333333333333328        4.4601683377272825E-004
  0.66666666666666663       0.76666666666666661        2.4730873513011565E-004
  0.66666666666666663       0.80000000000000004        1.3391671445723370E-004
  0.66666666666666663       0.83333333333333337        7.0836249889391064E-005
  0.66666666666666663       0.86666666666666670        3.6677763548905995E-005
  0.66666666666666663       0.90000000000000002        1.8780122749507834E-005
  0.66666666666666663       0.93333333333333335        9.9399640051561415E-006
  0.66666666666666663       0.96666666666666667        6.3380658045709912E-006
  0.66666666666666663        1.0000000000000000        6.3380658045709912E-006

  0.69999999999999996        0.0000000000000000       0.80901699437494745     
  0.69999999999999996        3.3333333333333333E-002  0.69163929565700988     
  0.69999999999999996        6.6666666666666666E-002  0.58370795373565632     
  0.69999999999999996       0.10000000000000001       0.48577833158910910     
  0.69999999999999996       0.13333333333333333       0.39826899662809395     
  0.69999999999999996       0.16666666666666666       0.32137841836701048     
  0.69999999999999996       0.20000000000000001       0.25503535260367582     
  0.69999999999999996       0.23333333333333334       0.19888531563455711     
  0.69999999999999996       0.26666666666666666       0.15231051753685584     
  0.69999999999999996       0.29999999999999999       0.11447647561248320     
  0.69999999999999996       0.33333333333333331        8.4395903142070225E-002
  0.69999999999999996       0.36666666666666664        6.0999629014297063E-002
  0.69999999999999996       0.40000000000000002        4.3205134306268225E-002
  0.69999999999999996       0.43333333333333335        2.9975375760571719E-002
  0.69999999999999996       0.46666666666666667        2.0363322953967412E-002
  0.69999999999999996       0.50000000000000000        1.3540471974639208E-002
  0.69999999999999996       0.53333333333333333        8.8100306992548241E-003
  0.69999999999999996       0.56666666666666665        5.6072006895112976E-003
  0.69999999999999996       0.59999999999999998        3.4899100914600276E-003
  0.69999999999999996       0.63333333333333330        2.1235513089525242E-003
  0.69999999999999996       0.66666666666666663        1.2629263398895162E-003
  0.69999999999999996       0.69999999999999996        7.3392402122350923E-004
  0.69999999999999996       0.73333333333333328        4.1665659774255093E-004
  0.69999999999999996       0.76666666666666661        2.3102898448858561E-004
  0.69999999999999996       0.80000000000000004        1.2510129304905041E-004
  0.69999999999999996       0.83333333333333337        6.6173266659244875E-005
  0.69999999999999996       0.86666666666666670        3.4263352895958224E-005
  0.69999999999999996       0.90000000000000002        1.7543871570517097E-005
  0.69999999999999996       0.93333333333333335        9.2856396227011955E-006
  0.69999999999999996       0.96666666666666667        5.9208458839170053E-006
  0.69999999999999996        1.0000000000000000        5.9208458839170053E-006

  0.73333333333333328        0.0000000000000000       0.74314482547739447     
  0.73333333333333328        3.3333333333333333E-002  0.63532430991940736     
  0.73333333333333328        6.6666666666666666E-002  0.53618100537404967     
  0.73333333333333328       0.10000000000000001       0.44622505578934391     
  0.73333333333333328       0.13333333333333333       0.36584094777998039     
  0.73333333333333328       0.16666666666666666       0.29521099098057313     
  0.73333333333333328       0.20000000000000001       0.23426974206846576     
  0.73333333333333328       0.23333333333333334       0.18269158028188426     
  0.73333333333333328       0.26666666666666666       0.13990901768478772     
  0.73333333333333328       0.29999999999999999       0.10515551722870016     
  0.73333333333333328       0.33333333333333331        7.7524179526015424E-002
  0.73333333333333328       0.36666666666666664        5.6032888027326401E-002
  0.73333333333333328       0.40000000000000002        3.9687265183552430E-002
  0.73333333333333328       0.43333333333333335        2.7534706369697487E-002
  0.73333333333333328       0.46666666666666667        1.8705290726874928E-002
  0.73333333333333328       0.50000000000000000        1.2437973185284185E-002
  0.73333333333333328       0.53333333333333333        8.0926961633316138E-003
  0.73333333333333328       0.56666666666666665        5.1506485114605326E-003
  0.73333333333333328       0.59999999999999998        3.2057529617824944E-003
  0.73333333333333328       0.63333333333333330        1.9506464979800236E-003
  0.73333333333333328       0.66666666666666663        1.1600957470283050E-003
  0.73333333333333328       0.69999999999999996        6.7416610832409202E-004
  0.73333333333333328       0.73333333333333328        3.8273138483650780E-004
  0.73333333333333328       0.76666666666666661        2.1221803194707548E-004
  0.73333333333333328       0.80000000000000004        1.1491523569509314E-004
  0.73333333333333328       0.83333333333333337        6.0785275271933674E-005
  0.73333333333333328       0.86666666666666670        3.1473545778614782E-005
  0.73333333333333328       0.90000000000000002        1.6115406063308626E-005
  0.73333333333333328       0.93333333333333335        8.5295798293949207E-006
  0.73333333333333328       0.96666666666666667        5.4387559367421683E-006
  0.73333333333333328        1.0000000000000000        5.4387559367421683E-006

  0.76666666666666661        0.0000000000000000       0.66913060635885835     
  0.76666666666666661        3.3333333333333333E-002  0.57204857809216869     
  0.76666666666666661        6.6666666666666666E-002  0.48277954571447623     
  0.76666666666666661       0.10000000000000001       0.40178284489975452     
  0.76666666666666661       0.13333333333333333       0.32940466895084919     
  0.76666666666666661       0.16666666666666666       0.26580917020008121     
  0.76666666666666661       0.20000000000000001       0.21093742321505837     
  0.76666666666666661       0.23333333333333334       0.16449623774497210     
  0.76666666666666661       0.26666666666666666       0.12597464535712088     
  0.76666666666666661       0.29999999999999999        9.4682452992952817E-002
  0.76666666666666661       0.33333333333333331        6.9803084776096092E-002
  0.76666666666666661       0.36666666666666664        5.0452238993492701E-002
  0.76666666666666661       0.40000000000000002        3.5734574078391465E-002
  0.76666666666666661       0.43333333333333335        2.4792360973829114E-002
  0.76666666666666661       0.46666666666666667        1.6842319420245066E-002
  0.76666666666666661       0.50000000000000000        1.1199201358897968E-002
  0.76666666666666661       0.53333333333333333        7.2866963547373971E-003
  0.76666666666666661       0.56666666666666665        4.6376647504757134E-003
  0.76666666666666661       0.59999999999999998        2.8864729318087367E-003
  0.76666666666666661       0.63333333333333330        1.7563699957766318E-003
  0.76666666666666661       0.66666666666666663        1.0445549023970098E-003
  0.76666666666666661       0.69999999999999996        6.0702189046354796E-004
  0.76666666666666661       0.73333333333333328        3.4461288678650458E-004
  0.76666666666666661       0.76666666666666661        1.9108197423807493E-004
  0.76666666666666661       0.80000000000000004        1.0347014297130135E-004
  0.76666666666666661       0.83333333333333337        5.4731307688606569E-005
  0.76666666666666661       0.86666666666666670        2.8338907907457953E-005
  0.76666666666666661       0.90000000000000002        1.4510376794905017E-005
  0.76666666666666661       0.93333333333333335        7.6800681745484677E-006
  0.76666666666666661       0.96666666666666667        4.8970778413915355E-006
  0.76666666666666661        1.0000000000000000        4.8970778413915355E-006

  0.80000000000000004        0.0000000000000000       0.58778525229247325     
  0.80000000000000004        3.3333333333333333E-002  0.50250536233449128     
  0.80000000000000004        6.6666666666666666E-002  0.42408865232394000     
  0.80000000000000004       0.10000000000000001       0.35293861708297780     
  0.80000000000000004       0.13333333333333333       0.28935936363633397     
  0.80000000000000004       0.16666666666666666       0.23349508852673231     
  0.80000000000000004       0.20000000000000001       0.18529402981141321     
  0.80000000000000004       0.23333333333333334       0.14449864000427526     
  0.80000000000000004       0.26666666666666666       0.11066006845303211     
  0.80000000000000004       0.29999999999999999        8.3172027988637584E-002
  0.80000000000000004       0.33333333333333331        6.1317212822135272E-002
  0.80000000000000004       0.36666666666666664        4.4318824671436545E-002
  0.80000000000000004       0.40000000000000002        3.1390367501687264E-002
  0.80000000000000004       0.43333333333333335        2.1778385282996391E-002
  0.80000000000000004       0.46666666666666667        1.4794820137565078E-002
  0.80000000000000004       0.50000000000000000        9.8377287388401111E-003
  0.80000000000000004       0.53333333333333333        6.4008619760414368E-003
  0.80000000000000004       0.56666666666666665        4.0738697639909399E-003
  0.80000000000000004       0.59999999999999998        2.5355681003607885E-003
  0.80000000000000004       0.63333333333333330        1.5428503363554599E-003
  0.80000000000000004       0.66666666666666663        9.1756969566788660E-004
  0.80000000000000004       0.69999999999999996        5.3322701374358846E-004
  0.80000000000000004       0.73333333333333328        3.0271873783398569E-004
  0.80000000000000004       0.76666666666666661        1.6785238243284829E-004
  0.80000000000000004       0.80000000000000004        9.0891409708596566E-005
  0.80000000000000004       0.83333333333333337        4.8077692444980628E-005
  0.80000000000000004       0.86666666666666670        2.4893783030969289E-005
  0.80000000000000004       0.90000000000000002        1.2746368801844874E-005
  0.80000000000000004       0.93333333333333335        6.7464120856240719E-006
  0.80000000000000004       0.96666666666666667        4.3017463364311967E-006
  0.80000000000000004        1.0000000000000000        4.3017463364311967E-006

  0.83333333333333337        0.0000000000000000       0.49999999999999994     
  0.83333333333333337        3.3333333333333333E-002  0.42745659267106967     
  0.83333333333333337        6.6666666666666666E-002  0.36075135491228677     
  0.83333333333333337       0.10000000000000001       0.30022751992028618     
  0.83333333333333337       0.13333333333333333       0.24614377658147937     
  0.83333333333333337       0.16666666666666666       0.19862278580149598     
  0.83333333333333337       0.20000000000000001       0.15762051624188564     
  0.83333333333333337       0.23333333333333334       0.12291788492540717     
  0.83333333333333337       0.26666666666666666        9.4133076681863825E-002
  0.83333333333333337       0.29999999999999999        7.0750352840813047E-002
  0.83333333333333337       0.33333333333333331        5.2159536653043431E-002
  0.83333333333333337       0.36666666666666664        3.7699844031969826E-002
  0.83333333333333337       0.40000000000000002        2.6702241489777873E-002
  0.83333333333333337       0.43333333333333335        1.8525801045583053E-002
  0.83333333333333337       0.46666666666666667        1.2585225709442770E-002
  0.83333333333333337       0.50000000000000000        8.3684719040424353E-003
  0.83333333333333337       0.53333333333333333        5.4448984140694828E-003
  0.83333333333333337       0.56666666666666665        3.4654406078598278E-003
  0.83333333333333337       0.59999999999999998        2.1568830542035510E-003
  0.83333333333333337       0.63333333333333330        1.3124268857869887E-003
  0.83333333333333337       0.66666666666666663        7.8053140333922302E-004
  0.83333333333333337       0.69999999999999996        4.5358999027612782E-004
  0.83333333333333337       0.73333333333333328        2.5750793904178918E-004
  0.83333333333333337       0.76666666666666661        1.4278376480031816E-004
  0.83333333333333337       0.80000000000000004        7.7316851140874120E-005
  0.83333333333333337       0.83333333333333337        4.0897327942023538E-005
  0.83333333333333337       0.86666666666666670        2.1175916658234323E-005
  0.83333333333333337       0.90000000000000002        1.0842708924842565E-005
  0.83333333333333337       0.93333333333333335        5.7388408941120882E-006
  0.83333333333333337       0.96666666666666667        3.6592839984106238E-006
  0.83333333333333337        1.0000000000000000        3.6592839984106238E-006

  0.86666666666666670        0.0000000000000000       0.40673664307580004     
  0.86666666666666670        3.3333333333333333E-002  0.34772451912730112     
  0.86666666666666670        6.6666666666666666E-002  0.29346159016414025     
  0.86666666666666670       0.10000000000000001       0.24422706722270027     
  0.86666666666666670       0.13333333333333333       0.20023138680150135     
  0.86666666666666670       0.16666666666666666       0.16157433027052837     
  0.86666666666666670       0.20000000000000001       0.12822007931219842     
  0.86666666666666670       0.23333333333333334        9.9990415777075237E-002
  0.86666666666666670       0.26666666666666666        7.6574743223956368E-002
  0.86666666666666670       0.29999999999999999        5.7553522021801411E-002
  0.86666666666666670       0.33333333333333331        4.2430389685296097E-002
  0.86666666666666670       0.36666666666666664        3.0667816012089295E-002
  0.86666666666666670       0.40000000000000002        2.1721560132303214E-002
  0.86666666666666670       0.43333333333333335        1.5070244255141198E-002
  0.86666666666666670       0.46666666666666667        1.0237744914820017E-002
  0.86666666666666670       0.50000000000000000        6.8075283398487405E-003
  0.86666666666666670       0.53333333333333333        4.4292794056547402E-003
  0.86666666666666670       0.56666666666666665        2.8190433592389335E-003
  0.86666666666666670       0.59999999999999998        1.7545667459476632E-003
  0.86666666666666670       0.63333333333333330        1.0676242116148529E-003
  0.86666666666666670       0.66666666666666663        6.3494144561887793E-004
  0.86666666666666670       0.69999999999999996        3.6898333995539416E-004
  0.86666666666666670       0.73333333333333328        2.0947582938245023E-004
  0.86666666666666670       0.76666666666666661        1.1615077836121202E-004
  0.86666666666666670       0.80000000000000004        6.2895192972460982E-005
  0.86666666666666670       0.83333333333333337        3.3268883755817558E-005
  0.86666666666666670       0.86666666666666670        1.7226042511246291E-005
  0.86666666666666670       0.90000000000000002        8.8202540598769675E-006
  0.86666666666666670       0.93333333333333335        4.6683937608345488E-006
  0.86666666666666670       0.96666666666666667        2.9767297791490578E-006
  0.86666666666666670        1.0000000000000000        2.9767297791490578E-006

  0.90000000000000002        0.0000000000000000       0.30901699437494751     
  0.90000000000000002        3.3333333333333333E-002  0.26418270298594032     
  0.90000000000000002        6.6666666666666666E-002  0.22295659882336957     
  0.90000000000000002       0.10000000000000001       0.18555081166882298     
  0.90000000000000002       0.13333333333333333       0.15212522004661463     
  0.90000000000000002       0.16666666666666666       0.12275563256551453     
  0.90000000000000002       0.20000000000000001        9.7414836361790172E-002
  0.90000000000000002       0.23333333333333334        7.5967430709149963E-002
  0.90000000000000002       0.26666666666666666        5.8177440854992019E-002
  0.90000000000000002       0.29999999999999999        4.3726122771670144E-002
  0.90000000000000002       0.33333333333333331        3.2236366489026773E-002
  0.90000000000000002       0.36666666666666664        2.3299784982327230E-002
  0.90000000000000002       0.40000000000000002        1.6502892816490353E-002
  0.90000000000000002       0.43333333333333335        1.1449574714988664E-002
  0.90000000000000002       0.46666666666666667        7.7780972445246404E-003
  0.90000000000000002       0.50000000000000000        5.1720000705967736E-003
  0.90000000000000002       0.53333333333333333        3.3651322851853392E-003
  0.90000000000000002       0.56666666666666665        2.1417600816514689E-003
  0.90000000000000002       0.59999999999999998        1.3330270372564764E-003
  0.90000000000000002       0.63333333333333330        8.1112442316553536E-004
  0.90000000000000002       0.66666666666666663        4.8239493655029302E-004
  0.90000000000000002       0.69999999999999996        2.8033403094738130E-004
  0.90000000000000002       0.73333333333333328        1.5914865870076173E-004
  0.90000000000000002       0.76666666666666661        8.8245219688267448E-005
  0.90000000000000002       0.80000000000000004        4.7784441908176286E-005
  0.90000000000000002       0.83333333333333337        2.5275938717221333E-005
  0.90000000000000002       0.86666666666666670        1.3087436237723901E-005
  0.90000000000000002       0.90000000000000002        6.7011626456745341E-006
  0.90000000000000002       0.93333333333333335        3.5467987285891069E-006
  0.90000000000000002       0.96666666666666667        2.2615618855063819E-006
  0.90000000000000002        1.0000000000000000        2.2615618855063819E-006

  0.93333333333333335        0.0000000000000000       0.20791169081775931     
  0.93333333333333335        3.3333333333333333E-002  0.17774644586688068     
  0.93333333333333335        6.6666666666666666E-002  0.15000884832922226     
  0.93333333333333335       0.10000000000000001       0.12484162259329844     
  0.93333333333333335       0.13333333333333333       0.10235233754664833     
  0.93333333333333335       0.16666666666666666        8.2591998461845340E-002
  0.93333333333333335       0.20000000000000001        6.5542296078837076E-002
  0.93333333333333335       0.23333333333333334        5.1112130573168352E-002
  0.93333333333333335       0.26666666666666666        3.9142734269608202E-002
  0.93333333333333335       0.29999999999999999        2.9419650970173006E-002
  0.93333333333333335       0.33333333333333331        2.1689154915610305E-002
  0.93333333333333335       0.36666666666666664        1.5676476632505321E-002
  0.93333333333333335       0.40000000000000002        1.1103416353527686E-002
  0.93333333333333335       0.43333333333333335        7.7034612382811708E-003
  0.93333333333333335       0.46666666666666667        5.2332311131467633E-003
  0.93333333333333335       0.50000000000000000        3.4798062862607527E-003
  0.93333333333333335       0.53333333333333333        2.2641160712002450E-003
  0.93333333333333335       0.56666666666666665        1.4410112324173207E-003
  0.93333333333333335       0.59999999999999998        8.9688240539126634E-004
  0.93333333333333335       0.63333333333333330        5.4573778579731841E-004
  0.93333333333333335       0.66666666666666663        3.2456320760923269E-004
  0.93333333333333335       0.69999999999999996        1.8861332363264151E-004
  0.93333333333333335       0.73333333333333328        1.0707782201034978E-004
  0.93333333333333335       0.76666666666666661        5.9372827921918821E-005
  0.93333333333333335       0.80000000000000004        3.2150154498808287E-005
  0.93333333333333335       0.83333333333333337        1.7006065204709012E-005
  0.93333333333333335       0.86666666666666670        8.8054412740589069E-006
  0.93333333333333335       0.90000000000000002        4.5086518912176542E-006
  0.93333333333333335       0.93333333333333335        2.3863442272578923E-006
  0.93333333333333335       0.96666666666666667        1.5216158465838476E-006
  0.93333333333333335        1.0000000000000000        1.5216158465838476E-006

  0.96666666666666667        0.0000000000000000       0.10452846326765373     
  0.96666666666666667        3.3333333333333333E-002   8.9362761491068518E-002
  0.96666666666666667        6.6666666666666666E-002   7.5417569501410403E-002
  0.96666666666666667       0.10000000000000001        6.2764642575852667E-002
  0.96666666666666667       0.13333333333333333        5.1458061417917339E-002
  0.96666666666666667       0.16666666666666666        4.1523469139541344E-002
  0.96666666666666667       0.20000000000000001        3.2951660684437035E-002
  0.96666666666666667       0.23333333333333334        2.5696835238726158E-002
  0.96666666666666667       0.26666666666666666        1.9679171696422821E-002
  0.96666666666666667       0.29999999999999999        1.4790851316188899E-002
  0.96666666666666667       0.33333333333333331        1.0904312422190952E-002
  0.96666666666666667       0.36666666666666664        7.8814135241840454E-003
  0.96666666666666667       0.40000000000000002        5.5822885374565180E-003
  0.96666666666666667       0.43333333333333335        3.8729470281941682E-003
  0.96666666666666667       0.46666666666666667        2.6310286065692333E-003
  0.96666666666666667       0.50000000000000000        1.7494870160561795E-003
  0.96666666666666667       0.53333333333333333        1.1382937277423333E-003
  0.96666666666666667       0.56666666666666665        7.2447436256982140E-004
  0.96666666666666667       0.59999999999999998        4.5091134220788027E-004
  0.96666666666666667       0.63333333333333330        2.7437193104493226E-004
  0.96666666666666667       0.66666666666666663        1.6317549624638800E-004
  0.96666666666666667       0.69999999999999996        9.4826129274307042E-005
  0.96666666666666667       0.73333333333333328        5.3833818294517620E-005
  0.96666666666666667       0.76666666666666661        2.9849935028294650E-005
  0.96666666666666667       0.80000000000000004        1.6163623268898983E-005
  0.96666666666666667       0.83333333333333337        8.5498696830659706E-006
  0.96666666666666667       0.86666666666666670        4.4269720531382750E-006
  0.96666666666666667       0.90000000000000002        2.2667434031445291E-006
  0.96666666666666667       0.93333333333333335        1.1997444391982062E-006
  0.96666666666666667       0.96666666666666667        7.6499866602755399E-007
  0.96666666666666667        1.0000000000000000        7.6499866602755399E-007

   1.0000000000000000        0.0000000000000000        1.2246467991473532E-016
   1.0000000000000000        3.3333333333333333E-002   0.0000000000000000     
   1.0000000000000000        6.6666666666666666E-002   0.0000000000000000     
   1.0000000000000000       0.10000000000000001        0.0000000000000000     
   1.0000000000000000       0.13333333333333333        0.0000000000000000     
   1.0000000000000000       0.16666666666666666        0.0000000000000000     
   1.0000000000000000       0.20000000000000001        0.0000000000000000     
   1.0000000000000000       0.23333333333333334        0.0000000000000000     
   1.0000000000000000       0.26666666666666666        0.0000000000000000     
   1.0000000000000000       0.29999999999999999        0.0000000000000000     
   1.0000000000000000       0.33333333333333331        0.0000000000000000     
   1.0000000000000000       0.36666666666666664        0.0000000000000000     
   1.0000000000000000       0.40000000000000002        0.0000000000000000     
   1.0000000000000000       0.43333333333333335        0.0000000000000000     
   1.0000000000000000       0.46666666666666667        0.0000000000000000     
   1.0000000000000000       0.50000000000000000        0.0000000000000000     
   1.0000000000000000       0.53333333333333333        0.0000000000000000     
   1.0000000000000000       0.56666666666666665        0.0000000000000000     
   1.0000000000000000       0.59999999999999998        0.0000000000000000     
   1.0000000000000000       0.63333333333333330        0.0000000000000000     
   1.0000000000000000       0.66666666666666663        0.0000000000000000     
   1.0000000000000000       0.69999999999999996        0.0000000000000000     
   1.0000000000000000       0.73333333333333328        0.0000000000000000     
   1.0000000000000000       0.76666666666666661        0.0000000000000000     
   1.0000000000000000       0.80000000000000004        0.0000000000000000     
   1.0000000000000000       0.83333333333333337        0.0000000000000000     
   1.0000000000000000       0.86666666666666670        0.0000000000000000     
   1.0000000000000000       0.90000000000000002        0.0000000000000000     
   1.0000000000000000       0.93333333333333335        0.0000000000000000     
   1.0000000000000000       0.96666666666666667        0.0000000000000000     
   1.0000000000000000        1.0000000000000000        0.0000000000000000     

