   0.0000000000000000        0.0000000000000000        0.0000000000000000     
   0.0000000000000000        3.3333333333333333E-002   0.0000000000000000     
   0.0000000000000000        6.6666666666666666E-002   0.0000000000000000     
   0.0000000000000000       0.10000000000000001        0.0000000000000000     
   0.0000000000000000       0.13333333333333333        0.0000000000000000     
   0.0000000000000000       0.16666666666666666        0.0000000000000000     
   0.0000000000000000       0.20000000000000001        0.0000000000000000     
   0.0000000000000000       0.23333333333333334        0.0000000000000000     
   0.0000000000000000       0.26666666666666666        0.0000000000000000     
   0.0000000000000000       0.29999999999999999        0.0000000000000000     
   0.0000000000000000       0.33333333333333331        0.0000000000000000     
   0.0000000000000000       0.36666666666666664        0.0000000000000000     
   0.0000000000000000       0.40000000000000002        0.0000000000000000     
   0.0000000000000000       0.43333333333333335        0.0000000000000000     
   0.0000000000000000       0.46666666666666667        0.0000000000000000     
   0.0000000000000000       0.50000000000000000        0.0000000000000000     
   0.0000000000000000       0.53333333333333333        0.0000000000000000     
   0.0000000000000000       0.56666666666666665        0.0000000000000000     
   0.0000000000000000       0.59999999999999998        0.0000000000000000     
   0.0000000000000000       0.63333333333333330        0.0000000000000000     
   0.0000000000000000       0.66666666666666663        0.0000000000000000     
   0.0000000000000000       0.69999999999999996        0.0000000000000000     
   0.0000000000000000       0.73333333333333328        0.0000000000000000     
   0.0000000000000000       0.76666666666666661        0.0000000000000000     
   0.0000000000000000       0.80000000000000004        0.0000000000000000     
   0.0000000000000000       0.83333333333333337        0.0000000000000000     
   0.0000000000000000       0.86666666666666670        0.0000000000000000     
   0.0000000000000000       0.90000000000000002        0.0000000000000000     
   0.0000000000000000       0.93333333333333335        0.0000000000000000     
   0.0000000000000000       0.96666666666666667        0.0000000000000000     
   0.0000000000000000        1.0000000000000000        0.0000000000000000     

   3.3333333333333333E-002   0.0000000000000000       0.10452846326765346     
   3.3333333333333333E-002   3.3333333333333333E-002   8.9470417181313669E-002
   3.3333333333333333E-002   6.6666666666666666E-002   7.5625387989882525E-002
   3.3333333333333333E-002  0.10000000000000001        6.3058498275211192E-002
   3.3333333333333333E-002  0.13333333333333333        5.1818779600660926E-002
   3.3333333333333333E-002  0.16666666666666666        4.1928886879033345E-002
   3.3333333333333333E-002  0.20000000000000001        3.3378858696036316E-002
   3.3333333333333333E-002  0.23333333333333334        2.6124231532877351E-002
   3.3333333333333333E-002  0.26666666666666666        2.0088219337859738E-002
   3.3333333333333333E-002  0.29999999999999999        1.5167172742545341E-002
   3.3333333333333333E-002  0.33333333333333331        1.1238209875792481E-002
   3.3333333333333333E-002  0.36666666666666664        8.1677965663698292E-003
   3.3333333333333333E-002  0.40000000000000002        5.8201372268951871E-003
   3.3333333333333333E-002  0.43333333333333335        4.0644729522997984E-003
   3.3333333333333333E-002  0.46666666666666667        2.7807041819427857E-003
   3.3333333333333333E-002  0.50000000000000000        1.8630923679696044E-003
   3.3333333333333333E-002  0.53333333333333333        1.2220905920391702E-003
   3.3333333333333333E-002  0.56666666666666665        7.8456958301359448E-004
   3.3333333333333333E-002  0.59999999999999998        4.9282877830870888E-004
   3.3333333333333333E-002  0.63333333333333330        3.0281769543770730E-004
   3.3333333333333333E-002  0.66666666666666663        1.8196030866160745E-004
   3.3333333333333333E-002  0.69999999999999996        1.0689979551415613E-004
   3.3333333333333333E-002  0.73333333333333328        6.1387816204256783E-005
   3.3333333333333333E-002  0.76666666666666661        3.4451277399028511E-005
   3.3333333333333333E-002  0.80000000000000004        1.8893137626414307E-005
   3.3333333333333333E-002  0.83333333333333337        1.0128115271118041E-005
   3.3333333333333333E-002  0.86666666666666670        5.3195456469104794E-006
   3.3333333333333333E-002  0.90000000000000002        2.7670005414485782E-006
   3.3333333333333333E-002  0.93333333333333335        1.4909873406134086E-006
   3.3333333333333333E-002  0.96666666666666667        9.6638379686099253E-007
   3.3333333333333333E-002   1.0000000000000000        9.6638379686099253E-007

   6.6666666666666666E-002   0.0000000000000000       0.20791169081775931     
   6.6666666666666666E-002   3.3333333333333333E-002  0.17796057774910040     
   6.6666666666666666E-002   6.6666666666666666E-002  0.15042220840331802     
   6.6666666666666666E-002  0.10000000000000001       0.12542611444748006     
   6.6666666666666666E-002  0.13333333333333333       0.10306982180824024     
   6.6666666666666666E-002  0.16666666666666666        8.3398392099236357E-002
   6.6666666666666666E-002  0.20000000000000001        6.6392011631223602E-002
   6.6666666666666666E-002  0.23333333333333334        5.1962240518233595E-002
   6.6666666666666666E-002  0.26666666666666666        3.9956347940923731E-002
   6.6666666666666666E-002  0.29999999999999999        3.0168170766588408E-002
   6.6666666666666666E-002  0.33333333333333331        2.2353291572439173E-002
   6.6666666666666666E-002  0.36666666666666664        1.6246105044337197E-002
   6.6666666666666666E-002  0.40000000000000002        1.1576507812390495E-002
   6.6666666666666666E-002  0.43333333333333335        8.0844146883885543E-003
   6.6666666666666666E-002  0.46666666666666667        5.5309423869684456E-003
   6.6666666666666666E-002  0.50000000000000000        3.7057723060785900E-003
   6.6666666666666666E-002  0.53333333333333333        2.4307917038130619E-003
   6.6666666666666666E-002  0.56666666666666665        1.5605432574939517E-003
   6.6666666666666666E-002  0.59999999999999998        9.8025802139121553E-004
   6.6666666666666666E-002  0.63333333333333330        6.0231765683552239E-004
   6.6666666666666666E-002  0.66666666666666663        3.6192702210387576E-004
   6.6666666666666666E-002  0.69999999999999996        2.1262837449843877E-004
   6.6666666666666666E-002  0.73333333333333328        1.2210305464795332E-004
   6.6666666666666666E-002  0.76666666666666661        6.8525099393479990E-005
   6.6666666666666666E-002  0.80000000000000004        3.7579278083350401E-005
   6.6666666666666666E-002  0.83333333333333337        2.0145264791881338E-005
   6.6666666666666666E-002  0.86666666666666670        1.0580809238526917E-005
   6.6666666666666666E-002  0.90000000000000002        5.5036852459329569E-006
   6.6666666666666666E-002  0.93333333333333335        2.9656391119138974E-006
   6.6666666666666666E-002  0.96666666666666667        1.9221796906147653E-006
   6.6666666666666666E-002   1.0000000000000000        1.9221796906147653E-006

  0.10000000000000001        0.0000000000000000       0.30901699437494740     
  0.10000000000000001        3.3333333333333333E-002  0.26450096498642289     
  0.10000000000000001        6.6666666666666666E-002  0.22357097162361600     
  0.10000000000000001       0.10000000000000001       0.18641953586276047     
  0.10000000000000001       0.13333333333333333       0.15319160947934166     
  0.10000000000000001       0.16666666666666666       0.12395416708336458     
  0.10000000000000001       0.20000000000000001        9.8677759793557598E-002
  0.10000000000000001       0.23333333333333334        7.7230940322674163E-002
  0.10000000000000001       0.26666666666666666        5.9386706434543621E-002
  0.10000000000000001       0.29999999999999999        4.4838639998617140E-002
  0.10000000000000001       0.33333333333333331        3.3223465928891228E-002
  0.10000000000000001       0.36666666666666664        2.4146417795722762E-002
  0.10000000000000001       0.40000000000000002        1.7206043755753252E-002
  0.10000000000000001       0.43333333333333335        1.2015781885378789E-002
  0.10000000000000001       0.46666666666666667        8.2205824297783767E-003
  0.10000000000000001       0.50000000000000000        5.5078510273194690E-003
  0.10000000000000001       0.53333333333333333        3.6128605530041115E-003
  0.10000000000000001       0.56666666666666665        2.3194192934805342E-003
  0.10000000000000001       0.59999999999999998        1.4569473524591811E-003
  0.10000000000000001       0.63333333333333330        8.9521849994197457E-004
  0.10000000000000001       0.66666666666666663        5.3792838735387555E-004
  0.10000000000000001       0.69999999999999996        3.1602735251636866E-004
  0.10000000000000001       0.73333333333333328        1.8148050647322003E-004
  0.10000000000000001       0.76666666666666661        1.0184814605917755E-004
  0.10000000000000001       0.80000000000000004        5.5853692105635791E-005
  0.10000000000000001       0.83333333333333337        2.9941698575917101E-005
  0.10000000000000001       0.86666666666666670        1.5726147269949374E-005
  0.10000000000000001       0.90000000000000002        8.1800704231427147E-006
  0.10000000000000001       0.93333333333333335        4.4077987205043742E-006
  0.10000000000000001       0.96666666666666667        2.8569157814362034E-006
  0.10000000000000001        1.0000000000000000        2.8569157814362034E-006

  0.13333333333333333        0.0000000000000000       0.40673664307580015     
  0.13333333333333333        3.3333333333333333E-002  0.34814342430096884     
  0.13333333333333333        6.6666666666666666E-002  0.29427024449357203     
  0.13333333333333333       0.10000000000000001       0.24537050583233266     
  0.13333333333333333       0.13333333333333333       0.20163499781958213     
  0.13333333333333333       0.16666666666666666       0.16315187427385042     
  0.13333333333333333       0.20000000000000001       0.12988237376994458     
  0.13333333333333333       0.23333333333333334       0.10165348178332627     
  0.13333333333333333       0.26666666666666666        7.8166411744999359E-002
  0.13333333333333333       0.29999999999999999        5.9017847707732371E-002
  0.13333333333333333       0.33333333333333331        4.3729637040169148E-002
  0.13333333333333333       0.36666666666666664        3.1782177340775611E-002
  0.13333333333333333       0.40000000000000002        2.2647066683131840E-002
  0.13333333333333333       0.43333333333333335        1.5815501661568802E-002
  0.13333333333333333       0.46666666666666667        1.0820156051220187E-002
  0.13333333333333333       0.50000000000000000        7.2495845801131111E-003
  0.13333333333333333       0.53333333333333333        4.7553461459367719E-003
  0.13333333333333333       0.56666666666666665        3.0528832863180528E-003
  0.13333333333333333       0.59999999999999998        1.9176740634477699E-003
  0.13333333333333333       0.63333333333333330        1.1783111418265477E-003
  0.13333333333333333       0.66666666666666663        7.0803609662327426E-004
  0.13333333333333333       0.69999999999999996        4.1596386872715400E-004
  0.13333333333333333       0.73333333333333328        2.3886961989232861E-004
  0.13333333333333333       0.76666666666666661        1.3405532312355602E-004
  0.13333333333333333       0.80000000000000004        7.3516161389075354E-005
  0.13333333333333333       0.83333333333333337        3.9410084844651870E-005
  0.13333333333333333       0.86666666666666670        2.0699186340974378E-005
  0.13333333333333333       0.90000000000000002        1.0766833037006734E-005
  0.13333333333333333       0.93333333333333335        5.8016655639218247E-006
  0.13333333333333333       0.96666666666666667        3.7603509051081633E-006
  0.13333333333333333        1.0000000000000000        3.7603509051081633E-006

  0.16666666666666666        0.0000000000000000       0.49999999999999994     
  0.16666666666666666        3.3333333333333333E-002  0.42797155140517812     
  0.16666666666666666        6.6666666666666666E-002  0.36174543098484890     
  0.16666666666666666       0.10000000000000001       0.30163314519292644     
  0.16666666666666666       0.13333333333333333       0.24786923092887533     
  0.16666666666666666       0.16666666666666666       0.20056205538806732     
  0.16666666666666666       0.20000000000000001       0.15966396927967400     
  0.16666666666666666       0.23333333333333334       0.12496228642520159     
  0.16666666666666666       0.26666666666666666        9.6089709491003650E-002
  0.16666666666666666       0.29999999999999999        7.2550443527083064E-002
  0.16666666666666666       0.33333333333333331        5.3756697097020106E-002
  0.16666666666666666       0.36666666666666664        3.9069724700034739E-002
  0.16666666666666666       0.40000000000000002        2.7839963608726651E-002
  0.16666666666666666       0.43333333333333335        1.9441943491948173E-002
  0.16666666666666666       0.46666666666666667        1.3301181778701607E-002
  0.16666666666666666       0.50000000000000000        8.9118901671739262E-003
  0.16666666666666666       0.53333333333333333        5.8457311713743937E-003
  0.16666666666666666       0.56666666666666665        3.7528992510137715E-003
  0.16666666666666666       0.59999999999999998        2.3573903360981281E-003
  0.16666666666666666       0.63333333333333330        1.4484939602638107E-003
  0.16666666666666666       0.66666666666666663        8.7038641425198971E-004
  0.16666666666666666       0.69999999999999996        5.1134299774612901E-004
  0.16666666666666666       0.73333333333333328        2.9364162776921528E-004
  0.16666666666666666       0.76666666666666661        1.6479376201491294E-004
  0.16666666666666666       0.80000000000000004        9.0373172224090387E-005
  0.16666666666666666       0.83333333333333337        4.8446685976738192E-005
  0.16666666666666666       0.86666666666666670        2.5445440794864454E-005
  0.16666666666666666       0.90000000000000002        1.3235631975012645E-005
  0.16666666666666666       0.93333333333333335        7.1319681453443761E-006
  0.16666666666666666       0.96666666666666667        4.6225868373597425E-006
  0.16666666666666666        1.0000000000000000        4.6225868373597425E-006

  0.20000000000000001        0.0000000000000000       0.58778525229247314     
  0.20000000000000001        3.3333333333333333E-002  0.50311073263338757     
  0.20000000000000001        6.6666666666666666E-002  0.42525725883415766     
  0.20000000000000001       0.10000000000000001       0.35459102869399284     
  0.20000000000000001       0.13333333333333333       0.29138775687414054     
  0.20000000000000001       0.16666666666666666       0.23577483665314425     
  0.20000000000000001       0.20000000000000001       0.18769625293014172     
  0.20000000000000001       0.23333333333333334       0.14690197810696282     
  0.20000000000000001       0.26666666666666666       0.11296022827176007     
  0.20000000000000001       0.29999999999999999        8.5288161504994686E-002
  0.20000000000000001       0.33333333333333331        6.3194787531164046E-002
  0.20000000000000001       0.36666666666666664        4.5929215979614774E-002
  0.20000000000000001       0.40000000000000002        3.2727840067137325E-002
  0.20000000000000001       0.43333333333333335        2.2855375320941528E-002
  0.20000000000000001       0.46666666666666667        1.5636476975164341E-002
  0.20000000000000001       0.50000000000000000        1.0476555220630273E-002
  0.20000000000000001       0.53333333333333333        6.8720691428005437E-003
  0.20000000000000001       0.56666666666666665        4.4117976661707256E-003
  0.20000000000000001       0.59999999999999998        2.7712785469105519E-003
  0.20000000000000001       0.63333333333333330        1.7028067757555749E-003
  0.20000000000000001       0.66666666666666663        1.0232005961860935E-003
  0.20000000000000001       0.69999999999999996        6.0111974587639581E-004
  0.20000000000000001       0.73333333333333328        3.4519643652380135E-004
  0.20000000000000001       0.76666666666666661        1.9372668596432275E-004
  0.20000000000000001       0.80000000000000004        1.0624003567241621E-004
  0.20000000000000001       0.83333333333333337        5.6952495079142558E-005
  0.20000000000000001       0.86666666666666670        2.9912909674605182E-005
  0.20000000000000001       0.90000000000000002        1.5559418559366262E-005
  0.20000000000000001       0.93333333333333335        8.3841313913062515E-006
  0.20000000000000001       0.96666666666666667        5.4341767408827230E-006
  0.20000000000000001        1.0000000000000000        5.4341767408827230E-006

  0.23333333333333334        0.0000000000000000       0.66913060635885824     
  0.23333333333333334        3.3333333333333333E-002  0.57273772739217621     
  0.23333333333333334        6.6666666666666666E-002  0.48410987916487691     
  0.23333333333333334       0.10000000000000001       0.40366393868174472     
  0.23333333333333334       0.13333333333333333       0.33171377757828441     
  0.23333333333333334       0.16666666666666666       0.26840441946879279     
  0.23333333333333334       0.20000000000000001       0.21367209715554075     
  0.23333333333333334       0.23333333333333334       0.16723218097536890     
  0.23333333333333334       0.26666666666666666       0.12859313115312362     
  0.23333333333333334       0.29999999999999999        9.7091444537762389E-002
  0.23333333333333334       0.33333333333333331        7.1940502648757079E-002
  0.23333333333333334       0.36666666666666664        5.2285497157615803E-002
  0.23333333333333334       0.40000000000000002        3.7257143461031622E-002
  0.23333333333333334       0.43333333333333335        2.6018398875123878E-002
  0.23333333333333334       0.46666666666666667        1.7800455657744005E-002
  0.23333333333333334       0.50000000000000000        1.1926436942729272E-002
  0.23333333333333334       0.53333333333333333        7.8231152866252516E-003
  0.23333333333333334       0.56666666666666665        5.0223595028690985E-003
  0.23333333333333334       0.59999999999999998        3.1548040500357049E-003
  0.23333333333333334       0.63333333333333330        1.9384632838769348E-003
  0.23333333333333334       0.66666666666666663        1.1648043782698922E-003
  0.23333333333333334       0.69999999999999996        6.8431050027844707E-004
  0.23333333333333334       0.73333333333333328        3.9296920088283430E-004
  0.23333333333333334       0.76666666666666661        2.2053709980239216E-004
  0.23333333333333334       0.80000000000000004        1.2094291105775826E-004
  0.23333333333333334       0.83333333333333337        6.4834320727384046E-005
  0.23333333333333334       0.86666666666666670        3.4052646456272158E-005
  0.23333333333333334       0.90000000000000002        1.7712732897965806E-005
  0.23333333333333334       0.93333333333333335        9.5444363392526888E-006
  0.23333333333333334       0.96666666666666667        6.1862286668580026E-006
  0.23333333333333334        1.0000000000000000        6.1862286668580026E-006

  0.26666666666666666        0.0000000000000000       0.74314482547739413     
  0.26666666666666666        3.3333333333333333E-002  0.63608968775658148     
  0.26666666666666666        6.6666666666666666E-002  0.53765849035296065     
  0.26666666666666666       0.10000000000000001       0.44831422208518962     
  0.26666666666666666       0.13333333333333333       0.36840547271971003     
  0.26666666666666666       0.16666666666666666       0.29809330729750555     
  0.26666666666666666       0.20000000000000001       0.23730690517074274     
  0.26666666666666666       0.23333333333333334       0.18573015307342516     
  0.26666666666666666       0.26666666666666666       0.14281714077973084     
  0.26666666666666666       0.29999999999999999       0.10783097338648338     
  0.26666666666666666       0.33333333333333331        7.9898022564812307E-002
  0.26666666666666666       0.36666666666666664        5.8068927487314313E-002
  0.26666666666666666       0.40000000000000002        4.1378249794608350E-002
  0.26666666666666666       0.43333333333333335        2.8896359406530375E-002
  0.26666666666666666       0.46666666666666667        1.9769408823152604E-002
  0.26666666666666666       0.50000000000000000        1.3245650125916346E-002
  0.26666666666666666       0.53333333333333333        8.6884497422775736E-003
  0.26666666666666666       0.56666666666666665        5.5778953178577447E-003
  0.26666666666666666       0.59999999999999998        3.5037648598034775E-003
  0.26666666666666666       0.63333333333333330        2.1528815826106179E-003
  0.26666666666666666       0.66666666666666663        1.2936463198343795E-003
  0.26666666666666666       0.69999999999999996        7.6000380563826929E-004
  0.26666666666666666       0.73333333333333328        4.3643651244290290E-004
  0.26666666666666666       0.76666666666666661        2.4493126302467142E-004
  0.26666666666666666       0.80000000000000004        1.3432071060062031E-004
  0.26666666666666666       0.83333333333333337        7.2005807990282455E-005
  0.26666666666666666       0.86666666666666670        3.7819295317389824E-005
  0.26666666666666666       0.90000000000000002        1.9671982828307585E-005
  0.26666666666666666       0.93333333333333335        1.0600170445364566E-005
  0.26666666666666666       0.96666666666666667        6.8705029770076121E-006
  0.26666666666666666        1.0000000000000000        6.8705029770076121E-006

  0.29999999999999999        0.0000000000000000       0.80901699437494745     
  0.29999999999999999        3.3333333333333333E-002  0.69247251639160101     
  0.29999999999999999        6.6666666666666666E-002  0.58531640260846496     
  0.29999999999999999       0.10000000000000001       0.48805268105568694     
  0.29999999999999999       0.13333333333333333       0.40106084040821699     
  0.29999999999999999       0.16666666666666666       0.32451622247143191     
  0.29999999999999999       0.20000000000000001       0.25834172907323161     
  0.29999999999999999       0.23333333333333334       0.20219322674787579     
  0.29999999999999999       0.26666666666666666       0.15547641592554728     
  0.29999999999999999       0.29999999999999999       0.11738908352570021     
  0.29999999999999999       0.33333333333333331        8.6980163025911342E-002
  0.29999999999999999       0.36666666666666664        6.3216142495757494E-002
  0.29999999999999999       0.40000000000000002        4.5046007364479904E-002
  0.29999999999999999       0.43333333333333335        3.1457725377326967E-002
  0.29999999999999999       0.46666666666666667        2.1521764208479982E-002
  0.29999999999999999       0.50000000000000000        1.4419741194493397E-002
  0.29999999999999999       0.53333333333333333        9.4585917243785039E-003
  0.29999999999999999       0.56666666666666665        6.0723185444943057E-003
  0.29999999999999999       0.59999999999999998        3.8143376885573085E-003
  0.29999999999999999       0.63333333333333330        2.3437124602057849E-003
  0.29999999999999999       0.66666666666666663        1.4083148016058652E-003
  0.29999999999999999       0.69999999999999996        8.2737035026249752E-004
  0.29999999999999999       0.73333333333333328        4.7512213424243528E-004
  0.29999999999999999       0.76666666666666661        2.6664190807409050E-004
  0.29999999999999999       0.80000000000000004        1.4622686432972618E-004
  0.29999999999999999       0.83333333333333337        7.8388384552655286E-005
  0.29999999999999999       0.86666666666666670        4.1171588064813827E-005
  0.29999999999999999       0.90000000000000002        2.1415702398155360E-005
  0.29999999999999999       0.93333333333333335        1.1539766865848752E-005
  0.29999999999999999       0.96666666666666667        7.4795026187959459E-006
  0.29999999999999999        1.0000000000000000        7.4795026187959459E-006

  0.33333333333333331        0.0000000000000000       0.86602540378443860     
  0.33333333333333331        3.3333333333333333E-002  0.74126847122784412     
  0.33333333333333331        6.6666666666666666E-002  0.62656146587165917     
  0.33333333333333331       0.10000000000000001       0.52244393272094858     
  0.33333333333333331       0.13333333333333333       0.42932210160183515     
  0.33333333333333331       0.16666666666666666       0.34738367000257592     
  0.33333333333333331       0.20000000000000001       0.27654610693051179     
  0.33333333333333331       0.23333333333333334       0.21644102911842378     
  0.33333333333333331       0.26666666666666666       0.16643225892295171     
  0.33333333333333331       0.29999999999999999       0.12566105430056446     
  0.33333333333333331       0.33333333333333331        9.3109330619129210E-002
  0.33333333333333331       0.36666666666666664        6.7670748218188886E-002
  0.33333333333333331       0.40000000000000002        4.8220231451183156E-002
  0.33333333333333331       0.43333333333333335        3.3674433925937317E-002
  0.33333333333333331       0.46666666666666667        2.3038322641420556E-002
  0.33333333333333331       0.50000000000000000        1.5435846561018736E-002
  0.33333333333333331       0.53333333333333333        1.0125103396209577E-002
  0.33333333333333331       0.56666666666666665        6.5002121784430373E-003
  0.33333333333333331       0.59999999999999998        4.0831198353938293E-003
  0.33333333333333331       0.63333333333333330        2.5088651336335741E-003
  0.33333333333333331       0.66666666666666663        1.5075534917021380E-003
  0.33333333333333331       0.69999999999999996        8.8567205219087326E-004
  0.33333333333333331       0.73333333333333328        5.0860221851350897E-004
  0.33333333333333331       0.76666666666666661        2.8543116858024335E-004
  0.33333333333333331       0.80000000000000004        1.5653092593329699E-004
  0.33333333333333331       0.83333333333333337        8.3912121570045201E-005
  0.33333333333333331       0.86666666666666670        4.4072796277691029E-005
  0.33333333333333331       0.90000000000000002        2.2924787051005111E-005
  0.33333333333333331       0.93333333333333335        1.2352931185699237E-005
  0.33333333333333331       0.96666666666666667        8.0065552647062045E-006
  0.33333333333333331        1.0000000000000000        8.0065552647062045E-006

  0.36666666666666664        0.0000000000000000       0.91354545764260087     
  0.36666666666666664        3.3333333333333333E-002  0.78194293357291467     
  0.36666666666666664        6.6666666666666666E-002  0.66094179059834746     
  0.36666666666666664       0.10000000000000001       0.55111117933089804     
  0.36666666666666664       0.13333333333333333       0.45287962000887788     
  0.36666666666666664       0.16666666666666666       0.36644510935046531     
  0.36666666666666664       0.20000000000000001       0.29172058776926790     
  0.36666666666666664       0.23333333333333334       0.22831745828075317     
  0.36666666666666664       0.26666666666666666       0.17556463526340704     
  0.36666666666666664       0.29999999999999999       0.13255625626824558     
  0.36666666666666664       0.33333333333333331        9.8218372901703821E-002
  0.36666666666666664       0.36666666666666664        7.1383939062127325E-002
  0.36666666666666664       0.40000000000000002        5.0866144591375090E-002
  0.36666666666666664       0.43333333333333335        3.5522198329626768E-002
  0.36666666666666664       0.46666666666666667        2.4302468390422768E-002
  0.36666666666666664       0.50000000000000000        1.6282833562463000E-002
  0.36666666666666664       0.53333333333333333        1.0680682316417674E-002
  0.36666666666666664       0.56666666666666665        6.8568881275078994E-003
  0.36666666666666664       0.59999999999999998        4.3071664668660184E-003
  0.36666666666666664       0.63333333333333330        2.6465301556434927E-003
  0.36666666666666664       0.66666666666666663        1.5902751102674726E-003
  0.36666666666666664       0.69999999999999996        9.3427014577665373E-004
  0.36666666666666664       0.73333333333333328        5.3650995044669195E-004
  0.36666666666666664       0.76666666666666661        3.0109318547311901E-004
  0.36666666666666664       0.80000000000000004        1.6512000195614048E-004
  0.36666666666666664       0.83333333333333337        8.8516499823773330E-005
  0.36666666666666664       0.86666666666666670        4.6491133711724316E-005
  0.36666666666666664       0.90000000000000002        2.4182702939603938E-005
  0.36666666666666664       0.93333333333333335        1.3030754206462161E-005
  0.36666666666666664       0.96666666666666667        8.4458864156569378E-006
  0.36666666666666664        1.0000000000000000        8.4458864156569378E-006

  0.40000000000000002        0.0000000000000000       0.95105651629515353     
  0.40000000000000002        3.3333333333333333E-002  0.81405026550568205     
  0.40000000000000002        6.6666666666666666E-002  0.68808069875627864     
  0.40000000000000002       0.10000000000000001       0.57374033653266976     
  0.40000000000000002       0.13333333333333333       0.47147529452795023     
  0.40000000000000002       0.16666666666666666       0.38149169939674193     
  0.40000000000000002       0.20000000000000001       0.30369891680196642     
  0.40000000000000002       0.23333333333333334       0.23769239359165881     
  0.40000000000000002       0.26666666666666666       0.18277348872065458     
  0.40000000000000002       0.29999999999999999       0.13799914415307180     
  0.40000000000000002       0.33333333333333331       0.10225131413725150     
  0.40000000000000002       0.36666666666666664        7.4315032531651504E-002
  0.40000000000000002       0.40000000000000002        5.2954757606998845E-002
  0.40000000000000002       0.43333333333333335        3.6980774094918928E-002
  0.40000000000000002       0.46666666666666667        2.5300351210121051E-002
  0.40000000000000002       0.50000000000000000        1.6951422431994937E-002
  0.40000000000000002       0.53333333333333333        1.1119241446090633E-002
  0.40000000000000002       0.56666666666666665        7.1384385753516964E-003
  0.40000000000000002       0.59999999999999998        4.4840228811946934E-003
  0.40000000000000002       0.63333333333333330        2.7551992394461407E-003
  0.40000000000000002       0.66666666666666663        1.6555733419382555E-003
  0.40000000000000002       0.69999999999999996        9.7263218013670803E-004
  0.40000000000000002       0.73333333333333328        5.5853956709085619E-004
  0.40000000000000002       0.76666666666666661        3.1345636241815147E-004
  0.40000000000000002       0.80000000000000004        1.7189998868397070E-004
  0.40000000000000002       0.83333333333333337        9.2151072782163792E-005
  0.40000000000000002       0.86666666666666670        4.8400104555916738E-005
  0.40000000000000002       0.90000000000000002        2.5175668074240540E-005
  0.40000000000000002       0.93333333333333335        1.3565809557278461E-005
  0.40000000000000002       0.96666666666666667        8.7926826676223757E-006
  0.40000000000000002        1.0000000000000000        8.7926826676223757E-006

  0.43333333333333335        0.0000000000000000       0.97814760073380569     
  0.43333333333333335        3.3333333333333333E-002  0.83723869237859916     
  0.43333333333333335        6.6666666666666666E-002  0.70768085078849297     
  0.43333333333333335       0.10000000000000001       0.59008347454450527     
  0.43333333333333335       0.13333333333333333       0.48490538705762609     
  0.43333333333333335       0.16666666666666666       0.39235858655215738     
  0.43333333333333335       0.20000000000000001       0.31234985694909834     
  0.43333333333333335       0.23333333333333334       0.24446312129804310     
  0.43333333333333335       0.26666666666666666       0.18797983758766726     
  0.43333333333333335       0.29999999999999999       0.14193008453637951     
  0.43333333333333335       0.33333333333333331       0.10516396857764831     
  0.43333333333333335       0.36666666666666664        7.6431914953338564E-002
  0.43333333333333335       0.40000000000000002        5.4463187216784871E-002
  0.43333333333333335       0.43333333333333335        3.8034180760502669E-002
  0.43333333333333335       0.46666666666666667        2.6021038087522382E-002
  0.43333333333333335       0.50000000000000000        1.7434287970048742E-002
  0.43333333333333335       0.53333333333333333        1.1435975839629362E-002
  0.43333333333333335       0.56666666666666665        7.3417787963496331E-003
  0.43333333333333335       0.59999999999999998        4.6117514024948871E-003
  0.43333333333333335       0.63333333333333330        2.8336817838189097E-003
  0.43333333333333335       0.66666666666666663        1.7027327656237681E-003
  0.43333333333333335       0.69999999999999996        1.0003378527948157E-003
  0.43333333333333335       0.73333333333333328        5.7444970735605436E-004
  0.43333333333333335       0.76666666666666661        3.2238524586156972E-004
  0.43333333333333335       0.80000000000000004        1.7679660316339405E-004
  0.43333333333333335       0.83333333333333337        9.4776019303301133E-005
  0.43333333333333335       0.86666666666666670        4.9778793726221532E-005
  0.43333333333333335       0.90000000000000002        2.5892803321108522E-005
  0.43333333333333335       0.93333333333333335        1.3952235059757066E-005
  0.43333333333333335       0.96666666666666667        9.0431444482942069E-006
  0.43333333333333335        1.0000000000000000        9.0431444482942069E-006

  0.46666666666666667        0.0000000000000000       0.99452189536827329     
  0.46666666666666667        3.3333333333333333E-002  0.85125415693435647     
  0.46666666666666667        6.6666666666666666E-002  0.71952750332772974     
  0.46666666666666667       0.10000000000000001       0.59996153452632550     
  0.46666666666666667       0.13333333333333333       0.49302275469372270     
  0.46666666666666667       0.16666666666666666       0.39892671092699467     
  0.46666666666666667       0.20000000000000001       0.31757862670008630     
  0.46666666666666667       0.23333333333333334       0.24855545989028907     
  0.46666666666666667       0.26666666666666666       0.19112664001675944     
  0.46666666666666667       0.29999999999999999       0.14430600921272707     
  0.46666666666666667       0.33333333333333331       0.10692442457133319     
  0.46666666666666667       0.36666666666666664        7.7711393320390384E-002
  0.46666666666666667       0.40000000000000002        5.5374906750269175E-002
  0.46666666666666667       0.43333333333333335        3.8670876982510330E-002
  0.46666666666666667       0.46666666666666667        2.6456633026384527E-002
  0.46666666666666667       0.50000000000000000        1.7726139800743383E-002
  0.46666666666666667       0.53333333333333333        1.1627415288737316E-002
  0.46666666666666667       0.56666666666666665        7.4646809524887784E-003
  0.46666666666666667       0.59999999999999998        4.6889526103583226E-003
  0.46666666666666667       0.63333333333333330        2.8811179175821226E-003
  0.46666666666666667       0.66666666666666663        1.7312366928093680E-003
  0.46666666666666667       0.69999999999999996        1.0170836146035499E-003
  0.46666666666666667       0.73333333333333328        5.8406605641613007E-004
  0.46666666666666667       0.76666666666666661        3.2778200908787882E-004
  0.46666666666666667       0.80000000000000004        1.7975619706149155E-004
  0.46666666666666667       0.83333333333333337        9.6362579923794448E-005
  0.46666666666666667       0.86666666666666670        5.0612096015579564E-005
  0.46666666666666667       0.90000000000000002        2.6326251596372999E-005
  0.46666666666666667       0.93333333333333335        1.4185796955228079E-005
  0.46666666666666667       0.96666666666666667        9.1945276459908871E-006
  0.46666666666666667        1.0000000000000000        9.1945276459908871E-006

  0.50000000000000000        0.0000000000000000        1.0000000000000000     
  0.50000000000000000        3.3333333333333333E-002  0.85594310281035635     
  0.50000000000000000        6.6666666666666666E-002  0.72349086196969781     
  0.50000000000000000       0.10000000000000001       0.60326629038585278     
  0.50000000000000000       0.13333333333333333       0.49573846185775072     
  0.50000000000000000       0.16666666666666666       0.40112411077613463     
  0.50000000000000000       0.20000000000000001       0.31932793855934799     
  0.50000000000000000       0.23333333333333334       0.24992457285040318     
  0.50000000000000000       0.26666666666666666       0.19217941898200733     
  0.50000000000000000       0.29999999999999999       0.14510088705416613     
  0.50000000000000000       0.33333333333333331       0.10751339419404023     
  0.50000000000000000       0.36666666666666664        7.8139449400069477E-002
  0.50000000000000000       0.40000000000000002        5.5679927217453302E-002
  0.50000000000000000       0.43333333333333335        3.8883886983896353E-002
  0.50000000000000000       0.46666666666666667        2.6602363557403218E-002
  0.50000000000000000       0.50000000000000000        1.7823780334347856E-002
  0.50000000000000000       0.53333333333333333        1.1691462342748784E-002
  0.50000000000000000       0.56666666666666665        7.5057985020275421E-003
  0.50000000000000000       0.59999999999999998        4.7147806721962561E-003
  0.50000000000000000       0.63333333333333330        2.8969879205276213E-003
  0.50000000000000000       0.66666666666666663        1.7407728285039796E-003
  0.50000000000000000       0.69999999999999996        1.0226859954922580E-003
  0.50000000000000000       0.73333333333333328        5.8728325553843066E-004
  0.50000000000000000       0.76666666666666661        3.2958752402982588E-004
  0.50000000000000000       0.80000000000000004        1.8074634444818077E-004
  0.50000000000000000       0.83333333333333337        9.6893371953476397E-005
  0.50000000000000000       0.86666666666666670        5.0890881589728908E-005
  0.50000000000000000       0.90000000000000002        2.6471263950025293E-005
  0.50000000000000000       0.93333333333333335        1.4263936290688756E-005
  0.50000000000000000       0.96666666666666667        9.2451736747194851E-006
  0.50000000000000000        1.0000000000000000        9.2451736747194851E-006

  0.53333333333333333        0.0000000000000000       0.99452189536827340     
  0.53333333333333333        3.3333333333333333E-002  0.85125415693435647     
  0.53333333333333333        6.6666666666666666E-002  0.71952750332772974     
  0.53333333333333333       0.10000000000000001       0.59996153452632550     
  0.53333333333333333       0.13333333333333333       0.49302275469372270     
  0.53333333333333333       0.16666666666666666       0.39892671092699467     
  0.53333333333333333       0.20000000000000001       0.31757862670008630     
  0.53333333333333333       0.23333333333333334       0.24855545989028907     
  0.53333333333333333       0.26666666666666666       0.19112664001675944     
  0.53333333333333333       0.29999999999999999       0.14430600921272707     
  0.53333333333333333       0.33333333333333331       0.10692442457133319     
  0.53333333333333333       0.36666666666666664        7.7711393320390384E-002
  0.53333333333333333       0.40000000000000002        5.5374906750269168E-002
  0.53333333333333333       0.43333333333333335        3.8670876982510337E-002
  0.53333333333333333       0.46666666666666667        2.6456633026384530E-002
  0.53333333333333333       0.50000000000000000        1.7726139800743383E-002
  0.53333333333333333       0.53333333333333333        1.1627415288737316E-002
  0.53333333333333333       0.56666666666666665        7.4646809524887784E-003
  0.53333333333333333       0.59999999999999998        4.6889526103583226E-003
  0.53333333333333333       0.63333333333333330        2.8811179175821226E-003
  0.53333333333333333       0.66666666666666663        1.7312366928093680E-003
  0.53333333333333333       0.69999999999999996        1.0170836146035499E-003
  0.53333333333333333       0.73333333333333328        5.8406605641613007E-004
  0.53333333333333333       0.76666666666666661        3.2778200908787882E-004
  0.53333333333333333       0.80000000000000004        1.7975619706149157E-004
  0.53333333333333333       0.83333333333333337        9.6362579923794448E-005
  0.53333333333333333       0.86666666666666670        5.0612096015579564E-005
  0.53333333333333333       0.90000000000000002        2.6326251596372999E-005
  0.53333333333333333       0.93333333333333335        1.4185796955228079E-005
  0.53333333333333333       0.96666666666666667        9.1945276459908871E-006
  0.53333333333333333        1.0000000000000000        9.1945276459908871E-006

  0.56666666666666665        0.0000000000000000       0.97814760073380569     
  0.56666666666666665        3.3333333333333333E-002  0.83723869237859916     
  0.56666666666666665        6.6666666666666666E-002  0.70768085078849297     
  0.56666666666666665       0.10000000000000001       0.59008347454450527     
  0.56666666666666665       0.13333333333333333       0.48490538705762609     
  0.56666666666666665       0.16666666666666666       0.39235858655215738     
  0.56666666666666665       0.20000000000000001       0.31234985694909839     
  0.56666666666666665       0.23333333333333334       0.24446312129804310     
  0.56666666666666665       0.26666666666666666       0.18797983758766723     
  0.56666666666666665       0.29999999999999999       0.14193008453637951     
  0.56666666666666665       0.33333333333333331       0.10516396857764831     
  0.56666666666666665       0.36666666666666664        7.6431914953338564E-002
  0.56666666666666665       0.40000000000000002        5.4463187216784871E-002
  0.56666666666666665       0.43333333333333335        3.8034180760502669E-002
  0.56666666666666665       0.46666666666666667        2.6021038087522385E-002
  0.56666666666666665       0.50000000000000000        1.7434287970048742E-002
  0.56666666666666665       0.53333333333333333        1.1435975839629364E-002
  0.56666666666666665       0.56666666666666665        7.3417787963496331E-003
  0.56666666666666665       0.59999999999999998        4.6117514024948871E-003
  0.56666666666666665       0.63333333333333330        2.8336817838189097E-003
  0.56666666666666665       0.66666666666666663        1.7027327656237681E-003
  0.56666666666666665       0.69999999999999996        1.0003378527948159E-003
  0.56666666666666665       0.73333333333333328        5.7444970735605436E-004
  0.56666666666666665       0.76666666666666661        3.2238524586156972E-004
  0.56666666666666665       0.80000000000000004        1.7679660316339407E-004
  0.56666666666666665       0.83333333333333337        9.4776019303301161E-005
  0.56666666666666665       0.86666666666666670        4.9778793726221539E-005
  0.56666666666666665       0.90000000000000002        2.5892803321108522E-005
  0.56666666666666665       0.93333333333333335        1.3952235059757066E-005
  0.56666666666666665       0.96666666666666667        9.0431444482942069E-006
  0.56666666666666665        1.0000000000000000        9.0431444482942069E-006

  0.59999999999999998        0.0000000000000000       0.95105651629515364     
  0.59999999999999998        3.3333333333333333E-002  0.81405026550568205     
  0.59999999999999998        6.6666666666666666E-002  0.68808069875627864     
  0.59999999999999998       0.10000000000000001       0.57374033653266976     
  0.59999999999999998       0.13333333333333333       0.47147529452795028     
  0.59999999999999998       0.16666666666666666       0.38149169939674193     
  0.59999999999999998       0.20000000000000001       0.30369891680196642     
  0.59999999999999998       0.23333333333333334       0.23769239359165878     
  0.59999999999999998       0.26666666666666666       0.18277348872065458     
  0.59999999999999998       0.29999999999999999       0.13799914415307180     
  0.59999999999999998       0.33333333333333331       0.10225131413725148     
  0.59999999999999998       0.36666666666666664        7.4315032531651518E-002
  0.59999999999999998       0.40000000000000002        5.2954757606998845E-002
  0.59999999999999998       0.43333333333333335        3.6980774094918935E-002
  0.59999999999999998       0.46666666666666667        2.5300351210121055E-002
  0.59999999999999998       0.50000000000000000        1.6951422431994941E-002
  0.59999999999999998       0.53333333333333333        1.1119241446090637E-002
  0.59999999999999998       0.56666666666666665        7.1384385753516973E-003
  0.59999999999999998       0.59999999999999998        4.4840228811946934E-003
  0.59999999999999998       0.63333333333333330        2.7551992394461407E-003
  0.59999999999999998       0.66666666666666663        1.6555733419382555E-003
  0.59999999999999998       0.69999999999999996        9.7263218013670825E-004
  0.59999999999999998       0.73333333333333328        5.5853956709085630E-004
  0.59999999999999998       0.76666666666666661        3.1345636241815147E-004
  0.59999999999999998       0.80000000000000004        1.7189998868397073E-004
  0.59999999999999998       0.83333333333333337        9.2151072782163792E-005
  0.59999999999999998       0.86666666666666670        4.8400104555916744E-005
  0.59999999999999998       0.90000000000000002        2.5175668074240540E-005
  0.59999999999999998       0.93333333333333335        1.3565809557278463E-005
  0.59999999999999998       0.96666666666666667        8.7926826676223791E-006
  0.59999999999999998        1.0000000000000000        8.7926826676223791E-006

  0.63333333333333330        0.0000000000000000       0.91354545764260098     
  0.63333333333333330        3.3333333333333333E-002  0.78194293357291478     
  0.63333333333333330        6.6666666666666666E-002  0.66094179059834746     
  0.63333333333333330       0.10000000000000001       0.55111117933089815     
  0.63333333333333330       0.13333333333333333       0.45287962000887794     
  0.63333333333333330       0.16666666666666666       0.36644510935046531     
  0.63333333333333330       0.20000000000000001       0.29172058776926790     
  0.63333333333333330       0.23333333333333334       0.22831745828075314     
  0.63333333333333330       0.26666666666666666       0.17556463526340704     
  0.63333333333333330       0.29999999999999999       0.13255625626824558     
  0.63333333333333330       0.33333333333333331        9.8218372901703835E-002
  0.63333333333333330       0.36666666666666664        7.1383939062127325E-002
  0.63333333333333330       0.40000000000000002        5.0866144591375097E-002
  0.63333333333333330       0.43333333333333335        3.5522198329626761E-002
  0.63333333333333330       0.46666666666666667        2.4302468390422775E-002
  0.63333333333333330       0.50000000000000000        1.6282833562463000E-002
  0.63333333333333330       0.53333333333333333        1.0680682316417674E-002
  0.63333333333333330       0.56666666666666665        6.8568881275078994E-003
  0.63333333333333330       0.59999999999999998        4.3071664668660184E-003
  0.63333333333333330       0.63333333333333330        2.6465301556434927E-003
  0.63333333333333330       0.66666666666666663        1.5902751102674728E-003
  0.63333333333333330       0.69999999999999996        9.3427014577665383E-004
  0.63333333333333330       0.73333333333333328        5.3650995044669206E-004
  0.63333333333333330       0.76666666666666661        3.0109318547311907E-004
  0.63333333333333330       0.80000000000000004        1.6512000195614048E-004
  0.63333333333333330       0.83333333333333337        8.8516499823773344E-005
  0.63333333333333330       0.86666666666666670        4.6491133711724302E-005
  0.63333333333333330       0.90000000000000002        2.4182702939603942E-005
  0.63333333333333330       0.93333333333333335        1.3030754206462163E-005
  0.63333333333333330       0.96666666666666667        8.4458864156569378E-006
  0.63333333333333330        1.0000000000000000        8.4458864156569378E-006

  0.66666666666666663        0.0000000000000000       0.86602540378443871     
  0.66666666666666663        3.3333333333333333E-002  0.74126847122784412     
  0.66666666666666663        6.6666666666666666E-002  0.62656146587165928     
  0.66666666666666663       0.10000000000000001       0.52244393272094869     
  0.66666666666666663       0.13333333333333333       0.42932210160183515     
  0.66666666666666663       0.16666666666666666       0.34738367000257592     
  0.66666666666666663       0.20000000000000001       0.27654610693051179     
  0.66666666666666663       0.23333333333333334       0.21644102911842381     
  0.66666666666666663       0.26666666666666666       0.16643225892295171     
  0.66666666666666663       0.29999999999999999       0.12566105430056448     
  0.66666666666666663       0.33333333333333331        9.3109330619129224E-002
  0.66666666666666663       0.36666666666666664        6.7670748218188886E-002
  0.66666666666666663       0.40000000000000002        4.8220231451183156E-002
  0.66666666666666663       0.43333333333333335        3.3674433925937323E-002
  0.66666666666666663       0.46666666666666667        2.3038322641420559E-002
  0.66666666666666663       0.50000000000000000        1.5435846561018740E-002
  0.66666666666666663       0.53333333333333333        1.0125103396209577E-002
  0.66666666666666663       0.56666666666666665        6.5002121784430381E-003
  0.66666666666666663       0.59999999999999998        4.0831198353938293E-003
  0.66666666666666663       0.63333333333333330        2.5088651336335746E-003
  0.66666666666666663       0.66666666666666663        1.5075534917021382E-003
  0.66666666666666663       0.69999999999999996        8.8567205219087348E-004
  0.66666666666666663       0.73333333333333328        5.0860221851350908E-004
  0.66666666666666663       0.76666666666666661        2.8543116858024335E-004
  0.66666666666666663       0.80000000000000004        1.5653092593329702E-004
  0.66666666666666663       0.83333333333333337        8.3912121570045188E-005
  0.66666666666666663       0.86666666666666670        4.4072796277691036E-005
  0.66666666666666663       0.90000000000000002        2.2924787051005111E-005
  0.66666666666666663       0.93333333333333335        1.2352931185699237E-005
  0.66666666666666663       0.96666666666666667        8.0065552647062045E-006
  0.66666666666666663        1.0000000000000000        8.0065552647062045E-006

  0.69999999999999996        0.0000000000000000       0.80901699437494745     
  0.69999999999999996        3.3333333333333333E-002  0.69247251639160112     
  0.69999999999999996        6.6666666666666666E-002  0.58531640260846496     
  0.69999999999999996       0.10000000000000001       0.48805268105568694     
  0.69999999999999996       0.13333333333333333       0.40106084040821699     
  0.69999999999999996       0.16666666666666666       0.32451622247143197     
  0.69999999999999996       0.20000000000000001       0.25834172907323166     
  0.69999999999999996       0.23333333333333334       0.20219322674787576     
  0.69999999999999996       0.26666666666666666       0.15547641592554728     
  0.69999999999999996       0.29999999999999999       0.11738908352570022     
  0.69999999999999996       0.33333333333333331        8.6980163025911356E-002
  0.69999999999999996       0.36666666666666664        6.3216142495757507E-002
  0.69999999999999996       0.40000000000000002        4.5046007364479911E-002
  0.69999999999999996       0.43333333333333335        3.1457725377326974E-002
  0.69999999999999996       0.46666666666666667        2.1521764208479986E-002
  0.69999999999999996       0.50000000000000000        1.4419741194493399E-002
  0.69999999999999996       0.53333333333333333        9.4585917243785057E-003
  0.69999999999999996       0.56666666666666665        6.0723185444943057E-003
  0.69999999999999996       0.59999999999999998        3.8143376885573089E-003
  0.69999999999999996       0.63333333333333330        2.3437124602057853E-003
  0.69999999999999996       0.66666666666666663        1.4083148016058654E-003
  0.69999999999999996       0.69999999999999996        8.2737035026249773E-004
  0.69999999999999996       0.73333333333333328        4.7512213424243539E-004
  0.69999999999999996       0.76666666666666661        2.6664190807409056E-004
  0.69999999999999996       0.80000000000000004        1.4622686432972618E-004
  0.69999999999999996       0.83333333333333337        7.8388384552655299E-005
  0.69999999999999996       0.86666666666666670        4.1171588064813834E-005
  0.69999999999999996       0.90000000000000002        2.1415702398155360E-005
  0.69999999999999996       0.93333333333333335        1.1539766865848752E-005
  0.69999999999999996       0.96666666666666667        7.4795026187959459E-006
  0.69999999999999996        1.0000000000000000        7.4795026187959459E-006

  0.73333333333333328        0.0000000000000000       0.74314482547739447     
  0.73333333333333328        3.3333333333333333E-002  0.63608968775658159     
  0.73333333333333328        6.6666666666666666E-002  0.53765849035296065     
  0.73333333333333328       0.10000000000000001       0.44831422208518973     
  0.73333333333333328       0.13333333333333333       0.36840547271971003     
  0.73333333333333328       0.16666666666666666       0.29809330729750555     
  0.73333333333333328       0.20000000000000001       0.23730690517074279     
  0.73333333333333328       0.23333333333333334       0.18573015307342519     
  0.73333333333333328       0.26666666666666666       0.14281714077973084     
  0.73333333333333328       0.29999999999999999       0.10783097338648340     
  0.73333333333333328       0.33333333333333331        7.9898022564812321E-002
  0.73333333333333328       0.36666666666666664        5.8068927487314320E-002
  0.73333333333333328       0.40000000000000002        4.1378249794608350E-002
  0.73333333333333328       0.43333333333333335        2.8896359406530379E-002
  0.73333333333333328       0.46666666666666667        1.9769408823152607E-002
  0.73333333333333328       0.50000000000000000        1.3245650125916350E-002
  0.73333333333333328       0.53333333333333333        8.6884497422775736E-003
  0.73333333333333328       0.56666666666666665        5.5778953178577456E-003
  0.73333333333333328       0.59999999999999998        3.5037648598034783E-003
  0.73333333333333328       0.63333333333333330        2.1528815826106188E-003
  0.73333333333333328       0.66666666666666663        1.2936463198343798E-003
  0.73333333333333328       0.69999999999999996        7.6000380563826940E-004
  0.73333333333333328       0.73333333333333328        4.3643651244290301E-004
  0.73333333333333328       0.76666666666666661        2.4493126302467148E-004
  0.73333333333333328       0.80000000000000004        1.3432071060062031E-004
  0.73333333333333328       0.83333333333333337        7.2005807990282468E-005
  0.73333333333333328       0.86666666666666670        3.7819295317389830E-005
  0.73333333333333328       0.90000000000000002        1.9671982828307588E-005
  0.73333333333333328       0.93333333333333335        1.0600170445364566E-005
  0.73333333333333328       0.96666666666666667        6.8705029770076121E-006
  0.73333333333333328        1.0000000000000000        6.8705029770076121E-006

  0.76666666666666661        0.0000000000000000       0.66913060635885835     
  0.76666666666666661        3.3333333333333333E-002  0.57273772739217632     
  0.76666666666666661        6.6666666666666666E-002  0.48410987916487702     
  0.76666666666666661       0.10000000000000001       0.40366393868174483     
  0.76666666666666661       0.13333333333333333       0.33171377757828452     
  0.76666666666666661       0.16666666666666666       0.26840441946879284     
  0.76666666666666661       0.20000000000000001       0.21367209715554078     
  0.76666666666666661       0.23333333333333334       0.16723218097536890     
  0.76666666666666661       0.26666666666666666       0.12859313115312362     
  0.76666666666666661       0.29999999999999999        9.7091444537762389E-002
  0.76666666666666661       0.33333333333333331        7.1940502648757079E-002
  0.76666666666666661       0.36666666666666664        5.2285497157615810E-002
  0.76666666666666661       0.40000000000000002        3.7257143461031629E-002
  0.76666666666666661       0.43333333333333335        2.6018398875123885E-002
  0.76666666666666661       0.46666666666666667        1.7800455657744008E-002
  0.76666666666666661       0.50000000000000000        1.1926436942729273E-002
  0.76666666666666661       0.53333333333333333        7.8231152866252533E-003
  0.76666666666666661       0.56666666666666665        5.0223595028690993E-003
  0.76666666666666661       0.59999999999999998        3.1548040500357058E-003
  0.76666666666666661       0.63333333333333330        1.9384632838769353E-003
  0.76666666666666661       0.66666666666666663        1.1648043782698924E-003
  0.76666666666666661       0.69999999999999996        6.8431050027844729E-004
  0.76666666666666661       0.73333333333333328        3.9296920088283436E-004
  0.76666666666666661       0.76666666666666661        2.2053709980239216E-004
  0.76666666666666661       0.80000000000000004        1.2094291105775827E-004
  0.76666666666666661       0.83333333333333337        6.4834320727384046E-005
  0.76666666666666661       0.86666666666666670        3.4052646456272158E-005
  0.76666666666666661       0.90000000000000002        1.7712732897965809E-005
  0.76666666666666661       0.93333333333333335        9.5444363392526905E-006
  0.76666666666666661       0.96666666666666667        6.1862286668580026E-006
  0.76666666666666661        1.0000000000000000        6.1862286668580026E-006

  0.80000000000000004        0.0000000000000000       0.58778525229247325     
  0.80000000000000004        3.3333333333333333E-002  0.50311073263338768     
  0.80000000000000004        6.6666666666666666E-002  0.42525725883415777     
  0.80000000000000004       0.10000000000000001       0.35459102869399295     
  0.80000000000000004       0.13333333333333333       0.29138775687414065     
  0.80000000000000004       0.16666666666666666       0.23577483665314428     
  0.80000000000000004       0.20000000000000001       0.18769625293014175     
  0.80000000000000004       0.23333333333333334       0.14690197810696282     
  0.80000000000000004       0.26666666666666666       0.11296022827176008     
  0.80000000000000004       0.29999999999999999        8.5288161504994700E-002
  0.80000000000000004       0.33333333333333331        6.3194787531164059E-002
  0.80000000000000004       0.36666666666666664        4.5929215979614781E-002
  0.80000000000000004       0.40000000000000002        3.2727840067137332E-002
  0.80000000000000004       0.43333333333333335        2.2855375320941531E-002
  0.80000000000000004       0.46666666666666667        1.5636476975164345E-002
  0.80000000000000004       0.50000000000000000        1.0476555220630275E-002
  0.80000000000000004       0.53333333333333333        6.8720691428005446E-003
  0.80000000000000004       0.56666666666666665        4.4117976661707256E-003
  0.80000000000000004       0.59999999999999998        2.7712785469105523E-003
  0.80000000000000004       0.63333333333333330        1.7028067757555751E-003
  0.80000000000000004       0.66666666666666663        1.0232005961860935E-003
  0.80000000000000004       0.69999999999999996        6.0111974587639591E-004
  0.80000000000000004       0.73333333333333328        3.4519643652380135E-004
  0.80000000000000004       0.76666666666666661        1.9372668596432277E-004
  0.80000000000000004       0.80000000000000004        1.0624003567241619E-004
  0.80000000000000004       0.83333333333333337        5.6952495079142558E-005
  0.80000000000000004       0.86666666666666670        2.9912909674605182E-005
  0.80000000000000004       0.90000000000000002        1.5559418559366265E-005
  0.80000000000000004       0.93333333333333335        8.3841313913062532E-006
  0.80000000000000004       0.96666666666666667        5.4341767408827239E-006
  0.80000000000000004        1.0000000000000000        5.4341767408827239E-006

  0.83333333333333337        0.0000000000000000       0.49999999999999994     
  0.83333333333333337        3.3333333333333333E-002  0.42797155140517817     
  0.83333333333333337        6.6666666666666666E-002  0.36174543098484901     
  0.83333333333333337       0.10000000000000001       0.30163314519292644     
  0.83333333333333337       0.13333333333333333       0.24786923092887542     
  0.83333333333333337       0.16666666666666666       0.20056205538806737     
  0.83333333333333337       0.20000000000000001       0.15966396927967402     
  0.83333333333333337       0.23333333333333334       0.12496228642520160     
  0.83333333333333337       0.26666666666666666        9.6089709491003664E-002
  0.83333333333333337       0.29999999999999999        7.2550443527083078E-002
  0.83333333333333337       0.33333333333333331        5.3756697097020113E-002
  0.83333333333333337       0.36666666666666664        3.9069724700034746E-002
  0.83333333333333337       0.40000000000000002        2.7839963608726655E-002
  0.83333333333333337       0.43333333333333335        1.9441943491948176E-002
  0.83333333333333337       0.46666666666666667        1.3301181778701609E-002
  0.83333333333333337       0.50000000000000000        8.9118901671739279E-003
  0.83333333333333337       0.53333333333333333        5.8457311713743937E-003
  0.83333333333333337       0.56666666666666665        3.7528992510137715E-003
  0.83333333333333337       0.59999999999999998        2.3573903360981281E-003
  0.83333333333333337       0.63333333333333330        1.4484939602638107E-003
  0.83333333333333337       0.66666666666666663        8.7038641425198971E-004
  0.83333333333333337       0.69999999999999996        5.1134299774612901E-004
  0.83333333333333337       0.73333333333333328        2.9364162776921533E-004
  0.83333333333333337       0.76666666666666661        1.6479376201491297E-004
  0.83333333333333337       0.80000000000000004        9.0373172224090414E-005
  0.83333333333333337       0.83333333333333337        4.8446685976738198E-005
  0.83333333333333337       0.86666666666666670        2.5445440794864457E-005
  0.83333333333333337       0.90000000000000002        1.3235631975012648E-005
  0.83333333333333337       0.93333333333333335        7.1319681453443778E-006
  0.83333333333333337       0.96666666666666667        4.6225868373597434E-006
  0.83333333333333337        1.0000000000000000        4.6225868373597434E-006

  0.86666666666666670        0.0000000000000000       0.40673664307580004     
  0.86666666666666670        3.3333333333333333E-002  0.34814342430096884     
  0.86666666666666670        6.6666666666666666E-002  0.29427024449357209     
  0.86666666666666670       0.10000000000000001       0.24537050583233269     
  0.86666666666666670       0.13333333333333333       0.20163499781958219     
  0.86666666666666670       0.16666666666666666       0.16315187427385044     
  0.86666666666666670       0.20000000000000001       0.12988237376994460     
  0.86666666666666670       0.23333333333333334       0.10165348178332628     
  0.86666666666666670       0.26666666666666666        7.8166411744999373E-002
  0.86666666666666670       0.29999999999999999        5.9017847707732378E-002
  0.86666666666666670       0.33333333333333331        4.3729637040169148E-002
  0.86666666666666670       0.36666666666666664        3.1782177340775611E-002
  0.86666666666666670       0.40000000000000002        2.2647066683131843E-002
  0.86666666666666670       0.43333333333333335        1.5815501661568802E-002
  0.86666666666666670       0.46666666666666667        1.0820156051220189E-002
  0.86666666666666670       0.50000000000000000        7.2495845801131102E-003
  0.86666666666666670       0.53333333333333333        4.7553461459367719E-003
  0.86666666666666670       0.56666666666666665        3.0528832863180523E-003
  0.86666666666666670       0.59999999999999998        1.9176740634477697E-003
  0.86666666666666670       0.63333333333333330        1.1783111418265479E-003
  0.86666666666666670       0.66666666666666663        7.0803609662327416E-004
  0.86666666666666670       0.69999999999999996        4.1596386872715400E-004
  0.86666666666666670       0.73333333333333328        2.3886961989232861E-004
  0.86666666666666670       0.76666666666666661        1.3405532312355602E-004
  0.86666666666666670       0.80000000000000004        7.3516161389075354E-005
  0.86666666666666670       0.83333333333333337        3.9410084844651877E-005
  0.86666666666666670       0.86666666666666670        2.0699186340974382E-005
  0.86666666666666670       0.90000000000000002        1.0766833037006736E-005
  0.86666666666666670       0.93333333333333335        5.8016655639218264E-006
  0.86666666666666670       0.96666666666666667        3.7603509051081637E-006
  0.86666666666666670        1.0000000000000000        3.7603509051081637E-006

  0.90000000000000002        0.0000000000000000       0.30901699437494751     
  0.90000000000000002        3.3333333333333333E-002  0.26450096498642295     
  0.90000000000000002        6.6666666666666666E-002  0.22357097162361603     
  0.90000000000000002       0.10000000000000001       0.18641953586276053     
  0.90000000000000002       0.13333333333333333       0.15319160947934168     
  0.90000000000000002       0.16666666666666666       0.12395416708336461     
  0.90000000000000002       0.20000000000000001        9.8677759793557626E-002
  0.90000000000000002       0.23333333333333334        7.7230940322674191E-002
  0.90000000000000002       0.26666666666666666        5.9386706434543621E-002
  0.90000000000000002       0.29999999999999999        4.4838639998617140E-002
  0.90000000000000002       0.33333333333333331        3.3223465928891235E-002
  0.90000000000000002       0.36666666666666664        2.4146417795722762E-002
  0.90000000000000002       0.40000000000000002        1.7206043755753252E-002
  0.90000000000000002       0.43333333333333335        1.2015781885378791E-002
  0.90000000000000002       0.46666666666666667        8.2205824297783749E-003
  0.90000000000000002       0.50000000000000000        5.5078510273194698E-003
  0.90000000000000002       0.53333333333333333        3.6128605530041111E-003
  0.90000000000000002       0.56666666666666665        2.3194192934805338E-003
  0.90000000000000002       0.59999999999999998        1.4569473524591811E-003
  0.90000000000000002       0.63333333333333330        8.9521849994197457E-004
  0.90000000000000002       0.66666666666666663        5.3792838735387555E-004
  0.90000000000000002       0.69999999999999996        3.1602735251636866E-004
  0.90000000000000002       0.73333333333333328        1.8148050647322003E-004
  0.90000000000000002       0.76666666666666661        1.0184814605917756E-004
  0.90000000000000002       0.80000000000000004        5.5853692105635791E-005
  0.90000000000000002       0.83333333333333337        2.9941698575917101E-005
  0.90000000000000002       0.86666666666666670        1.5726147269949374E-005
  0.90000000000000002       0.90000000000000002        8.1800704231427147E-006
  0.90000000000000002       0.93333333333333335        4.4077987205043759E-006
  0.90000000000000002       0.96666666666666667        2.8569157814362034E-006
  0.90000000000000002        1.0000000000000000        2.8569157814362034E-006

  0.93333333333333335        0.0000000000000000       0.20791169081775931     
  0.93333333333333335        3.3333333333333333E-002  0.17796057774910046     
  0.93333333333333335        6.6666666666666666E-002  0.15042220840331808     
  0.93333333333333335       0.10000000000000001       0.12542611444748009     
  0.93333333333333335       0.13333333333333333       0.10306982180824026     
  0.93333333333333335       0.16666666666666666        8.3398392099236371E-002
  0.93333333333333335       0.20000000000000001        6.6392011631223616E-002
  0.93333333333333335       0.23333333333333334        5.1962240518233602E-002
  0.93333333333333335       0.26666666666666666        3.9956347940923738E-002
  0.93333333333333335       0.29999999999999999        3.0168170766588408E-002
  0.93333333333333335       0.33333333333333331        2.2353291572439173E-002
  0.93333333333333335       0.36666666666666664        1.6246105044337197E-002
  0.93333333333333335       0.40000000000000002        1.1576507812390497E-002
  0.93333333333333335       0.43333333333333335        8.0844146883885561E-003
  0.93333333333333335       0.46666666666666667        5.5309423869684465E-003
  0.93333333333333335       0.50000000000000000        3.7057723060785900E-003
  0.93333333333333335       0.53333333333333333        2.4307917038130619E-003
  0.93333333333333335       0.56666666666666665        1.5605432574939517E-003
  0.93333333333333335       0.59999999999999998        9.8025802139121553E-004
  0.93333333333333335       0.63333333333333330        6.0231765683552239E-004
  0.93333333333333335       0.66666666666666663        3.6192702210387581E-004
  0.93333333333333335       0.69999999999999996        2.1262837449843880E-004
  0.93333333333333335       0.73333333333333328        1.2210305464795332E-004
  0.93333333333333335       0.76666666666666661        6.8525099393479990E-005
  0.93333333333333335       0.80000000000000004        3.7579278083350394E-005
  0.93333333333333335       0.83333333333333337        2.0145264791881334E-005
  0.93333333333333335       0.86666666666666670        1.0580809238526919E-005
  0.93333333333333335       0.90000000000000002        5.5036852459329577E-006
  0.93333333333333335       0.93333333333333335        2.9656391119138974E-006
  0.93333333333333335       0.96666666666666667        1.9221796906147657E-006
  0.93333333333333335        1.0000000000000000        1.9221796906147657E-006

  0.96666666666666667        0.0000000000000000       0.10452846326765373     
  0.96666666666666667        3.3333333333333333E-002   8.9470417181313752E-002
  0.96666666666666667        6.6666666666666666E-002   7.5625387989882553E-002
  0.96666666666666667       0.10000000000000001        6.3058498275211219E-002
  0.96666666666666667       0.13333333333333333        5.1818779600660933E-002
  0.96666666666666667       0.16666666666666666        4.1928886879033359E-002
  0.96666666666666667       0.20000000000000001        3.3378858696036316E-002
  0.96666666666666667       0.23333333333333334        2.6124231532877358E-002
  0.96666666666666667       0.26666666666666666        2.0088219337859738E-002
  0.96666666666666667       0.29999999999999999        1.5167172742545341E-002
  0.96666666666666667       0.33333333333333331        1.1238209875792483E-002
  0.96666666666666667       0.36666666666666664        8.1677965663698292E-003
  0.96666666666666667       0.40000000000000002        5.8201372268951879E-003
  0.96666666666666667       0.43333333333333335        4.0644729522997993E-003
  0.96666666666666667       0.46666666666666667        2.7807041819427857E-003
  0.96666666666666667       0.50000000000000000        1.8630923679696042E-003
  0.96666666666666667       0.53333333333333333        1.2220905920391702E-003
  0.96666666666666667       0.56666666666666665        7.8456958301359448E-004
  0.96666666666666667       0.59999999999999998        4.9282877830870888E-004
  0.96666666666666667       0.63333333333333330        3.0281769543770735E-004
  0.96666666666666667       0.66666666666666663        1.8196030866160748E-004
  0.96666666666666667       0.69999999999999996        1.0689979551415613E-004
  0.96666666666666667       0.73333333333333328        6.1387816204256797E-005
  0.96666666666666667       0.76666666666666661        3.4451277399028518E-005
  0.96666666666666667       0.80000000000000004        1.8893137626414307E-005
  0.96666666666666667       0.83333333333333337        1.0128115271118043E-005
  0.96666666666666667       0.86666666666666670        5.3195456469104811E-006
  0.96666666666666667       0.90000000000000002        2.7670005414485786E-006
  0.96666666666666667       0.93333333333333335        1.4909873406134088E-006
  0.96666666666666667       0.96666666666666667        9.6638379686099275E-007
  0.96666666666666667        1.0000000000000000        9.6638379686099275E-007

   1.0000000000000000        0.0000000000000000        1.2246467991473532E-016
   1.0000000000000000        3.3333333333333333E-002   0.0000000000000000     
   1.0000000000000000        6.6666666666666666E-002   0.0000000000000000     
   1.0000000000000000       0.10000000000000001        0.0000000000000000     
   1.0000000000000000       0.13333333333333333        0.0000000000000000     
   1.0000000000000000       0.16666666666666666        0.0000000000000000     
   1.0000000000000000       0.20000000000000001        0.0000000000000000     
   1.0000000000000000       0.23333333333333334        0.0000000000000000     
   1.0000000000000000       0.26666666666666666        0.0000000000000000     
   1.0000000000000000       0.29999999999999999        0.0000000000000000     
   1.0000000000000000       0.33333333333333331        0.0000000000000000     
   1.0000000000000000       0.36666666666666664        0.0000000000000000     
   1.0000000000000000       0.40000000000000002        0.0000000000000000     
   1.0000000000000000       0.43333333333333335        0.0000000000000000     
   1.0000000000000000       0.46666666666666667        0.0000000000000000     
   1.0000000000000000       0.50000000000000000        0.0000000000000000     
   1.0000000000000000       0.53333333333333333        0.0000000000000000     
   1.0000000000000000       0.56666666666666665        0.0000000000000000     
   1.0000000000000000       0.59999999999999998        0.0000000000000000     
   1.0000000000000000       0.63333333333333330        0.0000000000000000     
   1.0000000000000000       0.66666666666666663        0.0000000000000000     
   1.0000000000000000       0.69999999999999996        0.0000000000000000     
   1.0000000000000000       0.73333333333333328        0.0000000000000000     
   1.0000000000000000       0.76666666666666661        0.0000000000000000     
   1.0000000000000000       0.80000000000000004        0.0000000000000000     
   1.0000000000000000       0.83333333333333337        0.0000000000000000     
   1.0000000000000000       0.86666666666666670        0.0000000000000000     
   1.0000000000000000       0.90000000000000002        0.0000000000000000     
   1.0000000000000000       0.93333333333333335        0.0000000000000000     
   1.0000000000000000       0.96666666666666667        0.0000000000000000     
   1.0000000000000000        1.0000000000000000        0.0000000000000000     

