   0.0000000000000000        0.0000000000000000        0.0000000000000000     
   0.0000000000000000        3.3333333333333333E-002   0.0000000000000000     
   0.0000000000000000        6.6666666666666666E-002   0.0000000000000000     
   0.0000000000000000       0.10000000000000001        0.0000000000000000     
   0.0000000000000000       0.13333333333333333        0.0000000000000000     
   0.0000000000000000       0.16666666666666666        0.0000000000000000     
   0.0000000000000000       0.20000000000000001        0.0000000000000000     
   0.0000000000000000       0.23333333333333334        0.0000000000000000     
   0.0000000000000000       0.26666666666666666        0.0000000000000000     
   0.0000000000000000       0.29999999999999999        0.0000000000000000     
   0.0000000000000000       0.33333333333333331        0.0000000000000000     
   0.0000000000000000       0.36666666666666664        0.0000000000000000     
   0.0000000000000000       0.40000000000000002        0.0000000000000000     
   0.0000000000000000       0.43333333333333335        0.0000000000000000     
   0.0000000000000000       0.46666666666666667        0.0000000000000000     
   0.0000000000000000       0.50000000000000000        0.0000000000000000     
   0.0000000000000000       0.53333333333333333        0.0000000000000000     
   0.0000000000000000       0.56666666666666665        0.0000000000000000     
   0.0000000000000000       0.59999999999999998        0.0000000000000000     
   0.0000000000000000       0.63333333333333330        0.0000000000000000     
   0.0000000000000000       0.66666666666666663        0.0000000000000000     
   0.0000000000000000       0.69999999999999996        0.0000000000000000     
   0.0000000000000000       0.73333333333333328        0.0000000000000000     
   0.0000000000000000       0.76666666666666661        0.0000000000000000     
   0.0000000000000000       0.80000000000000004        0.0000000000000000     
   0.0000000000000000       0.83333333333333337        0.0000000000000000     
   0.0000000000000000       0.86666666666666670        0.0000000000000000     
   0.0000000000000000       0.90000000000000002        0.0000000000000000     
   0.0000000000000000       0.93333333333333335        0.0000000000000000     
   0.0000000000000000       0.96666666666666667        0.0000000000000000     
   0.0000000000000000        1.0000000000000000        0.0000000000000000     

   3.3333333333333333E-002   0.0000000000000000       0.10452846326765346     
   3.3333333333333333E-002   3.3333333333333333E-002   8.9522788247112045E-002
   3.3333333333333333E-002   6.6666666666666666E-002   7.5726541672257439E-002
   3.3333333333333333E-002  0.10000000000000001        6.3201663292876381E-002
   3.3333333333333333E-002  0.13333333333333333        5.1994749534983287E-002
   3.3333333333333333E-002  0.16666666666666666        4.2126995536398044E-002
   3.3333333333333333E-002  0.20000000000000001        3.3588040139244435E-002
   3.3333333333333333E-002  0.23333333333333334        2.6334019837481317E-002
   3.3333333333333333E-002  0.26666666666666666        2.0289566192027379E-002
   3.3333333333333333E-002  0.29999999999999999        1.5353002278635104E-002
   3.3333333333333333E-002  0.33333333333333331        1.1403679693743370E-002
   3.3333333333333333E-002  0.36666666666666664        8.3102813964852449E-003
   3.3333333333333333E-002  0.40000000000000002        5.9389886278231850E-003
   3.3333333333333333E-002  0.43333333333333335        4.1606299216731596E-003
   3.3333333333333333E-002  0.46666666666666667        2.8562346559102992E-003
   3.3333333333333333E-002  0.50000000000000000        1.9207368325485483E-003
   3.3333333333333333E-002  0.53333333333333333        1.2648611335645673E-003
   3.3333333333333333E-002  0.56666666666666665        8.1543605103184987E-004
   3.3333333333333333E-002  0.59999999999999998        5.1450307132491085E-004
   3.3333333333333333E-002  0.63333333333333330        3.1763078760366854E-004
   3.3333333333333333E-002  0.66666666666666663        1.9181604677182446E-004
   3.3333333333333333E-002  0.69999999999999996        1.1328469221165010E-004
   3.3333333333333333E-002  0.73333333333333328        6.5415960513008306E-005
   3.3333333333333333E-002  0.76666666666666661        3.6926489832903119E-005
   3.3333333333333333E-002  0.80000000000000004        2.0375014752563629E-005
   3.3333333333333333E-002  0.83333333333333337        1.0993349882879618E-005
   3.3333333333333333E-002  0.86666666666666670        5.8140377246742058E-006
   3.3333333333333333E-002  0.90000000000000002        3.0473991699908673E-006
   3.3333333333333333E-002  0.93333333333333335        1.6563790182173040E-006
   3.3333333333333333E-002  0.96666666666666667        1.0820373214994091E-006
   3.3333333333333333E-002   1.0000000000000000        1.0820373214994091E-006

   6.6666666666666666E-002   0.0000000000000000       0.20791169081775931     
   6.6666666666666666E-002   3.3333333333333333E-002  0.17806474609234091     
   6.6666666666666666E-002   6.6666666666666666E-002  0.15062340750715603     
   6.6666666666666666E-002  0.10000000000000001       0.12571087593691768     
   6.6666666666666666E-002  0.13333333333333333       0.10341983371346047     
   6.6666666666666666E-002  0.16666666666666666        8.3792438894058754E-002
   6.6666666666666666E-002  0.20000000000000001        6.6808082681974051E-002
   6.6666666666666666E-002  0.23333333333333334        5.2379518642875246E-002
   6.6666666666666666E-002  0.26666666666666666        4.0356835650990228E-002
   6.6666666666666666E-002  0.29999999999999999        3.0537793851483207E-002
   6.6666666666666666E-002  0.33333333333333331        2.2682418286388693E-002
   6.6666666666666666E-002  0.36666666666666664        1.6529513610952413E-002
   6.6666666666666666E-002  0.40000000000000002        1.1812908453426668E-002
   6.6666666666666666E-002  0.43333333333333335        8.2756751112566806E-003
   6.6666666666666666E-002  0.46666666666666667        5.6811758072249181E-003
   6.6666666666666666E-002  0.50000000000000000        3.8204296704196722E-003
   6.6666666666666666E-002  0.53333333333333333        2.5158641838605922E-003
   6.6666666666666666E-002  0.56666666666666665        1.6219380140476307E-003
   6.6666666666666666E-002  0.59999999999999998        1.0233691393336966E-003
   6.6666666666666666E-002  0.63333333333333330        6.3178154582983574E-004
   6.6666666666666666E-002  0.66666666666666663        3.8153051679512849E-004
   6.6666666666666666E-002  0.69999999999999996        2.2532821362908348E-004
   6.6666666666666666E-002  0.73333333333333328        1.3011521007346628E-004
   6.6666666666666666E-002  0.76666666666666661        7.3448405315832172E-005
   6.6666666666666666E-002  0.80000000000000004        4.0526796579752218E-005
   6.6666666666666666E-002  0.83333333333333337        2.1866254323936050E-005
   6.6666666666666666E-002  0.86666666666666670        1.1564375635371269E-005
   6.6666666666666666E-002  0.90000000000000002        6.0614103969660420E-006
   6.6666666666666666E-002  0.93333333333333335        3.2946104012914252E-006
   6.6666666666666666E-002  0.96666666666666667        2.1522196156736042E-006
   6.6666666666666666E-002   1.0000000000000000        2.1522196156736042E-006

  0.10000000000000001        0.0000000000000000       0.30901699437494740     
  0.10000000000000001        3.3333333333333333E-002  0.26465578931693839     
  0.10000000000000001        6.6666666666666666E-002  0.22387001176943175     
  0.10000000000000001       0.10000000000000001       0.18684277391750209     
  0.10000000000000001       0.13333333333333333       0.15371182855178142     
  0.10000000000000001       0.16666666666666666       0.12453983475650104     
  0.10000000000000001       0.20000000000000001        9.9296161890349843E-002
  0.10000000000000001       0.23333333333333334        7.7851136480898891E-002
  0.10000000000000001       0.26666666666666666        5.9981947173350016E-002
  0.10000000000000001       0.29999999999999999        4.5388006964450264E-002
  0.10000000000000001       0.33333333333333331        3.3712643557687161E-002
  0.10000000000000001       0.36666666666666664        2.4567645015274885E-002
  0.10000000000000001       0.40000000000000002        1.7557403582004392E-002
  0.10000000000000001       0.43333333333333335        1.2300050272524924E-002
  0.10000000000000001       0.46666666666666667        8.4438728075331114E-003
  0.10000000000000001       0.50000000000000000        5.6782650813453723E-003
  0.10000000000000001       0.53333333333333333        3.7393028996798136E-003
  0.10000000000000001       0.56666666666666665        2.4106696847691561E-003
  0.10000000000000001       0.59999999999999998        1.5210229608981823E-003
  0.10000000000000001       0.63333333333333330        9.3901037323110325E-004
  0.10000000000000001       0.66666666666666663        5.6706485863603168E-004
  0.10000000000000001       0.69999999999999996        3.3490299198503647E-004
  0.10000000000000001       0.73333333333333328        1.9338889016400117E-004
  0.10000000000000001       0.76666666666666661        1.0916560470005403E-004
  0.10000000000000001       0.80000000000000004        6.0234558342835643E-005
  0.10000000000000001       0.83333333333333337        3.2499587506811540E-005
  0.10000000000000001       0.86666666666666670        1.7188011826606025E-005
  0.10000000000000001       0.90000000000000002        9.0090115432003840E-006
  0.10000000000000001       0.93333333333333335        4.8967453433674487E-006
  0.10000000000000001       0.96666666666666667        3.1988217413575705E-006
  0.10000000000000001        1.0000000000000000        3.1988217413575705E-006

  0.13333333333333333        0.0000000000000000       0.40673664307580015     
  0.13333333333333333        3.3333333333333333E-002  0.34834720833099508     
  0.13333333333333333        6.6666666666666666E-002  0.29466384933494988     
  0.13333333333333333       0.10000000000000001       0.24592758336768228     
  0.13333333333333333       0.13333333333333333       0.20231972443022100     
  0.13333333333333333       0.16666666666666666       0.16392274612771518     
  0.13333333333333333       0.20000000000000001       0.13069633156999722     
  0.13333333333333333       0.23333333333333334       0.10246980097624013     
  0.13333333333333333       0.26666666666666666        7.8949883930449202E-002
  0.13333333333333333       0.29999999999999999        5.9740939575063719E-002
  0.13333333333333333       0.33333333333333331        4.4373506051343395E-002
  0.13333333333333333       0.36666666666666664        3.2336608159699770E-002
  0.13333333333333333       0.40000000000000002        2.3109536122814776E-002
  0.13333333333333333       0.43333333333333335        1.6189663509056387E-002
  0.13333333333333333       0.46666666666666667        1.1114056970367990E-002
  0.13333333333333333       0.50000000000000000        7.4738882317864925E-003
  0.13333333333333333       0.53333333333333333        4.9217730304307056E-003
  0.13333333333333333       0.56666666666666665        3.1729895539592875E-003
  0.13333333333333333       0.59999999999999998        2.0020121366085501E-003
  0.13333333333333333       0.63333333333333330        1.2359512064826974E-003
  0.13333333333333333       0.66666666666666663        7.4638631921976773E-004
  0.13333333333333333       0.69999999999999996        4.4080850307784479E-004
  0.13333333333333333       0.73333333333333328        2.5454376110467232E-004
  0.13333333333333333       0.76666666666666661        1.4368676287481065E-004
  0.13333333333333333       0.80000000000000004        7.9282377679823265E-005
  0.13333333333333333       0.83333333333333337        4.2776848407986495E-005
  0.13333333333333333       0.86666666666666670        2.2623332563445769E-005
  0.13333333333333333       0.90000000000000002        1.1857908073710556E-005
  0.13333333333333333       0.93333333333333335        6.4452305187516974E-006
  0.13333333333333333       0.96666666666666667        4.2103769066467387E-006
  0.13333333333333333        1.0000000000000000        4.2103769066467387E-006

  0.16666666666666666        0.0000000000000000       0.49999999999999994     
  0.16666666666666666        3.3333333333333333E-002  0.42822206243423760     
  0.16666666666666666        6.6666666666666666E-002  0.36222928810477956     
  0.16666666666666666       0.10000000000000001       0.30231795875083073     
  0.16666666666666666       0.13333333333333333       0.24871096306967885     
  0.16666666666666666       0.16666666666666666       0.20150968558931415     
  0.16666666666666666       0.20000000000000001       0.16066456489099806     
  0.16666666666666666       0.23333333333333334       0.12596578488890128     
  0.16666666666666666       0.26666666666666666        9.7052829237881014E-002
  0.16666666666666666       0.29999999999999999        7.3439337950097452E-002
  0.16666666666666666       0.33333333333333331        5.4548203126948004E-002
  0.16666666666666666       0.36666666666666664        3.9751284658256690E-002
  0.16666666666666666       0.40000000000000002        2.8408475749882259E-002
  0.16666666666666666       0.43333333333333335        1.9901899404277730E-002
  0.16666666666666666       0.46666666666666667        1.3662473199269574E-002
  0.16666666666666666       0.50000000000000000        9.1876258987484988E-003
  0.16666666666666666       0.53333333333333333        6.0503191859129762E-003
  0.16666666666666666       0.56666666666666665        3.9005454856054890E-003
  0.16666666666666666       0.59999999999999998        2.4610668484022612E-003
  0.16666666666666666       0.63333333333333330        1.5193506996766496E-003
  0.16666666666666666       0.66666666666666663        9.1753021509875343E-004
  0.16666666666666666       0.69999999999999996        5.4188442396582259E-004
  0.16666666666666666       0.73333333333333328        3.1290979733197409E-004
  0.16666666666666666       0.76666666666666661        1.7663365880712269E-004
  0.16666666666666666       0.80000000000000004        9.7461562696046612E-005
  0.16666666666666666       0.83333333333333337        5.2585437206372531E-005
  0.16666666666666666       0.86666666666666670        2.7810787334483711E-005
  0.16666666666666666       0.90000000000000002        1.4576886881938361E-005
  0.16666666666666666       0.93333333333333335        7.9231003998213067E-006
  0.16666666666666666       0.96666666666666667        5.1758023014686738E-006
  0.16666666666666666        1.0000000000000000        5.1758023014686738E-006

  0.20000000000000001        0.0000000000000000       0.58778525229247314     
  0.20000000000000001        3.3333333333333333E-002  0.50340522601022308     
  0.20000000000000001        6.6666666666666666E-002  0.42582606699278164     
  0.20000000000000001       0.10000000000000001       0.35539607531380507     
  0.20000000000000001       0.13333333333333333       0.29237727235163030     
  0.20000000000000001       0.16666666666666666       0.23688884276698391     
  0.20000000000000001       0.20000000000000001       0.18887252361783144     
  0.20000000000000001       0.23333333333333334       0.14808166130228448     
  0.20000000000000001       0.26666666666666666       0.11409244343857242     
  0.20000000000000001       0.29999999999999999        8.6333119570380465E-002
  0.20000000000000001       0.33333333333333331        6.4125258674148408E-002
  0.20000000000000001       0.36666666666666664        4.6730437763606650E-002
  0.20000000000000001       0.40000000000000002        3.3396166171778298E-002
  0.20000000000000001       0.43333333333333335        2.3396085924885613E-002
  0.20000000000000001       0.46666666666666667        1.6061200512743637E-002
  0.20000000000000001       0.50000000000000000        1.0800702013729492E-002
  0.20000000000000001       0.53333333333333333        7.1125767782836986E-003
  0.20000000000000001       0.56666666666666665        4.5853662246697789E-003
  0.20000000000000001       0.59999999999999998        2.8931575967935290E-003
  0.20000000000000001       0.63333333333333330        1.7861038686603700E-003
  0.20000000000000001       0.66666666666666663        1.0786214579355758E-003
  0.20000000000000001       0.69999999999999996        6.3702334570822498E-004
  0.20000000000000001       0.73333333333333328        3.6784752833912205E-004
  0.20000000000000001       0.76666666666666661        2.0764531941057444E-004
  0.20000000000000001       0.80000000000000004        1.1457293843622889E-004
  0.20000000000000001       0.83333333333333337        6.1817888950515366E-005
  0.20000000000000001       0.86666666666666670        3.2693541299703649E-005
  0.20000000000000001       0.90000000000000002        1.7136158267077964E-005
  0.20000000000000001       0.93333333333333335        9.3141631348951216E-006
  0.20000000000000001       0.96666666666666667        6.0845205231694548E-006
  0.20000000000000001        1.0000000000000000        6.0845205231694548E-006

  0.23333333333333334        0.0000000000000000       0.66913060635885824     
  0.23333333333333334        3.3333333333333333E-002  0.57307297658572454     
  0.23333333333333334        6.6666666666666666E-002  0.48475740638097742     
  0.23333333333333334       0.10000000000000001       0.40458039810423130     
  0.23333333333333334       0.13333333333333333       0.33284023505381960     
  0.23333333333333334       0.16666666666666666       0.26967259621112133     
  0.23333333333333334       0.20000000000000001       0.21501115545179134     
  0.23333333333333334       0.23333333333333334       0.16857512404636005     
  0.23333333333333334       0.26666666666666666       0.12988203695357209     
  0.23333333333333334       0.29999999999999999        9.8281017466283649E-002
  0.23333333333333334       0.33333333333333331        7.2999744468241770E-002
  0.23333333333333334       0.36666666666666664        5.3197602413845753E-002
  0.23333333333333334       0.40000000000000002        3.8017961208499269E-002
  0.23333333333333334       0.43333333333333335        2.6633940032154718E-002
  0.23333333333333334       0.46666666666666667        1.8283957952377798E-002
  0.23333333333333334       0.50000000000000000        1.2295443377255863E-002
  0.23333333333333334       0.53333333333333333        8.0969074910691666E-003
  0.23333333333333334       0.56666666666666665        5.2199487318270151E-003
  0.23333333333333334       0.59999999999999998        3.2935503051221776E-003
  0.23333333333333334       0.63333333333333330        2.0332881098927835E-003
  0.23333333333333334       0.66666666666666663        1.2278950983632048E-003
  0.23333333333333334       0.69999999999999996        7.2518290636934275E-004
  0.23333333333333334       0.73333333333333328        4.1875504484874254E-004
  0.23333333333333334       0.76666666666666661        2.3638197444198736E-004
  0.23333333333333334       0.80000000000000004        1.3042902908697509E-004
  0.23333333333333334       0.83333333333333337        7.0373050967091426E-005
  0.23333333333333334       0.86666666666666670        3.7218097984880675E-005
  0.23333333333333334       0.90000000000000002        1.9507682316271806E-005
  0.23333333333333334       0.93333333333333335        1.0603177949549085E-005
  0.23333333333333334       0.96666666666666667        6.9265754647506159E-006
  0.23333333333333334        1.0000000000000000        6.9265754647506159E-006

  0.26666666666666666        0.0000000000000000       0.74314482547739413     
  0.26666666666666666        3.3333333333333333E-002  0.63646201970652272     
  0.26666666666666666        6.6666666666666666E-002  0.53837764218285433     
  0.26666666666666666       0.10000000000000001       0.44933205338913640     
  0.26666666666666666       0.13333333333333333       0.36965653048946229     
  0.26666666666666666       0.16666666666666666       0.29950176025855091     
  0.26666666666666666       0.20000000000000001       0.23879408007264447     
  0.26666666666666666       0.23333333333333334       0.18722164245477108     
  0.26666666666666666       0.26666666666666666       0.14424861569214489     
  0.26666666666666666       0.29999999999999999       0.10915212796820112     
  0.26666666666666666       0.33333333333333331        8.1074429785762445E-002
  0.26666666666666666       0.36666666666666664        5.9081922999724770E-002
  0.26666666666666666       0.40000000000000002        4.2223223506450080E-002
  0.26666666666666666       0.43333333333333335        2.9579987118921264E-002
  0.26666666666666666       0.46666666666666667        2.0306392522521526E-002
  0.26666666666666666       0.50000000000000000        1.3655473290154079E-002
  0.26666666666666666       0.53333333333333333        8.9925267909956585E-003
  0.26666666666666666       0.56666666666666665        5.7973403883338579E-003
  0.26666666666666666       0.59999999999999998        3.6578581870881973E-003
  0.26666666666666666       0.63333333333333330        2.2581952211003209E-003
  0.26666666666666666       0.66666666666666663        1.3637156631395981E-003
  0.26666666666666666       0.69999999999999996        8.0539721135399899E-004
  0.26666666666666666       0.73333333333333328        4.6507459345687338E-004
  0.26666666666666666       0.76666666666666661        2.6252877909530557E-004
  0.26666666666666666       0.80000000000000004        1.4485611200101535E-004
  0.26666666666666666       0.83333333333333337        7.8157191110764384E-005
  0.26666666666666666       0.86666666666666670        4.1334885400147650E-005
  0.26666666666666666       0.90000000000000002        2.1665476115763605E-005
  0.26666666666666666       0.93333333333333335        1.1776022127730157E-005
  0.26666666666666666       0.96666666666666667        7.6927413960608668E-006
  0.26666666666666666        1.0000000000000000        7.6927413960608668E-006

  0.29999999999999999        0.0000000000000000       0.80901699437494745     
  0.29999999999999999        3.3333333333333333E-002  0.69287785175117611     
  0.29999999999999999        6.6666666666666666E-002  0.58609929987421139     
  0.29999999999999999       0.10000000000000001       0.48916073266833282     
  0.29999999999999999       0.13333333333333333       0.40242279162146033     
  0.29999999999999999       0.16666666666666666       0.32604952034581519     
  0.29999999999999999       0.20000000000000001       0.25996072678134791     
  0.29999999999999999       0.23333333333333334       0.20381692136980017     
  0.29999999999999999       0.26666666666666666       0.15703477641123106     
  0.29999999999999999       0.29999999999999999       0.11882734491454773     
  0.29999999999999999       0.33333333333333331        8.8260846684635158E-002
  0.29999999999999999       0.36666666666666664        6.4318929673531575E-002
  0.29999999999999999       0.40000000000000002        4.5965879331886651E-002
  0.29999999999999999       0.43333333333333335        3.2201949676802663E-002
  0.29999999999999999       0.46666666666666667        2.2106346006802686E-002
  0.29999999999999999       0.50000000000000000        1.4865890980093870E-002
  0.29999999999999999       0.53333333333333333        9.7896220855927894E-003
  0.29999999999999999       0.56666666666666665        6.3112151703746443E-003
  0.29999999999999999       0.59999999999999998        3.9820898093004429E-003
  0.29999999999999999       0.63333333333333330        2.4583610729077524E-003
  0.29999999999999999       0.66666666666666663        1.4845950737347850E-003
  0.29999999999999999       0.69999999999999996        8.7678741595085901E-004
  0.29999999999999999       0.73333333333333328        5.0629868749597527E-004
  0.29999999999999999       0.76666666666666661        2.8579926350717674E-004
  0.29999999999999999       0.80000000000000004        1.5769612103888226E-004
  0.29999999999999999       0.83333333333333337        8.5085024713184071E-005
  0.29999999999999999       0.86666666666666670        4.4998799161089733E-005
  0.29999999999999999       0.90000000000000002        2.3585898425138747E-005
  0.29999999999999999       0.93333333333333335        1.2819845743188756E-005
  0.29999999999999999       0.96666666666666667        8.3746240428262451E-006
  0.29999999999999999        1.0000000000000000        8.3746240428262451E-006

  0.33333333333333331        0.0000000000000000       0.86602540378443860     
  0.33333333333333331        3.3333333333333333E-002  0.74170236905803144     
  0.33333333333333331        6.6666666666666666E-002  0.62739953098698298     
  0.33333333333333331       0.10000000000000001       0.52363006459695083     
  0.33333333333333331       0.13333333333333333       0.43078002443607050     
  0.33333333333333331       0.16666666666666666       0.34902501365792216     
  0.33333333333333331       0.20000000000000001       0.27827918936715551     
  0.33333333333333331       0.23333333333333334       0.21817913944286899     
  0.33333333333333331       0.26666666666666666       0.16810043125831617     
  0.33333333333333331       0.29999999999999999       0.12720066460379001     
  0.33333333333333331       0.33333333333333331        9.4480259277461454E-002
  0.33333333333333331       0.36666666666666664        6.8851244694233815E-002
  0.33333333333333331       0.40000000000000002        4.9204923364384437E-002
  0.33333333333333331       0.43333333333333335        3.4471100935333808E-002
  0.33333333333333331       0.46666666666666667        2.3664097738183006E-002
  0.33333333333333331       0.50000000000000000        1.5913434857568069E-002
  0.33333333333333331       0.53333333333333333        1.0479460232010043E-002
  0.33333333333333331       0.56666666666666665        6.7559429583021260E-003
  0.33333333333333331       0.59999999999999998        4.2626928222561280E-003
  0.33333333333333331       0.63333333333333330        2.6315926063552792E-003
  0.33333333333333331       0.66666666666666663        1.5892089500306416E-003
  0.33333333333333331       0.69999999999999996        9.3857135413899875E-004
  0.33333333333333331       0.73333333333333328        5.4197566716505940E-004
  0.33333333333333331       0.76666666666666661        3.0593847138072239E-004
  0.33333333333333331       0.80000000000000004        1.6880837837461230E-004
  0.33333333333333331       0.83333333333333337        9.1080648979660026E-005
  0.33333333333333331       0.86666666666666670        4.8169696661818822E-005
  0.33333333333333331       0.90000000000000002        2.5247908695701514E-005
  0.33333333333333331       0.93333333333333335        1.3723212445959789E-005
  0.33333333333333331       0.96666666666666667        8.9647525560756709E-006
  0.33333333333333331        1.0000000000000000        8.9647525560756709E-006

  0.36666666666666664        0.0000000000000000       0.91354545764260087     
  0.36666666666666664        3.3333333333333333E-002  0.78240063999828813     
  0.36666666666666664        6.6666666666666666E-002  0.66182584154646873     
  0.36666666666666664       0.10000000000000001       0.55236239596120917     
  0.36666666666666664       0.13333333333333333       0.45441754115644356     
  0.36666666666666664       0.16666666666666666       0.36817651588221323     
  0.36666666666666664       0.20000000000000001       0.29354876692059240     
  0.36666666666666664       0.23333333333333334       0.23015094120728152     
  0.36666666666666664       0.26666666666666666       0.17732434260325844     
  0.36666666666666664       0.29999999999999999       0.13418034719318284     
  0.36666666666666664       0.33333333333333331        9.9664526378378554E-002
  0.36666666666666664       0.36666666666666664        7.2629211070016825E-002
  0.36666666666666664       0.40000000000000002        5.1904867959709840E-002
  0.36666666666666664       0.43333333333333335        3.6362579598475817E-002
  0.36666666666666664       0.46666666666666667        2.4962580662712983E-002
  0.36666666666666664       0.50000000000000000        1.6786627812642417E-002
  0.36666666666666664       0.53333333333333333        1.1054483219157356E-002
  0.36666666666666664       0.56666666666666665        7.1266512214064942E-003
  0.36666666666666664       0.59999999999999998        4.4965928806253537E-003
  0.36666666666666664       0.63333333333333330        2.7759918605114210E-003
  0.36666666666666664       0.66666666666666663        1.6764111205066095E-003
  0.36666666666666664       0.69999999999999996        9.9007210816250916E-004
  0.36666666666666664       0.73333333333333328        5.7171464800898357E-004
  0.36666666666666664       0.76666666666666661        3.2272575334007982E-004
  0.36666666666666664       0.80000000000000004        1.7807113579144587E-004
  0.36666666666666664       0.83333333333333337        9.6078374596063692E-005
  0.36666666666666664       0.86666666666666670        5.0812836885763936E-005
  0.36666666666666664       0.90000000000000002        2.6633297595129618E-005
  0.36666666666666664       0.93333333333333335        1.4476224761406059E-005
  0.36666666666666664       0.96666666666666667        9.4566613643256542E-006
  0.36666666666666664        1.0000000000000000        9.4566613643256542E-006

  0.40000000000000002        0.0000000000000000       0.95105651629515353     
  0.40000000000000002        3.3333333333333333E-002  0.81452676579886363     
  0.40000000000000002        6.6666666666666666E-002  0.68900104969001041     
  0.40000000000000002       0.10000000000000001       0.57504292932605405     
  0.40000000000000002       0.13333333333333333       0.47307636420292282     
  0.40000000000000002       0.16666666666666666       0.38329419915260970     
  0.40000000000000002       0.20000000000000001       0.30560216275461854     
  0.40000000000000002       0.23333333333333334       0.23960116109764634     
  0.40000000000000002       0.26666666666666666       0.18460545134313514     
  0.40000000000000002       0.29999999999999999       0.13968992181968432     
  0.40000000000000002       0.33333333333333331       0.10375684807215114     
  0.40000000000000002       0.36666666666666664        7.5611436610677180E-002
  0.40000000000000002       0.40000000000000002        5.4036131959876749E-002
  0.40000000000000002       0.43333333333333335        3.7855662230177951E-002
  0.40000000000000002       0.46666666666666667        2.5987568329746445E-002
  0.40000000000000002       0.50000000000000000        1.7475902960573754E-002
  0.40000000000000002       0.53333333333333333        1.1508390974856250E-002
  0.40000000000000002       0.56666666666666665        7.4192784023814880E-003
  0.40000000000000002       0.59999999999999998        4.6812273264218943E-003
  0.40000000000000002       0.63333333333333330        2.8899767669301568E-003
  0.40000000000000002       0.66666666666666663        1.7452461799347266E-003
  0.40000000000000002       0.69999999999999996        1.0307254249830825E-003
  0.40000000000000002       0.73333333333333328        5.9518980353033969E-004
  0.40000000000000002       0.76666666666666661        3.3597718441113778E-004
  0.40000000000000002       0.80000000000000004        1.8538290858076758E-004
  0.40000000000000002       0.83333333333333337        1.0002344543470042E-004
  0.40000000000000002       0.86666666666666670        5.2899261035518921E-005
  0.40000000000000002       0.90000000000000002        2.7726886512729645E-005
  0.40000000000000002       0.93333333333333335        1.5070632529021580E-005
  0.40000000000000002       0.96666666666666667        9.8449610117344706E-006
  0.40000000000000002        1.0000000000000000        9.8449610117344706E-006

  0.43333333333333335        0.0000000000000000       0.97814760073380569     
  0.43333333333333335        3.3333333333333333E-002  0.83772876590266299     
  0.43333333333333335        6.6666666666666666E-002  0.70862741815040919     
  0.43333333333333335       0.10000000000000001       0.59142317202173345     
  0.43333333333333335       0.13333333333333333       0.48655206360560105     
  0.43333333333333335       0.16666666666666666       0.39421243096762237     
  0.43333333333333335       0.20000000000000001       0.31430731734214118     
  0.43333333333333335       0.23333333333333334       0.24642626052725894     
  0.43333333333333335       0.26666666666666666       0.18986398412692210     
  0.43333333333333335       0.29999999999999999       0.14366902443073390     
  0.43333333333333335       0.33333333333333331       0.10671238802592893     
  0.43333333333333335       0.36666666666666664        7.7765247429120637E-002
  0.43333333333333335       0.40000000000000002        5.5575364790503665E-002
  0.43333333333333335       0.43333333333333335        3.8933990304679644E-002
  0.43333333333333335       0.46666666666666667        2.6727830759910910E-002
  0.43333333333333335       0.50000000000000000        1.7973708458601235E-002
  0.43333333333333335       0.53333333333333333        1.1836210390748978E-002
  0.43333333333333335       0.56666666666666665        7.6306184165961712E-003
  0.43333333333333335       0.59999999999999998        4.8145732660203602E-003
  0.43333333333333335       0.63333333333333330        2.9722984831238876E-003
  0.43333333333333335       0.66666666666666663        1.7949599569992366E-003
  0.43333333333333335       0.69999999999999996        1.0600858983543795E-003
  0.43333333333333335       0.73333333333333328        6.1214393501274366E-004
  0.43333333333333335       0.76666666666666661        3.4554757914204143E-004
  0.43333333333333335       0.80000000000000004        1.9066358742981073E-004
  0.43333333333333335       0.83333333333333337        1.0287263847390298E-004
  0.43333333333333335       0.86666666666666670        5.4406109811486700E-005
  0.43333333333333335       0.90000000000000002        2.8516693859472190E-005
  0.43333333333333335       0.93333333333333335        1.5499923292916536E-005
  0.43333333333333335       0.96666666666666667        1.0125397206108186E-005
  0.43333333333333335        1.0000000000000000        1.0125397206108186E-005

  0.46666666666666667        0.0000000000000000       0.99452189536827329     
  0.46666666666666667        3.3333333333333333E-002  0.85175243434121817     
  0.46666666666666667        6.6666666666666666E-002  0.72048991632773152     
  0.46666666666666667       0.10000000000000001       0.60132365868148729     
  0.46666666666666667       0.13333333333333333       0.49469699678185131     
  0.46666666666666667       0.16666666666666666       0.40081158889469909     
  0.46666666666666667       0.20000000000000001       0.31956885518782868     
  0.46666666666666667       0.23333333333333334       0.25055146227852465     
  0.46666666666666667       0.26666666666666666       0.19304232736902163     
  0.46666666666666667       0.29999999999999999       0.14607405914544419     
  0.46666666666666667       0.33333333333333331       0.10849876472549182     
  0.46666666666666667       0.36666666666666664        7.9067045923306420E-002
  0.46666666666666667       0.40000000000000002        5.6505702294593070E-002
  0.46666666666666667       0.43333333333333335        3.9585749433942004E-002
  0.46666666666666667       0.46666666666666667        2.7175257483111625E-002
  0.46666666666666667       0.50000000000000000        1.8274590245515983E-002
  0.46666666666666667       0.53333333333333333        1.2034349808714402E-002
  0.46666666666666667       0.56666666666666665        7.7583557786290664E-003
  0.46666666666666667       0.59999999999999998        4.8951697334020791E-003
  0.46666666666666667       0.63333333333333330        3.0220550751430676E-003
  0.46666666666666667       0.66666666666666663        1.8250077771553436E-003
  0.46666666666666667       0.69999999999999996        1.0778318487860699E-003
  0.46666666666666667       0.73333333333333328        6.2239128944379437E-004
  0.46666666666666667       0.76666666666666661        3.5133208228538520E-004
  0.46666666666666667       0.80000000000000004        1.9385531611605216E-004
  0.46666666666666667       0.83333333333333337        1.0459473735850187E-004
  0.46666666666666667       0.86666666666666670        5.5316873863149428E-005
  0.46666666666666667       0.90000000000000002        2.8994066340788522E-005
  0.46666666666666667       0.93333333333333335        1.5759393653646822E-005
  0.46666666666666667       0.96666666666666667        1.0294897429816194E-005
  0.46666666666666667        1.0000000000000000        1.0294897429816194E-005

  0.50000000000000000        0.0000000000000000        1.0000000000000000     
  0.50000000000000000        3.3333333333333333E-002  0.85644412486847532     
  0.50000000000000000        6.6666666666666666E-002  0.72445857620955911     
  0.50000000000000000       0.10000000000000001       0.60463591750166146     
  0.50000000000000000       0.13333333333333333       0.49742192613935771     
  0.50000000000000000       0.16666666666666666       0.40301937117862829     
  0.50000000000000000       0.20000000000000001       0.32132912978199613     
  0.50000000000000000       0.23333333333333334       0.25193156977780257     
  0.50000000000000000       0.26666666666666666       0.19410565847576203     
  0.50000000000000000       0.29999999999999999       0.14687867590019493     
  0.50000000000000000       0.33333333333333331       0.10909640625389601     
  0.50000000000000000       0.36666666666666664        7.9502569316513394E-002
  0.50000000000000000       0.40000000000000002        5.6816951499764519E-002
  0.50000000000000000       0.43333333333333335        3.9803798808555467E-002
  0.50000000000000000       0.46666666666666667        2.7324946398539149E-002
  0.50000000000000000       0.50000000000000000        1.8375251797496994E-002
  0.50000000000000000       0.53333333333333333        1.2100638371825952E-002
  0.50000000000000000       0.56666666666666665        7.8010909712109781E-003
  0.50000000000000000       0.59999999999999998        4.9221336968045225E-003
  0.50000000000000000       0.63333333333333330        3.0387013993532991E-003
  0.50000000000000000       0.66666666666666663        1.8350604301975071E-003
  0.50000000000000000       0.69999999999999996        1.0837688479316452E-003
  0.50000000000000000       0.73333333333333328        6.2581959466394830E-004
  0.50000000000000000       0.76666666666666661        3.5326731761424544E-004
  0.50000000000000000       0.80000000000000004        1.9492312539209322E-004
  0.50000000000000000       0.83333333333333337        1.0517087441274508E-004
  0.50000000000000000       0.86666666666666670        5.5621574668967423E-005
  0.50000000000000000       0.90000000000000002        2.9153773763876726E-005
  0.50000000000000000       0.93333333333333335        1.5846200799642613E-005
  0.50000000000000000       0.96666666666666667        1.0351604602937348E-005
  0.50000000000000000        1.0000000000000000        1.0351604602937348E-005

  0.53333333333333333        0.0000000000000000       0.99452189536827340     
  0.53333333333333333        3.3333333333333333E-002  0.85175243434121817     
  0.53333333333333333        6.6666666666666666E-002  0.72048991632773152     
  0.53333333333333333       0.10000000000000001       0.60132365868148729     
  0.53333333333333333       0.13333333333333333       0.49469699678185131     
  0.53333333333333333       0.16666666666666666       0.40081158889469909     
  0.53333333333333333       0.20000000000000001       0.31956885518782868     
  0.53333333333333333       0.23333333333333334       0.25055146227852465     
  0.53333333333333333       0.26666666666666666       0.19304232736902160     
  0.53333333333333333       0.29999999999999999       0.14607405914544419     
  0.53333333333333333       0.33333333333333331       0.10849876472549182     
  0.53333333333333333       0.36666666666666664        7.9067045923306420E-002
  0.53333333333333333       0.40000000000000002        5.6505702294593070E-002
  0.53333333333333333       0.43333333333333335        3.9585749433942004E-002
  0.53333333333333333       0.46666666666666667        2.7175257483111628E-002
  0.53333333333333333       0.50000000000000000        1.8274590245515986E-002
  0.53333333333333333       0.53333333333333333        1.2034349808714402E-002
  0.53333333333333333       0.56666666666666665        7.7583557786290664E-003
  0.53333333333333333       0.59999999999999998        4.8951697334020791E-003
  0.53333333333333333       0.63333333333333330        3.0220550751430676E-003
  0.53333333333333333       0.66666666666666663        1.8250077771553436E-003
  0.53333333333333333       0.69999999999999996        1.0778318487860699E-003
  0.53333333333333333       0.73333333333333328        6.2239128944379437E-004
  0.53333333333333333       0.76666666666666661        3.5133208228538520E-004
  0.53333333333333333       0.80000000000000004        1.9385531611605219E-004
  0.53333333333333333       0.83333333333333337        1.0459473735850187E-004
  0.53333333333333333       0.86666666666666670        5.5316873863149435E-005
  0.53333333333333333       0.90000000000000002        2.8994066340788522E-005
  0.53333333333333333       0.93333333333333335        1.5759393653646822E-005
  0.53333333333333333       0.96666666666666667        1.0294897429816194E-005
  0.53333333333333333        1.0000000000000000        1.0294897429816194E-005

  0.56666666666666665        0.0000000000000000       0.97814760073380569     
  0.56666666666666665        3.3333333333333333E-002  0.83772876590266299     
  0.56666666666666665        6.6666666666666666E-002  0.70862741815040919     
  0.56666666666666665       0.10000000000000001       0.59142317202173345     
  0.56666666666666665       0.13333333333333333       0.48655206360560105     
  0.56666666666666665       0.16666666666666666       0.39421243096762237     
  0.56666666666666665       0.20000000000000001       0.31430731734214118     
  0.56666666666666665       0.23333333333333334       0.24642626052725894     
  0.56666666666666665       0.26666666666666666       0.18986398412692213     
  0.56666666666666665       0.29999999999999999       0.14366902443073390     
  0.56666666666666665       0.33333333333333331       0.10671238802592893     
  0.56666666666666665       0.36666666666666664        7.7765247429120637E-002
  0.56666666666666665       0.40000000000000002        5.5575364790503665E-002
  0.56666666666666665       0.43333333333333335        3.8933990304679644E-002
  0.56666666666666665       0.46666666666666667        2.6727830759910913E-002
  0.56666666666666665       0.50000000000000000        1.7973708458601238E-002
  0.56666666666666665       0.53333333333333333        1.1836210390748980E-002
  0.56666666666666665       0.56666666666666665        7.6306184165961721E-003
  0.56666666666666665       0.59999999999999998        4.8145732660203602E-003
  0.56666666666666665       0.63333333333333330        2.9722984831238876E-003
  0.56666666666666665       0.66666666666666663        1.7949599569992366E-003
  0.56666666666666665       0.69999999999999996        1.0600858983543795E-003
  0.56666666666666665       0.73333333333333328        6.1214393501274377E-004
  0.56666666666666665       0.76666666666666661        3.4554757914204143E-004
  0.56666666666666665       0.80000000000000004        1.9066358742981075E-004
  0.56666666666666665       0.83333333333333337        1.0287263847390299E-004
  0.56666666666666665       0.86666666666666670        5.4406109811486714E-005
  0.56666666666666665       0.90000000000000002        2.8516693859472194E-005
  0.56666666666666665       0.93333333333333335        1.5499923292916536E-005
  0.56666666666666665       0.96666666666666667        1.0125397206108188E-005
  0.56666666666666665        1.0000000000000000        1.0125397206108188E-005

  0.59999999999999998        0.0000000000000000       0.95105651629515364     
  0.59999999999999998        3.3333333333333333E-002  0.81452676579886363     
  0.59999999999999998        6.6666666666666666E-002  0.68900104969001041     
  0.59999999999999998       0.10000000000000001       0.57504292932605405     
  0.59999999999999998       0.13333333333333333       0.47307636420292276     
  0.59999999999999998       0.16666666666666666       0.38329419915260970     
  0.59999999999999998       0.20000000000000001       0.30560216275461854     
  0.59999999999999998       0.23333333333333334       0.23960116109764634     
  0.59999999999999998       0.26666666666666666       0.18460545134313508     
  0.59999999999999998       0.29999999999999999       0.13968992181968432     
  0.59999999999999998       0.33333333333333331       0.10375684807215116     
  0.59999999999999998       0.36666666666666664        7.5611436610677193E-002
  0.59999999999999998       0.40000000000000002        5.4036131959876756E-002
  0.59999999999999998       0.43333333333333335        3.7855662230177951E-002
  0.59999999999999998       0.46666666666666667        2.5987568329746448E-002
  0.59999999999999998       0.50000000000000000        1.7475902960573754E-002
  0.59999999999999998       0.53333333333333333        1.1508390974856250E-002
  0.59999999999999998       0.56666666666666665        7.4192784023814889E-003
  0.59999999999999998       0.59999999999999998        4.6812273264218952E-003
  0.59999999999999998       0.63333333333333330        2.8899767669301568E-003
  0.59999999999999998       0.66666666666666663        1.7452461799347268E-003
  0.59999999999999998       0.69999999999999996        1.0307254249830827E-003
  0.59999999999999998       0.73333333333333328        5.9518980353033980E-004
  0.59999999999999998       0.76666666666666661        3.3597718441113783E-004
  0.59999999999999998       0.80000000000000004        1.8538290858076758E-004
  0.59999999999999998       0.83333333333333337        1.0002344543470044E-004
  0.59999999999999998       0.86666666666666670        5.2899261035518921E-005
  0.59999999999999998       0.90000000000000002        2.7726886512729648E-005
  0.59999999999999998       0.93333333333333335        1.5070632529021581E-005
  0.59999999999999998       0.96666666666666667        9.8449610117344706E-006
  0.59999999999999998        1.0000000000000000        9.8449610117344706E-006

  0.63333333333333330        0.0000000000000000       0.91354545764260098     
  0.63333333333333330        3.3333333333333333E-002  0.78240063999828813     
  0.63333333333333330        6.6666666666666666E-002  0.66182584154646884     
  0.63333333333333330       0.10000000000000001       0.55236239596120928     
  0.63333333333333330       0.13333333333333333       0.45441754115644362     
  0.63333333333333330       0.16666666666666666       0.36817651588221323     
  0.63333333333333330       0.20000000000000001       0.29354876692059240     
  0.63333333333333330       0.23333333333333334       0.23015094120728152     
  0.63333333333333330       0.26666666666666666       0.17732434260325844     
  0.63333333333333330       0.29999999999999999       0.13418034719318284     
  0.63333333333333330       0.33333333333333331        9.9664526378378540E-002
  0.63333333333333330       0.36666666666666664        7.2629211070016825E-002
  0.63333333333333330       0.40000000000000002        5.1904867959709840E-002
  0.63333333333333330       0.43333333333333335        3.6362579598475823E-002
  0.63333333333333330       0.46666666666666667        2.4962580662712987E-002
  0.63333333333333330       0.50000000000000000        1.6786627812642421E-002
  0.63333333333333330       0.53333333333333333        1.1054483219157356E-002
  0.63333333333333330       0.56666666666666665        7.1266512214064950E-003
  0.63333333333333330       0.59999999999999998        4.4965928806253537E-003
  0.63333333333333330       0.63333333333333330        2.7759918605114215E-003
  0.63333333333333330       0.66666666666666663        1.6764111205066095E-003
  0.63333333333333330       0.69999999999999996        9.9007210816250916E-004
  0.63333333333333330       0.73333333333333328        5.7171464800898368E-004
  0.63333333333333330       0.76666666666666661        3.2272575334007982E-004
  0.63333333333333330       0.80000000000000004        1.7807113579144590E-004
  0.63333333333333330       0.83333333333333337        9.6078374596063706E-005
  0.63333333333333330       0.86666666666666670        5.0812836885763943E-005
  0.63333333333333330       0.90000000000000002        2.6633297595129614E-005
  0.63333333333333330       0.93333333333333335        1.4476224761406061E-005
  0.63333333333333330       0.96666666666666667        9.4566613643256542E-006
  0.63333333333333330        1.0000000000000000        9.4566613643256542E-006

  0.66666666666666663        0.0000000000000000       0.86602540378443871     
  0.66666666666666663        3.3333333333333333E-002  0.74170236905803155     
  0.66666666666666663        6.6666666666666666E-002  0.62739953098698309     
  0.66666666666666663       0.10000000000000001       0.52363006459695094     
  0.66666666666666663       0.13333333333333333       0.43078002443607050     
  0.66666666666666663       0.16666666666666666       0.34902501365792216     
  0.66666666666666663       0.20000000000000001       0.27827918936715551     
  0.66666666666666663       0.23333333333333334       0.21817913944286899     
  0.66666666666666663       0.26666666666666666       0.16810043125831617     
  0.66666666666666663       0.29999999999999999       0.12720066460379004     
  0.66666666666666663       0.33333333333333331        9.4480259277461467E-002
  0.66666666666666663       0.36666666666666664        6.8851244694233843E-002
  0.66666666666666663       0.40000000000000002        4.9204923364384437E-002
  0.66666666666666663       0.43333333333333335        3.4471100935333815E-002
  0.66666666666666663       0.46666666666666667        2.3664097738183010E-002
  0.66666666666666663       0.50000000000000000        1.5913434857568069E-002
  0.66666666666666663       0.53333333333333333        1.0479460232010044E-002
  0.66666666666666663       0.56666666666666665        6.7559429583021269E-003
  0.66666666666666663       0.59999999999999998        4.2626928222561289E-003
  0.66666666666666663       0.63333333333333330        2.6315926063552797E-003
  0.66666666666666663       0.66666666666666663        1.5892089500306418E-003
  0.66666666666666663       0.69999999999999996        9.3857135413899897E-004
  0.66666666666666663       0.73333333333333328        5.4197566716505951E-004
  0.66666666666666663       0.76666666666666661        3.0593847138072244E-004
  0.66666666666666663       0.80000000000000004        1.6880837837461230E-004
  0.66666666666666663       0.83333333333333337        9.1080648979660039E-005
  0.66666666666666663       0.86666666666666670        4.8169696661818815E-005
  0.66666666666666663       0.90000000000000002        2.5247908695701520E-005
  0.66666666666666663       0.93333333333333335        1.3723212445959789E-005
  0.66666666666666663       0.96666666666666667        8.9647525560756709E-006
  0.66666666666666663        1.0000000000000000        8.9647525560756709E-006

  0.69999999999999996        0.0000000000000000       0.80901699437494745     
  0.69999999999999996        3.3333333333333333E-002  0.69287785175117600     
  0.69999999999999996        6.6666666666666666E-002  0.58609929987421139     
  0.69999999999999996       0.10000000000000001       0.48916073266833288     
  0.69999999999999996       0.13333333333333333       0.40242279162146033     
  0.69999999999999996       0.16666666666666666       0.32604952034581525     
  0.69999999999999996       0.20000000000000001       0.25996072678134796     
  0.69999999999999996       0.23333333333333334       0.20381692136980020     
  0.69999999999999996       0.26666666666666666       0.15703477641123106     
  0.69999999999999996       0.29999999999999999       0.11882734491454773     
  0.69999999999999996       0.33333333333333331        8.8260846684635172E-002
  0.69999999999999996       0.36666666666666664        6.4318929673531575E-002
  0.69999999999999996       0.40000000000000002        4.5965879331886658E-002
  0.69999999999999996       0.43333333333333335        3.2201949676802663E-002
  0.69999999999999996       0.46666666666666667        2.2106346006802689E-002
  0.69999999999999996       0.50000000000000000        1.4865890980093872E-002
  0.69999999999999996       0.53333333333333333        9.7896220855927911E-003
  0.69999999999999996       0.56666666666666665        6.3112151703746452E-003
  0.69999999999999996       0.59999999999999998        3.9820898093004429E-003
  0.69999999999999996       0.63333333333333330        2.4583610729077532E-003
  0.69999999999999996       0.66666666666666663        1.4845950737347852E-003
  0.69999999999999996       0.69999999999999996        8.7678741595085923E-004
  0.69999999999999996       0.73333333333333328        5.0629868749597537E-004
  0.69999999999999996       0.76666666666666661        2.8579926350717674E-004
  0.69999999999999996       0.80000000000000004        1.5769612103888229E-004
  0.69999999999999996       0.83333333333333337        8.5085024713184084E-005
  0.69999999999999996       0.86666666666666670        4.4998799161089740E-005
  0.69999999999999996       0.90000000000000002        2.3585898425138750E-005
  0.69999999999999996       0.93333333333333335        1.2819845743188756E-005
  0.69999999999999996       0.96666666666666667        8.3746240428262451E-006
  0.69999999999999996        1.0000000000000000        8.3746240428262451E-006

  0.73333333333333328        0.0000000000000000       0.74314482547739447     
  0.73333333333333328        3.3333333333333333E-002  0.63646201970652283     
  0.73333333333333328        6.6666666666666666E-002  0.53837764218285444     
  0.73333333333333328       0.10000000000000001       0.44933205338913640     
  0.73333333333333328       0.13333333333333333       0.36965653048946234     
  0.73333333333333328       0.16666666666666666       0.29950176025855096     
  0.73333333333333328       0.20000000000000001       0.23879408007264449     
  0.73333333333333328       0.23333333333333334       0.18722164245477108     
  0.73333333333333328       0.26666666666666666       0.14424861569214489     
  0.73333333333333328       0.29999999999999999       0.10915212796820110     
  0.73333333333333328       0.33333333333333331        8.1074429785762459E-002
  0.73333333333333328       0.36666666666666664        5.9081922999724777E-002
  0.73333333333333328       0.40000000000000002        4.2223223506450080E-002
  0.73333333333333328       0.43333333333333335        2.9579987118921271E-002
  0.73333333333333328       0.46666666666666667        2.0306392522521529E-002
  0.73333333333333328       0.50000000000000000        1.3655473290154083E-002
  0.73333333333333328       0.53333333333333333        8.9925267909956585E-003
  0.73333333333333328       0.56666666666666665        5.7973403883338579E-003
  0.73333333333333328       0.59999999999999998        3.6578581870881982E-003
  0.73333333333333328       0.63333333333333330        2.2581952211003214E-003
  0.73333333333333328       0.66666666666666663        1.3637156631395985E-003
  0.73333333333333328       0.69999999999999996        8.0539721135399920E-004
  0.73333333333333328       0.73333333333333328        4.6507459345687349E-004
  0.73333333333333328       0.76666666666666661        2.6252877909530562E-004
  0.73333333333333328       0.80000000000000004        1.4485611200101538E-004
  0.73333333333333328       0.83333333333333337        7.8157191110764384E-005
  0.73333333333333328       0.86666666666666670        4.1334885400147656E-005
  0.73333333333333328       0.90000000000000002        2.1665476115763609E-005
  0.73333333333333328       0.93333333333333335        1.1776022127730157E-005
  0.73333333333333328       0.96666666666666667        7.6927413960608668E-006
  0.73333333333333328        1.0000000000000000        7.6927413960608668E-006

  0.76666666666666661        0.0000000000000000       0.66913060635885835     
  0.76666666666666661        3.3333333333333333E-002  0.57307297658572465     
  0.76666666666666661        6.6666666666666666E-002  0.48475740638097753     
  0.76666666666666661       0.10000000000000001       0.40458039810423141     
  0.76666666666666661       0.13333333333333333       0.33284023505381971     
  0.76666666666666661       0.16666666666666666       0.26967259621112133     
  0.76666666666666661       0.20000000000000001       0.21501115545179136     
  0.76666666666666661       0.23333333333333334       0.16857512404636005     
  0.76666666666666661       0.26666666666666666       0.12988203695357209     
  0.76666666666666661       0.29999999999999999        9.8281017466283649E-002
  0.76666666666666661       0.33333333333333331        7.2999744468241784E-002
  0.76666666666666661       0.36666666666666664        5.3197602413845760E-002
  0.76666666666666661       0.40000000000000002        3.8017961208499276E-002
  0.76666666666666661       0.43333333333333335        2.6633940032154722E-002
  0.76666666666666661       0.46666666666666667        1.8283957952377802E-002
  0.76666666666666661       0.50000000000000000        1.2295443377255865E-002
  0.76666666666666661       0.53333333333333333        8.0969074910691666E-003
  0.76666666666666661       0.56666666666666665        5.2199487318270160E-003
  0.76666666666666661       0.59999999999999998        3.2935503051221785E-003
  0.76666666666666661       0.63333333333333330        2.0332881098927840E-003
  0.76666666666666661       0.66666666666666663        1.2278950983632051E-003
  0.76666666666666661       0.69999999999999996        7.2518290636934297E-004
  0.76666666666666661       0.73333333333333328        4.1875504484874260E-004
  0.76666666666666661       0.76666666666666661        2.3638197444198739E-004
  0.76666666666666661       0.80000000000000004        1.3042902908697509E-004
  0.76666666666666661       0.83333333333333337        7.0373050967091440E-005
  0.76666666666666661       0.86666666666666670        3.7218097984880689E-005
  0.76666666666666661       0.90000000000000002        1.9507682316271810E-005
  0.76666666666666661       0.93333333333333335        1.0603177949549086E-005
  0.76666666666666661       0.96666666666666667        6.9265754647506159E-006
  0.76666666666666661        1.0000000000000000        6.9265754647506159E-006

  0.80000000000000004        0.0000000000000000       0.58778525229247325     
  0.80000000000000004        3.3333333333333333E-002  0.50340522601022319     
  0.80000000000000004        6.6666666666666666E-002  0.42582606699278175     
  0.80000000000000004       0.10000000000000001       0.35539607531380513     
  0.80000000000000004       0.13333333333333333       0.29237727235163036     
  0.80000000000000004       0.16666666666666666       0.23688884276698396     
  0.80000000000000004       0.20000000000000001       0.18887252361783147     
  0.80000000000000004       0.23333333333333334       0.14808166130228448     
  0.80000000000000004       0.26666666666666666       0.11409244343857242     
  0.80000000000000004       0.29999999999999999        8.6333119570380479E-002
  0.80000000000000004       0.33333333333333331        6.4125258674148408E-002
  0.80000000000000004       0.36666666666666664        4.6730437763606657E-002
  0.80000000000000004       0.40000000000000002        3.3396166171778305E-002
  0.80000000000000004       0.43333333333333335        2.3396085924885617E-002
  0.80000000000000004       0.46666666666666667        1.6061200512743637E-002
  0.80000000000000004       0.50000000000000000        1.0800702013729494E-002
  0.80000000000000004       0.53333333333333333        7.1125767782836994E-003
  0.80000000000000004       0.56666666666666665        4.5853662246697789E-003
  0.80000000000000004       0.59999999999999998        2.8931575967935295E-003
  0.80000000000000004       0.63333333333333330        1.7861038686603700E-003
  0.80000000000000004       0.66666666666666663        1.0786214579355758E-003
  0.80000000000000004       0.69999999999999996        6.3702334570822498E-004
  0.80000000000000004       0.73333333333333328        3.6784752833912205E-004
  0.80000000000000004       0.76666666666666661        2.0764531941057447E-004
  0.80000000000000004       0.80000000000000004        1.1457293843622889E-004
  0.80000000000000004       0.83333333333333337        6.1817888950515366E-005
  0.80000000000000004       0.86666666666666670        3.2693541299703649E-005
  0.80000000000000004       0.90000000000000002        1.7136158267077964E-005
  0.80000000000000004       0.93333333333333335        9.3141631348951232E-006
  0.80000000000000004       0.96666666666666667        6.0845205231694557E-006
  0.80000000000000004        1.0000000000000000        6.0845205231694557E-006

  0.83333333333333337        0.0000000000000000       0.49999999999999994     
  0.83333333333333337        3.3333333333333333E-002  0.42822206243423766     
  0.83333333333333337        6.6666666666666666E-002  0.36222928810477967     
  0.83333333333333337       0.10000000000000001       0.30231795875083084     
  0.83333333333333337       0.13333333333333333       0.24871096306967891     
  0.83333333333333337       0.16666666666666666       0.20150968558931420     
  0.83333333333333337       0.20000000000000001       0.16066456489099809     
  0.83333333333333337       0.23333333333333334       0.12596578488890131     
  0.83333333333333337       0.26666666666666666        9.7052829237881028E-002
  0.83333333333333337       0.29999999999999999        7.3439337950097466E-002
  0.83333333333333337       0.33333333333333331        5.4548203126948011E-002
  0.83333333333333337       0.36666666666666664        3.9751284658256697E-002
  0.83333333333333337       0.40000000000000002        2.8408475749882263E-002
  0.83333333333333337       0.43333333333333335        1.9901899404277733E-002
  0.83333333333333337       0.46666666666666667        1.3662473199269576E-002
  0.83333333333333337       0.50000000000000000        9.1876258987484988E-003
  0.83333333333333337       0.53333333333333333        6.0503191859129770E-003
  0.83333333333333337       0.56666666666666665        3.9005454856054890E-003
  0.83333333333333337       0.59999999999999998        2.4610668484022612E-003
  0.83333333333333337       0.63333333333333330        1.5193506996766496E-003
  0.83333333333333337       0.66666666666666663        9.1753021509875343E-004
  0.83333333333333337       0.69999999999999996        5.4188442396582259E-004
  0.83333333333333337       0.73333333333333328        3.1290979733197415E-004
  0.83333333333333337       0.76666666666666661        1.7663365880712269E-004
  0.83333333333333337       0.80000000000000004        9.7461562696046626E-005
  0.83333333333333337       0.83333333333333337        5.2585437206372538E-005
  0.83333333333333337       0.86666666666666670        2.7810787334483715E-005
  0.83333333333333337       0.90000000000000002        1.4576886881938365E-005
  0.83333333333333337       0.93333333333333335        7.9231003998213067E-006
  0.83333333333333337       0.96666666666666667        5.1758023014686746E-006
  0.83333333333333337        1.0000000000000000        5.1758023014686746E-006

  0.86666666666666670        0.0000000000000000       0.40673664307580004     
  0.86666666666666670        3.3333333333333333E-002  0.34834720833099508     
  0.86666666666666670        6.6666666666666666E-002  0.29466384933494993     
  0.86666666666666670       0.10000000000000001       0.24592758336768231     
  0.86666666666666670       0.13333333333333333       0.20231972443022103     
  0.86666666666666670       0.16666666666666666       0.16392274612771524     
  0.86666666666666670       0.20000000000000001       0.13069633156999727     
  0.86666666666666670       0.23333333333333334       0.10246980097624016     
  0.86666666666666670       0.26666666666666666        7.8949883930449202E-002
  0.86666666666666670       0.29999999999999999        5.9740939575063726E-002
  0.86666666666666670       0.33333333333333331        4.4373506051343402E-002
  0.86666666666666670       0.36666666666666664        3.2336608159699770E-002
  0.86666666666666670       0.40000000000000002        2.3109536122814772E-002
  0.86666666666666670       0.43333333333333335        1.6189663509056387E-002
  0.86666666666666670       0.46666666666666667        1.1114056970367990E-002
  0.86666666666666670       0.50000000000000000        7.4738882317864925E-003
  0.86666666666666670       0.53333333333333333        4.9217730304307048E-003
  0.86666666666666670       0.56666666666666665        3.1729895539592871E-003
  0.86666666666666670       0.59999999999999998        2.0020121366085501E-003
  0.86666666666666670       0.63333333333333330        1.2359512064826974E-003
  0.86666666666666670       0.66666666666666663        7.4638631921976773E-004
  0.86666666666666670       0.69999999999999996        4.4080850307784479E-004
  0.86666666666666670       0.73333333333333328        2.5454376110467232E-004
  0.86666666666666670       0.76666666666666661        1.4368676287481068E-004
  0.86666666666666670       0.80000000000000004        7.9282377679823265E-005
  0.86666666666666670       0.83333333333333337        4.2776848407986502E-005
  0.86666666666666670       0.86666666666666670        2.2623332563445773E-005
  0.86666666666666670       0.90000000000000002        1.1857908073710559E-005
  0.86666666666666670       0.93333333333333335        6.4452305187516982E-006
  0.86666666666666670       0.96666666666666667        4.2103769066467396E-006
  0.86666666666666670        1.0000000000000000        4.2103769066467396E-006

  0.90000000000000002        0.0000000000000000       0.30901699437494751     
  0.90000000000000002        3.3333333333333333E-002  0.26465578931693845     
  0.90000000000000002        6.6666666666666666E-002  0.22387001176943180     
  0.90000000000000002       0.10000000000000001       0.18684277391750215     
  0.90000000000000002       0.13333333333333333       0.15371182855178148     
  0.90000000000000002       0.16666666666666666       0.12453983475650106     
  0.90000000000000002       0.20000000000000001        9.9296161890349871E-002
  0.90000000000000002       0.23333333333333334        7.7851136480898905E-002
  0.90000000000000002       0.26666666666666666        5.9981947173350030E-002
  0.90000000000000002       0.29999999999999999        4.5388006964450264E-002
  0.90000000000000002       0.33333333333333331        3.3712643557687168E-002
  0.90000000000000002       0.36666666666666664        2.4567645015274885E-002
  0.90000000000000002       0.40000000000000002        1.7557403582004399E-002
  0.90000000000000002       0.43333333333333335        1.2300050272524924E-002
  0.90000000000000002       0.46666666666666667        8.4438728075331131E-003
  0.90000000000000002       0.50000000000000000        5.6782650813453715E-003
  0.90000000000000002       0.53333333333333333        3.7393028996798136E-003
  0.90000000000000002       0.56666666666666665        2.4106696847691557E-003
  0.90000000000000002       0.59999999999999998        1.5210229608981821E-003
  0.90000000000000002       0.63333333333333330        9.3901037323110325E-004
  0.90000000000000002       0.66666666666666663        5.6706485863603168E-004
  0.90000000000000002       0.69999999999999996        3.3490299198503647E-004
  0.90000000000000002       0.73333333333333328        1.9338889016400120E-004
  0.90000000000000002       0.76666666666666661        1.0916560470005404E-004
  0.90000000000000002       0.80000000000000004        6.0234558342835643E-005
  0.90000000000000002       0.83333333333333337        3.2499587506811540E-005
  0.90000000000000002       0.86666666666666670        1.7188011826606025E-005
  0.90000000000000002       0.90000000000000002        9.0090115432003857E-006
  0.90000000000000002       0.93333333333333335        4.8967453433674487E-006
  0.90000000000000002       0.96666666666666667        3.1988217413575705E-006
  0.90000000000000002        1.0000000000000000        3.1988217413575705E-006

  0.93333333333333335        0.0000000000000000       0.20791169081775931     
  0.93333333333333335        3.3333333333333333E-002  0.17806474609234094     
  0.93333333333333335        6.6666666666666666E-002  0.15062340750715605     
  0.93333333333333335       0.10000000000000001       0.12571087593691771     
  0.93333333333333335       0.13333333333333333       0.10341983371346049     
  0.93333333333333335       0.16666666666666666        8.3792438894058768E-002
  0.93333333333333335       0.20000000000000001        6.6808082681974065E-002
  0.93333333333333335       0.23333333333333334        5.2379518642875260E-002
  0.93333333333333335       0.26666666666666666        4.0356835650990221E-002
  0.93333333333333335       0.29999999999999999        3.0537793851483207E-002
  0.93333333333333335       0.33333333333333331        2.2682418286388697E-002
  0.93333333333333335       0.36666666666666664        1.6529513610952409E-002
  0.93333333333333335       0.40000000000000002        1.1812908453426670E-002
  0.93333333333333335       0.43333333333333335        8.2756751112566824E-003
  0.93333333333333335       0.46666666666666667        5.6811758072249181E-003
  0.93333333333333335       0.50000000000000000        3.8204296704196722E-003
  0.93333333333333335       0.53333333333333333        2.5158641838605922E-003
  0.93333333333333335       0.56666666666666665        1.6219380140476307E-003
  0.93333333333333335       0.59999999999999998        1.0233691393336966E-003
  0.93333333333333335       0.63333333333333330        6.3178154582983574E-004
  0.93333333333333335       0.66666666666666663        3.8153051679512854E-004
  0.93333333333333335       0.69999999999999996        2.2532821362908348E-004
  0.93333333333333335       0.73333333333333328        1.3011521007346628E-004
  0.93333333333333335       0.76666666666666661        7.3448405315832172E-005
  0.93333333333333335       0.80000000000000004        4.0526796579752218E-005
  0.93333333333333335       0.83333333333333337        2.1866254323936050E-005
  0.93333333333333335       0.86666666666666670        1.1564375635371269E-005
  0.93333333333333335       0.90000000000000002        6.0614103969660420E-006
  0.93333333333333335       0.93333333333333335        3.2946104012914260E-006
  0.93333333333333335       0.96666666666666667        2.1522196156736047E-006
  0.93333333333333335        1.0000000000000000        2.1522196156736047E-006

  0.96666666666666667        0.0000000000000000       0.10452846326765373     
  0.96666666666666667        3.3333333333333333E-002   8.9522788247112128E-002
  0.96666666666666667        6.6666666666666666E-002   7.5726541672257480E-002
  0.96666666666666667       0.10000000000000001        6.3201663292876395E-002
  0.96666666666666667       0.13333333333333333        5.1994749534983301E-002
  0.96666666666666667       0.16666666666666666        4.2126995536398058E-002
  0.96666666666666667       0.20000000000000001        3.3588040139244442E-002
  0.96666666666666667       0.23333333333333334        2.6334019837481317E-002
  0.96666666666666667       0.26666666666666666        2.0289566192027386E-002
  0.96666666666666667       0.29999999999999999        1.5353002278635104E-002
  0.96666666666666667       0.33333333333333331        1.1403679693743370E-002
  0.96666666666666667       0.36666666666666664        8.3102813964852449E-003
  0.96666666666666667       0.40000000000000002        5.9389886278231859E-003
  0.96666666666666667       0.43333333333333335        4.1606299216731604E-003
  0.96666666666666667       0.46666666666666667        2.8562346559102996E-003
  0.96666666666666667       0.50000000000000000        1.9207368325485483E-003
  0.96666666666666667       0.53333333333333333        1.2648611335645673E-003
  0.96666666666666667       0.56666666666666665        8.1543605103184987E-004
  0.96666666666666667       0.59999999999999998        5.1450307132491096E-004
  0.96666666666666667       0.63333333333333330        3.1763078760366854E-004
  0.96666666666666667       0.66666666666666663        1.9181604677182451E-004
  0.96666666666666667       0.69999999999999996        1.1328469221165011E-004
  0.96666666666666667       0.73333333333333328        6.5415960513008306E-005
  0.96666666666666667       0.76666666666666661        3.6926489832903119E-005
  0.96666666666666667       0.80000000000000004        2.0375014752563629E-005
  0.96666666666666667       0.83333333333333337        1.0993349882879618E-005
  0.96666666666666667       0.86666666666666670        5.8140377246742075E-006
  0.96666666666666667       0.90000000000000002        3.0473991699908681E-006
  0.96666666666666667       0.93333333333333335        1.6563790182173040E-006
  0.96666666666666667       0.96666666666666667        1.0820373214994093E-006
  0.96666666666666667        1.0000000000000000        1.0820373214994093E-006

   1.0000000000000000        0.0000000000000000        1.2246467991473532E-016
   1.0000000000000000        3.3333333333333333E-002   0.0000000000000000     
   1.0000000000000000        6.6666666666666666E-002   0.0000000000000000     
   1.0000000000000000       0.10000000000000001        0.0000000000000000     
   1.0000000000000000       0.13333333333333333        0.0000000000000000     
   1.0000000000000000       0.16666666666666666        0.0000000000000000     
   1.0000000000000000       0.20000000000000001        0.0000000000000000     
   1.0000000000000000       0.23333333333333334        0.0000000000000000     
   1.0000000000000000       0.26666666666666666        0.0000000000000000     
   1.0000000000000000       0.29999999999999999        0.0000000000000000     
   1.0000000000000000       0.33333333333333331        0.0000000000000000     
   1.0000000000000000       0.36666666666666664        0.0000000000000000     
   1.0000000000000000       0.40000000000000002        0.0000000000000000     
   1.0000000000000000       0.43333333333333335        0.0000000000000000     
   1.0000000000000000       0.46666666666666667        0.0000000000000000     
   1.0000000000000000       0.50000000000000000        0.0000000000000000     
   1.0000000000000000       0.53333333333333333        0.0000000000000000     
   1.0000000000000000       0.56666666666666665        0.0000000000000000     
   1.0000000000000000       0.59999999999999998        0.0000000000000000     
   1.0000000000000000       0.63333333333333330        0.0000000000000000     
   1.0000000000000000       0.66666666666666663        0.0000000000000000     
   1.0000000000000000       0.69999999999999996        0.0000000000000000     
   1.0000000000000000       0.73333333333333328        0.0000000000000000     
   1.0000000000000000       0.76666666666666661        0.0000000000000000     
   1.0000000000000000       0.80000000000000004        0.0000000000000000     
   1.0000000000000000       0.83333333333333337        0.0000000000000000     
   1.0000000000000000       0.86666666666666670        0.0000000000000000     
   1.0000000000000000       0.90000000000000002        0.0000000000000000     
   1.0000000000000000       0.93333333333333335        0.0000000000000000     
   1.0000000000000000       0.96666666666666667        0.0000000000000000     
   1.0000000000000000        1.0000000000000000        0.0000000000000000     

