  0.0000E+00  0.0000E+00
  0.5000E-01 -0.2363E-01
  0.1000E+00 -0.4668E-01
  0.1500E+00 -0.6858E-01
  0.2000E+00 -0.8879E-01
  0.2500E+00 -0.1068E+00
  0.3000E+00 -0.1222E+00
  0.3500E+00 -0.1346E+00
  0.4000E+00 -0.1437E+00
  0.4500E+00 -0.1492E+00
  0.5000E+00 -0.1510E+00
  0.5500E+00 -0.1492E+00
  0.6000E+00 -0.1437E+00
  0.6500E+00 -0.1346E+00
  0.7000E+00 -0.1222E+00
  0.7500E+00 -0.1068E+00
  0.8000E+00 -0.8879E-01
  0.8500E+00 -0.6858E-01
  0.9000E+00 -0.4668E-01
  0.9500E+00 -0.2363E-01
  0.1000E+01 -0.1850E-16
