  0.0000E+00  0.0000E+00
  0.5000E-01 -0.6688E-01
  0.1000E+00 -0.1299E+00
  0.1500E+00 -0.1860E+00
  0.2000E+00 -0.2334E+00
  0.2500E+00 -0.2717E+00
  0.3000E+00 -0.3014E+00
  0.3500E+00 -0.3234E+00
  0.4000E+00 -0.3384E+00
  0.4500E+00 -0.3471E+00
  0.5000E+00 -0.3500E+00
  0.5500E+00 -0.3471E+00
  0.6000E+00 -0.3384E+00
  0.6500E+00 -0.3234E+00
  0.7000E+00 -0.3014E+00
  0.7500E+00 -0.2717E+00
  0.8000E+00 -0.2334E+00
  0.8500E+00 -0.1860E+00
  0.9000E+00 -0.1299E+00
  0.9500E+00 -0.6688E-01
  0.1000E+01 -0.5267E-16
