  0.0000E+00  0.0000E+00
  0.5000E-01 -0.5559E-01
  0.1000E+00 -0.1091E+00
  0.1500E+00 -0.1586E+00
  0.2000E+00 -0.2028E+00
  0.2500E+00 -0.2405E+00
  0.3000E+00 -0.2714E+00
  0.3500E+00 -0.2952E+00
  0.4000E+00 -0.3119E+00
  0.4500E+00 -0.3219E+00
  0.5000E+00 -0.3252E+00
  0.5500E+00 -0.3219E+00
  0.6000E+00 -0.3119E+00
  0.6500E+00 -0.2952E+00
  0.7000E+00 -0.2714E+00
  0.7500E+00 -0.2405E+00
  0.8000E+00 -0.2028E+00
  0.8500E+00 -0.1586E+00
  0.9000E+00 -0.1091E+00
  0.9500E+00 -0.5559E-01
  0.1000E+01 -0.4361E-16
