   0.0000000000000000        0.0000000000000000     
   5.0000000000000003E-002   4.5766770488903173E-002
  0.10000000000000001        9.0694892336867186E-002
  0.15000000000000002       0.13390570732888440     
  0.20000000000000001       0.17445347607089312     
  0.25000000000000000       0.21132199388874340     
  0.30000000000000004       0.24345130658396172     
  0.35000000000000003       0.26979477109087691     
  0.40000000000000002       0.28939959833776047     
  0.45000000000000001       0.30149750779363937     
  0.50000000000000000       0.30558809383348778     
  0.55000000000000004       0.30149750779363937     
  0.60000000000000009       0.28939959833776047     
  0.65000000000000002       0.26979477109087691     
  0.70000000000000007       0.24345130658396172     
  0.75000000000000000       0.21132199388874340     
  0.80000000000000004       0.17445347607089312     
  0.85000000000000009       0.13390570732888440     
  0.90000000000000002        9.0694892336867186E-002
  0.95000000000000007        4.5766770488903159E-002
   1.0000000000000000        0.0000000000000000     
