   0.0000000000000000        0.0000000000000000     
   5.0000000000000003E-002   4.2208013096171303E-002
  0.10000000000000001        8.3499159949034216E-002
  0.15000000000000002       0.12295267182176770     
  0.20000000000000001       0.15964571991621135     
  0.25000000000000000       0.19266544688528403     
  0.30000000000000004       0.22113327268668256     
  0.35000000000000003       0.24424060096535272     
  0.40000000000000002       0.26129210252663787     
  0.45000000000000001       0.27175046643290401     
  0.50000000000000000       0.27527544291450340     
  0.55000000000000004       0.27175046643290401     
  0.60000000000000009       0.26129210252663787     
  0.65000000000000002       0.24424060096535272     
  0.70000000000000007       0.22113327268668256     
  0.75000000000000000       0.19266544688528400     
  0.80000000000000004       0.15964571991621132     
  0.85000000000000009       0.12295267182176767     
  0.90000000000000002        8.3499159949034202E-002
  0.95000000000000007        4.2208013096171296E-002
   1.0000000000000000        0.0000000000000000     
