   0.0000000000000000        0.0000000000000000     
   5.0000000000000003E-002   3.1836057611736260E-002
  0.10000000000000001        6.2897192805333207E-002
  0.15000000000000002        9.2425605466214505E-002
  0.20000000000000001       0.11969774537569816     
  0.25000000000000000       0.14404135725647038     
  0.30000000000000004       0.16485219171399054     
  0.35000000000000003       0.18160993630865169     
  0.40000000000000002       0.19389274517200358     
  0.45000000000000001       0.20138963498737766     
  0.50000000000000000       0.20391000418156760     
  0.55000000000000004       0.20138963498737766     
  0.60000000000000009       0.19389274517200356     
  0.65000000000000002       0.18160993630865166     
  0.70000000000000007       0.16485219171399051     
  0.75000000000000000       0.14404135725647035     
  0.80000000000000004       0.11969774537569813     
  0.85000000000000009        9.2425605466214478E-002
  0.90000000000000002        6.2897192805333194E-002
  0.95000000000000007        3.1836057611736253E-002
   1.0000000000000000        0.0000000000000000     
