   0.0000000000000000        0.0000000000000000     
   5.0000000000000003E-002   2.6173741837222347E-002
  0.10000000000000001        5.1704570035883891E-002
  0.15000000000000002        7.5965059223368575E-002
  0.20000000000000001        9.8358453824508058E-002
  0.25000000000000000       0.11833322740748149     
  0.30000000000000004       0.13539669072035382     
  0.35000000000000003       0.14912730732225743     
  0.40000000000000002       0.15918537345181666     
  0.45000000000000001       0.16532173371052930     
  0.50000000000000000       0.16738424142746189     
  0.55000000000000004       0.16532173371052930     
  0.60000000000000009       0.15918537345181666     
  0.65000000000000002       0.14912730732225743     
  0.70000000000000007       0.13539669072035382     
  0.75000000000000000       0.11833322740748149     
  0.80000000000000004        9.8358453824508058E-002
  0.85000000000000009        7.5965059223368575E-002
  0.90000000000000002        5.1704570035883891E-002
  0.95000000000000007        2.6173741837222344E-002
   1.0000000000000000        0.0000000000000000     
