   0.0000000000000000        0.0000000000000000     
   5.0000000000000003E-002   4.5736148296173472E-002
  0.10000000000000001        9.0617392464489008E-002
  0.15000000000000002       0.13375218484958695     
  0.20000000000000001       0.17418832804697076     
  0.25000000000000000       0.21091186510262885     
  0.30000000000000004       0.24287459242657700     
  0.35000000000000003       0.26904980492849484     
  0.40000000000000002       0.28850922165400616     
  0.45000000000000001       0.30050829429118514     
  0.50000000000000000       0.30456383716159457     
  0.55000000000000004       0.30050829429118509     
  0.60000000000000009       0.28850922165400611     
  0.65000000000000002       0.26904980492849490     
  0.70000000000000007       0.24287459242657700     
  0.75000000000000000       0.21091186510262891     
  0.80000000000000004       0.17418832804697079     
  0.85000000000000009       0.13375218484958687     
  0.90000000000000002        9.0617392464489049E-002
  0.95000000000000007        4.5736148296173514E-002
   1.0000000000000000        3.5767532787284413E-017
