   0.0000000000000000        0.0000000000000000     
   5.0000000000000003E-002   4.2136011964645198E-002
  0.10000000000000001        8.3347367884684914E-002
  0.15000000000000002       0.12270769745036365     
  0.20000000000000001       0.15929250921331300     
  0.25000000000000000       0.19219216202987535     
  0.30000000000000004       0.22053605974192081     
  0.35000000000000003       0.24352715343123213     
  0.40000000000000002       0.26048312531867990     
  0.45000000000000001       0.27087857060793696     
  0.50000000000000000       0.27438157623803011     
  0.55000000000000004       0.27087857060793696     
  0.60000000000000009       0.26048312531867990     
  0.65000000000000002       0.24352715343123213     
  0.70000000000000007       0.22053605974192081     
  0.75000000000000000       0.19219216202987538     
  0.80000000000000004       0.15929250921331303     
  0.85000000000000009       0.12270769745036357     
  0.90000000000000002        8.3347367884684942E-002
  0.95000000000000007        4.2136011964645226E-002
   1.0000000000000000        3.2970756225330904E-017
