   0.0000000000000000        0.0000000000000000     
   5.0000000000000003E-002   2.3722599314572865E-002
  0.10000000000000001        4.6861726167915438E-002
  0.15000000000000002        6.8848131983057198E-002
  0.20000000000000001        8.9140696915775919E-002
  0.25000000000000000       0.10723969768536980     
  0.30000000000000004       0.12269912397016734     
  0.35000000000000003       0.13513773757961922     
  0.40000000000000002       0.14424858532248455     
  0.45000000000000001       0.14980670397132717     
  0.50000000000000000       0.15167479561011563     
  0.55000000000000004       0.14980670397132714     
  0.60000000000000009       0.14424858532248452     
  0.65000000000000002       0.13513773757961919     
  0.70000000000000007       0.12269912397016731     
  0.75000000000000000       0.10723969768536978     
  0.80000000000000004        8.9140696915775905E-002
  0.85000000000000009        6.8848131983057198E-002
  0.90000000000000002        4.6861726167915431E-002
  0.95000000000000007        2.3722599314572861E-002
   1.0000000000000000        0.0000000000000000     
