   0.0000000000000000        0.0000000000000000     
   5.0000000000000003E-002   3.4969157985086985E-002
  0.10000000000000001        6.9096413933085424E-002
  0.15000000000000002       0.10155642163712132     
  0.20000000000000001       0.13155744838230926     
  0.25000000000000000       0.15835922595870824     
  0.30000000000000004       0.18129151407452329     
  0.35000000000000003       0.19977284644607199     
  0.40000000000000002       0.21332850964257241     
  0.45000000000000001       0.22160651410335488     
  0.50000000000000000       0.22439023043501610     
  0.55000000000000004       0.22160651410335483     
  0.60000000000000009       0.21332850964257241     
  0.65000000000000002       0.19977284644607202     
  0.70000000000000007       0.18129151407452329     
  0.75000000000000000       0.15835922595870824     
  0.80000000000000004       0.13155744838230929     
  0.85000000000000009       0.10155642163712125     
  0.90000000000000002        6.9096413933085465E-002
  0.95000000000000007        3.4969157985087006E-002
   1.0000000000000000        2.7372980473778928E-017
