   0.0000000000000000        0.0000000000000000     
   5.0000000000000003E-002   3.1731691297191264E-002
  0.10000000000000001        6.2689923471734479E-002
  0.15000000000000002        9.2118564775588177E-002
  0.20000000000000001       0.11929608595711834     
  0.25000000000000000       0.14355265057420508     
  0.30000000000000004       0.16428674708442273     
  0.35000000000000003       0.18098092302888830     
  0.40000000000000002       0.19321603272952478     
  0.45000000000000001       0.20068331933842240     
  0.50000000000000000       0.20319364978242782     
  0.55000000000000004       0.20068331933842237     
  0.60000000000000009       0.19321603272952478     
  0.65000000000000002       0.18098092302888832     
  0.70000000000000007       0.16428674708442273     
  0.75000000000000000       0.14355265057420510     
  0.80000000000000004       0.11929608595711837     
  0.85000000000000009        9.2118564775588108E-002
  0.90000000000000002        6.2689923471734507E-002
  0.95000000000000007        3.1731691297191292E-002
   1.0000000000000000        2.4840070081081894E-017
