   0.0000000000000000        0.0000000000000000        0.0000000000000000     
   0.0000000000000000        3.3333333333333333E-002   0.0000000000000000     
   0.0000000000000000        6.6666666666666666E-002   0.0000000000000000     
   0.0000000000000000       0.10000000000000001        0.0000000000000000     
   0.0000000000000000       0.13333333333333333        0.0000000000000000     
   0.0000000000000000       0.16666666666666666        0.0000000000000000     
   0.0000000000000000       0.20000000000000001        0.0000000000000000     
   0.0000000000000000       0.23333333333333334        0.0000000000000000     
   0.0000000000000000       0.26666666666666666        0.0000000000000000     
   0.0000000000000000       0.29999999999999999        0.0000000000000000     
   0.0000000000000000       0.33333333333333331        0.0000000000000000     
   0.0000000000000000       0.36666666666666664        0.0000000000000000     
   0.0000000000000000       0.40000000000000002        0.0000000000000000     
   0.0000000000000000       0.43333333333333335        0.0000000000000000     
   0.0000000000000000       0.46666666666666667        0.0000000000000000     
   0.0000000000000000       0.50000000000000000        0.0000000000000000     
   0.0000000000000000       0.53333333333333333        0.0000000000000000     
   0.0000000000000000       0.56666666666666665        0.0000000000000000     
   0.0000000000000000       0.59999999999999998        0.0000000000000000     
   0.0000000000000000       0.63333333333333330        0.0000000000000000     
   0.0000000000000000       0.66666666666666663        0.0000000000000000     
   0.0000000000000000       0.69999999999999996        0.0000000000000000     
   0.0000000000000000       0.73333333333333328        0.0000000000000000     
   0.0000000000000000       0.76666666666666661        0.0000000000000000     
   0.0000000000000000       0.80000000000000004        0.0000000000000000     
   0.0000000000000000       0.83333333333333337        0.0000000000000000     
   0.0000000000000000       0.86666666666666670        0.0000000000000000     
   0.0000000000000000       0.90000000000000002        0.0000000000000000     
   0.0000000000000000       0.93333333333333335        0.0000000000000000     
   0.0000000000000000       0.96666666666666667        0.0000000000000000     
   0.0000000000000000        1.0000000000000000        0.0000000000000000     

   3.3333333333333333E-002   0.0000000000000000       0.10452846326765346     
   3.3333333333333333E-002   3.3333333333333333E-002   6.5373695587024952E-002
   3.3333333333333333E-002   6.6666666666666666E-002   3.4512558214735936E-002
   3.3333333333333333E-002  0.10000000000000001        1.5009594082104350E-002
   3.3333333333333333E-002  0.13333333333333333        5.2426082682914136E-003
   3.3333333333333333E-002  0.16666666666666666        1.4267706914707955E-003
   3.3333333333333333E-002  0.20000000000000001        2.9033164021768215E-004
   3.3333333333333333E-002  0.23333333333333334        4.1443426586728692E-005
   3.3333333333333333E-002  0.26666666666666666        3.6940234193690354E-006
   3.3333333333333333E-002  0.29999999999999999        1.5448183313326811E-007
   3.3333333333333333E-002  0.33333333333333331        0.0000000000000000     
   3.3333333333333333E-002  0.36666666666666664        0.0000000000000000     
   3.3333333333333333E-002  0.40000000000000002        0.0000000000000000     
   3.3333333333333333E-002  0.43333333333333335        0.0000000000000000     
   3.3333333333333333E-002  0.46666666666666667        0.0000000000000000     
   3.3333333333333333E-002  0.50000000000000000        0.0000000000000000     
   3.3333333333333333E-002  0.53333333333333333        0.0000000000000000     
   3.3333333333333333E-002  0.56666666666666665        0.0000000000000000     
   3.3333333333333333E-002  0.59999999999999998        0.0000000000000000     
   3.3333333333333333E-002  0.63333333333333330        0.0000000000000000     
   3.3333333333333333E-002  0.66666666666666663        0.0000000000000000     
   3.3333333333333333E-002  0.69999999999999996        0.0000000000000000     
   3.3333333333333333E-002  0.73333333333333328        0.0000000000000000     
   3.3333333333333333E-002  0.76666666666666661        0.0000000000000000     
   3.3333333333333333E-002  0.80000000000000004        0.0000000000000000     
   3.3333333333333333E-002  0.83333333333333337        0.0000000000000000     
   3.3333333333333333E-002  0.86666666666666670        0.0000000000000000     
   3.3333333333333333E-002  0.90000000000000002        0.0000000000000000     
   3.3333333333333333E-002  0.93333333333333335        0.0000000000000000     
   3.3333333333333333E-002  0.96666666666666667        0.0000000000000000     
   3.3333333333333333E-002   1.0000000000000000        0.0000000000000000     

   6.6666666666666666E-002   0.0000000000000000       0.20791169081775931     
   6.6666666666666666E-002   3.3333333333333333E-002  0.13003114328487314     
   6.6666666666666666E-002   6.6666666666666666E-002   6.8646989619454105E-002
   6.6666666666666666E-002  0.10000000000000001        2.9854739910485671E-002
   6.6666666666666666E-002  0.13333333333333333        1.0427777423309116E-002
   6.6666666666666666E-002  0.16666666666666666        2.8379093846748749E-003
   6.6666666666666666E-002  0.20000000000000001        5.7748234622933766E-004
   6.6666666666666666E-002  0.23333333333333334        8.2432790319178631E-005
   6.6666666666666666E-002  0.26666666666666666        7.3475743451313648E-006
   6.6666666666666666E-002  0.29999999999999999        3.0727113097532619E-007
   6.6666666666666666E-002  0.33333333333333331        0.0000000000000000     
   6.6666666666666666E-002  0.36666666666666664        0.0000000000000000     
   6.6666666666666666E-002  0.40000000000000002        0.0000000000000000     
   6.6666666666666666E-002  0.43333333333333335        0.0000000000000000     
   6.6666666666666666E-002  0.46666666666666667        0.0000000000000000     
   6.6666666666666666E-002  0.50000000000000000        0.0000000000000000     
   6.6666666666666666E-002  0.53333333333333333        0.0000000000000000     
   6.6666666666666666E-002  0.56666666666666665        0.0000000000000000     
   6.6666666666666666E-002  0.59999999999999998        0.0000000000000000     
   6.6666666666666666E-002  0.63333333333333330        0.0000000000000000     
   6.6666666666666666E-002  0.66666666666666663        0.0000000000000000     
   6.6666666666666666E-002  0.69999999999999996        0.0000000000000000     
   6.6666666666666666E-002  0.73333333333333328        0.0000000000000000     
   6.6666666666666666E-002  0.76666666666666661        0.0000000000000000     
   6.6666666666666666E-002  0.80000000000000004        0.0000000000000000     
   6.6666666666666666E-002  0.83333333333333337        0.0000000000000000     
   6.6666666666666666E-002  0.86666666666666670        0.0000000000000000     
   6.6666666666666666E-002  0.90000000000000002        0.0000000000000000     
   6.6666666666666666E-002  0.93333333333333335        0.0000000000000000     
   6.6666666666666666E-002  0.96666666666666667        0.0000000000000000     
   6.6666666666666666E-002   1.0000000000000000        0.0000000000000000     

  0.10000000000000001        0.0000000000000000       0.30901699437494740     
  0.10000000000000001        3.3333333333333333E-002  0.19326394256612620     
  0.10000000000000001        6.6666666666666666E-002  0.10202931024059544     
  0.10000000000000001       0.10000000000000001        4.4372790960901742E-002
  0.10000000000000001       0.13333333333333333        1.5498697666724333E-002
  0.10000000000000001       0.16666666666666666        4.2179553487897391E-003
  0.10000000000000001       0.20000000000000001        8.5830603480975456E-004
  0.10000000000000001       0.23333333333333334        1.2251900315072124E-004
  0.10000000000000001       0.26666666666666666        1.0920623708789657E-005
  0.10000000000000001       0.29999999999999999        4.5669390200580071E-007
  0.10000000000000001       0.33333333333333331        0.0000000000000000     
  0.10000000000000001       0.36666666666666664        0.0000000000000000     
  0.10000000000000001       0.40000000000000002        0.0000000000000000     
  0.10000000000000001       0.43333333333333335        0.0000000000000000     
  0.10000000000000001       0.46666666666666667        0.0000000000000000     
  0.10000000000000001       0.50000000000000000        0.0000000000000000     
  0.10000000000000001       0.53333333333333333        0.0000000000000000     
  0.10000000000000001       0.56666666666666665        0.0000000000000000     
  0.10000000000000001       0.59999999999999998        0.0000000000000000     
  0.10000000000000001       0.63333333333333330        0.0000000000000000     
  0.10000000000000001       0.66666666666666663        0.0000000000000000     
  0.10000000000000001       0.69999999999999996        0.0000000000000000     
  0.10000000000000001       0.73333333333333328        0.0000000000000000     
  0.10000000000000001       0.76666666666666661        0.0000000000000000     
  0.10000000000000001       0.80000000000000004        0.0000000000000000     
  0.10000000000000001       0.83333333333333337        0.0000000000000000     
  0.10000000000000001       0.86666666666666670        0.0000000000000000     
  0.10000000000000001       0.90000000000000002        0.0000000000000000     
  0.10000000000000001       0.93333333333333335        0.0000000000000000     
  0.10000000000000001       0.96666666666666667        0.0000000000000000     
  0.10000000000000001        1.0000000000000000        0.0000000000000000     

  0.13333333333333333        0.0000000000000000       0.40673664307580015     
  0.13333333333333333        3.3333333333333333E-002  0.25437930164954475     
  0.13333333333333333        6.6666666666666666E-002  0.13429377638773501     
  0.13333333333333333       0.10000000000000001        5.8404684427946704E-002
  0.13333333333333333       0.13333333333333333        2.0399810935191918E-002
  0.13333333333333333       0.16666666666666666        5.5517885114393598E-003
  0.13333333333333333       0.20000000000000001        1.1297259428607110E-003
  0.13333333333333333       0.23333333333333334        1.6126287214499491E-004
  0.13333333333333333       0.26666666666666666        1.4374024433807015E-005
  0.13333333333333333       0.29999999999999999        6.0111303907655656E-007
  0.13333333333333333       0.33333333333333331        0.0000000000000000     
  0.13333333333333333       0.36666666666666664        0.0000000000000000     
  0.13333333333333333       0.40000000000000002        0.0000000000000000     
  0.13333333333333333       0.43333333333333335        0.0000000000000000     
  0.13333333333333333       0.46666666666666667        0.0000000000000000     
  0.13333333333333333       0.50000000000000000        0.0000000000000000     
  0.13333333333333333       0.53333333333333333        0.0000000000000000     
  0.13333333333333333       0.56666666666666665        0.0000000000000000     
  0.13333333333333333       0.59999999999999998        0.0000000000000000     
  0.13333333333333333       0.63333333333333330        0.0000000000000000     
  0.13333333333333333       0.66666666666666663        0.0000000000000000     
  0.13333333333333333       0.69999999999999996        0.0000000000000000     
  0.13333333333333333       0.73333333333333328        0.0000000000000000     
  0.13333333333333333       0.76666666666666661        0.0000000000000000     
  0.13333333333333333       0.80000000000000004        0.0000000000000000     
  0.13333333333333333       0.83333333333333337        0.0000000000000000     
  0.13333333333333333       0.86666666666666670        0.0000000000000000     
  0.13333333333333333       0.90000000000000002        0.0000000000000000     
  0.13333333333333333       0.93333333333333335        0.0000000000000000     
  0.13333333333333333       0.96666666666666667        0.0000000000000000     
  0.13333333333333333        1.0000000000000000        0.0000000000000000     

  0.16666666666666666        0.0000000000000000       0.49999999999999994     
  0.16666666666666666        3.3333333333333333E-002  0.31270762787179973     
  0.16666666666666666        6.6666666666666666E-002  0.16508689181799110     
  0.16666666666666666       0.10000000000000001        7.1796683950433135E-002
  0.16666666666666666       0.13333333333333333        2.5077419606118659E-002
  0.16666666666666666       0.16666666666666666        6.8247951173712159E-003
  0.16666666666666666       0.20000000000000001        1.3887683370713334E-003
  0.16666666666666666       0.23333333333333334        1.9823991136562247E-004
  0.16666666666666666       0.26666666666666666        1.7669940339169598E-005
  0.16666666666666666       0.29999999999999999        7.3894625590019930E-007
  0.16666666666666666       0.33333333333333331        0.0000000000000000     
  0.16666666666666666       0.36666666666666664        0.0000000000000000     
  0.16666666666666666       0.40000000000000002        0.0000000000000000     
  0.16666666666666666       0.43333333333333335        0.0000000000000000     
  0.16666666666666666       0.46666666666666667        0.0000000000000000     
  0.16666666666666666       0.50000000000000000        0.0000000000000000     
  0.16666666666666666       0.53333333333333333        0.0000000000000000     
  0.16666666666666666       0.56666666666666665        0.0000000000000000     
  0.16666666666666666       0.59999999999999998        0.0000000000000000     
  0.16666666666666666       0.63333333333333330        0.0000000000000000     
  0.16666666666666666       0.66666666666666663        0.0000000000000000     
  0.16666666666666666       0.69999999999999996        0.0000000000000000     
  0.16666666666666666       0.73333333333333328        0.0000000000000000     
  0.16666666666666666       0.76666666666666661        0.0000000000000000     
  0.16666666666666666       0.80000000000000004        0.0000000000000000     
  0.16666666666666666       0.83333333333333337        0.0000000000000000     
  0.16666666666666666       0.86666666666666670        0.0000000000000000     
  0.16666666666666666       0.90000000000000002        0.0000000000000000     
  0.16666666666666666       0.93333333333333335        0.0000000000000000     
  0.16666666666666666       0.96666666666666667        0.0000000000000000     
  0.16666666666666666        1.0000000000000000        0.0000000000000000     

  0.20000000000000001        0.0000000000000000       0.58778525229247314     
  0.20000000000000001        3.3333333333333333E-002  0.36760986388481326     
  0.20000000000000001        6.6666666666666666E-002  0.19407128071483626     
  0.20000000000000001       0.10000000000000001        8.4402063979136577E-002
  0.20000000000000001       0.13333333333333333        2.9480274820053338E-002
  0.20000000000000001       0.16666666666666666        8.0230278398169576E-003
  0.20000000000000001       0.20000000000000001        1.6325950947625445E-003
  0.20000000000000001       0.23333333333333334        2.3304499263295978E-004
  0.20000000000000001       0.26666666666666666        2.0772260680503500E-005
  0.20000000000000001       0.29999999999999999        8.6868342290975419E-007
  0.20000000000000001       0.33333333333333331        0.0000000000000000     
  0.20000000000000001       0.36666666666666664        0.0000000000000000     
  0.20000000000000001       0.40000000000000002        0.0000000000000000     
  0.20000000000000001       0.43333333333333335        0.0000000000000000     
  0.20000000000000001       0.46666666666666667        0.0000000000000000     
  0.20000000000000001       0.50000000000000000        0.0000000000000000     
  0.20000000000000001       0.53333333333333333        0.0000000000000000     
  0.20000000000000001       0.56666666666666665        0.0000000000000000     
  0.20000000000000001       0.59999999999999998        0.0000000000000000     
  0.20000000000000001       0.63333333333333330        0.0000000000000000     
  0.20000000000000001       0.66666666666666663        0.0000000000000000     
  0.20000000000000001       0.69999999999999996        0.0000000000000000     
  0.20000000000000001       0.73333333333333328        0.0000000000000000     
  0.20000000000000001       0.76666666666666661        0.0000000000000000     
  0.20000000000000001       0.80000000000000004        0.0000000000000000     
  0.20000000000000001       0.83333333333333337        0.0000000000000000     
  0.20000000000000001       0.86666666666666670        0.0000000000000000     
  0.20000000000000001       0.90000000000000002        0.0000000000000000     
  0.20000000000000001       0.93333333333333335        0.0000000000000000     
  0.20000000000000001       0.96666666666666667        0.0000000000000000     
  0.20000000000000001        1.0000000000000000        0.0000000000000000     

  0.23333333333333334        0.0000000000000000       0.66913060635885824     
  0.23333333333333334        3.3333333333333333E-002  0.41848448930179516     
  0.23333333333333334        6.6666666666666666E-002  0.22092938404814325     
  0.23333333333333334       0.10000000000000001        9.6082717332617251E-002
  0.23333333333333334       0.13333333333333333        3.3560137973915390E-002
  0.23333333333333334       0.16666666666666666        9.1333585903231526E-003
  0.23333333333333334       0.20000000000000001        1.8585347989530493E-003
  0.23333333333333334       0.23333333333333334        2.6529678419321052E-004
  0.23333333333333334       0.26666666666666666        2.3646995786946800E-005
  0.23333333333333334       0.29999999999999999        9.8890311255421687E-007
  0.23333333333333334       0.33333333333333331        0.0000000000000000     
  0.23333333333333334       0.36666666666666664        0.0000000000000000     
  0.23333333333333334       0.40000000000000002        0.0000000000000000     
  0.23333333333333334       0.43333333333333335        0.0000000000000000     
  0.23333333333333334       0.46666666666666667        0.0000000000000000     
  0.23333333333333334       0.50000000000000000        0.0000000000000000     
  0.23333333333333334       0.53333333333333333        0.0000000000000000     
  0.23333333333333334       0.56666666666666665        0.0000000000000000     
  0.23333333333333334       0.59999999999999998        0.0000000000000000     
  0.23333333333333334       0.63333333333333330        0.0000000000000000     
  0.23333333333333334       0.66666666666666663        0.0000000000000000     
  0.23333333333333334       0.69999999999999996        0.0000000000000000     
  0.23333333333333334       0.73333333333333328        0.0000000000000000     
  0.23333333333333334       0.76666666666666661        0.0000000000000000     
  0.23333333333333334       0.80000000000000004        0.0000000000000000     
  0.23333333333333334       0.83333333333333337        0.0000000000000000     
  0.23333333333333334       0.86666666666666670        0.0000000000000000     
  0.23333333333333334       0.90000000000000002        0.0000000000000000     
  0.23333333333333334       0.93333333333333335        0.0000000000000000     
  0.23333333333333334       0.96666666666666667        0.0000000000000000     
  0.23333333333333334        1.0000000000000000        0.0000000000000000     

  0.26666666666666666        0.0000000000000000       0.74314482547739413     
  0.26666666666666666        3.3333333333333333E-002  0.46477411108047717     
  0.26666666666666666        6.6666666666666666E-002  0.24536693881737298     
  0.26666666666666666       0.10000000000000001       0.10671066832840051     
  0.26666666666666666       0.13333333333333333        3.7272309233224873E-002
  0.26666666666666666       0.16666666666666666        1.0143622352835608E-002
  0.26666666666666666       0.20000000000000001        2.0641120069628139E-003
  0.26666666666666666       0.23333333333333334        2.9464192866891922E-004
  0.26666666666666666       0.26666666666666666        2.6262649459096319E-005
  0.26666666666666666       0.29999999999999999        1.0982881727562547E-006
  0.26666666666666666       0.33333333333333331        0.0000000000000000     
  0.26666666666666666       0.36666666666666664        0.0000000000000000     
  0.26666666666666666       0.40000000000000002        0.0000000000000000     
  0.26666666666666666       0.43333333333333335        0.0000000000000000     
  0.26666666666666666       0.46666666666666667        0.0000000000000000     
  0.26666666666666666       0.50000000000000000        0.0000000000000000     
  0.26666666666666666       0.53333333333333333        0.0000000000000000     
  0.26666666666666666       0.56666666666666665        0.0000000000000000     
  0.26666666666666666       0.59999999999999998        0.0000000000000000     
  0.26666666666666666       0.63333333333333330        0.0000000000000000     
  0.26666666666666666       0.66666666666666663        0.0000000000000000     
  0.26666666666666666       0.69999999999999996        0.0000000000000000     
  0.26666666666666666       0.73333333333333328        0.0000000000000000     
  0.26666666666666666       0.76666666666666661        0.0000000000000000     
  0.26666666666666666       0.80000000000000004        0.0000000000000000     
  0.26666666666666666       0.83333333333333337        0.0000000000000000     
  0.26666666666666666       0.86666666666666670        0.0000000000000000     
  0.26666666666666666       0.90000000000000002        0.0000000000000000     
  0.26666666666666666       0.93333333333333335        0.0000000000000000     
  0.26666666666666666       0.96666666666666667        0.0000000000000000     
  0.26666666666666666        1.0000000000000000        0.0000000000000000     

  0.29999999999999999        0.0000000000000000       0.80901699437494745     
  0.29999999999999999        3.3333333333333333E-002  0.50597157043792607     
  0.29999999999999999        6.6666666666666666E-002  0.26711620205858655     
  0.29999999999999999       0.10000000000000001       0.11616947491133486     
  0.29999999999999999       0.13333333333333333        4.0576117272842986E-002
  0.29999999999999999       0.16666666666666666        1.1042750466160954E-002
  0.29999999999999999       0.20000000000000001        2.2470743718810879E-003
  0.29999999999999999       0.23333333333333334        3.2075891451634371E-004
  0.29999999999999999       0.26666666666666666        2.8590564047959251E-005
  0.29999999999999999       0.29999999999999999        1.1956401579060005E-006
  0.29999999999999999       0.33333333333333331        0.0000000000000000     
  0.29999999999999999       0.36666666666666664        0.0000000000000000     
  0.29999999999999999       0.40000000000000002        0.0000000000000000     
  0.29999999999999999       0.43333333333333335        0.0000000000000000     
  0.29999999999999999       0.46666666666666667        0.0000000000000000     
  0.29999999999999999       0.50000000000000000        0.0000000000000000     
  0.29999999999999999       0.53333333333333333        0.0000000000000000     
  0.29999999999999999       0.56666666666666665        0.0000000000000000     
  0.29999999999999999       0.59999999999999998        0.0000000000000000     
  0.29999999999999999       0.63333333333333330        0.0000000000000000     
  0.29999999999999999       0.66666666666666663        0.0000000000000000     
  0.29999999999999999       0.69999999999999996        0.0000000000000000     
  0.29999999999999999       0.73333333333333328        0.0000000000000000     
  0.29999999999999999       0.76666666666666661        0.0000000000000000     
  0.29999999999999999       0.80000000000000004        0.0000000000000000     
  0.29999999999999999       0.83333333333333337        0.0000000000000000     
  0.29999999999999999       0.86666666666666670        0.0000000000000000     
  0.29999999999999999       0.90000000000000002        0.0000000000000000     
  0.29999999999999999       0.93333333333333335        0.0000000000000000     
  0.29999999999999999       0.96666666666666667        0.0000000000000000     
  0.29999999999999999        1.0000000000000000        0.0000000000000000     

  0.33333333333333331        0.0000000000000000       0.86602540378443860     
  0.33333333333333331        3.3333333333333333E-002  0.54162549938829885     
  0.33333333333333331        6.6666666666666666E-002  0.28593888429238745     
  0.33333333333333331       0.10000000000000001       0.12435550441711515     
  0.33333333333333331       0.13333333333333333        4.3435364880521424E-002
  0.33333333333333331       0.16666666666666666        1.1820891894534944E-002
  0.33333333333333331       0.20000000000000001        2.4054173197504895E-003
  0.33333333333333331       0.23333333333333334        3.4336159857320899E-004
  0.33333333333333331       0.26666666666666666        3.0605234434152588E-005
  0.33333333333333331       0.29999999999999999        1.2798924592819390E-006
  0.33333333333333331       0.33333333333333331        0.0000000000000000     
  0.33333333333333331       0.36666666666666664        0.0000000000000000     
  0.33333333333333331       0.40000000000000002        0.0000000000000000     
  0.33333333333333331       0.43333333333333335        0.0000000000000000     
  0.33333333333333331       0.46666666666666667        0.0000000000000000     
  0.33333333333333331       0.50000000000000000        0.0000000000000000     
  0.33333333333333331       0.53333333333333333        0.0000000000000000     
  0.33333333333333331       0.56666666666666665        0.0000000000000000     
  0.33333333333333331       0.59999999999999998        0.0000000000000000     
  0.33333333333333331       0.63333333333333330        0.0000000000000000     
  0.33333333333333331       0.66666666666666663        0.0000000000000000     
  0.33333333333333331       0.69999999999999996        0.0000000000000000     
  0.33333333333333331       0.73333333333333328        0.0000000000000000     
  0.33333333333333331       0.76666666666666661        0.0000000000000000     
  0.33333333333333331       0.80000000000000004        0.0000000000000000     
  0.33333333333333331       0.83333333333333337        0.0000000000000000     
  0.33333333333333331       0.86666666666666670        0.0000000000000000     
  0.33333333333333331       0.90000000000000002        0.0000000000000000     
  0.33333333333333331       0.93333333333333335        0.0000000000000000     
  0.33333333333333331       0.96666666666666667        0.0000000000000000     
  0.33333333333333331        1.0000000000000000        0.0000000000000000     

  0.36666666666666664        0.0000000000000000       0.91354545764260087     
  0.36666666666666664        3.3333333333333333E-002  0.57134526602495095     
  0.36666666666666664        6.6666666666666666E-002  0.30162876027332253     
  0.36666666666666664       0.10000000000000001       0.13117906899343923     
  0.36666666666666664       0.13333333333333333        4.5818725541134406E-002
  0.36666666666666664       0.16666666666666666        1.2469521157631749E-002
  0.36666666666666664       0.20000000000000001        2.5374060120987706E-003
  0.36666666666666664       0.23333333333333334        3.6220234110307244E-004
  0.36666666666666664       0.26666666666666666        3.2284587467328294E-005
  0.36666666666666664       0.29999999999999999        1.3501219910392685E-006
  0.36666666666666664       0.33333333333333331        0.0000000000000000     
  0.36666666666666664       0.36666666666666664        0.0000000000000000     
  0.36666666666666664       0.40000000000000002        0.0000000000000000     
  0.36666666666666664       0.43333333333333335        0.0000000000000000     
  0.36666666666666664       0.46666666666666667        0.0000000000000000     
  0.36666666666666664       0.50000000000000000        0.0000000000000000     
  0.36666666666666664       0.53333333333333333        0.0000000000000000     
  0.36666666666666664       0.56666666666666665        0.0000000000000000     
  0.36666666666666664       0.59999999999999998        0.0000000000000000     
  0.36666666666666664       0.63333333333333330        0.0000000000000000     
  0.36666666666666664       0.66666666666666663        0.0000000000000000     
  0.36666666666666664       0.69999999999999996        0.0000000000000000     
  0.36666666666666664       0.73333333333333328        0.0000000000000000     
  0.36666666666666664       0.76666666666666661        0.0000000000000000     
  0.36666666666666664       0.80000000000000004        0.0000000000000000     
  0.36666666666666664       0.83333333333333337        0.0000000000000000     
  0.36666666666666664       0.86666666666666670        0.0000000000000000     
  0.36666666666666664       0.90000000000000002        0.0000000000000000     
  0.36666666666666664       0.93333333333333335        0.0000000000000000     
  0.36666666666666664       0.96666666666666667        0.0000000000000000     
  0.36666666666666664        1.0000000000000000        0.0000000000000000     

  0.40000000000000002        0.0000000000000000       0.95105651629515353     
  0.40000000000000002        3.3333333333333333E-002  0.59480525436535037     
  0.40000000000000002        6.6666666666666666E-002  0.31401392843682707     
  0.40000000000000002       0.10000000000000001       0.13656540823888619     
  0.40000000000000002       0.13333333333333333        4.7700086656533990E-002
  0.40000000000000002       0.16666666666666666        1.2981531737510484E-002
  0.40000000000000002       0.20000000000000001        2.6415943531921519E-003
  0.40000000000000002       0.23333333333333334        3.7707471898809782E-004
  0.40000000000000002       0.26666666666666666        3.3610223804227685E-005
  0.40000000000000002       0.29999999999999999        1.4055593037315817E-006
  0.40000000000000002       0.33333333333333331        0.0000000000000000     
  0.40000000000000002       0.36666666666666664        0.0000000000000000     
  0.40000000000000002       0.40000000000000002        0.0000000000000000     
  0.40000000000000002       0.43333333333333335        0.0000000000000000     
  0.40000000000000002       0.46666666666666667        0.0000000000000000     
  0.40000000000000002       0.50000000000000000        0.0000000000000000     
  0.40000000000000002       0.53333333333333333        0.0000000000000000     
  0.40000000000000002       0.56666666666666665        0.0000000000000000     
  0.40000000000000002       0.59999999999999998        0.0000000000000000     
  0.40000000000000002       0.63333333333333330        0.0000000000000000     
  0.40000000000000002       0.66666666666666663        0.0000000000000000     
  0.40000000000000002       0.69999999999999996        0.0000000000000000     
  0.40000000000000002       0.73333333333333328        0.0000000000000000     
  0.40000000000000002       0.76666666666666661        0.0000000000000000     
  0.40000000000000002       0.80000000000000004        0.0000000000000000     
  0.40000000000000002       0.83333333333333337        0.0000000000000000     
  0.40000000000000002       0.86666666666666670        0.0000000000000000     
  0.40000000000000002       0.90000000000000002        0.0000000000000000     
  0.40000000000000002       0.93333333333333335        0.0000000000000000     
  0.40000000000000002       0.96666666666666667        0.0000000000000000     
  0.40000000000000002        1.0000000000000000        0.0000000000000000     

  0.43333333333333335        0.0000000000000000       0.97814760073380569     
  0.43333333333333335        3.3333333333333333E-002  0.61174843186792138     
  0.43333333333333335        6.6666666666666666E-002  0.32295869428873875     
  0.43333333333333335       0.10000000000000001       0.14045550829351899     
  0.43333333333333335       0.13333333333333333        4.9058835640639724E-002
  0.43333333333333335       0.16666666666666666        1.3351313939112892E-002
  0.43333333333333335       0.20000000000000001        2.7168408337628039E-003
  0.43333333333333335       0.23333333333333334        3.8781578734393176E-004
  0.43333333333333335       0.26666666666666666        3.4567619495736450E-005
  0.43333333333333335       0.29999999999999999        1.4455970145600177E-006
  0.43333333333333335       0.33333333333333331        0.0000000000000000     
  0.43333333333333335       0.36666666666666664        0.0000000000000000     
  0.43333333333333335       0.40000000000000002        0.0000000000000000     
  0.43333333333333335       0.43333333333333335        0.0000000000000000     
  0.43333333333333335       0.46666666666666667        0.0000000000000000     
  0.43333333333333335       0.50000000000000000        0.0000000000000000     
  0.43333333333333335       0.53333333333333333        0.0000000000000000     
  0.43333333333333335       0.56666666666666665        0.0000000000000000     
  0.43333333333333335       0.59999999999999998        0.0000000000000000     
  0.43333333333333335       0.63333333333333330        0.0000000000000000     
  0.43333333333333335       0.66666666666666663        0.0000000000000000     
  0.43333333333333335       0.69999999999999996        0.0000000000000000     
  0.43333333333333335       0.73333333333333328        0.0000000000000000     
  0.43333333333333335       0.76666666666666661        0.0000000000000000     
  0.43333333333333335       0.80000000000000004        0.0000000000000000     
  0.43333333333333335       0.83333333333333337        0.0000000000000000     
  0.43333333333333335       0.86666666666666670        0.0000000000000000     
  0.43333333333333335       0.90000000000000002        0.0000000000000000     
  0.43333333333333335       0.93333333333333335        0.0000000000000000     
  0.43333333333333335       0.96666666666666667        0.0000000000000000     
  0.43333333333333335        1.0000000000000000        0.0000000000000000     

  0.46666666666666667        0.0000000000000000       0.99452189536827329     
  0.46666666666666667        3.3333333333333333E-002  0.62198916553435801     
  0.46666666666666667        6.6666666666666666E-002  0.32836505710257130     
  0.46666666666666667       0.10000000000000001       0.14280674840708329     
  0.46666666666666667       0.13333333333333333        4.9880085755245260E-002
  0.46666666666666667       0.16666666666666666        1.3574816351256316E-002
  0.46666666666666667       0.20000000000000001        2.7623210376232551E-003
  0.46666666666666667       0.23333333333333334        3.9430786477795475E-004
  0.46666666666666667       0.26666666666666666        3.5146285114310516E-005
  0.46666666666666667       0.29999999999999999        1.4697964619863109E-006
  0.46666666666666667       0.33333333333333331        0.0000000000000000     
  0.46666666666666667       0.36666666666666664        0.0000000000000000     
  0.46666666666666667       0.40000000000000002        0.0000000000000000     
  0.46666666666666667       0.43333333333333335        0.0000000000000000     
  0.46666666666666667       0.46666666666666667        0.0000000000000000     
  0.46666666666666667       0.50000000000000000        0.0000000000000000     
  0.46666666666666667       0.53333333333333333        0.0000000000000000     
  0.46666666666666667       0.56666666666666665        0.0000000000000000     
  0.46666666666666667       0.59999999999999998        0.0000000000000000     
  0.46666666666666667       0.63333333333333330        0.0000000000000000     
  0.46666666666666667       0.66666666666666663        0.0000000000000000     
  0.46666666666666667       0.69999999999999996        0.0000000000000000     
  0.46666666666666667       0.73333333333333328        0.0000000000000000     
  0.46666666666666667       0.76666666666666661        0.0000000000000000     
  0.46666666666666667       0.80000000000000004        0.0000000000000000     
  0.46666666666666667       0.83333333333333337        0.0000000000000000     
  0.46666666666666667       0.86666666666666670        0.0000000000000000     
  0.46666666666666667       0.90000000000000002        0.0000000000000000     
  0.46666666666666667       0.93333333333333335        0.0000000000000000     
  0.46666666666666667       0.96666666666666667        0.0000000000000000     
  0.46666666666666667        1.0000000000000000        0.0000000000000000     

  0.50000000000000000        0.0000000000000000        1.0000000000000000     
  0.50000000000000000        3.3333333333333333E-002  0.62541525574359957     
  0.50000000000000000        6.6666666666666666E-002  0.33017378363598227     
  0.50000000000000000       0.10000000000000001       0.14359336790086627     
  0.50000000000000000       0.13333333333333333        5.0154839212237325E-002
  0.50000000000000000       0.16666666666666666        1.3649590234742430E-002
  0.50000000000000000       0.20000000000000001        2.7775366741426672E-003
  0.50000000000000000       0.23333333333333334        3.9647982273124488E-004
  0.50000000000000000       0.26666666666666666        3.5339880678339196E-005
  0.50000000000000000       0.29999999999999999        1.4778925118003988E-006
  0.50000000000000000       0.33333333333333331        0.0000000000000000     
  0.50000000000000000       0.36666666666666664        0.0000000000000000     
  0.50000000000000000       0.40000000000000002        0.0000000000000000     
  0.50000000000000000       0.43333333333333335        0.0000000000000000     
  0.50000000000000000       0.46666666666666667        0.0000000000000000     
  0.50000000000000000       0.50000000000000000        0.0000000000000000     
  0.50000000000000000       0.53333333333333333        0.0000000000000000     
  0.50000000000000000       0.56666666666666665        0.0000000000000000     
  0.50000000000000000       0.59999999999999998        0.0000000000000000     
  0.50000000000000000       0.63333333333333330        0.0000000000000000     
  0.50000000000000000       0.66666666666666663        0.0000000000000000     
  0.50000000000000000       0.69999999999999996        0.0000000000000000     
  0.50000000000000000       0.73333333333333328        0.0000000000000000     
  0.50000000000000000       0.76666666666666661        0.0000000000000000     
  0.50000000000000000       0.80000000000000004        0.0000000000000000     
  0.50000000000000000       0.83333333333333337        0.0000000000000000     
  0.50000000000000000       0.86666666666666670        0.0000000000000000     
  0.50000000000000000       0.90000000000000002        0.0000000000000000     
  0.50000000000000000       0.93333333333333335        0.0000000000000000     
  0.50000000000000000       0.96666666666666667        0.0000000000000000     
  0.50000000000000000        1.0000000000000000        0.0000000000000000     

  0.53333333333333333        0.0000000000000000       0.99452189536827340     
  0.53333333333333333        3.3333333333333333E-002  0.62198916553435801     
  0.53333333333333333        6.6666666666666666E-002  0.32836505710257130     
  0.53333333333333333       0.10000000000000001       0.14280674840708329     
  0.53333333333333333       0.13333333333333333        4.9880085755245260E-002
  0.53333333333333333       0.16666666666666666        1.3574816351256319E-002
  0.53333333333333333       0.20000000000000001        2.7623210376232551E-003
  0.53333333333333333       0.23333333333333334        3.9430786477795475E-004
  0.53333333333333333       0.26666666666666666        3.5146285114310516E-005
  0.53333333333333333       0.29999999999999999        1.4697964619863109E-006
  0.53333333333333333       0.33333333333333331        0.0000000000000000     
  0.53333333333333333       0.36666666666666664        0.0000000000000000     
  0.53333333333333333       0.40000000000000002        0.0000000000000000     
  0.53333333333333333       0.43333333333333335        0.0000000000000000     
  0.53333333333333333       0.46666666666666667        0.0000000000000000     
  0.53333333333333333       0.50000000000000000        0.0000000000000000     
  0.53333333333333333       0.53333333333333333        0.0000000000000000     
  0.53333333333333333       0.56666666666666665        0.0000000000000000     
  0.53333333333333333       0.59999999999999998        0.0000000000000000     
  0.53333333333333333       0.63333333333333330        0.0000000000000000     
  0.53333333333333333       0.66666666666666663        0.0000000000000000     
  0.53333333333333333       0.69999999999999996        0.0000000000000000     
  0.53333333333333333       0.73333333333333328        0.0000000000000000     
  0.53333333333333333       0.76666666666666661        0.0000000000000000     
  0.53333333333333333       0.80000000000000004        0.0000000000000000     
  0.53333333333333333       0.83333333333333337        0.0000000000000000     
  0.53333333333333333       0.86666666666666670        0.0000000000000000     
  0.53333333333333333       0.90000000000000002        0.0000000000000000     
  0.53333333333333333       0.93333333333333335        0.0000000000000000     
  0.53333333333333333       0.96666666666666667        0.0000000000000000     
  0.53333333333333333        1.0000000000000000        0.0000000000000000     

  0.56666666666666665        0.0000000000000000       0.97814760073380569     
  0.56666666666666665        3.3333333333333333E-002  0.61174843186792138     
  0.56666666666666665        6.6666666666666666E-002  0.32295869428873875     
  0.56666666666666665       0.10000000000000001       0.14045550829351899     
  0.56666666666666665       0.13333333333333333        4.9058835640639731E-002
  0.56666666666666665       0.16666666666666666        1.3351313939112893E-002
  0.56666666666666665       0.20000000000000001        2.7168408337628039E-003
  0.56666666666666665       0.23333333333333334        3.8781578734393176E-004
  0.56666666666666665       0.26666666666666666        3.4567619495736450E-005
  0.56666666666666665       0.29999999999999999        1.4455970145600177E-006
  0.56666666666666665       0.33333333333333331        0.0000000000000000     
  0.56666666666666665       0.36666666666666664        0.0000000000000000     
  0.56666666666666665       0.40000000000000002        0.0000000000000000     
  0.56666666666666665       0.43333333333333335        0.0000000000000000     
  0.56666666666666665       0.46666666666666667        0.0000000000000000     
  0.56666666666666665       0.50000000000000000        0.0000000000000000     
  0.56666666666666665       0.53333333333333333        0.0000000000000000     
  0.56666666666666665       0.56666666666666665        0.0000000000000000     
  0.56666666666666665       0.59999999999999998        0.0000000000000000     
  0.56666666666666665       0.63333333333333330        0.0000000000000000     
  0.56666666666666665       0.66666666666666663        0.0000000000000000     
  0.56666666666666665       0.69999999999999996        0.0000000000000000     
  0.56666666666666665       0.73333333333333328        0.0000000000000000     
  0.56666666666666665       0.76666666666666661        0.0000000000000000     
  0.56666666666666665       0.80000000000000004        0.0000000000000000     
  0.56666666666666665       0.83333333333333337        0.0000000000000000     
  0.56666666666666665       0.86666666666666670        0.0000000000000000     
  0.56666666666666665       0.90000000000000002        0.0000000000000000     
  0.56666666666666665       0.93333333333333335        0.0000000000000000     
  0.56666666666666665       0.96666666666666667        0.0000000000000000     
  0.56666666666666665        1.0000000000000000        0.0000000000000000     

  0.59999999999999998        0.0000000000000000       0.95105651629515364     
  0.59999999999999998        3.3333333333333333E-002  0.59480525436535048     
  0.59999999999999998        6.6666666666666666E-002  0.31401392843682713     
  0.59999999999999998       0.10000000000000001       0.13656540823888619     
  0.59999999999999998       0.13333333333333333        4.7700086656533996E-002
  0.59999999999999998       0.16666666666666666        1.2981531737510484E-002
  0.59999999999999998       0.20000000000000001        2.6415943531921523E-003
  0.59999999999999998       0.23333333333333334        3.7707471898809782E-004
  0.59999999999999998       0.26666666666666666        3.3610223804227678E-005
  0.59999999999999998       0.29999999999999999        1.4055593037315817E-006
  0.59999999999999998       0.33333333333333331        0.0000000000000000     
  0.59999999999999998       0.36666666666666664        0.0000000000000000     
  0.59999999999999998       0.40000000000000002        0.0000000000000000     
  0.59999999999999998       0.43333333333333335        0.0000000000000000     
  0.59999999999999998       0.46666666666666667        0.0000000000000000     
  0.59999999999999998       0.50000000000000000        0.0000000000000000     
  0.59999999999999998       0.53333333333333333        0.0000000000000000     
  0.59999999999999998       0.56666666666666665        0.0000000000000000     
  0.59999999999999998       0.59999999999999998        0.0000000000000000     
  0.59999999999999998       0.63333333333333330        0.0000000000000000     
  0.59999999999999998       0.66666666666666663        0.0000000000000000     
  0.59999999999999998       0.69999999999999996        0.0000000000000000     
  0.59999999999999998       0.73333333333333328        0.0000000000000000     
  0.59999999999999998       0.76666666666666661        0.0000000000000000     
  0.59999999999999998       0.80000000000000004        0.0000000000000000     
  0.59999999999999998       0.83333333333333337        0.0000000000000000     
  0.59999999999999998       0.86666666666666670        0.0000000000000000     
  0.59999999999999998       0.90000000000000002        0.0000000000000000     
  0.59999999999999998       0.93333333333333335        0.0000000000000000     
  0.59999999999999998       0.96666666666666667        0.0000000000000000     
  0.59999999999999998        1.0000000000000000        0.0000000000000000     

  0.63333333333333330        0.0000000000000000       0.91354545764260098     
  0.63333333333333330        3.3333333333333333E-002  0.57134526602495106     
  0.63333333333333330        6.6666666666666666E-002  0.30162876027332258     
  0.63333333333333330       0.10000000000000001       0.13117906899343926     
  0.63333333333333330       0.13333333333333333        4.5818725541134406E-002
  0.63333333333333330       0.16666666666666666        1.2469521157631752E-002
  0.63333333333333330       0.20000000000000001        2.5374060120987702E-003
  0.63333333333333330       0.23333333333333334        3.6220234110307244E-004
  0.63333333333333330       0.26666666666666666        3.2284587467328294E-005
  0.63333333333333330       0.29999999999999999        1.3501219910392685E-006
  0.63333333333333330       0.33333333333333331        0.0000000000000000     
  0.63333333333333330       0.36666666666666664        0.0000000000000000     
  0.63333333333333330       0.40000000000000002        0.0000000000000000     
  0.63333333333333330       0.43333333333333335        0.0000000000000000     
  0.63333333333333330       0.46666666666666667        0.0000000000000000     
  0.63333333333333330       0.50000000000000000        0.0000000000000000     
  0.63333333333333330       0.53333333333333333        0.0000000000000000     
  0.63333333333333330       0.56666666666666665        0.0000000000000000     
  0.63333333333333330       0.59999999999999998        0.0000000000000000     
  0.63333333333333330       0.63333333333333330        0.0000000000000000     
  0.63333333333333330       0.66666666666666663        0.0000000000000000     
  0.63333333333333330       0.69999999999999996        0.0000000000000000     
  0.63333333333333330       0.73333333333333328        0.0000000000000000     
  0.63333333333333330       0.76666666666666661        0.0000000000000000     
  0.63333333333333330       0.80000000000000004        0.0000000000000000     
  0.63333333333333330       0.83333333333333337        0.0000000000000000     
  0.63333333333333330       0.86666666666666670        0.0000000000000000     
  0.63333333333333330       0.90000000000000002        0.0000000000000000     
  0.63333333333333330       0.93333333333333335        0.0000000000000000     
  0.63333333333333330       0.96666666666666667        0.0000000000000000     
  0.63333333333333330        1.0000000000000000        0.0000000000000000     

  0.66666666666666663        0.0000000000000000       0.86602540378443871     
  0.66666666666666663        3.3333333333333333E-002  0.54162549938829896     
  0.66666666666666663        6.6666666666666666E-002  0.28593888429238751     
  0.66666666666666663       0.10000000000000001       0.12435550441711517     
  0.66666666666666663       0.13333333333333333        4.3435364880521431E-002
  0.66666666666666663       0.16666666666666666        1.1820891894534946E-002
  0.66666666666666663       0.20000000000000001        2.4054173197504899E-003
  0.66666666666666663       0.23333333333333334        3.4336159857320905E-004
  0.66666666666666663       0.26666666666666666        3.0605234434152588E-005
  0.66666666666666663       0.29999999999999999        1.2798924592819390E-006
  0.66666666666666663       0.33333333333333331        0.0000000000000000     
  0.66666666666666663       0.36666666666666664        0.0000000000000000     
  0.66666666666666663       0.40000000000000002        0.0000000000000000     
  0.66666666666666663       0.43333333333333335        0.0000000000000000     
  0.66666666666666663       0.46666666666666667        0.0000000000000000     
  0.66666666666666663       0.50000000000000000        0.0000000000000000     
  0.66666666666666663       0.53333333333333333        0.0000000000000000     
  0.66666666666666663       0.56666666666666665        0.0000000000000000     
  0.66666666666666663       0.59999999999999998        0.0000000000000000     
  0.66666666666666663       0.63333333333333330        0.0000000000000000     
  0.66666666666666663       0.66666666666666663        0.0000000000000000     
  0.66666666666666663       0.69999999999999996        0.0000000000000000     
  0.66666666666666663       0.73333333333333328        0.0000000000000000     
  0.66666666666666663       0.76666666666666661        0.0000000000000000     
  0.66666666666666663       0.80000000000000004        0.0000000000000000     
  0.66666666666666663       0.83333333333333337        0.0000000000000000     
  0.66666666666666663       0.86666666666666670        0.0000000000000000     
  0.66666666666666663       0.90000000000000002        0.0000000000000000     
  0.66666666666666663       0.93333333333333335        0.0000000000000000     
  0.66666666666666663       0.96666666666666667        0.0000000000000000     
  0.66666666666666663        1.0000000000000000        0.0000000000000000     

  0.69999999999999996        0.0000000000000000       0.80901699437494745     
  0.69999999999999996        3.3333333333333333E-002  0.50597157043792607     
  0.69999999999999996        6.6666666666666666E-002  0.26711620205858660     
  0.69999999999999996       0.10000000000000001       0.11616947491133489     
  0.69999999999999996       0.13333333333333333        4.0576117272842993E-002
  0.69999999999999996       0.16666666666666666        1.1042750466160958E-002
  0.69999999999999996       0.20000000000000001        2.2470743718810884E-003
  0.69999999999999996       0.23333333333333334        3.2075891451634371E-004
  0.69999999999999996       0.26666666666666666        2.8590564047959261E-005
  0.69999999999999996       0.29999999999999999        1.1956401579060005E-006
  0.69999999999999996       0.33333333333333331        0.0000000000000000     
  0.69999999999999996       0.36666666666666664        0.0000000000000000     
  0.69999999999999996       0.40000000000000002        0.0000000000000000     
  0.69999999999999996       0.43333333333333335        0.0000000000000000     
  0.69999999999999996       0.46666666666666667        0.0000000000000000     
  0.69999999999999996       0.50000000000000000        0.0000000000000000     
  0.69999999999999996       0.53333333333333333        0.0000000000000000     
  0.69999999999999996       0.56666666666666665        0.0000000000000000     
  0.69999999999999996       0.59999999999999998        0.0000000000000000     
  0.69999999999999996       0.63333333333333330        0.0000000000000000     
  0.69999999999999996       0.66666666666666663        0.0000000000000000     
  0.69999999999999996       0.69999999999999996        0.0000000000000000     
  0.69999999999999996       0.73333333333333328        0.0000000000000000     
  0.69999999999999996       0.76666666666666661        0.0000000000000000     
  0.69999999999999996       0.80000000000000004        0.0000000000000000     
  0.69999999999999996       0.83333333333333337        0.0000000000000000     
  0.69999999999999996       0.86666666666666670        0.0000000000000000     
  0.69999999999999996       0.90000000000000002        0.0000000000000000     
  0.69999999999999996       0.93333333333333335        0.0000000000000000     
  0.69999999999999996       0.96666666666666667        0.0000000000000000     
  0.69999999999999996        1.0000000000000000        0.0000000000000000     

  0.73333333333333328        0.0000000000000000       0.74314482547739447     
  0.73333333333333328        3.3333333333333333E-002  0.46477411108047728     
  0.73333333333333328        6.6666666666666666E-002  0.24536693881737301     
  0.73333333333333328       0.10000000000000001       0.10671066832840054     
  0.73333333333333328       0.13333333333333333        3.7272309233224873E-002
  0.73333333333333328       0.16666666666666666        1.0143622352835609E-002
  0.73333333333333328       0.20000000000000001        2.0641120069628143E-003
  0.73333333333333328       0.23333333333333334        2.9464192866891933E-004
  0.73333333333333328       0.26666666666666666        2.6262649459096322E-005
  0.73333333333333328       0.29999999999999999        1.0982881727562558E-006
  0.73333333333333328       0.33333333333333331        0.0000000000000000     
  0.73333333333333328       0.36666666666666664        0.0000000000000000     
  0.73333333333333328       0.40000000000000002        0.0000000000000000     
  0.73333333333333328       0.43333333333333335        0.0000000000000000     
  0.73333333333333328       0.46666666666666667        0.0000000000000000     
  0.73333333333333328       0.50000000000000000        0.0000000000000000     
  0.73333333333333328       0.53333333333333333        0.0000000000000000     
  0.73333333333333328       0.56666666666666665        0.0000000000000000     
  0.73333333333333328       0.59999999999999998        0.0000000000000000     
  0.73333333333333328       0.63333333333333330        0.0000000000000000     
  0.73333333333333328       0.66666666666666663        0.0000000000000000     
  0.73333333333333328       0.69999999999999996        0.0000000000000000     
  0.73333333333333328       0.73333333333333328        0.0000000000000000     
  0.73333333333333328       0.76666666666666661        0.0000000000000000     
  0.73333333333333328       0.80000000000000004        0.0000000000000000     
  0.73333333333333328       0.83333333333333337        0.0000000000000000     
  0.73333333333333328       0.86666666666666670        0.0000000000000000     
  0.73333333333333328       0.90000000000000002        0.0000000000000000     
  0.73333333333333328       0.93333333333333335        0.0000000000000000     
  0.73333333333333328       0.96666666666666667        0.0000000000000000     
  0.73333333333333328        1.0000000000000000        0.0000000000000000     

  0.76666666666666661        0.0000000000000000       0.66913060635885835     
  0.76666666666666661        3.3333333333333333E-002  0.41848448930179527     
  0.76666666666666661        6.6666666666666666E-002  0.22092938404814333     
  0.76666666666666661       0.10000000000000001        9.6082717332617279E-002
  0.76666666666666661       0.13333333333333333        3.3560137973915403E-002
  0.76666666666666661       0.16666666666666666        9.1333585903231543E-003
  0.76666666666666661       0.20000000000000001        1.8585347989530493E-003
  0.76666666666666661       0.23333333333333334        2.6529678419321052E-004
  0.76666666666666661       0.26666666666666666        2.3646995786946807E-005
  0.76666666666666661       0.29999999999999999        9.8890311255421708E-007
  0.76666666666666661       0.33333333333333331        0.0000000000000000     
  0.76666666666666661       0.36666666666666664        0.0000000000000000     
  0.76666666666666661       0.40000000000000002        0.0000000000000000     
  0.76666666666666661       0.43333333333333335        0.0000000000000000     
  0.76666666666666661       0.46666666666666667        0.0000000000000000     
  0.76666666666666661       0.50000000000000000        0.0000000000000000     
  0.76666666666666661       0.53333333333333333        0.0000000000000000     
  0.76666666666666661       0.56666666666666665        0.0000000000000000     
  0.76666666666666661       0.59999999999999998        0.0000000000000000     
  0.76666666666666661       0.63333333333333330        0.0000000000000000     
  0.76666666666666661       0.66666666666666663        0.0000000000000000     
  0.76666666666666661       0.69999999999999996        0.0000000000000000     
  0.76666666666666661       0.73333333333333328        0.0000000000000000     
  0.76666666666666661       0.76666666666666661        0.0000000000000000     
  0.76666666666666661       0.80000000000000004        0.0000000000000000     
  0.76666666666666661       0.83333333333333337        0.0000000000000000     
  0.76666666666666661       0.86666666666666670        0.0000000000000000     
  0.76666666666666661       0.90000000000000002        0.0000000000000000     
  0.76666666666666661       0.93333333333333335        0.0000000000000000     
  0.76666666666666661       0.96666666666666667        0.0000000000000000     
  0.76666666666666661        1.0000000000000000        0.0000000000000000     

  0.80000000000000004        0.0000000000000000       0.58778525229247325     
  0.80000000000000004        3.3333333333333333E-002  0.36760986388481331     
  0.80000000000000004        6.6666666666666666E-002  0.19407128071483634     
  0.80000000000000004       0.10000000000000001        8.4402063979136591E-002
  0.80000000000000004       0.13333333333333333        2.9480274820053342E-002
  0.80000000000000004       0.16666666666666666        8.0230278398169576E-003
  0.80000000000000004       0.20000000000000001        1.6325950947625445E-003
  0.80000000000000004       0.23333333333333334        2.3304499263295984E-004
  0.80000000000000004       0.26666666666666666        2.0772260680503507E-005
  0.80000000000000004       0.29999999999999999        8.6868342290975462E-007
  0.80000000000000004       0.33333333333333331        0.0000000000000000     
  0.80000000000000004       0.36666666666666664        0.0000000000000000     
  0.80000000000000004       0.40000000000000002        0.0000000000000000     
  0.80000000000000004       0.43333333333333335        0.0000000000000000     
  0.80000000000000004       0.46666666666666667        0.0000000000000000     
  0.80000000000000004       0.50000000000000000        0.0000000000000000     
  0.80000000000000004       0.53333333333333333        0.0000000000000000     
  0.80000000000000004       0.56666666666666665        0.0000000000000000     
  0.80000000000000004       0.59999999999999998        0.0000000000000000     
  0.80000000000000004       0.63333333333333330        0.0000000000000000     
  0.80000000000000004       0.66666666666666663        0.0000000000000000     
  0.80000000000000004       0.69999999999999996        0.0000000000000000     
  0.80000000000000004       0.73333333333333328        0.0000000000000000     
  0.80000000000000004       0.76666666666666661        0.0000000000000000     
  0.80000000000000004       0.80000000000000004        0.0000000000000000     
  0.80000000000000004       0.83333333333333337        0.0000000000000000     
  0.80000000000000004       0.86666666666666670        0.0000000000000000     
  0.80000000000000004       0.90000000000000002        0.0000000000000000     
  0.80000000000000004       0.93333333333333335        0.0000000000000000     
  0.80000000000000004       0.96666666666666667        0.0000000000000000     
  0.80000000000000004        1.0000000000000000        0.0000000000000000     

  0.83333333333333337        0.0000000000000000       0.49999999999999994     
  0.83333333333333337        3.3333333333333333E-002  0.31270762787179973     
  0.83333333333333337        6.6666666666666666E-002  0.16508689181799113     
  0.83333333333333337       0.10000000000000001        7.1796683950433135E-002
  0.83333333333333337       0.13333333333333333        2.5077419606118662E-002
  0.83333333333333337       0.16666666666666666        6.8247951173712167E-003
  0.83333333333333337       0.20000000000000001        1.3887683370713336E-003
  0.83333333333333337       0.23333333333333334        1.9823991136562247E-004
  0.83333333333333337       0.26666666666666666        1.7669940339169598E-005
  0.83333333333333337       0.29999999999999999        7.3894625590019930E-007
  0.83333333333333337       0.33333333333333331        0.0000000000000000     
  0.83333333333333337       0.36666666666666664        0.0000000000000000     
  0.83333333333333337       0.40000000000000002        0.0000000000000000     
  0.83333333333333337       0.43333333333333335        0.0000000000000000     
  0.83333333333333337       0.46666666666666667        0.0000000000000000     
  0.83333333333333337       0.50000000000000000        0.0000000000000000     
  0.83333333333333337       0.53333333333333333        0.0000000000000000     
  0.83333333333333337       0.56666666666666665        0.0000000000000000     
  0.83333333333333337       0.59999999999999998        0.0000000000000000     
  0.83333333333333337       0.63333333333333330        0.0000000000000000     
  0.83333333333333337       0.66666666666666663        0.0000000000000000     
  0.83333333333333337       0.69999999999999996        0.0000000000000000     
  0.83333333333333337       0.73333333333333328        0.0000000000000000     
  0.83333333333333337       0.76666666666666661        0.0000000000000000     
  0.83333333333333337       0.80000000000000004        0.0000000000000000     
  0.83333333333333337       0.83333333333333337        0.0000000000000000     
  0.83333333333333337       0.86666666666666670        0.0000000000000000     
  0.83333333333333337       0.90000000000000002        0.0000000000000000     
  0.83333333333333337       0.93333333333333335        0.0000000000000000     
  0.83333333333333337       0.96666666666666667        0.0000000000000000     
  0.83333333333333337        1.0000000000000000        0.0000000000000000     

  0.86666666666666670        0.0000000000000000       0.40673664307580004     
  0.86666666666666670        3.3333333333333333E-002  0.25437930164954475     
  0.86666666666666670        6.6666666666666666E-002  0.13429377638773499     
  0.86666666666666670       0.10000000000000001        5.8404684427946704E-002
  0.86666666666666670       0.13333333333333333        2.0399810935191918E-002
  0.86666666666666670       0.16666666666666666        5.5517885114393598E-003
  0.86666666666666670       0.20000000000000001        1.1297259428607110E-003
  0.86666666666666670       0.23333333333333334        1.6126287214499491E-004
  0.86666666666666670       0.26666666666666666        1.4374024433807017E-005
  0.86666666666666670       0.29999999999999999        6.0111303907655635E-007
  0.86666666666666670       0.33333333333333331        0.0000000000000000     
  0.86666666666666670       0.36666666666666664        0.0000000000000000     
  0.86666666666666670       0.40000000000000002        0.0000000000000000     
  0.86666666666666670       0.43333333333333335        0.0000000000000000     
  0.86666666666666670       0.46666666666666667        0.0000000000000000     
  0.86666666666666670       0.50000000000000000        0.0000000000000000     
  0.86666666666666670       0.53333333333333333        0.0000000000000000     
  0.86666666666666670       0.56666666666666665        0.0000000000000000     
  0.86666666666666670       0.59999999999999998        0.0000000000000000     
  0.86666666666666670       0.63333333333333330        0.0000000000000000     
  0.86666666666666670       0.66666666666666663        0.0000000000000000     
  0.86666666666666670       0.69999999999999996        0.0000000000000000     
  0.86666666666666670       0.73333333333333328        0.0000000000000000     
  0.86666666666666670       0.76666666666666661        0.0000000000000000     
  0.86666666666666670       0.80000000000000004        0.0000000000000000     
  0.86666666666666670       0.83333333333333337        0.0000000000000000     
  0.86666666666666670       0.86666666666666670        0.0000000000000000     
  0.86666666666666670       0.90000000000000002        0.0000000000000000     
  0.86666666666666670       0.93333333333333335        0.0000000000000000     
  0.86666666666666670       0.96666666666666667        0.0000000000000000     
  0.86666666666666670        1.0000000000000000        0.0000000000000000     

  0.90000000000000002        0.0000000000000000       0.30901699437494751     
  0.90000000000000002        3.3333333333333333E-002  0.19326394256612622     
  0.90000000000000002        6.6666666666666666E-002  0.10202931024059546     
  0.90000000000000002       0.10000000000000001        4.4372790960901742E-002
  0.90000000000000002       0.13333333333333333        1.5498697666724333E-002
  0.90000000000000002       0.16666666666666666        4.2179553487897391E-003
  0.90000000000000002       0.20000000000000001        8.5830603480975477E-004
  0.90000000000000002       0.23333333333333334        1.2251900315072130E-004
  0.90000000000000002       0.26666666666666666        1.0920623708789657E-005
  0.90000000000000002       0.29999999999999999        4.5669390200580071E-007
  0.90000000000000002       0.33333333333333331        0.0000000000000000     
  0.90000000000000002       0.36666666666666664        0.0000000000000000     
  0.90000000000000002       0.40000000000000002        0.0000000000000000     
  0.90000000000000002       0.43333333333333335        0.0000000000000000     
  0.90000000000000002       0.46666666666666667        0.0000000000000000     
  0.90000000000000002       0.50000000000000000        0.0000000000000000     
  0.90000000000000002       0.53333333333333333        0.0000000000000000     
  0.90000000000000002       0.56666666666666665        0.0000000000000000     
  0.90000000000000002       0.59999999999999998        0.0000000000000000     
  0.90000000000000002       0.63333333333333330        0.0000000000000000     
  0.90000000000000002       0.66666666666666663        0.0000000000000000     
  0.90000000000000002       0.69999999999999996        0.0000000000000000     
  0.90000000000000002       0.73333333333333328        0.0000000000000000     
  0.90000000000000002       0.76666666666666661        0.0000000000000000     
  0.90000000000000002       0.80000000000000004        0.0000000000000000     
  0.90000000000000002       0.83333333333333337        0.0000000000000000     
  0.90000000000000002       0.86666666666666670        0.0000000000000000     
  0.90000000000000002       0.90000000000000002        0.0000000000000000     
  0.90000000000000002       0.93333333333333335        0.0000000000000000     
  0.90000000000000002       0.96666666666666667        0.0000000000000000     
  0.90000000000000002        1.0000000000000000        0.0000000000000000     

  0.93333333333333335        0.0000000000000000       0.20791169081775931     
  0.93333333333333335        3.3333333333333333E-002  0.13003114328487320     
  0.93333333333333335        6.6666666666666666E-002   6.8646989619454132E-002
  0.93333333333333335       0.10000000000000001        2.9854739910485678E-002
  0.93333333333333335       0.13333333333333333        1.0427777423309120E-002
  0.93333333333333335       0.16666666666666666        2.8379093846748757E-003
  0.93333333333333335       0.20000000000000001        5.7748234622933799E-004
  0.93333333333333335       0.23333333333333334        8.2432790319178644E-005
  0.93333333333333335       0.26666666666666666        7.3475743451313682E-006
  0.93333333333333335       0.29999999999999999        3.0727113097532619E-007
  0.93333333333333335       0.33333333333333331        0.0000000000000000     
  0.93333333333333335       0.36666666666666664        0.0000000000000000     
  0.93333333333333335       0.40000000000000002        0.0000000000000000     
  0.93333333333333335       0.43333333333333335        0.0000000000000000     
  0.93333333333333335       0.46666666666666667        0.0000000000000000     
  0.93333333333333335       0.50000000000000000        0.0000000000000000     
  0.93333333333333335       0.53333333333333333        0.0000000000000000     
  0.93333333333333335       0.56666666666666665        0.0000000000000000     
  0.93333333333333335       0.59999999999999998        0.0000000000000000     
  0.93333333333333335       0.63333333333333330        0.0000000000000000     
  0.93333333333333335       0.66666666666666663        0.0000000000000000     
  0.93333333333333335       0.69999999999999996        0.0000000000000000     
  0.93333333333333335       0.73333333333333328        0.0000000000000000     
  0.93333333333333335       0.76666666666666661        0.0000000000000000     
  0.93333333333333335       0.80000000000000004        0.0000000000000000     
  0.93333333333333335       0.83333333333333337        0.0000000000000000     
  0.93333333333333335       0.86666666666666670        0.0000000000000000     
  0.93333333333333335       0.90000000000000002        0.0000000000000000     
  0.93333333333333335       0.93333333333333335        0.0000000000000000     
  0.93333333333333335       0.96666666666666667        0.0000000000000000     
  0.93333333333333335        1.0000000000000000        0.0000000000000000     

  0.96666666666666667        0.0000000000000000       0.10452846326765373     
  0.96666666666666667        3.3333333333333333E-002   6.5373695587025021E-002
  0.96666666666666667        6.6666666666666666E-002   3.4512558214735964E-002
  0.96666666666666667       0.10000000000000001        1.5009594082104357E-002
  0.96666666666666667       0.13333333333333333        5.2426082682914162E-003
  0.96666666666666667       0.16666666666666666        1.4267706914707964E-003
  0.96666666666666667       0.20000000000000001        2.9033164021768232E-004
  0.96666666666666667       0.23333333333333334        4.1443426586728713E-005
  0.96666666666666667       0.26666666666666666        3.6940234193690375E-006
  0.96666666666666667       0.29999999999999999        1.5448183313326848E-007
  0.96666666666666667       0.33333333333333331        0.0000000000000000     
  0.96666666666666667       0.36666666666666664        0.0000000000000000     
  0.96666666666666667       0.40000000000000002        0.0000000000000000     
  0.96666666666666667       0.43333333333333335        0.0000000000000000     
  0.96666666666666667       0.46666666666666667        0.0000000000000000     
  0.96666666666666667       0.50000000000000000        0.0000000000000000     
  0.96666666666666667       0.53333333333333333        0.0000000000000000     
  0.96666666666666667       0.56666666666666665        0.0000000000000000     
  0.96666666666666667       0.59999999999999998        0.0000000000000000     
  0.96666666666666667       0.63333333333333330        0.0000000000000000     
  0.96666666666666667       0.66666666666666663        0.0000000000000000     
  0.96666666666666667       0.69999999999999996        0.0000000000000000     
  0.96666666666666667       0.73333333333333328        0.0000000000000000     
  0.96666666666666667       0.76666666666666661        0.0000000000000000     
  0.96666666666666667       0.80000000000000004        0.0000000000000000     
  0.96666666666666667       0.83333333333333337        0.0000000000000000     
  0.96666666666666667       0.86666666666666670        0.0000000000000000     
  0.96666666666666667       0.90000000000000002        0.0000000000000000     
  0.96666666666666667       0.93333333333333335        0.0000000000000000     
  0.96666666666666667       0.96666666666666667        0.0000000000000000     
  0.96666666666666667        1.0000000000000000        0.0000000000000000     

   1.0000000000000000        0.0000000000000000        1.2246467991473532E-016
   1.0000000000000000        3.3333333333333333E-002   0.0000000000000000     
   1.0000000000000000        6.6666666666666666E-002   0.0000000000000000     
   1.0000000000000000       0.10000000000000001        0.0000000000000000     
   1.0000000000000000       0.13333333333333333        0.0000000000000000     
   1.0000000000000000       0.16666666666666666        0.0000000000000000     
   1.0000000000000000       0.20000000000000001        0.0000000000000000     
   1.0000000000000000       0.23333333333333334        0.0000000000000000     
   1.0000000000000000       0.26666666666666666        0.0000000000000000     
   1.0000000000000000       0.29999999999999999        0.0000000000000000     
   1.0000000000000000       0.33333333333333331        0.0000000000000000     
   1.0000000000000000       0.36666666666666664        0.0000000000000000     
   1.0000000000000000       0.40000000000000002        0.0000000000000000     
   1.0000000000000000       0.43333333333333335        0.0000000000000000     
   1.0000000000000000       0.46666666666666667        0.0000000000000000     
   1.0000000000000000       0.50000000000000000        0.0000000000000000     
   1.0000000000000000       0.53333333333333333        0.0000000000000000     
   1.0000000000000000       0.56666666666666665        0.0000000000000000     
   1.0000000000000000       0.59999999999999998        0.0000000000000000     
   1.0000000000000000       0.63333333333333330        0.0000000000000000     
   1.0000000000000000       0.66666666666666663        0.0000000000000000     
   1.0000000000000000       0.69999999999999996        0.0000000000000000     
   1.0000000000000000       0.73333333333333328        0.0000000000000000     
   1.0000000000000000       0.76666666666666661        0.0000000000000000     
   1.0000000000000000       0.80000000000000004        0.0000000000000000     
   1.0000000000000000       0.83333333333333337        0.0000000000000000     
   1.0000000000000000       0.86666666666666670        0.0000000000000000     
   1.0000000000000000       0.90000000000000002        0.0000000000000000     
   1.0000000000000000       0.93333333333333335        0.0000000000000000     
   1.0000000000000000       0.96666666666666667        0.0000000000000000     
   1.0000000000000000        1.0000000000000000        0.0000000000000000     

