   0.0000000000000000        0.0000000000000000        0.0000000000000000     
   0.0000000000000000        3.3333333333333333E-002   0.0000000000000000     
   0.0000000000000000        6.6666666666666666E-002   0.0000000000000000     
   0.0000000000000000       0.10000000000000001        0.0000000000000000     
   0.0000000000000000       0.13333333333333333        0.0000000000000000     
   0.0000000000000000       0.16666666666666666        0.0000000000000000     
   0.0000000000000000       0.20000000000000001        0.0000000000000000     
   0.0000000000000000       0.23333333333333334        0.0000000000000000     
   0.0000000000000000       0.26666666666666666        0.0000000000000000     
   0.0000000000000000       0.29999999999999999        0.0000000000000000     
   0.0000000000000000       0.33333333333333331        0.0000000000000000     
   0.0000000000000000       0.36666666666666664        0.0000000000000000     
   0.0000000000000000       0.40000000000000002        0.0000000000000000     
   0.0000000000000000       0.43333333333333335        0.0000000000000000     
   0.0000000000000000       0.46666666666666667        0.0000000000000000     
   0.0000000000000000       0.50000000000000000        0.0000000000000000     
   0.0000000000000000       0.53333333333333333        0.0000000000000000     
   0.0000000000000000       0.56666666666666665        0.0000000000000000     
   0.0000000000000000       0.59999999999999998        0.0000000000000000     
   0.0000000000000000       0.63333333333333330        0.0000000000000000     
   0.0000000000000000       0.66666666666666663        0.0000000000000000     
   0.0000000000000000       0.69999999999999996        0.0000000000000000     
   0.0000000000000000       0.73333333333333328        0.0000000000000000     
   0.0000000000000000       0.76666666666666661        0.0000000000000000     
   0.0000000000000000       0.80000000000000004        0.0000000000000000     
   0.0000000000000000       0.83333333333333337        0.0000000000000000     
   0.0000000000000000       0.86666666666666670        0.0000000000000000     
   0.0000000000000000       0.90000000000000002        0.0000000000000000     
   0.0000000000000000       0.93333333333333335        0.0000000000000000     
   0.0000000000000000       0.96666666666666667        0.0000000000000000     
   0.0000000000000000        1.0000000000000000        0.0000000000000000     

   3.3333333333333333E-002   0.0000000000000000       0.10452846326765346     
   3.3333333333333333E-002   3.3333333333333333E-002   8.2362844408923414E-002
   3.3333333333333333E-002   6.6666666666666666E-002   6.2280987442643404E-002
   3.3333333333333333E-002  0.10000000000000001        4.5032248287230771E-002
   3.3333333333333333E-002  0.13333333333333333        3.1034759859237704E-002
   3.3333333333333333E-002  0.16666666666666666        2.0328700588460064E-002
   3.3333333333333333E-002  0.20000000000000001        1.2624747793660239E-002
   3.3333333333333333E-002  0.23333333333333334        7.4166468000180534E-003
   3.3333333333333333E-002  0.26666666666666666        4.1130139662979796E-003
   3.3333333333333333E-002  0.29999999999999999        2.1489522237652563E-003
   3.3333333333333333E-002  0.33333333333333331        1.0557990605975843E-003
   3.3333333333333333E-002  0.36666666666666664        4.8686101111525547E-004
   3.3333333333333333E-002  0.40000000000000002        2.1031391503043310E-004
   3.3333333333333333E-002  0.43333333333333335        8.4939897533910659E-005
   3.3333333333333333E-002  0.46666666666666667        3.2006038757556461E-005
   3.3333333333333333E-002  0.50000000000000000        1.1226938144059565E-005
   3.3333333333333333E-002  0.53333333333333333        3.6572212564527005E-006
   3.3333333333333333E-002  0.56666666666666665        1.1034460515191924E-006
   3.3333333333333333E-002  0.59999999999999998        3.0745757397400717E-007
   3.3333333333333333E-002  0.63333333333333330        7.8854213122196974E-008
   3.3333333333333333E-002  0.66666666666666663        1.8546207000488449E-008
   3.3333333333333333E-002  0.69999999999999996        3.9832005985199682E-009
   3.3333333333333333E-002  0.73333333333333328        7.7737466598307311E-010
   3.3333333333333333E-002  0.76666666666666661        1.3707924636804109E-010
   3.3333333333333333E-002  0.80000000000000004        2.1693612796406213E-011
   3.3333333333333333E-002  0.83333333333333337        3.0564055569728997E-012
   3.3333333333333333E-002  0.86666666666666670        3.7962059200900139E-013
   3.3333333333333333E-002  0.90000000000000002        4.1063845281481638E-014
   3.3333333333333333E-002  0.93333333333333335        3.8089391505795935E-015
   3.3333333333333333E-002  0.96666666666666667        2.9591228745213310E-016
   3.3333333333333333E-002   1.0000000000000000        0.0000000000000000     

   6.6666666666666666E-002   0.0000000000000000       0.20791169081775931     
   6.6666666666666666E-002   3.3333333333333333E-002  0.16382330425896940     
   6.6666666666666666E-002   6.6666666666666666E-002  0.12387961135373070     
   6.6666666666666666E-002  0.10000000000000001        8.9571113838622859E-002
   6.6666666666666666E-002  0.13333333333333333        6.1729496395016577E-002
   6.6666666666666666E-002  0.16666666666666666        4.0434675679218872E-002
   6.6666666666666666E-002  0.20000000000000001        2.5111176208594811E-002
   6.6666666666666666E-002  0.23333333333333334        1.4752035265661989E-002
   6.6666666666666666E-002  0.26666666666666666        8.1809648908776917E-003
   6.6666666666666666E-002  0.29999999999999999        4.2743600772697770E-003
   6.6666666666666666E-002  0.33333333333333331        2.1000305657471034E-003
   6.6666666666666666E-002  0.36666666666666664        9.6838787111051588E-004
   6.6666666666666666E-002  0.40000000000000002        4.1832358679677660E-004
   6.6666666666666666E-002  0.43333333333333335        1.6894917577562352E-004
   6.6666666666666666E-002  0.46666666666666667        6.3661412656790926E-005
   6.6666666666666666E-002  0.50000000000000000        2.2330871604424965E-005
   6.6666666666666666E-002  0.53333333333333333        7.2743732314969544E-006
   6.6666666666666666E-002  0.56666666666666665        2.1948025171870091E-006
   6.6666666666666666E-002  0.59999999999999998        6.1154657842792144E-007
   6.6666666666666666E-002  0.63333333333333330        1.5684448298412219E-007
   6.6666666666666666E-002  0.66666666666666663        3.6889217876036216E-008
   6.6666666666666666E-002  0.69999999999999996        7.9227604177442390E-009
   6.6666666666666666E-002  0.73333333333333328        1.5462322524495290E-009
   6.6666666666666666E-002  0.76666666666666661        2.7265662382719745E-010
   6.6666666666666666E-002  0.80000000000000004        4.3149545831334672E-011
   6.6666666666666666E-002  0.83333333333333337        6.0793244950696232E-012
   6.6666666666666666E-002  0.86666666666666670        7.5508198137123647E-013
   6.6666666666666666E-002  0.90000000000000002        8.1677786480897313E-014
   6.6666666666666666E-002  0.93333333333333335        7.5761467667536753E-015
   6.6666666666666666E-002  0.96666666666666667        5.8858249795931351E-016
   6.6666666666666666E-002   1.0000000000000000        0.0000000000000000     

  0.10000000000000001        0.0000000000000000       0.30901699437494740     
  0.10000000000000001        3.3333333333333333E-002  0.24348888170532376     
  0.10000000000000001        6.6666666666666666E-002  0.18412098431935126     
  0.10000000000000001       0.10000000000000001       0.13312861952283839     
  0.10000000000000001       0.13333333333333333        9.1747911650564062E-002
  0.10000000000000001       0.16666666666666666        6.0097640001736292E-002
  0.10000000000000001       0.20000000000000001        3.7322481322136579E-002
  0.10000000000000001       0.23333333333333334        2.1925797345873483E-002
  0.10000000000000001       0.26666666666666666        1.2159283452135985E-002
  0.10000000000000001       0.29999999999999999        6.3529371473003780E-003
  0.10000000000000001       0.33333333333333331        3.1212536965586494E-003
  0.10000000000000001       0.36666666666666664        1.4393048709416992E-003
  0.10000000000000001       0.40000000000000002        6.2175001780633628E-004
  0.10000000000000001       0.43333333333333335        2.5110741149265070E-004
  0.10000000000000001       0.46666666666666667        9.4619298796950557E-005
  0.10000000000000001       0.50000000000000000        3.3190143362456982E-005
  0.10000000000000001       0.53333333333333333        1.0811825651156465E-005
  0.10000000000000001       0.56666666666666665        3.2621122671845704E-006
  0.10000000000000001       0.59999999999999998        9.0893535059423046E-007
  0.10000000000000001       0.63333333333333330        2.3311633186865525E-007
  0.10000000000000001       0.66666666666666663        5.4828062760969019E-008
  0.10000000000000001       0.69999999999999996        1.1775516815887496E-008
  0.10000000000000001       0.73333333333333328        2.2981489947882465E-009
  0.10000000000000001       0.76666666666666661        4.0524671825863637E-010
  0.10000000000000001       0.80000000000000004        6.4132723412512067E-011
  0.10000000000000001       0.83333333333333337        9.0356370818179259E-012
  0.10000000000000001       0.86666666666666670        1.1222705345345049E-012
  0.10000000000000001       0.90000000000000002        1.2139684875945258E-013
  0.10000000000000001       0.93333333333333335        1.1260348533540571E-014
  0.10000000000000001       0.96666666666666667        8.7480407545004563E-016
  0.10000000000000001        1.0000000000000000        0.0000000000000000     

  0.13333333333333333        0.0000000000000000       0.40673664307580015     
  0.13333333333333333        3.3333333333333333E-002  0.32048674401039035     
  0.13333333333333333        6.6666666666666666E-002  0.24234508925097598     
  0.13333333333333333       0.10000000000000001       0.17522754019260706     
  0.13333333333333333       0.13333333333333333       0.12076111758658314     
  0.13333333333333333       0.16666666666666666        7.9102162004155013E-002
  0.13333333333333333       0.20000000000000001        4.9124873520081672E-002
  0.13333333333333333       0.23333333333333334        2.8859335802095525E-002
  0.13333333333333333       0.26666666666666666        1.6004382359399029E-002
  0.13333333333333333       0.29999999999999999        8.3619101085075920E-003
  0.13333333333333333       0.33333333333333331        4.1082797187063716E-003
  0.13333333333333333       0.36666666666666664        1.8944525454129377E-003
  0.13333333333333333       0.40000000000000002        8.1836442551125386E-004
  0.13333333333333333       0.43333333333333335        3.3051446186176033E-004
  0.13333333333333333       0.46666666666666667        1.2454051609912955E-004
  0.13333333333333333       0.50000000000000000        4.3685776964325898E-005
  0.13333333333333333       0.53333333333333333        1.4230821446461932E-005
  0.13333333333333333       0.56666666666666665        4.2936816325419795E-006
  0.13333333333333333       0.59999999999999998        1.1963656368524789E-006
  0.13333333333333333       0.63333333333333330        3.0683410943850666E-007
  0.13333333333333333       0.66666666666666663        7.2166199916782874E-008
  0.13333333333333333       0.69999999999999996        1.5499258187610580E-008
  0.13333333333333333       0.73333333333333328        3.0248867358214684E-009
  0.13333333333333333       0.76666666666666661        5.3339684484150593E-010
  0.13333333333333333       0.80000000000000004        8.4413249455346775E-011
  0.13333333333333333       0.83333333333333337        1.1892953337869213E-011
  0.13333333333333333       0.86666666666666670        1.4771632568712056E-012
  0.13333333333333333       0.90000000000000002        1.5978586175907554E-013
  0.13333333333333333       0.93333333333333335        1.4821179565414573E-014
  0.13333333333333333       0.96666666666666667        1.1514411164256253E-015
  0.13333333333333333        1.0000000000000000        0.0000000000000000     

  0.16666666666666666        0.0000000000000000       0.49999999999999994     
  0.16666666666666666        3.3333333333333333E-002  0.39397328648191632     
  0.16666666666666666        6.6666666666666666E-002  0.29791401067079681     
  0.16666666666666666       0.10000000000000001       0.21540663126330534     
  0.16666666666666666       0.13333333333333333       0.14845123944743513     
  0.16666666666666666       0.16666666666666666        9.7240024166464628E-002
  0.16666666666666666       0.20000000000000001        6.0389043323700098E-002
  0.16666666666666666       0.23333333333333334        3.5476685336065530E-002
  0.16666666666666666       0.26666666666666666        1.9674133904400180E-002
  0.16666666666666666       0.29999999999999999        1.0279268232723808E-002
  0.16666666666666666       0.33333333333333331        5.0502945685431452E-003
  0.16666666666666666       0.36666666666666664        2.3288442013569498E-003
  0.16666666666666666       0.40000000000000002        1.0060126613165045E-003
  0.16666666666666666       0.43333333333333335        4.0630032662211473E-004
  0.16666666666666666       0.46666666666666667        1.5309724144514802E-004
  0.16666666666666666       0.50000000000000000        5.3702780051937122E-005
  0.16666666666666666       0.53333333333333333        1.7493901384009124E-005
  0.16666666666666666       0.56666666666666665        5.2782085234226129E-006
  0.16666666666666666       0.59999999999999998        1.4706882908377669E-006
  0.16666666666666666       0.63333333333333330        3.7719014829618446E-007
  0.16666666666666666       0.66666666666666663        8.8713669084560252E-008
  0.16666666666666666       0.69999999999999996        1.9053186443201908E-008
  0.16666666666666666       0.73333333333333328        3.7184831847787865E-009
  0.16666666666666666       0.76666666666666661        6.5570296397182628E-010
  0.16666666666666666       0.80000000000000004        1.0376892627254064E-010
  0.16666666666666666       0.83333333333333337        1.4619967908390320E-011
  0.16666666666666666       0.86666666666666670        1.8158718694493417E-012
  0.16666666666666666       0.90000000000000002        1.9642422741992481E-013
  0.16666666666666666       0.93333333333333335        1.8219626652438681E-014
  0.16666666666666666       0.96666666666666667        1.4154627275751016E-015
  0.16666666666666666        1.0000000000000000        0.0000000000000000     

  0.20000000000000001        0.0000000000000000       0.58778525229247314     
  0.20000000000000001        3.3333333333333333E-002  0.46314337518253601     
  0.20000000000000001        6.6666666666666666E-002  0.35021892384719361     
  0.20000000000000001       0.10000000000000001       0.25322568220514735     
  0.20000000000000001       0.13333333333333333       0.17451489846348200     
  0.20000000000000001       0.16666666666666666       0.11431250427522319     
  0.20000000000000001       0.20000000000000001        7.0991578131444300E-002
  0.20000000000000001       0.23333333333333334        4.1705344881519932E-002
  0.20000000000000001       0.26666666666666666        2.3128331521267517E-002
  0.20000000000000001       0.29999999999999999        1.2084004543107140E-002
  0.20000000000000001       0.33333333333333331        5.9369773342448796E-003
  0.20000000000000001       0.36666666666666664        2.7377205528889164E-003
  0.20000000000000001       0.40000000000000002        1.1826388118826876E-003
  0.20000000000000001       0.43333333333333335        4.7763467998018788E-004
  0.20000000000000001       0.46666666666666667        1.7997660137623601E-004
  0.20000000000000001       0.50000000000000000        6.3131404243270113E-005
  0.20000000000000001       0.53333333333333333        2.0565314477158897E-005
  0.20000000000000001       0.56666666666666665        6.2049062571844853E-006
  0.20000000000000001       0.59999999999999998        1.7288977761473258E-006
  0.20000000000000001       0.63333333333333330        4.4341361295701626E-007
  0.20000000000000001       0.66666666666666663        1.0428917272931845E-007
  0.20000000000000001       0.69999999999999996        2.2398364000985920E-008
  0.20000000000000001       0.73333333333333328        4.3713391538210381E-009
  0.20000000000000001       0.76666666666666661        7.7082506421420474E-010
  0.20000000000000001       0.80000000000000004        1.2198768901844870E-010
  0.20000000000000001       0.83333333333333337        1.7186803051082129E-011
  0.20000000000000001       0.86666666666666670        2.1346854098301726E-012
  0.20000000000000001       0.90000000000000002        2.3091052814074922E-013
  0.20000000000000001       0.93333333333333335        2.1418455697156676E-014
  0.20000000000000001       0.96666666666666667        1.6639762328766463E-015
  0.20000000000000001        1.0000000000000000        0.0000000000000000     

  0.23333333333333334        0.0000000000000000       0.66913060635885824     
  0.23333333333333334        3.3333333333333333E-002  0.52723916814567373     
  0.23333333333333334        6.6666666666666666E-002  0.39868676520589924     
  0.23333333333333334       0.10000000000000001       0.28827033958186898     
  0.23333333333333334       0.13333333333333333       0.19866653573237267     
  0.23333333333333334       0.16666666666666666       0.13013255266571300     
  0.23333333333333334       0.20000000000000001        8.0816314353237606E-002
  0.23333333333333334       0.23333333333333334        4.7477071941047888E-002
  0.23333333333333334       0.26666666666666666        2.6329130298073326E-002
  0.23333333333333334       0.29999999999999999        1.3756345970975666E-002
  0.23333333333333334       0.33333333333333331        6.7586133338802474E-003
  0.23333333333333334       0.36666666666666664        3.1166018651385737E-003
  0.23333333333333334       0.40000000000000002        1.3463077241428027E-003
  0.23333333333333334       0.43333333333333335        5.4373596783291553E-004
  0.23333333333333334       0.46666666666666667        2.0488410000012083E-004
  0.23333333333333334       0.50000000000000000        7.1868347558618167E-005
  0.23333333333333334       0.53333333333333333        2.3411409681328192E-005
  0.23333333333333334       0.56666666666666665        7.0636217395325336E-006
  0.23333333333333334       0.59999999999999998        1.9681650956262955E-006
  0.23333333333333334       0.63333333333333330        5.0477894528402707E-007
  0.23333333333333334       0.66666666666666663        1.1872206237374178E-007
  0.23333333333333334       0.69999999999999996        2.5498140395616141E-008
  0.23333333333333334       0.73333333333333328        4.9763018163324955E-009
  0.23333333333333334       0.76666666666666661        8.7750184374753737E-010
  0.23333333333333334       0.80000000000000004        1.3886992911590554E-010
  0.23333333333333334       0.83333333333333337        1.9565335982976525E-011
  0.23333333333333334       0.86666666666666670        2.4301108901492621E-012
  0.23333333333333334       0.90000000000000002        2.6286692479412908E-013
  0.23333333333333334       0.93333333333333335        2.4382619659156611E-014
  0.23333333333333334       0.96666666666666667        1.8942588663613822E-015
  0.23333333333333334        1.0000000000000000        0.0000000000000000     

  0.26666666666666666        0.0000000000000000       0.74314482547739413     
  0.26666666666666666        3.3333333333333333E-002  0.58555841845071832     
  0.26666666666666666        6.6666666666666666E-002  0.44278651093443966     
  0.26666666666666666       0.10000000000000001       0.32015664679368494     
  0.26666666666666666       0.13333333333333333       0.22064154086213411     
  0.26666666666666666       0.16666666666666666       0.14452684157720991     
  0.26666666666666666       0.20000000000000001        8.9755610123075813E-002
  0.26666666666666666       0.23333333333333334        5.2728630265173708E-002
  0.26666666666666666       0.26666666666666666        2.9241461613608709E-002
  0.26666666666666666       0.29999999999999999        1.5277969993685719E-002
  0.26666666666666666       0.33333333333333331        7.5062005514988563E-003
  0.26666666666666666       0.36666666666666664        3.4613370351629048E-003
  0.26666666666666666       0.40000000000000002        1.4952262072442052E-003
  0.26666666666666666       0.43333333333333335        6.0387997063799954E-004
  0.26666666666666666       0.46666666666666667        2.2754684554965001E-004
  0.26666666666666666       0.50000000000000000        7.9817886218695391E-005
  0.26666666666666666       0.53333333333333333        2.6001004581876413E-005
  0.26666666666666666       0.56666666666666665        7.8449467039443856E-006
  0.26666666666666666       0.59999999999999998        2.1858687864525589E-006
  0.26666666666666666       0.63333333333333330        5.6061381385472083E-007
  0.26666666666666666       0.66666666666666663        1.3185420825860969E-007
  0.26666666666666666       0.69999999999999996        2.8318553828243067E-008
  0.26666666666666666       0.73333333333333328        5.5267430747861135E-009
  0.26666666666666666       0.76666666666666661        9.7456452945170593E-010
  0.26666666666666666       0.80000000000000004        1.5423068120956762E-010
  0.26666666666666666       0.83333333333333337        2.1729506999531653E-011
  0.26666666666666666       0.86666666666666670        2.6989115670224807E-012
  0.26666666666666666       0.90000000000000002        2.9194329641102403E-013
  0.26666666666666666       0.93333333333333335        2.7079642537779642E-014
  0.26666666666666666       0.96666666666666667        2.1037876033071103E-015
  0.26666666666666666        1.0000000000000000        0.0000000000000000     

  0.29999999999999999        0.0000000000000000       0.80901699437494745     
  0.29999999999999999        3.3333333333333333E-002  0.63746216818724011     
  0.29999999999999999        6.6666666666666666E-002  0.48203499499014812     
  0.29999999999999999       0.10000000000000001       0.34853525078614372     
  0.29999999999999999       0.13333333333333333       0.24019915109799922     
  0.29999999999999999       0.16666666666666666       0.15733766416820091     
  0.29999999999999999       0.20000000000000001        9.7711524645836670E-002
  0.29999999999999999       0.23333333333333334        5.7402482681939024E-002
  0.29999999999999999       0.26666666666666666        3.1833417356536164E-002
  0.29999999999999999       0.29999999999999999        1.6632205380024190E-002
  0.29999999999999999       0.33333333333333331        8.1715482651017954E-003
  0.29999999999999999       0.36666666666666664        3.7681490722986494E-003
  0.29999999999999999       0.40000000000000002        1.6277626791228409E-003
  0.29999999999999999       0.43333333333333335        6.5740773811476542E-004
  0.29999999999999999       0.46666666666666667        2.4771654024209860E-004
  0.29999999999999999       0.50000000000000000        8.6892923414394097E-005
  0.29999999999999999       0.53333333333333333        2.8305727035165589E-005
  0.29999999999999999       0.56666666666666665        8.5403207906071833E-006
  0.29999999999999999       0.59999999999999998        2.3796236414319971E-006
  0.29999999999999999       0.63333333333333330        6.1030648016483961E-007
  0.29999999999999999       0.66666666666666663        1.4354173184552926E-007
  0.29999999999999999       0.69999999999999996        3.0828703259089405E-008
  0.29999999999999999       0.73333333333333328        6.0166321795670329E-009
  0.29999999999999999       0.76666666666666661        1.0609496822304627E-009
  0.29999999999999999       0.80000000000000004        1.6790164968505271E-010
  0.29999999999999999       0.83333333333333337        2.3655604990208251E-011
  0.29999999999999999       0.86666666666666670        2.9381424039838464E-012
  0.29999999999999999       0.90000000000000002        3.1782107617937746E-013
  0.29999999999999999       0.93333333333333335        2.9479975185979256E-014
  0.29999999999999999       0.96666666666666667        2.2902668030251481E-015
  0.29999999999999999        1.0000000000000000        0.0000000000000000     

  0.33333333333333331        0.0000000000000000       0.86602540378443860     
  0.33333333333333331        3.3333333333333333E-002  0.68238174901156778     
  0.33333333333333331        6.6666666666666666E-002  0.51600220276843667     
  0.33333333333333331       0.10000000000000001       0.37309522963529940     
  0.33333333333333331       0.13333333333333333       0.25712508916953081     
  0.33333333333333331       0.16666666666666666       0.16842466238554221     
  0.33333333333333331       0.20000000000000001       0.10459689125712666     
  0.33333333333333331       0.23333333333333334        6.1447421486199263E-002
  0.33333333333333331       0.26666666666666666        3.4076599517334556E-002
  0.33333333333333331       0.29999999999999999        1.7804214843706381E-002
  0.33333333333333331       0.33333333333333331        8.7473667859058711E-003
  0.33333333333333331       0.36666666666666664        4.0336764796624026E-003
  0.33333333333333331       0.40000000000000002        1.7424650424577668E-003
  0.33333333333333331       0.43333333333333335        7.0373280884133244E-004
  0.33333333333333331       0.46666666666666667        2.6517220068163601E-004
  0.33333333333333331       0.50000000000000000        9.3015943557651475E-005
  0.33333333333333331       0.53333333333333333        3.0300326019703304E-005
  0.33333333333333331       0.56666666666666665        9.1421253355110685E-006
  0.33333333333333331       0.59999999999999998        2.5473068418276455E-006
  0.33333333333333331       0.63333333333333330        6.5331250096343071E-007
  0.33333333333333331       0.66666666666666663        1.5365658218031077E-007
  0.33333333333333331       0.69999999999999996        3.3001086965708252E-008
  0.33333333333333331       0.73333333333333328        6.4406018031273879E-009
  0.33333333333333331       0.76666666666666661        1.1357108482727082E-009
  0.33333333333333331       0.80000000000000004        1.7973305255090936E-010
  0.33333333333333331       0.83333333333333337        2.5322527222358525E-011
  0.33333333333333331       0.86666666666666670        3.1451823379213397E-012
  0.33333333333333331       0.90000000000000002        3.4021674172877355E-013
  0.33333333333333331       0.93333333333333335        3.1557319056959850E-014
  0.33333333333333331       0.96666666666666667        2.4516533603801013E-015
  0.33333333333333331        1.0000000000000000        0.0000000000000000     

  0.36666666666666664        0.0000000000000000       0.91354545764260087     
  0.36666666666666664        3.3333333333333333E-002  0.71982501259616349     
  0.36666666666666664        6.6666666666666666E-002  0.54431598243279145     
  0.36666666666666664       0.10000000000000001       0.39356749907337452     
  0.36666666666666664       0.13333333333333333       0.27123391095723692     
  0.36666666666666664       0.16666666666666666       0.17766636475666098     
  0.36666666666666664       0.20000000000000001       0.11033627243949691     
  0.36666666666666664       0.23333333333333334        6.4819129481957075E-002
  0.36666666666666664       0.26666666666666666        3.5946431322834142E-002
  0.36666666666666664       0.29999999999999999        1.8781157603789445E-002
  0.36666666666666664       0.33333333333333331        9.2273473256993810E-003
  0.36666666666666664       0.36666666666666664        4.2550100834139043E-003
  0.36666666666666664       0.40000000000000002        1.8380765941532738E-003
  0.36666666666666664       0.43333333333333335        7.4234763564867603E-004
  0.36666666666666664       0.46666666666666667        2.7972257899965501E-004
  0.36666666666666664       0.50000000000000000        9.8119861558453676E-005
  0.36666666666666664       0.53333333333333333        3.1962948291618288E-005
  0.36666666666666664       0.56666666666666665        9.6437668421263745E-006
  0.36666666666666664       0.59999999999999998        2.6870812154060043E-006
  0.36666666666666664       0.63333333333333330        6.8916069328703653E-007
  0.36666666666666664       0.66666666666666663        1.6208793884601770E-007
  0.36666666666666664       0.69999999999999996        3.4811903857609364E-008
  0.36666666666666664       0.73333333333333328        6.7940068455501066E-009
  0.36666666666666664       0.76666666666666661        1.1980289285985036E-009
  0.36666666666666664       0.80000000000000004        1.8959526248145889E-010
  0.36666666666666664       0.83333333333333337        2.6712010547181143E-011
  0.36666666666666664       0.86666666666666670        3.3177629959928470E-012
  0.36666666666666664       0.90000000000000002        3.5888492146085898E-013
  0.36666666666666664       0.93333333333333335        3.3288914336558836E-014
  0.36666666666666664       0.96666666666666667        2.5861790904772805E-015
  0.36666666666666664        1.0000000000000000        0.0000000000000000     

  0.40000000000000002        0.0000000000000000       0.95105651629515353     
  0.40000000000000002        3.3333333333333333E-002  0.74938172270968773     
  0.40000000000000002        6.6666666666666666E-002  0.56666612228817037     
  0.40000000000000002       0.10000000000000001       0.40972776063230776     
  0.40000000000000002       0.13333333333333333       0.28237103725715068     
  0.40000000000000002       0.16666666666666666       0.18496151725642876     
  0.40000000000000002       0.20000000000000001       0.11486678633167062     
  0.40000000000000002       0.23333333333333334        6.7480665530835704E-002
  0.40000000000000002       0.26666666666666666        3.7422426504486406E-002
  0.40000000000000002       0.29999999999999999        1.9552330070955498E-002
  0.40000000000000002       0.33333333333333331        9.6062311172459593E-003
  0.40000000000000002       0.36666666666666664        4.4297249062734204E-003
  0.40000000000000002       0.40000000000000002        1.9135497940409817E-003
  0.40000000000000002       0.43333333333333335        7.7282914641362303E-004
  0.40000000000000002       0.46666666666666667        2.9120825820644098E-004
  0.40000000000000002       0.50000000000000000        1.0214875782312036E-004
  0.40000000000000002       0.53333333333333333        3.3275377813373369E-005
  0.40000000000000002       0.56666666666666665        1.0039749221131394E-005
  0.40000000000000002       0.59999999999999998        2.7974153648804797E-006
  0.40000000000000002       0.63333333333333330        7.1745829683884302E-007
  0.40000000000000002       0.66666666666666663        1.6874342613464587E-007
  0.40000000000000002       0.69999999999999996        3.6241314245987302E-008
  0.40000000000000002       0.73333333333333328        7.0729753272356416E-009
  0.40000000000000002       0.76666666666666661        1.2472211532789033E-009
  0.40000000000000002       0.80000000000000004        1.9738022704090227E-010
  0.40000000000000002       0.83333333333333337        2.7808831494601276E-011
  0.40000000000000002       0.86666666666666670        3.4539935483937166E-012
  0.40000000000000002       0.90000000000000002        3.7362108289192130E-013
  0.40000000000000002       0.93333333333333335        3.4655789304533317E-014
  0.40000000000000002       0.96666666666666667        2.6923701012664239E-015
  0.40000000000000002        1.0000000000000000        0.0000000000000000     

  0.43333333333333335        0.0000000000000000       0.97814760073380569     
  0.43333333333333335        3.3333333333333333E-002  0.77072804985099741     
  0.43333333333333335        6.6666666666666666E-002  0.58280774952525050     
  0.43333333333333335       0.10000000000000001       0.42139895910470737     
  0.43333333333333335       0.13333333333333333       0.29041444738293670     
  0.43333333333333335       0.16666666666666666       0.19023019266744925     
  0.43333333333333335       0.20000000000000001       0.11813879567537418     
  0.43333333333333335       0.23333333333333334        6.9402869286921368E-002
  0.43333333333333335       0.26666666666666666        3.8488413750209310E-002
  0.43333333333333335       0.29999999999999999        2.0109283118276047E-002
  0.43333333333333335       0.33333333333333331        9.8798670304388984E-003
  0.43333333333333335       0.36666666666666664        4.5559067360802733E-003
  0.43333333333333335       0.40000000000000002        1.9680577419491389E-003
  0.43333333333333335       0.43333333333333335        7.9484337932556623E-004
  0.43333333333333335       0.46666666666666667        2.9950339879707138E-004
  0.43333333333333335       0.50000000000000000        1.0505849092107514E-004
  0.43333333333333335       0.53333333333333333        3.4223235332484654E-005
  0.43333333333333335       0.56666666666666665        1.0325734006717103E-005
  0.43333333333333335       0.59999999999999998        2.8771004462205260E-006
  0.43333333333333335       0.63333333333333330        7.3789527715268222E-007
  0.43333333333333335       0.66666666666666663        1.7355012513471082E-007
  0.43333333333333335       0.69999999999999996        3.7273657211503631E-008
  0.43333333333333335       0.73333333333333328        7.2744508111207428E-009
  0.43333333333333335       0.76666666666666661        1.2827485620061733E-009
  0.43333333333333335       0.80000000000000004        2.0300265252841763E-010
  0.43333333333333335       0.83333333333333337        2.8600973064794446E-011
  0.43333333333333335       0.86666666666666670        3.5523814246837665E-012
  0.43333333333333335       0.90000000000000002        3.8426377355358163E-013
  0.43333333333333335       0.93333333333333335        3.5642968192697182E-014
  0.43333333333333335       0.96666666666666667        2.7690629418114269E-015
  0.43333333333333335        1.0000000000000000        0.0000000000000000     

  0.46666666666666667        0.0000000000000000       0.99452189536827329     
  0.46666666666666667        3.3333333333333333E-002  0.78363011919292636     
  0.46666666666666667        6.6666666666666666E-002  0.59256401309816964     
  0.46666666666666667       0.10000000000000001       0.42845322239775441     
  0.46666666666666667       0.13333333333333333       0.29527601605006515     
  0.46666666666666667       0.16666666666666666       0.19341466627937820     
  0.46666666666666667       0.20000000000000001       0.12011645165152597     
  0.46666666666666667       0.23333333333333334        7.0564680683615447E-002
  0.46666666666666667       0.26666666666666666        3.9132713880666546E-002
  0.46666666666666667       0.29999999999999999        2.0445914651614733E-002
  0.46666666666666667       0.33333333333333331        1.0045257052951253E-002
  0.46666666666666667       0.36666666666666664        4.6321730983018535E-003
  0.46666666666666667       0.40000000000000002        2.0010032373939416E-003
  0.46666666666666667       0.43333333333333335        8.0814914184194821E-004
  0.46666666666666667       0.46666666666666667        3.0451711747536556E-004
  0.46666666666666667       0.50000000000000000        1.0681718120759600E-004
  0.46666666666666667       0.53333333333333333        3.4796135923620826E-005
  0.46666666666666667       0.56666666666666665        1.0498587889726465E-005
  0.46666666666666667       0.59999999999999998        2.9252634129998047E-006
  0.46666666666666667       0.63333333333333330        7.5024772239552291E-007
  0.46666666666666667       0.66666666666666663        1.7645537264610135E-007
  0.46666666666666667       0.69999999999999996        3.7897622188596503E-008
  0.46666666666666667       0.73333333333333328        7.3962258896425048E-009
  0.46666666666666667       0.76666666666666661        1.3042219090557104E-009
  0.46666666666666667       0.80000000000000004        2.0640093847379550E-010
  0.46666666666666667       0.83333333333333337        2.9079756388951348E-011
  0.46666666666666667       0.86666666666666670        3.6118486667013778E-012
  0.46666666666666667       0.90000000000000002        3.9069638989982471E-013
  0.46666666666666667       0.93333333333333335        3.6239635262571249E-014
  0.46666666666666667       0.96666666666666667        2.8154173493022711E-015
  0.46666666666666667        1.0000000000000000        0.0000000000000000     

  0.50000000000000000        0.0000000000000000        1.0000000000000000     
  0.50000000000000000        3.3333333333333333E-002  0.78794657296383264     
  0.50000000000000000        6.6666666666666666E-002  0.59582802134159363     
  0.50000000000000000       0.10000000000000001       0.43081326252661073     
  0.50000000000000000       0.13333333333333333       0.29690247889487026     
  0.50000000000000000       0.16666666666666666       0.19448004833292926     
  0.50000000000000000       0.20000000000000001       0.12077808664740018     
  0.50000000000000000       0.23333333333333334        7.0953370672131075E-002
  0.50000000000000000       0.26666666666666666        3.9348267808800359E-002
  0.50000000000000000       0.29999999999999999        2.0558536465447624E-002
  0.50000000000000000       0.33333333333333331        1.0100589137086292E-002
  0.50000000000000000       0.36666666666666664        4.6576884027139005E-003
  0.50000000000000000       0.40000000000000002        2.0120253226330090E-003
  0.50000000000000000       0.43333333333333335        8.1260065324422945E-004
  0.50000000000000000       0.46666666666666667        3.0619448289029603E-004
  0.50000000000000000       0.50000000000000000        1.0740556010387423E-004
  0.50000000000000000       0.53333333333333333        3.4987802768018247E-005
  0.50000000000000000       0.56666666666666665        1.0556417046845226E-005
  0.50000000000000000       0.59999999999999998        2.9413765816755337E-006
  0.50000000000000000       0.63333333333333330        7.5438029659236892E-007
  0.50000000000000000       0.66666666666666663        1.7742733816912056E-007
  0.50000000000000000       0.69999999999999996        3.8106372886403816E-008
  0.50000000000000000       0.73333333333333328        7.4369663695575729E-009
  0.50000000000000000       0.76666666666666661        1.3114059279436526E-009
  0.50000000000000000       0.80000000000000004        2.0753785254508128E-010
  0.50000000000000000       0.83333333333333337        2.9239935816780634E-011
  0.50000000000000000       0.86666666666666670        3.6317437388986834E-012
  0.50000000000000000       0.90000000000000002        3.9284845483984962E-013
  0.50000000000000000       0.93333333333333335        3.6439253304877350E-014
  0.50000000000000000       0.96666666666666667        2.8309254551502035E-015
  0.50000000000000000        1.0000000000000000        0.0000000000000000     

  0.53333333333333333        0.0000000000000000       0.99452189536827340     
  0.53333333333333333        3.3333333333333333E-002  0.78363011919292636     
  0.53333333333333333        6.6666666666666666E-002  0.59256401309816964     
  0.53333333333333333       0.10000000000000001       0.42845322239775441     
  0.53333333333333333       0.13333333333333333       0.29527601605006520     
  0.53333333333333333       0.16666666666666666       0.19341466627937823     
  0.53333333333333333       0.20000000000000001       0.12011645165152599     
  0.53333333333333333       0.23333333333333334        7.0564680683615447E-002
  0.53333333333333333       0.26666666666666666        3.9132713880666553E-002
  0.53333333333333333       0.29999999999999999        2.0445914651614733E-002
  0.53333333333333333       0.33333333333333331        1.0045257052951253E-002
  0.53333333333333333       0.36666666666666664        4.6321730983018543E-003
  0.53333333333333333       0.40000000000000002        2.0010032373939416E-003
  0.53333333333333333       0.43333333333333335        8.0814914184194821E-004
  0.53333333333333333       0.46666666666666667        3.0451711747536562E-004
  0.53333333333333333       0.50000000000000000        1.0681718120759601E-004
  0.53333333333333333       0.53333333333333333        3.4796135923620826E-005
  0.53333333333333333       0.56666666666666665        1.0498587889726465E-005
  0.53333333333333333       0.59999999999999998        2.9252634129998047E-006
  0.53333333333333333       0.63333333333333330        7.5024772239552291E-007
  0.53333333333333333       0.66666666666666663        1.7645537264610135E-007
  0.53333333333333333       0.69999999999999996        3.7897622188596503E-008
  0.53333333333333333       0.73333333333333328        7.3962258896425048E-009
  0.53333333333333333       0.76666666666666661        1.3042219090557104E-009
  0.53333333333333333       0.80000000000000004        2.0640093847379550E-010
  0.53333333333333333       0.83333333333333337        2.9079756388951348E-011
  0.53333333333333333       0.86666666666666670        3.6118486667013778E-012
  0.53333333333333333       0.90000000000000002        3.9069638989982471E-013
  0.53333333333333333       0.93333333333333335        3.6239635262571249E-014
  0.53333333333333333       0.96666666666666667        2.8154173493022711E-015
  0.53333333333333333        1.0000000000000000        0.0000000000000000     

  0.56666666666666665        0.0000000000000000       0.97814760073380569     
  0.56666666666666665        3.3333333333333333E-002  0.77072804985099752     
  0.56666666666666665        6.6666666666666666E-002  0.58280774952525050     
  0.56666666666666665       0.10000000000000001       0.42139895910470743     
  0.56666666666666665       0.13333333333333333       0.29041444738293676     
  0.56666666666666665       0.16666666666666666       0.19023019266744931     
  0.56666666666666665       0.20000000000000001       0.11813879567537419     
  0.56666666666666665       0.23333333333333334        6.9402869286921381E-002
  0.56666666666666665       0.26666666666666666        3.8488413750209310E-002
  0.56666666666666665       0.29999999999999999        2.0109283118276047E-002
  0.56666666666666665       0.33333333333333331        9.8798670304388984E-003
  0.56666666666666665       0.36666666666666664        4.5559067360802733E-003
  0.56666666666666665       0.40000000000000002        1.9680577419491389E-003
  0.56666666666666665       0.43333333333333335        7.9484337932556623E-004
  0.56666666666666665       0.46666666666666667        2.9950339879707144E-004
  0.56666666666666665       0.50000000000000000        1.0505849092107514E-004
  0.56666666666666665       0.53333333333333333        3.4223235332484654E-005
  0.56666666666666665       0.56666666666666665        1.0325734006717105E-005
  0.56666666666666665       0.59999999999999998        2.8771004462205260E-006
  0.56666666666666665       0.63333333333333330        7.3789527715268222E-007
  0.56666666666666665       0.66666666666666663        1.7355012513471082E-007
  0.56666666666666665       0.69999999999999996        3.7273657211503631E-008
  0.56666666666666665       0.73333333333333328        7.2744508111207420E-009
  0.56666666666666665       0.76666666666666661        1.2827485620061737E-009
  0.56666666666666665       0.80000000000000004        2.0300265252841763E-010
  0.56666666666666665       0.83333333333333337        2.8600973064794453E-011
  0.56666666666666665       0.86666666666666670        3.5523814246837677E-012
  0.56666666666666665       0.90000000000000002        3.8426377355358173E-013
  0.56666666666666665       0.93333333333333335        3.5642968192697182E-014
  0.56666666666666665       0.96666666666666667        2.7690629418114273E-015
  0.56666666666666665        1.0000000000000000        0.0000000000000000     

  0.59999999999999998        0.0000000000000000       0.95105651629515364     
  0.59999999999999998        3.3333333333333333E-002  0.74938172270968784     
  0.59999999999999998        6.6666666666666666E-002  0.56666612228817037     
  0.59999999999999998       0.10000000000000001       0.40972776063230787     
  0.59999999999999998       0.13333333333333333       0.28237103725715074     
  0.59999999999999998       0.16666666666666666       0.18496151725642879     
  0.59999999999999998       0.20000000000000001       0.11486678633167065     
  0.59999999999999998       0.23333333333333334        6.7480665530835704E-002
  0.59999999999999998       0.26666666666666666        3.7422426504486406E-002
  0.59999999999999998       0.29999999999999999        1.9552330070955498E-002
  0.59999999999999998       0.33333333333333331        9.6062311172459610E-003
  0.59999999999999998       0.36666666666666664        4.4297249062734204E-003
  0.59999999999999998       0.40000000000000002        1.9135497940409819E-003
  0.59999999999999998       0.43333333333333335        7.7282914641362303E-004
  0.59999999999999998       0.46666666666666667        2.9120825820644098E-004
  0.59999999999999998       0.50000000000000000        1.0214875782312036E-004
  0.59999999999999998       0.53333333333333333        3.3275377813373369E-005
  0.59999999999999998       0.56666666666666665        1.0039749221131394E-005
  0.59999999999999998       0.59999999999999998        2.7974153648804805E-006
  0.59999999999999998       0.63333333333333330        7.1745829683884312E-007
  0.59999999999999998       0.66666666666666663        1.6874342613464589E-007
  0.59999999999999998       0.69999999999999996        3.6241314245987302E-008
  0.59999999999999998       0.73333333333333328        7.0729753272356416E-009
  0.59999999999999998       0.76666666666666661        1.2472211532789035E-009
  0.59999999999999998       0.80000000000000004        1.9738022704090230E-010
  0.59999999999999998       0.83333333333333337        2.7808831494601279E-011
  0.59999999999999998       0.86666666666666670        3.4539935483937178E-012
  0.59999999999999998       0.90000000000000002        3.7362108289192130E-013
  0.59999999999999998       0.93333333333333335        3.4655789304533317E-014
  0.59999999999999998       0.96666666666666667        2.6923701012664239E-015
  0.59999999999999998        1.0000000000000000        0.0000000000000000     

  0.63333333333333330        0.0000000000000000       0.91354545764260098     
  0.63333333333333330        3.3333333333333333E-002  0.71982501259616360     
  0.63333333333333330        6.6666666666666666E-002  0.54431598243279156     
  0.63333333333333330       0.10000000000000001       0.39356749907337457     
  0.63333333333333330       0.13333333333333333       0.27123391095723692     
  0.63333333333333330       0.16666666666666666       0.17766636475666100     
  0.63333333333333330       0.20000000000000001       0.11033627243949692     
  0.63333333333333330       0.23333333333333334        6.4819129481957088E-002
  0.63333333333333330       0.26666666666666666        3.5946431322834142E-002
  0.63333333333333330       0.29999999999999999        1.8781157603789449E-002
  0.63333333333333330       0.33333333333333331        9.2273473256993810E-003
  0.63333333333333330       0.36666666666666664        4.2550100834139052E-003
  0.63333333333333330       0.40000000000000002        1.8380765941532740E-003
  0.63333333333333330       0.43333333333333335        7.4234763564867603E-004
  0.63333333333333330       0.46666666666666667        2.7972257899965501E-004
  0.63333333333333330       0.50000000000000000        9.8119861558453676E-005
  0.63333333333333330       0.53333333333333333        3.1962948291618295E-005
  0.63333333333333330       0.56666666666666665        9.6437668421263778E-006
  0.63333333333333330       0.59999999999999998        2.6870812154060047E-006
  0.63333333333333330       0.63333333333333330        6.8916069328703663E-007
  0.63333333333333330       0.66666666666666663        1.6208793884601773E-007
  0.63333333333333330       0.69999999999999996        3.4811903857609371E-008
  0.63333333333333330       0.73333333333333328        6.7940068455501066E-009
  0.63333333333333330       0.76666666666666661        1.1980289285985036E-009
  0.63333333333333330       0.80000000000000004        1.8959526248145894E-010
  0.63333333333333330       0.83333333333333337        2.6712010547181149E-011
  0.63333333333333330       0.86666666666666670        3.3177629959928478E-012
  0.63333333333333330       0.90000000000000002        3.5888492146085908E-013
  0.63333333333333330       0.93333333333333335        3.3288914336558843E-014
  0.63333333333333330       0.96666666666666667        2.5861790904772805E-015
  0.63333333333333330        1.0000000000000000        0.0000000000000000     

  0.66666666666666663        0.0000000000000000       0.86602540378443871     
  0.66666666666666663        3.3333333333333333E-002  0.68238174901156790     
  0.66666666666666663        6.6666666666666666E-002  0.51600220276843667     
  0.66666666666666663       0.10000000000000001       0.37309522963529945     
  0.66666666666666663       0.13333333333333333       0.25712508916953081     
  0.66666666666666663       0.16666666666666666       0.16842466238554221     
  0.66666666666666663       0.20000000000000001       0.10459689125712668     
  0.66666666666666663       0.23333333333333334        6.1447421486199263E-002
  0.66666666666666663       0.26666666666666666        3.4076599517334563E-002
  0.66666666666666663       0.29999999999999999        1.7804214843706385E-002
  0.66666666666666663       0.33333333333333331        8.7473667859058711E-003
  0.66666666666666663       0.36666666666666664        4.0336764796624026E-003
  0.66666666666666663       0.40000000000000002        1.7424650424577670E-003
  0.66666666666666663       0.43333333333333335        7.0373280884133255E-004
  0.66666666666666663       0.46666666666666667        2.6517220068163606E-004
  0.66666666666666663       0.50000000000000000        9.3015943557651489E-005
  0.66666666666666663       0.53333333333333333        3.0300326019703307E-005
  0.66666666666666663       0.56666666666666665        9.1421253355110702E-006
  0.66666666666666663       0.59999999999999998        2.5473068418276459E-006
  0.66666666666666663       0.63333333333333330        6.5331250096343082E-007
  0.66666666666666663       0.66666666666666663        1.5365658218031077E-007
  0.66666666666666663       0.69999999999999996        3.3001086965708252E-008
  0.66666666666666663       0.73333333333333328        6.4406018031273888E-009
  0.66666666666666663       0.76666666666666661        1.1357108482727082E-009
  0.66666666666666663       0.80000000000000004        1.7973305255090936E-010
  0.66666666666666663       0.83333333333333337        2.5322527222358525E-011
  0.66666666666666663       0.86666666666666670        3.1451823379213393E-012
  0.66666666666666663       0.90000000000000002        3.4021674172877365E-013
  0.66666666666666663       0.93333333333333335        3.1557319056959856E-014
  0.66666666666666663       0.96666666666666667        2.4516533603801013E-015
  0.66666666666666663        1.0000000000000000        0.0000000000000000     

  0.69999999999999996        0.0000000000000000       0.80901699437494745     
  0.69999999999999996        3.3333333333333333E-002  0.63746216818724011     
  0.69999999999999996        6.6666666666666666E-002  0.48203499499014812     
  0.69999999999999996       0.10000000000000001       0.34853525078614378     
  0.69999999999999996       0.13333333333333333       0.24019915109799922     
  0.69999999999999996       0.16666666666666666       0.15733766416820094     
  0.69999999999999996       0.20000000000000001        9.7711524645836670E-002
  0.69999999999999996       0.23333333333333334        5.7402482681939038E-002
  0.69999999999999996       0.26666666666666666        3.1833417356536164E-002
  0.69999999999999996       0.29999999999999999        1.6632205380024190E-002
  0.69999999999999996       0.33333333333333331        8.1715482651017954E-003
  0.69999999999999996       0.36666666666666664        3.7681490722986494E-003
  0.69999999999999996       0.40000000000000002        1.6277626791228409E-003
  0.69999999999999996       0.43333333333333335        6.5740773811476542E-004
  0.69999999999999996       0.46666666666666667        2.4771654024209860E-004
  0.69999999999999996       0.50000000000000000        8.6892923414394111E-005
  0.69999999999999996       0.53333333333333333        2.8305727035165592E-005
  0.69999999999999996       0.56666666666666665        8.5403207906071833E-006
  0.69999999999999996       0.59999999999999998        2.3796236414319975E-006
  0.69999999999999996       0.63333333333333330        6.1030648016483971E-007
  0.69999999999999996       0.66666666666666663        1.4354173184552928E-007
  0.69999999999999996       0.69999999999999996        3.0828703259089405E-008
  0.69999999999999996       0.73333333333333328        6.0166321795670329E-009
  0.69999999999999996       0.76666666666666661        1.0609496822304627E-009
  0.69999999999999996       0.80000000000000004        1.6790164968505271E-010
  0.69999999999999996       0.83333333333333337        2.3655604990208251E-011
  0.69999999999999996       0.86666666666666670        2.9381424039838468E-012
  0.69999999999999996       0.90000000000000002        3.1782107617937746E-013
  0.69999999999999996       0.93333333333333335        2.9479975185979256E-014
  0.69999999999999996       0.96666666666666667        2.2902668030251481E-015
  0.69999999999999996        1.0000000000000000        0.0000000000000000     

  0.73333333333333328        0.0000000000000000       0.74314482547739447     
  0.73333333333333328        3.3333333333333333E-002  0.58555841845071843     
  0.73333333333333328        6.6666666666666666E-002  0.44278651093443971     
  0.73333333333333328       0.10000000000000001       0.32015664679368500     
  0.73333333333333328       0.13333333333333333       0.22064154086213411     
  0.73333333333333328       0.16666666666666666       0.14452684157720991     
  0.73333333333333328       0.20000000000000001        8.9755610123075813E-002
  0.73333333333333328       0.23333333333333334        5.2728630265173715E-002
  0.73333333333333328       0.26666666666666666        2.9241461613608712E-002
  0.73333333333333328       0.29999999999999999        1.5277969993685719E-002
  0.73333333333333328       0.33333333333333331        7.5062005514988563E-003
  0.73333333333333328       0.36666666666666664        3.4613370351629044E-003
  0.73333333333333328       0.40000000000000002        1.4952262072442054E-003
  0.73333333333333328       0.43333333333333335        6.0387997063799954E-004
  0.73333333333333328       0.46666666666666667        2.2754684554965007E-004
  0.73333333333333328       0.50000000000000000        7.9817886218695405E-005
  0.73333333333333328       0.53333333333333333        2.6001004581876413E-005
  0.73333333333333328       0.56666666666666665        7.8449467039443856E-006
  0.73333333333333328       0.59999999999999998        2.1858687864525593E-006
  0.73333333333333328       0.63333333333333330        5.6061381385472094E-007
  0.73333333333333328       0.66666666666666663        1.3185420825860969E-007
  0.73333333333333328       0.69999999999999996        2.8318553828243073E-008
  0.73333333333333328       0.73333333333333328        5.5267430747861135E-009
  0.73333333333333328       0.76666666666666661        9.7456452945170593E-010
  0.73333333333333328       0.80000000000000004        1.5423068120956762E-010
  0.73333333333333328       0.83333333333333337        2.1729506999531653E-011
  0.73333333333333328       0.86666666666666670        2.6989115670224815E-012
  0.73333333333333328       0.90000000000000002        2.9194329641102413E-013
  0.73333333333333328       0.93333333333333335        2.7079642537779648E-014
  0.73333333333333328       0.96666666666666667        2.1037876033071107E-015
  0.73333333333333328        1.0000000000000000        0.0000000000000000     

  0.76666666666666661        0.0000000000000000       0.66913060635885835     
  0.76666666666666661        3.3333333333333333E-002  0.52723916814567384     
  0.76666666666666661        6.6666666666666666E-002  0.39868676520589924     
  0.76666666666666661       0.10000000000000001       0.28827033958186898     
  0.76666666666666661       0.13333333333333333       0.19866653573237267     
  0.76666666666666661       0.16666666666666666       0.13013255266571302     
  0.76666666666666661       0.20000000000000001        8.0816314353237620E-002
  0.76666666666666661       0.23333333333333334        4.7477071941047895E-002
  0.76666666666666661       0.26666666666666666        2.6329130298073326E-002
  0.76666666666666661       0.29999999999999999        1.3756345970975666E-002
  0.76666666666666661       0.33333333333333331        6.7586133338802474E-003
  0.76666666666666661       0.36666666666666664        3.1166018651385742E-003
  0.76666666666666661       0.40000000000000002        1.3463077241428027E-003
  0.76666666666666661       0.43333333333333335        5.4373596783291564E-004
  0.76666666666666661       0.46666666666666667        2.0488410000012083E-004
  0.76666666666666661       0.50000000000000000        7.1868347558618167E-005
  0.76666666666666661       0.53333333333333333        2.3411409681328192E-005
  0.76666666666666661       0.56666666666666665        7.0636217395325336E-006
  0.76666666666666661       0.59999999999999998        1.9681650956262955E-006
  0.76666666666666661       0.63333333333333330        5.0477894528402707E-007
  0.76666666666666661       0.66666666666666663        1.1872206237374181E-007
  0.76666666666666661       0.69999999999999996        2.5498140395616141E-008
  0.76666666666666661       0.73333333333333328        4.9763018163324955E-009
  0.76666666666666661       0.76666666666666661        8.7750184374753726E-010
  0.76666666666666661       0.80000000000000004        1.3886992911590554E-010
  0.76666666666666661       0.83333333333333337        1.9565335982976525E-011
  0.76666666666666661       0.86666666666666670        2.4301108901492625E-012
  0.76666666666666661       0.90000000000000002        2.6286692479412918E-013
  0.76666666666666661       0.93333333333333335        2.4382619659156620E-014
  0.76666666666666661       0.96666666666666667        1.8942588663613826E-015
  0.76666666666666661        1.0000000000000000        0.0000000000000000     

  0.80000000000000004        0.0000000000000000       0.58778525229247325     
  0.80000000000000004        3.3333333333333333E-002  0.46314337518253607     
  0.80000000000000004        6.6666666666666666E-002  0.35021892384719366     
  0.80000000000000004       0.10000000000000001       0.25322568220514735     
  0.80000000000000004       0.13333333333333333       0.17451489846348200     
  0.80000000000000004       0.16666666666666666       0.11431250427522320     
  0.80000000000000004       0.20000000000000001        7.0991578131444313E-002
  0.80000000000000004       0.23333333333333334        4.1705344881519932E-002
  0.80000000000000004       0.26666666666666666        2.3128331521267521E-002
  0.80000000000000004       0.29999999999999999        1.2084004543107141E-002
  0.80000000000000004       0.33333333333333331        5.9369773342448796E-003
  0.80000000000000004       0.36666666666666664        2.7377205528889160E-003
  0.80000000000000004       0.40000000000000002        1.1826388118826878E-003
  0.80000000000000004       0.43333333333333335        4.7763467998018793E-004
  0.80000000000000004       0.46666666666666667        1.7997660137623601E-004
  0.80000000000000004       0.50000000000000000        6.3131404243270100E-005
  0.80000000000000004       0.53333333333333333        2.0565314477158897E-005
  0.80000000000000004       0.56666666666666665        6.2049062571844853E-006
  0.80000000000000004       0.59999999999999998        1.7288977761473258E-006
  0.80000000000000004       0.63333333333333330        4.4341361295701626E-007
  0.80000000000000004       0.66666666666666663        1.0428917272931845E-007
  0.80000000000000004       0.69999999999999996        2.2398364000985920E-008
  0.80000000000000004       0.73333333333333328        4.3713391538210381E-009
  0.80000000000000004       0.76666666666666661        7.7082506421420474E-010
  0.80000000000000004       0.80000000000000004        1.2198768901844870E-010
  0.80000000000000004       0.83333333333333337        1.7186803051082129E-011
  0.80000000000000004       0.86666666666666670        2.1346854098301726E-012
  0.80000000000000004       0.90000000000000002        2.3091052814074927E-013
  0.80000000000000004       0.93333333333333335        2.1418455697156679E-014
  0.80000000000000004       0.96666666666666667        1.6639762328766469E-015
  0.80000000000000004        1.0000000000000000        0.0000000000000000     

  0.83333333333333337        0.0000000000000000       0.49999999999999994     
  0.83333333333333337        3.3333333333333333E-002  0.39397328648191632     
  0.83333333333333337        6.6666666666666666E-002  0.29791401067079681     
  0.83333333333333337       0.10000000000000001       0.21540663126330539     
  0.83333333333333337       0.13333333333333333       0.14845123944743513     
  0.83333333333333337       0.16666666666666666        9.7240024166464614E-002
  0.83333333333333337       0.20000000000000001        6.0389043323700098E-002
  0.83333333333333337       0.23333333333333334        3.5476685336065544E-002
  0.83333333333333337       0.26666666666666666        1.9674133904400180E-002
  0.83333333333333337       0.29999999999999999        1.0279268232723812E-002
  0.83333333333333337       0.33333333333333331        5.0502945685431460E-003
  0.83333333333333337       0.36666666666666664        2.3288442013569503E-003
  0.83333333333333337       0.40000000000000002        1.0060126613165045E-003
  0.83333333333333337       0.43333333333333335        4.0630032662211484E-004
  0.83333333333333337       0.46666666666666667        1.5309724144514802E-004
  0.83333333333333337       0.50000000000000000        5.3702780051937122E-005
  0.83333333333333337       0.53333333333333333        1.7493901384009124E-005
  0.83333333333333337       0.56666666666666665        5.2782085234226129E-006
  0.83333333333333337       0.59999999999999998        1.4706882908377667E-006
  0.83333333333333337       0.63333333333333330        3.7719014829618441E-007
  0.83333333333333337       0.66666666666666663        8.8713669084560252E-008
  0.83333333333333337       0.69999999999999996        1.9053186443201908E-008
  0.83333333333333337       0.73333333333333328        3.7184831847787865E-009
  0.83333333333333337       0.76666666666666661        6.5570296397182628E-010
  0.83333333333333337       0.80000000000000004        1.0376892627254064E-010
  0.83333333333333337       0.83333333333333337        1.4619967908390324E-011
  0.83333333333333337       0.86666666666666670        1.8158718694493417E-012
  0.83333333333333337       0.90000000000000002        1.9642422741992488E-013
  0.83333333333333337       0.93333333333333335        1.8219626652438684E-014
  0.83333333333333337       0.96666666666666667        1.4154627275751018E-015
  0.83333333333333337        1.0000000000000000        0.0000000000000000     

  0.86666666666666670        0.0000000000000000       0.40673664307580004     
  0.86666666666666670        3.3333333333333333E-002  0.32048674401039029     
  0.86666666666666670        6.6666666666666666E-002  0.24234508925097600     
  0.86666666666666670       0.10000000000000001       0.17522754019260708     
  0.86666666666666670       0.13333333333333333       0.12076111758658316     
  0.86666666666666670       0.16666666666666666        7.9102162004155013E-002
  0.86666666666666670       0.20000000000000001        4.9124873520081686E-002
  0.86666666666666670       0.23333333333333334        2.8859335802095529E-002
  0.86666666666666670       0.26666666666666666        1.6004382359399029E-002
  0.86666666666666670       0.29999999999999999        8.3619101085075937E-003
  0.86666666666666670       0.33333333333333331        4.1082797187063716E-003
  0.86666666666666670       0.36666666666666664        1.8944525454129379E-003
  0.86666666666666670       0.40000000000000002        8.1836442551125386E-004
  0.86666666666666670       0.43333333333333335        3.3051446186176028E-004
  0.86666666666666670       0.46666666666666667        1.2454051609912958E-004
  0.86666666666666670       0.50000000000000000        4.3685776964325905E-005
  0.86666666666666670       0.53333333333333333        1.4230821446461934E-005
  0.86666666666666670       0.56666666666666665        4.2936816325419795E-006
  0.86666666666666670       0.59999999999999998        1.1963656368524789E-006
  0.86666666666666670       0.63333333333333330        3.0683410943850666E-007
  0.86666666666666670       0.66666666666666663        7.2166199916782874E-008
  0.86666666666666670       0.69999999999999996        1.5499258187610580E-008
  0.86666666666666670       0.73333333333333328        3.0248867358214688E-009
  0.86666666666666670       0.76666666666666661        5.3339684484150593E-010
  0.86666666666666670       0.80000000000000004        8.4413249455346775E-011
  0.86666666666666670       0.83333333333333337        1.1892953337869213E-011
  0.86666666666666670       0.86666666666666670        1.4771632568712062E-012
  0.86666666666666670       0.90000000000000002        1.5978586175907559E-013
  0.86666666666666670       0.93333333333333335        1.4821179565414576E-014
  0.86666666666666670       0.96666666666666667        1.1514411164256257E-015
  0.86666666666666670        1.0000000000000000        0.0000000000000000     

  0.90000000000000002        0.0000000000000000       0.30901699437494751     
  0.90000000000000002        3.3333333333333333E-002  0.24348888170532379     
  0.90000000000000002        6.6666666666666666E-002  0.18412098431935126     
  0.90000000000000002       0.10000000000000001       0.13312861952283842     
  0.90000000000000002       0.13333333333333333        9.1747911650564076E-002
  0.90000000000000002       0.16666666666666666        6.0097640001736299E-002
  0.90000000000000002       0.20000000000000001        3.7322481322136572E-002
  0.90000000000000002       0.23333333333333334        2.1925797345873490E-002
  0.90000000000000002       0.26666666666666666        1.2159283452135983E-002
  0.90000000000000002       0.29999999999999999        6.3529371473003788E-003
  0.90000000000000002       0.33333333333333331        3.1212536965586502E-003
  0.90000000000000002       0.36666666666666664        1.4393048709416992E-003
  0.90000000000000002       0.40000000000000002        6.2175001780633628E-004
  0.90000000000000002       0.43333333333333335        2.5110741149265070E-004
  0.90000000000000002       0.46666666666666667        9.4619298796950557E-005
  0.90000000000000002       0.50000000000000000        3.3190143362456982E-005
  0.90000000000000002       0.53333333333333333        1.0811825651156465E-005
  0.90000000000000002       0.56666666666666665        3.2621122671845704E-006
  0.90000000000000002       0.59999999999999998        9.0893535059423046E-007
  0.90000000000000002       0.63333333333333330        2.3311633186865525E-007
  0.90000000000000002       0.66666666666666663        5.4828062760969019E-008
  0.90000000000000002       0.69999999999999996        1.1775516815887496E-008
  0.90000000000000002       0.73333333333333328        2.2981489947882465E-009
  0.90000000000000002       0.76666666666666661        4.0524671825863637E-010
  0.90000000000000002       0.80000000000000004        6.4132723412512067E-011
  0.90000000000000002       0.83333333333333337        9.0356370818179275E-012
  0.90000000000000002       0.86666666666666670        1.1222705345345049E-012
  0.90000000000000002       0.90000000000000002        1.2139684875945263E-013
  0.90000000000000002       0.93333333333333335        1.1260348533540571E-014
  0.90000000000000002       0.96666666666666667        8.7480407545004573E-016
  0.90000000000000002        1.0000000000000000        0.0000000000000000     

  0.93333333333333335        0.0000000000000000       0.20791169081775931     
  0.93333333333333335        3.3333333333333333E-002  0.16382330425896946     
  0.93333333333333335        6.6666666666666666E-002  0.12387961135373071     
  0.93333333333333335       0.10000000000000001        8.9571113838622873E-002
  0.93333333333333335       0.13333333333333333        6.1729496395016584E-002
  0.93333333333333335       0.16666666666666666        4.0434675679218879E-002
  0.93333333333333335       0.20000000000000001        2.5111176208594814E-002
  0.93333333333333335       0.23333333333333334        1.4752035265661989E-002
  0.93333333333333335       0.26666666666666666        8.1809648908776917E-003
  0.93333333333333335       0.29999999999999999        4.2743600772697770E-003
  0.93333333333333335       0.33333333333333331        2.1000305657471038E-003
  0.93333333333333335       0.36666666666666664        9.6838787111051578E-004
  0.93333333333333335       0.40000000000000002        4.1832358679677660E-004
  0.93333333333333335       0.43333333333333335        1.6894917577562352E-004
  0.93333333333333335       0.46666666666666667        6.3661412656790939E-005
  0.93333333333333335       0.50000000000000000        2.2330871604424965E-005
  0.93333333333333335       0.53333333333333333        7.2743732314969544E-006
  0.93333333333333335       0.56666666666666665        2.1948025171870086E-006
  0.93333333333333335       0.59999999999999998        6.1154657842792144E-007
  0.93333333333333335       0.63333333333333330        1.5684448298412219E-007
  0.93333333333333335       0.66666666666666663        3.6889217876036216E-008
  0.93333333333333335       0.69999999999999996        7.9227604177442374E-009
  0.93333333333333335       0.73333333333333328        1.5462322524495287E-009
  0.93333333333333335       0.76666666666666661        2.7265662382719751E-010
  0.93333333333333335       0.80000000000000004        4.3149545831334678E-011
  0.93333333333333335       0.83333333333333337        6.0793244950696241E-012
  0.93333333333333335       0.86666666666666670        7.5508198137123657E-013
  0.93333333333333335       0.90000000000000002        8.1677786480897326E-014
  0.93333333333333335       0.93333333333333335        7.5761467667536769E-015
  0.93333333333333335       0.96666666666666667        5.8858249795931351E-016
  0.93333333333333335        1.0000000000000000        0.0000000000000000     

  0.96666666666666667        0.0000000000000000       0.10452846326765373     
  0.96666666666666667        3.3333333333333333E-002   8.2362844408923483E-002
  0.96666666666666667        6.6666666666666666E-002   6.2280987442643432E-002
  0.96666666666666667       0.10000000000000001        4.5032248287230785E-002
  0.96666666666666667       0.13333333333333333        3.1034759859237707E-002
  0.96666666666666667       0.16666666666666666        2.0328700588460067E-002
  0.96666666666666667       0.20000000000000001        1.2624747793660240E-002
  0.96666666666666667       0.23333333333333334        7.4166468000180551E-003
  0.96666666666666667       0.26666666666666666        4.1130139662979796E-003
  0.96666666666666667       0.29999999999999999        2.1489522237652563E-003
  0.96666666666666667       0.33333333333333331        1.0557990605975841E-003
  0.96666666666666667       0.36666666666666664        4.8686101111525553E-004
  0.96666666666666667       0.40000000000000002        2.1031391503043310E-004
  0.96666666666666667       0.43333333333333335        8.4939897533910659E-005
  0.96666666666666667       0.46666666666666667        3.2006038757556455E-005
  0.96666666666666667       0.50000000000000000        1.1226938144059565E-005
  0.96666666666666667       0.53333333333333333        3.6572212564527001E-006
  0.96666666666666667       0.56666666666666665        1.1034460515191922E-006
  0.96666666666666667       0.59999999999999998        3.0745757397400717E-007
  0.96666666666666667       0.63333333333333330        7.8854213122196961E-008
  0.96666666666666667       0.66666666666666663        1.8546207000488449E-008
  0.96666666666666667       0.69999999999999996        3.9832005985199673E-009
  0.96666666666666667       0.73333333333333328        7.7737466598307311E-010
  0.96666666666666667       0.76666666666666661        1.3707924636804109E-010
  0.96666666666666667       0.80000000000000004        2.1693612796406213E-011
  0.96666666666666667       0.83333333333333337        3.0564055569729005E-012
  0.96666666666666667       0.86666666666666670        3.7962059200900149E-013
  0.96666666666666667       0.90000000000000002        4.1063845281481651E-014
  0.96666666666666667       0.93333333333333335        3.8089391505795935E-015
  0.96666666666666667       0.96666666666666667        2.9591228745213310E-016
  0.96666666666666667        1.0000000000000000        0.0000000000000000     

   1.0000000000000000        0.0000000000000000        1.2246467991473532E-016
   1.0000000000000000        3.3333333333333333E-002   0.0000000000000000     
   1.0000000000000000        6.6666666666666666E-002   0.0000000000000000     
   1.0000000000000000       0.10000000000000001        0.0000000000000000     
   1.0000000000000000       0.13333333333333333        0.0000000000000000     
   1.0000000000000000       0.16666666666666666        0.0000000000000000     
   1.0000000000000000       0.20000000000000001        0.0000000000000000     
   1.0000000000000000       0.23333333333333334        0.0000000000000000     
   1.0000000000000000       0.26666666666666666        0.0000000000000000     
   1.0000000000000000       0.29999999999999999        0.0000000000000000     
   1.0000000000000000       0.33333333333333331        0.0000000000000000     
   1.0000000000000000       0.36666666666666664        0.0000000000000000     
   1.0000000000000000       0.40000000000000002        0.0000000000000000     
   1.0000000000000000       0.43333333333333335        0.0000000000000000     
   1.0000000000000000       0.46666666666666667        0.0000000000000000     
   1.0000000000000000       0.50000000000000000        0.0000000000000000     
   1.0000000000000000       0.53333333333333333        0.0000000000000000     
   1.0000000000000000       0.56666666666666665        0.0000000000000000     
   1.0000000000000000       0.59999999999999998        0.0000000000000000     
   1.0000000000000000       0.63333333333333330        0.0000000000000000     
   1.0000000000000000       0.66666666666666663        0.0000000000000000     
   1.0000000000000000       0.69999999999999996        0.0000000000000000     
   1.0000000000000000       0.73333333333333328        0.0000000000000000     
   1.0000000000000000       0.76666666666666661        0.0000000000000000     
   1.0000000000000000       0.80000000000000004        0.0000000000000000     
   1.0000000000000000       0.83333333333333337        0.0000000000000000     
   1.0000000000000000       0.86666666666666670        0.0000000000000000     
   1.0000000000000000       0.90000000000000002        0.0000000000000000     
   1.0000000000000000       0.93333333333333335        0.0000000000000000     
   1.0000000000000000       0.96666666666666667        0.0000000000000000     
   1.0000000000000000        1.0000000000000000        0.0000000000000000     

