   0.0000000000000000        0.0000000000000000        0.0000000000000000     
   0.0000000000000000        3.3333333333333333E-002   0.0000000000000000     
   0.0000000000000000        6.6666666666666666E-002   0.0000000000000000     
   0.0000000000000000       0.10000000000000001        0.0000000000000000     
   0.0000000000000000       0.13333333333333333        0.0000000000000000     
   0.0000000000000000       0.16666666666666666        0.0000000000000000     
   0.0000000000000000       0.20000000000000001        0.0000000000000000     
   0.0000000000000000       0.23333333333333334        0.0000000000000000     
   0.0000000000000000       0.26666666666666666        0.0000000000000000     
   0.0000000000000000       0.29999999999999999        0.0000000000000000     
   0.0000000000000000       0.33333333333333331        0.0000000000000000     
   0.0000000000000000       0.36666666666666664        0.0000000000000000     
   0.0000000000000000       0.40000000000000002        0.0000000000000000     
   0.0000000000000000       0.43333333333333335        0.0000000000000000     
   0.0000000000000000       0.46666666666666667        0.0000000000000000     
   0.0000000000000000       0.50000000000000000        0.0000000000000000     
   0.0000000000000000       0.53333333333333333        0.0000000000000000     
   0.0000000000000000       0.56666666666666665        0.0000000000000000     
   0.0000000000000000       0.59999999999999998        0.0000000000000000     
   0.0000000000000000       0.63333333333333330        0.0000000000000000     
   0.0000000000000000       0.66666666666666663        0.0000000000000000     
   0.0000000000000000       0.69999999999999996        0.0000000000000000     
   0.0000000000000000       0.73333333333333328        0.0000000000000000     
   0.0000000000000000       0.76666666666666661        0.0000000000000000     
   0.0000000000000000       0.80000000000000004        0.0000000000000000     
   0.0000000000000000       0.83333333333333337        0.0000000000000000     
   0.0000000000000000       0.86666666666666670        0.0000000000000000     
   0.0000000000000000       0.90000000000000002        0.0000000000000000     
   0.0000000000000000       0.93333333333333335        0.0000000000000000     
   0.0000000000000000       0.96666666666666667        0.0000000000000000     
   0.0000000000000000        1.0000000000000000        0.0000000000000000     

   3.3333333333333333E-002   0.0000000000000000       0.10452846326765346     
   3.3333333333333333E-002   3.3333333333333333E-002   8.4008657435519982E-002
   3.3333333333333333E-002   6.6666666666666666E-002   6.5297570155800164E-002
   3.3333333333333333E-002  0.10000000000000001        4.8944417762484357E-002
   3.3333333333333333E-002  0.13333333333333333        3.5289066098956878E-002
   3.3333333333333333E-002  0.16666666666666666        2.4419505487033075E-002
   3.3333333333333333E-002  0.20000000000000001        1.6185777513685391E-002
   3.3333333333333333E-002  0.23333333333333334        1.0257982951888789E-002
   3.3333333333333333E-002  0.26666666666666666        6.2062066610521840E-003
   3.3333333333333333E-002  0.29999999999999999        3.5791981030469833E-003
   3.3333333333333333E-002  0.33333333333333331        1.9648972413529998E-003
   3.3333333333333333E-002  0.36666666666666664        1.0254498918836903E-003
   3.3333333333333333E-002  0.40000000000000002        5.0810108194253593E-004
   3.3333333333333333E-002  0.43333333333333335        2.3872153402950232E-004
   3.3333333333333333E-002  0.46666666666666667        1.0621312460669608E-004
   3.3333333333333333E-002  0.50000000000000000        4.4692526158255174E-005
   3.3333333333333333E-002  0.53333333333333333        1.7760859640046812E-005
   3.3333333333333333E-002  0.56666666666666665        6.6563550968752291E-006
   3.3333333333333333E-002  0.59999999999999998        2.3490038380219852E-006
   3.3333333333333333E-002  0.63333333333333330        7.7927056431612302E-007
   3.3333333333333333E-002  0.66666666666666663        2.4259067400865902E-007
   3.3333333333333333E-002  0.69999999999999996        7.0728700596442546E-008
   3.3333333333333333E-002  0.73333333333333328        1.9271940870335730E-008
   3.3333333333333333E-002  0.76666666666666661        4.8959760011609623E-009
   3.3333333333333333E-002  0.80000000000000004        1.1566423791702900E-009
   3.3333333333333333E-002  0.83333333333333337        2.5335648373109760E-010
   3.3333333333333333E-002  0.86666666666666670        5.1286679187691275E-011
   3.3333333333333333E-002  0.90000000000000002        9.5584714648979269E-012
   3.3333333333333333E-002  0.93333333333333335        1.6326479948100083E-012
   3.3333333333333333E-002  0.96666666666666667        2.4997133763027399E-013
   3.3333333333333333E-002   1.0000000000000000        0.0000000000000000     

   6.6666666666666666E-002   0.0000000000000000       0.20791169081775931     
   6.6666666666666666E-002   3.3333333333333333E-002  0.16709689844023465     
   6.6666666666666666E-002   6.6666666666666666E-002  0.12987972646857837     
   6.6666666666666666E-002  0.10000000000000001        9.7352590241685036E-002
   6.6666666666666666E-002  0.13333333333333333        7.0191497805021763E-002
   6.6666666666666666E-002  0.16666666666666666        4.8571465761840175E-002
   6.6666666666666666E-002  0.20000000000000001        3.2194220261839143E-002
   6.6666666666666666E-002  0.23333333333333334        2.0403577295935744E-002
   6.6666666666666666E-002  0.26666666666666666        1.2344416823193644E-002
   6.6666666666666666E-002  0.29999999999999999        7.1191817626816293E-003
   6.6666666666666666E-002  0.33333333333333331        3.9082666573485537E-003
   6.6666666666666666E-002  0.36666666666666664        2.0396647401627168E-003
   6.6666666666666666E-002  0.40000000000000002        1.0106353021043224E-003
   6.6666666666666666E-002  0.43333333333333335        4.7482758497648483E-004
   6.6666666666666666E-002  0.46666666666666667        2.1126255599367592E-004
   6.6666666666666666E-002  0.50000000000000000        8.8895391647408130E-005
   6.6666666666666666E-002  0.53333333333333333        3.5327127585178448E-005
   6.6666666666666666E-002  0.56666666666666665        1.3239781774377239E-005
   6.6666666666666666E-002  0.59999999999999998        4.6722714984339459E-006
   6.6666666666666666E-002  0.63333333333333330        1.5500032772567494E-006
   6.6666666666666666E-002  0.66666666666666663        4.8252347382751695E-007
   6.6666666666666666E-002  0.69999999999999996        1.4068248274821837E-007
   6.6666666666666666E-002  0.73333333333333328        3.8332734323583160E-008
   6.6666666666666666E-002  0.76666666666666661        9.7383106647043611E-009
   6.6666666666666666E-002  0.80000000000000004        2.3006123423914115E-009
   6.6666666666666666E-002  0.83333333333333337        5.0393714080818451E-010
   6.6666666666666666E-002  0.86666666666666670        1.0201145078577460E-010
   6.6666666666666666E-002  0.90000000000000002        1.9012218316187687E-011
   6.6666666666666666E-002  0.93333333333333335        3.2474083565353198E-012
   6.6666666666666666E-002  0.96666666666666667        4.9720393697560525E-013
   6.6666666666666666E-002   1.0000000000000000        0.0000000000000000     

  0.10000000000000001        0.0000000000000000       0.30901699437494740     
  0.10000000000000001        3.3333333333333333E-002  0.24835439085836411     
  0.10000000000000001        6.6666666666666666E-002  0.19303889331908675     
  0.10000000000000001       0.10000000000000001       0.14469414736985864     
  0.10000000000000001       0.13333333333333333       0.10432489677261958     
  0.10000000000000001       0.16666666666666666        7.2191266893527894E-002
  0.10000000000000001       0.20000000000000001        4.7849936395730486E-002
  0.10000000000000001       0.23333333333333334        3.0325625777405388E-002
  0.10000000000000001       0.26666666666666666        1.8347378971384897E-002
  0.10000000000000001       0.29999999999999999        1.0581166177139775E-002
  0.10000000000000001       0.33333333333333331        5.8088162859888199E-003
  0.10000000000000001       0.36666666666666664        3.0315325947212340E-003
  0.10000000000000001       0.40000000000000002        1.5020967904072204E-003
  0.10000000000000001       0.43333333333333335        7.0573132553840474E-004
  0.10000000000000001       0.46666666666666667        3.1399735060765705E-004
  0.10000000000000001       0.50000000000000000        1.3212430062311547E-004
  0.10000000000000001       0.53333333333333333        5.2506344127810153E-005
  0.10000000000000001       0.56666666666666665        1.9678150632156718E-005
  0.10000000000000001       0.59999999999999998        6.9443487745733971E-006
  0.10000000000000001       0.63333333333333330        2.3037538299327120E-006
  0.10000000000000001       0.66666666666666663        7.1716964549259221E-007
  0.10000000000000001       0.69999999999999996        2.0909491817930250E-007
  0.10000000000000001       0.73333333333333328        5.6973546317941055E-008
  0.10000000000000001       0.76666666666666661        1.4473950358732735E-008
  0.10000000000000001       0.80000000000000004        3.4193763153552084E-009
  0.10000000000000001       0.83333333333333337        7.4899655711495054E-010
  0.10000000000000001       0.86666666666666670        1.5161856358178049E-010
  0.10000000000000001       0.90000000000000002        2.8257663325042822E-011
  0.10000000000000001       0.93333333333333335        4.8265894327425438E-012
  0.10000000000000001       0.96666666666666667        7.3898906594081904E-013
  0.10000000000000001        1.0000000000000000        0.0000000000000000     

  0.13333333333333333        0.0000000000000000       0.40673664307580015     
  0.13333333333333333        3.3333333333333333E-002  0.32689086059875183     
  0.13333333333333333        6.6666666666666666E-002  0.25408308565840576     
  0.13333333333333333       0.10000000000000001       0.19045040514025108     
  0.13333333333333333       0.13333333333333333       0.13731529033978845     
  0.13333333333333333       0.16666666666666666        9.5020125398136299E-002
  0.13333333333333333       0.20000000000000001        6.2981398613227269E-002
  0.13333333333333333       0.23333333333333334        3.9915420356812600E-002
  0.13333333333333333       0.26666666666666666        2.4149323396129775E-002
  0.13333333333333333       0.29999999999999999        1.3927221120709800E-002
  0.13333333333333333       0.33333333333333331        7.6457233078268370E-003
  0.13333333333333333       0.36666666666666664        3.9901863437830053E-003
  0.13333333333333333       0.40000000000000002        1.9771009919404559E-003
  0.13333333333333333       0.43333333333333335        9.2890292601395172E-004
  0.13333333333333333       0.46666666666666667        4.1329192454021070E-004
  0.13333333333333333       0.50000000000000000        1.7390562811240852E-004
  0.13333333333333333       0.53333333333333333        6.9110290176518672E-005
  0.13333333333333333       0.56666666666666665        2.5900921553692531E-005
  0.13333333333333333       0.59999999999999998        9.1403423123402156E-006
  0.13333333333333333       0.63333333333333330        3.0322639735564501E-006
  0.13333333333333333       0.66666666666666663        9.4395835644425407E-007
  0.13333333333333333       0.69999999999999996        2.7521646593088951E-007
  0.13333333333333333       0.73333333333333328        7.4990144216358530E-008
  0.13333333333333333       0.76666666666666661        1.9051010423762000E-008
  0.13333333333333333       0.80000000000000004        4.5006768858574785E-009
  0.13333333333333333       0.83333333333333337        9.8584981040435943E-010
  0.13333333333333333       0.86666666666666670        1.9956451166696021E-010
  0.13333333333333333       0.90000000000000002        3.7193511461212587E-011
  0.13333333333333333       0.93333333333333335        6.3528893850958679E-012
  0.13333333333333333       0.96666666666666667        9.7267767605618133E-013
  0.13333333333333333        1.0000000000000000        0.0000000000000000     

  0.16666666666666666        0.0000000000000000       0.49999999999999994     
  0.16666666666666666        3.3333333333333333E-002  0.40184584566410930     
  0.16666666666666666        6.6666666666666666E-002  0.31234349054094734     
  0.16666666666666666       0.10000000000000001       0.23412004841761747     
  0.16666666666666666       0.13333333333333333       0.16880122885092272     
  0.16666666666666666       0.16666666666666666       0.11680792352464318     
  0.16666666666666666       0.20000000000000001        7.7422823447812567E-002
  0.16666666666666666       0.23333333333333334        4.9067893237951868E-002
  0.16666666666666666       0.26666666666666666        2.9686682780175853E-002
  0.16666666666666666       0.29999999999999999        1.7120686515222947E-002
  0.16666666666666666       0.33333333333333331        9.3988621851338414E-003
  0.16666666666666666       0.36666666666666664        4.9051227762621167E-003
  0.16666666666666666       0.40000000000000002        2.4304436612710098E-003
  0.16666666666666666       0.43333333333333335        1.1418972716466557E-003
  0.16666666666666666       0.46666666666666667        5.0805838566060657E-004
  0.16666666666666666       0.50000000000000000        2.1378160914800972E-004
  0.16666666666666666       0.53333333333333333        8.4957049423795263E-005
  0.16666666666666666       0.56666666666666665        3.1839916558569802E-005
  0.16666666666666666       0.59999999999999998        1.1236192346993438E-005
  0.16666666666666666       0.63333333333333330        3.7275519985438733E-006
  0.16666666666666666       0.66666666666666663        1.1604048621067270E-006
  0.16666666666666666       0.69999999999999996        3.3832268448898971E-007
  0.16666666666666666       0.73333333333333328        9.2185134402045033E-008
  0.16666666666666666       0.76666666666666661        2.3419343631908303E-008
  0.16666666666666666       0.80000000000000004        5.5326670985711063E-009
  0.16666666666666666       0.83333333333333337        1.2119018868686421E-009
  0.16666666666666666       0.86666666666666670        2.4532398920075785E-010
  0.16666666666666666       0.90000000000000002        4.5721859702570660E-011
  0.16666666666666666       0.93333333333333335        7.8095857519185114E-012
  0.16666666666666666       0.96666666666666667        1.1957094260067826E-012
  0.16666666666666666        1.0000000000000000        0.0000000000000000     

  0.20000000000000001        0.0000000000000000       0.58778525229247314     
  0.20000000000000001        3.3333333333333333E-002  0.47239812355272137     
  0.20000000000000001        6.6666666666666666E-002  0.36718179477904489     
  0.20000000000000001       0.10000000000000001       0.27522462345175064     
  0.20000000000000001       0.13333333333333333       0.19843774577483822     
  0.20000000000000001       0.16666666666666666       0.13731594959738461     
  0.20000000000000001       0.20000000000000001        9.1015987626936232E-002
  0.20000000000000001       0.23333333333333334        5.7682768012659355E-002
  0.20000000000000001       0.26666666666666666        3.4898788655344563E-002
  0.20000000000000001       0.29999999999999999        2.0126574085541322E-002
  0.20000000000000001       0.33333333333333331        1.1049025161502159E-002
  0.20000000000000001       0.36666666666666664        5.7663176571415694E-003
  0.20000000000000001       0.40000000000000002        2.8571578812456454E-003
  0.20000000000000001       0.43333333333333335        1.3423807518138323E-003
  0.20000000000000001       0.46666666666666667        5.9725845278965249E-004
  0.20000000000000001       0.50000000000000000        2.5131535413710750E-004
  0.20000000000000001       0.53333333333333333        9.9873001459179237E-005
  0.20000000000000001       0.56666666666666665        3.7430066774700480E-005
  0.20000000000000001       0.59999999999999998        1.3208936306968587E-005
  0.20000000000000001       0.63333333333333330        4.3820001837948456E-006
  0.20000000000000001       0.66666666666666663        1.3641377292696300E-006
  0.20000000000000001       0.69999999999999996        3.9772216891725517E-007
  0.20000000000000001       0.73333333333333328        1.0837012496424318E-007
  0.20000000000000001       0.76666666666666661        2.7531089610410686E-008
  0.20000000000000001       0.80000000000000004        6.5040402527677665E-009
  0.20000000000000001       0.83333333333333337        1.4246761126536181E-009
  0.20000000000000001       0.86666666666666670        2.8839564577152681E-010
  0.20000000000000001       0.90000000000000002        5.3749269681113124E-011
  0.20000000000000001       0.93333333333333335        9.1807186629822529E-012
  0.20000000000000001       0.96666666666666667        1.4056407332677697E-012
  0.20000000000000001        1.0000000000000000        0.0000000000000000     

  0.23333333333333334        0.0000000000000000       0.66913060635885824     
  0.23333333333333334        3.3333333333333333E-002  0.53777470874402722     
  0.23333333333333334        6.6666666666666666E-002  0.41799717843581280     
  0.23333333333333334       0.10000000000000001       0.31331377991689124     
  0.23333333333333334       0.13333333333333333       0.22590013723027660     
  0.23333333333333334       0.16666666666666666       0.15631951339112723     
  0.23333333333333334       0.20000000000000001       0.10361196159929931     
  0.23333333333333334       0.23333333333333334        6.5665658310124914E-002
  0.23333333333333334       0.26666666666666666        3.9728536098964290E-002
  0.23333333333333334       0.29999999999999999        2.2911950698422112E-002
  0.23333333333333334       0.33333333333333331        1.2578132706043899E-002
  0.23333333333333334       0.36666666666666664        6.5643355550898319E-003
  0.23333333333333334       0.40000000000000002        3.2525684815746282E-003
  0.23333333333333334       0.43333333333333335        1.5281568275529048E-003
  0.23333333333333334       0.46666666666666667        6.7991483132556849E-004
  0.23333333333333334       0.50000000000000000        2.8609563551516034E-004
  0.23333333333333334       0.53333333333333333        1.1369472399080721E-004
  0.23333333333333334       0.56666666666666665        4.2610125346502519E-005
  0.23333333333333334       0.59999999999999998        1.5036960396616961E-005
  0.23333333333333334       0.63333333333333330        4.9884382580396708E-006
  0.23333333333333334       0.66666666666666663        1.5529248180064832E-006
  0.23333333333333334       0.69999999999999996        4.5276412603414869E-007
  0.23333333333333334       0.73333333333333328        1.2336778975942645E-007
  0.23333333333333334       0.76666666666666661        3.1341199209890532E-008
  0.23333333333333334       0.80000000000000004        7.4041537808971777E-009
  0.23333333333333334       0.83333333333333337        1.6218412888157177E-009
  0.23333333333333334       0.86666666666666670        3.2830757929655418E-010
  0.23333333333333334       0.90000000000000002        6.1187791413271501E-011
  0.23333333333333334       0.93333333333333335        1.0451265699185467E-011
  0.23333333333333334       0.96666666666666667        1.6001715465058414E-012
  0.23333333333333334        1.0000000000000000        0.0000000000000000     

  0.26666666666666666        0.0000000000000000       0.74314482547739413     
  0.26666666666666666        3.3333333333333333E-002  0.59725932168974083     
  0.26666666666666666        6.6666666666666666E-002  0.46423289753410490     
  0.26666666666666666       0.10000000000000001       0.34797020504413884     
  0.26666666666666666       0.13333333333333333       0.25088751950957727     
  0.26666666666666666       0.16666666666666666       0.17361040788419554     
  0.26666666666666666       0.20000000000000001       0.11507274123818355     
  0.26666666666666666       0.23333333333333334        7.2929101913722330E-002
  0.26666666666666666       0.26666666666666666        4.4123009387353092E-002
  0.26666666666666666       0.29999999999999999        2.5446299184817067E-002
  0.26666666666666666       0.33333333333333331        1.3969431596514736E-002
  0.26666666666666666       0.36666666666666664        7.2904332190210051E-003
  0.26666666666666666       0.40000000000000002        3.6123432609757675E-003
  0.26666666666666666       0.43333333333333335        1.6971900973019331E-003
  0.26666666666666666       0.46666666666666667        7.5512192068815623E-004
  0.26666666666666666       0.50000000000000000        3.1774139324114832E-004
  0.26666666666666666       0.53333333333333333        1.2627078333424138E-004
  0.26666666666666666       0.56666666666666665        4.7323338468266294E-005
  0.26666666666666666       0.59999999999999998        1.6700236401473740E-005
  0.26666666666666666       0.63333333333333330        5.5402219588315976E-006
  0.26666666666666666       0.66666666666666663        1.7246977374668468E-006
  0.26666666666666666       0.69999999999999996        5.0284550463922758E-007
  0.26666666666666666       0.73333333333333328        1.3701381123363579E-007
  0.26666666666666666       0.76666666666666661        3.4807928072259236E-008
  0.26666666666666666       0.80000000000000004        8.2231458507842909E-009
  0.26666666666666666       0.83333333333333337        1.8012372324254434E-009
  0.26666666666666666       0.86666666666666670        3.6462250628003059E-010
  0.26666666666666666       0.90000000000000002        6.7955926898337562E-011
  0.26666666666666666       0.93333333333333335        1.1607306481320454E-011
  0.26666666666666666       0.96666666666666667        1.7771705454229711E-012
  0.26666666666666666        1.0000000000000000        0.0000000000000000     

  0.29999999999999999        0.0000000000000000       0.80901699437494745     
  0.29999999999999999        3.3333333333333333E-002  0.65020023652247338     
  0.29999999999999999        6.6666666666666666E-002  0.50538238386003409     
  0.29999999999999999       0.10000000000000001       0.37881419578747605     
  0.29999999999999999       0.13333333333333333       0.27312612562354227     
  0.29999999999999999       0.16666666666666666       0.18899919041817106     
  0.29999999999999999       0.20000000000000001       0.12527275984354308     
  0.29999999999999999       0.23333333333333334        7.9393519015357253E-002
  0.29999999999999999       0.26666666666666666        4.8034061751560747E-002
  0.29999999999999999       0.29999999999999999        2.7701852692362718E-002
  0.29999999999999999       0.33333333333333331        1.5207678471122662E-002
  0.29999999999999999       0.36666666666666664        7.9366553709833507E-003
  0.29999999999999999       0.40000000000000002        3.9325404516782313E-003
  0.29999999999999999       0.43333333333333335        1.8476285971850608E-003
  0.29999999999999999       0.46666666666666667        8.2205573626826351E-004
  0.29999999999999999       0.50000000000000000        3.4590590977112522E-004
  0.29999999999999999       0.53333333333333333        1.3746339355160539E-004
  0.29999999999999999       0.56666666666666665        5.1518067190726511E-005
  0.29999999999999999       0.59999999999999998        1.8180541121566835E-005
  0.29999999999999999       0.63333333333333330        6.0313058284765853E-006
  0.29999999999999999       0.66666666666666663        1.8775745075993194E-006
  0.29999999999999999       0.69999999999999996        5.4741760266829221E-007
  0.29999999999999999       0.73333333333333328        1.4915868071998607E-007
  0.29999999999999999       0.76666666666666661        3.7893293990641029E-008
  0.29999999999999999       0.80000000000000004        8.9520434139263138E-009
  0.29999999999999999       0.83333333333333337        1.9608984439835920E-009
  0.29999999999999999       0.86666666666666670        3.9694255278253830E-010
  0.29999999999999999       0.90000000000000002        7.3979523027613488E-011
  0.29999999999999999       0.93333333333333335        1.2636175184661054E-011
  0.29999999999999999       0.96666666666666667        1.9346984919476017E-012
  0.29999999999999999        1.0000000000000000        0.0000000000000000     

  0.33333333333333331        0.0000000000000000       0.86602540378443860     
  0.33333333333333331        3.3333333333333333E-002  0.69601742150071899     
  0.33333333333333331        6.6666666666666666E-002  0.54099479503032988     
  0.33333333333333331       0.10000000000000001       0.40550781892979892     
  0.33333333333333331       0.13333333333333333       0.29237230474985954     
  0.33333333333333331       0.16666666666666666       0.20231725827130187     
  0.33333333333333331       0.20000000000000001       0.13410026387704638     
  0.33333333333333331       0.23333333333333334        8.4988084108497994E-002
  0.33333333333333331       0.26666666666666666        5.1418842883444671E-002
  0.33333333333333331       0.29999999999999999        2.9653898904825490E-002
  0.33333333333333331       0.33333333333333331        1.6279306837989654E-002
  0.33333333333333331       0.36666666666666664        8.4959218658492933E-003
  0.33333333333333331       0.40000000000000002        4.2096519062551118E-003
  0.33333333333333331       0.43333333333333335        1.9778240915162876E-003
  0.33333333333333331       0.46666666666666667        8.7998293717559371E-004
  0.33333333333333331       0.50000000000000000        3.7028060876818426E-004
  0.33333333333333331       0.53333333333333333        1.4714992606315361E-004
  0.33333333333333331       0.56666666666666665        5.5148353188196484E-005
  0.33333333333333331       0.59999999999999998        1.9461656028609219E-005
  0.33333333333333331       0.63333333333333330        6.4563094493328977E-006
  0.33333333333333331       0.66666666666666663        2.0098801785188084E-006
  0.33333333333333331       0.69999999999999996        5.8599207888802515E-007
  0.33333333333333331       0.73333333333333328        1.5966933648690760E-007
  0.33333333333333331       0.76666666666666661        4.0563493050379811E-008
  0.33333333333333331       0.80000000000000004        9.5828605160898415E-009
  0.33333333333333331       0.83333333333333337        2.0990756418450774E-009
  0.33333333333333331       0.86666666666666670        4.2491361361119106E-010
  0.33333333333333331       0.90000000000000002        7.9192584021388414E-011
  0.33333333333333331       0.93333333333333335        1.3526599308388854E-011
  0.33333333333333331       0.96666666666666667        2.0710294769327661E-012
  0.33333333333333331        1.0000000000000000        0.0000000000000000     

  0.36666666666666664        0.0000000000000000       0.91354545764260087     
  0.36666666666666664        3.3333333333333333E-002  0.73420889395799338     
  0.36666666666666664        6.6666666666666666E-002  0.57067995401583416     
  0.36666666666666664       0.10000000000000001       0.42775861354996042     
  0.36666666666666664       0.13333333333333333       0.30841519172249915     
  0.36666666666666664       0.16666666666666666       0.21341869590520413     
  0.36666666666666664       0.20000000000000001       0.14145853735722846     
  0.36666666666666664       0.23333333333333334        8.9651501967246042E-002
  0.36666666666666664       0.26666666666666666        5.4240268412612931E-002
  0.36666666666666664       0.29999999999999999        3.1281050795409701E-002
  0.36666666666666664       0.33333333333333331        1.7172575712475661E-002
  0.36666666666666664       0.36666666666666664        8.9621052628670421E-003
  0.36666666666666664       0.40000000000000002        4.4406415336207669E-003
  0.36666666666666664       0.43333333333333335        2.0863501312145629E-003
  0.36666666666666664       0.46666666666666667        9.2826886087495975E-004
  0.36666666666666664       0.50000000000000000        3.9059843592938035E-004
  0.36666666666666664       0.53333333333333333        1.5522425319165224E-004
  0.36666666666666664       0.56666666666666665        5.8174422287601740E-005
  0.36666666666666664       0.59999999999999998        2.0529544959588817E-005
  0.36666666666666664       0.63333333333333330        6.8105763927927072E-006
  0.36666666666666664       0.66666666666666663        2.1201651816079781E-006
  0.36666666666666664       0.69999999999999996        6.1814630326473474E-007
  0.36666666666666664       0.73333333333333328        1.6843062159032181E-007
  0.36666666666666664       0.76666666666666661        4.2789269991801992E-008
  0.36666666666666664       0.80000000000000004        1.0108685793096603E-008
  0.36666666666666664       0.83333333333333337        2.2142549277146899E-009
  0.36666666666666664       0.86666666666666670        4.4822923197022955E-010
  0.36666666666666664       0.90000000000000002        8.3537994492511410E-011
  0.36666666666666664       0.93333333333333335        1.4268823179471063E-011
  0.36666666666666664       0.96666666666666667        2.1846698295778749E-012
  0.36666666666666664        1.0000000000000000        0.0000000000000000     

  0.40000000000000002        0.0000000000000000       0.95105651629515353     
  0.40000000000000002        3.3333333333333333E-002  0.76435622012997539     
  0.40000000000000002        6.6666666666666666E-002  0.59411262400268328     
  0.40000000000000002       0.10000000000000001       0.44532279528582380     
  0.40000000000000002       0.13333333333333333       0.32107901731459898     
  0.40000000000000002       0.16666666666666666       0.22218187364603567     
  0.40000000000000002       0.20000000000000001       0.14726696150002272     
  0.40000000000000002       0.23333333333333334        9.3332679209658057E-002
  0.40000000000000002       0.26666666666666666        5.6467426210546741E-002
  0.40000000000000002       0.29999999999999999        3.2565480947498698E-002
  0.40000000000000002       0.33333333333333331        1.7877698253863292E-002
  0.40000000000000002       0.36666666666666664        9.3300979591837228E-003
  0.40000000000000002       0.40000000000000002        4.6229785630800910E-003
  0.40000000000000002       0.43333333333333335        2.1720176822784178E-003
  0.40000000000000002       0.46666666666666667        9.6638447668183217E-004
  0.40000000000000002       0.50000000000000000        4.0663678488855648E-004
  0.40000000000000002       0.53333333333333333        1.6159791091941979E-004
  0.40000000000000002       0.56666666666666665        6.0563120242643529E-005
  0.40000000000000002       0.59999999999999998        2.1372507899907686E-005
  0.40000000000000002       0.63333333333333330        7.0902252360883455E-006
  0.40000000000000002       0.66666666666666663        2.2072212112943636E-006
  0.40000000000000002       0.69999999999999996        6.4352798738744584E-007
  0.40000000000000002       0.73333333333333328        1.7534654555721894E-007
  0.40000000000000002       0.76666666666666661        4.4546238736963594E-008
  0.40000000000000002       0.80000000000000004        1.0523758193175702E-008
  0.40000000000000002       0.83333333333333337        2.3051743732336277E-009
  0.40000000000000002       0.86666666666666670        4.6663395706580521E-010
  0.40000000000000002       0.90000000000000002        8.6968145214525227E-011
  0.40000000000000002       0.93333333333333335        1.4854714837855772E-011
  0.40000000000000002       0.96666666666666667        2.2743744823985763E-012
  0.40000000000000002        1.0000000000000000        0.0000000000000000     

  0.43333333333333335        0.0000000000000000       0.97814760073380569     
  0.43333333333333335        3.3333333333333333E-002  0.78612909960239130     
  0.43333333333333335        6.6666666666666666E-002  0.61103607175489949     
  0.43333333333333335       0.10000000000000001       0.45800792728674983     
  0.43333333333333335       0.13333333333333333       0.33022503400289621     
  0.43333333333333335       0.16666666666666666       0.22851078028465513     
  0.43333333333333335       0.20000000000000001       0.15146189799502977     
  0.43333333333333335       0.23333333333333334        9.5991284087530299E-002
  0.43333333333333335       0.26666666666666666        5.8075915070349177E-002
  0.43333333333333335       0.29999999999999999        3.3493116875561883E-002
  0.43333333333333335       0.33333333333333331        1.8386948992032724E-002
  0.43333333333333335       0.36666666666666664        9.5958681498110685E-003
  0.43333333333333335       0.40000000000000002        4.7546652719818502E-003
  0.43333333333333335       0.43333333333333335        2.2338881530913103E-003
  0.43333333333333335       0.46666666666666667        9.9391218193322587E-004
  0.43333333333333335       0.50000000000000000        4.1821993613827584E-004
  0.43333333333333335       0.53333333333333333        1.6620106811861740E-004
  0.43333333333333335       0.56666666666666665        6.2288275978659234E-005
  0.43333333333333335       0.59999999999999998        2.1981309171190357E-005
  0.43333333333333335       0.63333333333333330        7.2921920879723837E-006
  0.43333333333333335       0.66666666666666663        2.2700944634990748E-006
  0.43333333333333335       0.69999999999999996        6.6185904421345119E-007
  0.43333333333333335       0.73333333333333328        1.8034133607736750E-007
  0.43333333333333335       0.76666666666666661        4.5815149568623264E-008
  0.43333333333333335       0.80000000000000004        1.0823530096252386E-008
  0.43333333333333335       0.83333333333333337        2.3708378459306682E-009
  0.43333333333333335       0.86666666666666670        4.7992614287833468E-010
  0.43333333333333335       0.90000000000000002        8.9445454738314336E-011
  0.43333333333333335       0.93333333333333335        1.5277855131928012E-011
  0.43333333333333335       0.96666666666666667        2.3391606124466604E-012
  0.43333333333333335        1.0000000000000000        0.0000000000000000     

  0.46666666666666667        0.0000000000000000       0.99452189536827329     
  0.46666666666666667        3.3333333333333333E-002  0.79928898415147320     
  0.46666666666666667        6.6666666666666666E-002  0.62126488043745065     
  0.46666666666666667       0.10000000000000001       0.46567502859200166     
  0.46666666666666667       0.13333333333333333       0.33575303611462665     
  0.46666666666666667       0.16666666666666666       0.23233607499552089     
  0.46666666666666667       0.20000000000000001       0.15399738624016351     
  0.46666666666666667       0.23333333333333334        9.7598188369471942E-002
  0.46666666666666667       0.26666666666666666        5.9048112051474339E-002
  0.46666666666666667       0.29999999999999999        3.4053795206251125E-002
  0.46666666666666667       0.33333333333333331        1.8694748469328996E-002
  0.46666666666666667       0.36666666666666664        9.7565040009245738E-003
  0.46666666666666667       0.40000000000000002        4.8342588731861008E-003
  0.46666666666666667       0.43333333333333335        2.2712836778277846E-003
  0.46666666666666667       0.46666666666666667        1.0105503773298634E-003
  0.46666666666666667       0.50000000000000000        4.2522098224951612E-004
  0.46666666666666667       0.53333333333333333        1.6898329163569790E-004
  0.46666666666666667       0.56666666666666665        6.3330988328393021E-005
  0.46666666666666667       0.59999999999999998        2.2349278619308803E-005
  0.46666666666666667       0.63333333333333330        7.4142641573512957E-006
  0.46666666666666667       0.66666666666666663        2.3080960857138837E-006
  0.46666666666666667       0.69999999999999996        6.7293863484814469E-007
  0.46666666666666667       0.73333333333333328        1.8336026918060174E-007
  0.46666666666666667       0.76666666666666661        4.6582100034172696E-008
  0.46666666666666667       0.80000000000000004        1.1004717138625242E-008
  0.46666666666666667       0.83333333333333337        2.4105259230579775E-009
  0.46666666666666667       0.86666666666666670        4.8796015743848699E-010
  0.46666666666666667       0.90000000000000002        9.0942781142325712E-011
  0.46666666666666667       0.93333333333333335        1.5533608048078118E-011
  0.46666666666666667       0.96666666666666667        2.3783184093239510E-012
  0.46666666666666667        1.0000000000000000        0.0000000000000000     

  0.50000000000000000        0.0000000000000000        1.0000000000000000     
  0.50000000000000000        3.3333333333333333E-002  0.80369169132821860     
  0.50000000000000000        6.6666666666666666E-002  0.62468698108189469     
  0.50000000000000000       0.10000000000000001       0.46824009683523493     
  0.50000000000000000       0.13333333333333333       0.33760245770184544     
  0.50000000000000000       0.16666666666666666       0.23361584704928634     
  0.50000000000000000       0.20000000000000001       0.15484564689562513     
  0.50000000000000000       0.23333333333333334        9.8135786475903736E-002
  0.50000000000000000       0.26666666666666666        5.9373365560351707E-002
  0.50000000000000000       0.29999999999999999        3.4241373030445887E-002
  0.50000000000000000       0.33333333333333331        1.8797724370267686E-002
  0.50000000000000000       0.36666666666666664        9.8102455525242334E-003
  0.50000000000000000       0.40000000000000002        4.8608873225420204E-003
  0.50000000000000000       0.43333333333333335        2.2837945432933114E-003
  0.50000000000000000       0.46666666666666667        1.0161167713212133E-003
  0.50000000000000000       0.50000000000000000        4.2756321829601950E-004
  0.50000000000000000       0.53333333333333333        1.6991409884759053E-004
  0.50000000000000000       0.56666666666666665        6.3679833117139605E-005
  0.50000000000000000       0.59999999999999998        2.2472384693986875E-005
  0.50000000000000000       0.63333333333333330        7.4551039970877467E-006
  0.50000000000000000       0.66666666666666663        2.3208097242134540E-006
  0.50000000000000000       0.69999999999999996        6.7664536897797942E-007
  0.50000000000000000       0.73333333333333328        1.8437026880409009E-007
  0.50000000000000000       0.76666666666666661        4.6838687263816593E-008
  0.50000000000000000       0.80000000000000004        1.1065334197142214E-008
  0.50000000000000000       0.83333333333333337        2.4238037737372842E-009
  0.50000000000000000       0.86666666666666670        4.9064797840151571E-010
  0.50000000000000000       0.90000000000000002        9.1443719405141307E-011
  0.50000000000000000       0.93333333333333335        1.5619171503837023E-011
  0.50000000000000000       0.96666666666666667        2.3914188520135653E-012
  0.50000000000000000        1.0000000000000000        0.0000000000000000     

  0.53333333333333333        0.0000000000000000       0.99452189536827340     
  0.53333333333333333        3.3333333333333333E-002  0.79928898415147331     
  0.53333333333333333        6.6666666666666666E-002  0.62126488043745065     
  0.53333333333333333       0.10000000000000001       0.46567502859200172     
  0.53333333333333333       0.13333333333333333       0.33575303611462665     
  0.53333333333333333       0.16666666666666666       0.23233607499552089     
  0.53333333333333333       0.20000000000000001       0.15399738624016349     
  0.53333333333333333       0.23333333333333334        9.7598188369471955E-002
  0.53333333333333333       0.26666666666666666        5.9048112051474339E-002
  0.53333333333333333       0.29999999999999999        3.4053795206251125E-002
  0.53333333333333333       0.33333333333333331        1.8694748469328996E-002
  0.53333333333333333       0.36666666666666664        9.7565040009245738E-003
  0.53333333333333333       0.40000000000000002        4.8342588731861008E-003
  0.53333333333333333       0.43333333333333335        2.2712836778277846E-003
  0.53333333333333333       0.46666666666666667        1.0105503773298634E-003
  0.53333333333333333       0.50000000000000000        4.2522098224951607E-004
  0.53333333333333333       0.53333333333333333        1.6898329163569790E-004
  0.53333333333333333       0.56666666666666665        6.3330988328393008E-005
  0.53333333333333333       0.59999999999999998        2.2349278619308803E-005
  0.53333333333333333       0.63333333333333330        7.4142641573512957E-006
  0.53333333333333333       0.66666666666666663        2.3080960857138845E-006
  0.53333333333333333       0.69999999999999996        6.7293863484814469E-007
  0.53333333333333333       0.73333333333333328        1.8336026918060174E-007
  0.53333333333333333       0.76666666666666661        4.6582100034172696E-008
  0.53333333333333333       0.80000000000000004        1.1004717138625242E-008
  0.53333333333333333       0.83333333333333337        2.4105259230579775E-009
  0.53333333333333333       0.86666666666666670        4.8796015743848709E-010
  0.53333333333333333       0.90000000000000002        9.0942781142325699E-011
  0.53333333333333333       0.93333333333333335        1.5533608048078114E-011
  0.53333333333333333       0.96666666666666667        2.3783184093239510E-012
  0.53333333333333333        1.0000000000000000        0.0000000000000000     

  0.56666666666666665        0.0000000000000000       0.97814760073380569     
  0.56666666666666665        3.3333333333333333E-002  0.78612909960239141     
  0.56666666666666665        6.6666666666666666E-002  0.61103607175489960     
  0.56666666666666665       0.10000000000000001       0.45800792728674988     
  0.56666666666666665       0.13333333333333333       0.33022503400289621     
  0.56666666666666665       0.16666666666666666       0.22851078028465513     
  0.56666666666666665       0.20000000000000001       0.15146189799502979     
  0.56666666666666665       0.23333333333333334        9.5991284087530299E-002
  0.56666666666666665       0.26666666666666666        5.8075915070349191E-002
  0.56666666666666665       0.29999999999999999        3.3493116875561883E-002
  0.56666666666666665       0.33333333333333331        1.8386948992032724E-002
  0.56666666666666665       0.36666666666666664        9.5958681498110685E-003
  0.56666666666666665       0.40000000000000002        4.7546652719818493E-003
  0.56666666666666665       0.43333333333333335        2.2338881530913103E-003
  0.56666666666666665       0.46666666666666667        9.9391218193322587E-004
  0.56666666666666665       0.50000000000000000        4.1821993613827584E-004
  0.56666666666666665       0.53333333333333333        1.6620106811861740E-004
  0.56666666666666665       0.56666666666666665        6.2288275978659234E-005
  0.56666666666666665       0.59999999999999998        2.1981309171190357E-005
  0.56666666666666665       0.63333333333333330        7.2921920879723837E-006
  0.56666666666666665       0.66666666666666663        2.2700944634990752E-006
  0.56666666666666665       0.69999999999999996        6.6185904421345130E-007
  0.56666666666666665       0.73333333333333328        1.8034133607736753E-007
  0.56666666666666665       0.76666666666666661        4.5815149568623264E-008
  0.56666666666666665       0.80000000000000004        1.0823530096252388E-008
  0.56666666666666665       0.83333333333333337        2.3708378459306682E-009
  0.56666666666666665       0.86666666666666670        4.7992614287833468E-010
  0.56666666666666665       0.90000000000000002        8.9445454738314323E-011
  0.56666666666666665       0.93333333333333335        1.5277855131928009E-011
  0.56666666666666665       0.96666666666666667        2.3391606124466604E-012
  0.56666666666666665        1.0000000000000000        0.0000000000000000     

  0.59999999999999998        0.0000000000000000       0.95105651629515364     
  0.59999999999999998        3.3333333333333333E-002  0.76435622012997551     
  0.59999999999999998        6.6666666666666666E-002  0.59411262400268339     
  0.59999999999999998       0.10000000000000001       0.44532279528582391     
  0.59999999999999998       0.13333333333333333       0.32107901731459909     
  0.59999999999999998       0.16666666666666666       0.22218187364603573     
  0.59999999999999998       0.20000000000000001       0.14726696150002272     
  0.59999999999999998       0.23333333333333334        9.3332679209658070E-002
  0.59999999999999998       0.26666666666666666        5.6467426210546748E-002
  0.59999999999999998       0.29999999999999999        3.2565480947498698E-002
  0.59999999999999998       0.33333333333333331        1.7877698253863296E-002
  0.59999999999999998       0.36666666666666664        9.3300979591837228E-003
  0.59999999999999998       0.40000000000000002        4.6229785630800910E-003
  0.59999999999999998       0.43333333333333335        2.1720176822784178E-003
  0.59999999999999998       0.46666666666666667        9.6638447668183228E-004
  0.59999999999999998       0.50000000000000000        4.0663678488855653E-004
  0.59999999999999998       0.53333333333333333        1.6159791091941984E-004
  0.59999999999999998       0.56666666666666665        6.0563120242643543E-005
  0.59999999999999998       0.59999999999999998        2.1372507899907690E-005
  0.59999999999999998       0.63333333333333330        7.0902252360883463E-006
  0.59999999999999998       0.66666666666666663        2.2072212112943641E-006
  0.59999999999999998       0.69999999999999996        6.4352798738744594E-007
  0.59999999999999998       0.73333333333333328        1.7534654555721894E-007
  0.59999999999999998       0.76666666666666661        4.4546238736963594E-008
  0.59999999999999998       0.80000000000000004        1.0523758193175702E-008
  0.59999999999999998       0.83333333333333337        2.3051743732336277E-009
  0.59999999999999998       0.86666666666666670        4.6663395706580521E-010
  0.59999999999999998       0.90000000000000002        8.6968145214525227E-011
  0.59999999999999998       0.93333333333333335        1.4854714837855772E-011
  0.59999999999999998       0.96666666666666667        2.2743744823985763E-012
  0.59999999999999998        1.0000000000000000        0.0000000000000000     

  0.63333333333333330        0.0000000000000000       0.91354545764260098     
  0.63333333333333330        3.3333333333333333E-002  0.73420889395799349     
  0.63333333333333330        6.6666666666666666E-002  0.57067995401583438     
  0.63333333333333330       0.10000000000000001       0.42775861354996048     
  0.63333333333333330       0.13333333333333333       0.30841519172249920     
  0.63333333333333330       0.16666666666666666       0.21341869590520415     
  0.63333333333333330       0.20000000000000001       0.14145853735722846     
  0.63333333333333330       0.23333333333333334        8.9651501967246056E-002
  0.63333333333333330       0.26666666666666666        5.4240268412612938E-002
  0.63333333333333330       0.29999999999999999        3.1281050795409701E-002
  0.63333333333333330       0.33333333333333331        1.7172575712475661E-002
  0.63333333333333330       0.36666666666666664        8.9621052628670421E-003
  0.63333333333333330       0.40000000000000002        4.4406415336207669E-003
  0.63333333333333330       0.43333333333333335        2.0863501312145629E-003
  0.63333333333333330       0.46666666666666667        9.2826886087495975E-004
  0.63333333333333330       0.50000000000000000        3.9059843592938035E-004
  0.63333333333333330       0.53333333333333333        1.5522425319165224E-004
  0.63333333333333330       0.56666666666666665        5.8174422287601747E-005
  0.63333333333333330       0.59999999999999998        2.0529544959588821E-005
  0.63333333333333330       0.63333333333333330        6.8105763927927089E-006
  0.63333333333333330       0.66666666666666663        2.1201651816079785E-006
  0.63333333333333330       0.69999999999999996        6.1814630326473474E-007
  0.63333333333333330       0.73333333333333328        1.6843062159032183E-007
  0.63333333333333330       0.76666666666666661        4.2789269991801998E-008
  0.63333333333333330       0.80000000000000004        1.0108685793096606E-008
  0.63333333333333330       0.83333333333333337        2.2142549277146899E-009
  0.63333333333333330       0.86666666666666670        4.4822923197022955E-010
  0.63333333333333330       0.90000000000000002        8.3537994492511423E-011
  0.63333333333333330       0.93333333333333335        1.4268823179471064E-011
  0.63333333333333330       0.96666666666666667        2.1846698295778753E-012
  0.63333333333333330        1.0000000000000000        0.0000000000000000     

  0.66666666666666663        0.0000000000000000       0.86602540378443871     
  0.66666666666666663        3.3333333333333333E-002  0.69601742150071910     
  0.66666666666666663        6.6666666666666666E-002  0.54099479503032988     
  0.66666666666666663       0.10000000000000001       0.40550781892979898     
  0.66666666666666663       0.13333333333333333       0.29237230474985954     
  0.66666666666666663       0.16666666666666666       0.20231725827130190     
  0.66666666666666663       0.20000000000000001       0.13410026387704638     
  0.66666666666666663       0.23333333333333334        8.4988084108498008E-002
  0.66666666666666663       0.26666666666666666        5.1418842883444678E-002
  0.66666666666666663       0.29999999999999999        2.9653898904825494E-002
  0.66666666666666663       0.33333333333333331        1.6279306837989654E-002
  0.66666666666666663       0.36666666666666664        8.4959218658492951E-003
  0.66666666666666663       0.40000000000000002        4.2096519062551118E-003
  0.66666666666666663       0.43333333333333335        1.9778240915162876E-003
  0.66666666666666663       0.46666666666666667        8.7998293717559382E-004
  0.66666666666666663       0.50000000000000000        3.7028060876818437E-004
  0.66666666666666663       0.53333333333333333        1.4714992606315363E-004
  0.66666666666666663       0.56666666666666665        5.5148353188196498E-005
  0.66666666666666663       0.59999999999999998        1.9461656028609226E-005
  0.66666666666666663       0.63333333333333330        6.4563094493328986E-006
  0.66666666666666663       0.66666666666666663        2.0098801785188084E-006
  0.66666666666666663       0.69999999999999996        5.8599207888802515E-007
  0.66666666666666663       0.73333333333333328        1.5966933648690760E-007
  0.66666666666666663       0.76666666666666661        4.0563493050379818E-008
  0.66666666666666663       0.80000000000000004        9.5828605160898432E-009
  0.66666666666666663       0.83333333333333337        2.0990756418450774E-009
  0.66666666666666663       0.86666666666666670        4.2491361361119116E-010
  0.66666666666666663       0.90000000000000002        7.9192584021388414E-011
  0.66666666666666663       0.93333333333333335        1.3526599308388856E-011
  0.66666666666666663       0.96666666666666667        2.0710294769327665E-012
  0.66666666666666663        1.0000000000000000        0.0000000000000000     

  0.69999999999999996        0.0000000000000000       0.80901699437494745     
  0.69999999999999996        3.3333333333333333E-002  0.65020023652247350     
  0.69999999999999996        6.6666666666666666E-002  0.50538238386003420     
  0.69999999999999996       0.10000000000000001       0.37881419578747610     
  0.69999999999999996       0.13333333333333333       0.27312612562354227     
  0.69999999999999996       0.16666666666666666       0.18899919041817106     
  0.69999999999999996       0.20000000000000001       0.12527275984354305     
  0.69999999999999996       0.23333333333333334        7.9393519015357253E-002
  0.69999999999999996       0.26666666666666666        4.8034061751560754E-002
  0.69999999999999996       0.29999999999999999        2.7701852692362722E-002
  0.69999999999999996       0.33333333333333331        1.5207678471122666E-002
  0.69999999999999996       0.36666666666666664        7.9366553709833507E-003
  0.69999999999999996       0.40000000000000002        3.9325404516782313E-003
  0.69999999999999996       0.43333333333333335        1.8476285971850608E-003
  0.69999999999999996       0.46666666666666667        8.2205573626826373E-004
  0.69999999999999996       0.50000000000000000        3.4590590977112522E-004
  0.69999999999999996       0.53333333333333333        1.3746339355160544E-004
  0.69999999999999996       0.56666666666666665        5.1518067190726524E-005
  0.69999999999999996       0.59999999999999998        1.8180541121566838E-005
  0.69999999999999996       0.63333333333333330        6.0313058284765862E-006
  0.69999999999999996       0.66666666666666663        1.8775745075993194E-006
  0.69999999999999996       0.69999999999999996        5.4741760266829221E-007
  0.69999999999999996       0.73333333333333328        1.4915868071998610E-007
  0.69999999999999996       0.76666666666666661        3.7893293990641035E-008
  0.69999999999999996       0.80000000000000004        8.9520434139263155E-009
  0.69999999999999996       0.83333333333333337        1.9608984439835928E-009
  0.69999999999999996       0.86666666666666670        3.9694255278253830E-010
  0.69999999999999996       0.90000000000000002        7.3979523027613488E-011
  0.69999999999999996       0.93333333333333335        1.2636175184661055E-011
  0.69999999999999996       0.96666666666666667        1.9346984919476017E-012
  0.69999999999999996        1.0000000000000000        0.0000000000000000     

  0.73333333333333328        0.0000000000000000       0.74314482547739447     
  0.73333333333333328        3.3333333333333333E-002  0.59725932168974083     
  0.73333333333333328        6.6666666666666666E-002  0.46423289753410496     
  0.73333333333333328       0.10000000000000001       0.34797020504413889     
  0.73333333333333328       0.13333333333333333       0.25088751950957727     
  0.73333333333333328       0.16666666666666666       0.17361040788419554     
  0.73333333333333328       0.20000000000000001       0.11507274123818356     
  0.73333333333333328       0.23333333333333334        7.2929101913722316E-002
  0.73333333333333328       0.26666666666666666        4.4123009387353099E-002
  0.73333333333333328       0.29999999999999999        2.5446299184817070E-002
  0.73333333333333328       0.33333333333333331        1.3969431596514738E-002
  0.73333333333333328       0.36666666666666664        7.2904332190210051E-003
  0.73333333333333328       0.40000000000000002        3.6123432609757675E-003
  0.73333333333333328       0.43333333333333335        1.6971900973019331E-003
  0.73333333333333328       0.46666666666666667        7.5512192068815634E-004
  0.73333333333333328       0.50000000000000000        3.1774139324114843E-004
  0.73333333333333328       0.53333333333333333        1.2627078333424141E-004
  0.73333333333333328       0.56666666666666665        4.7323338468266300E-005
  0.73333333333333328       0.59999999999999998        1.6700236401473740E-005
  0.73333333333333328       0.63333333333333330        5.5402219588315976E-006
  0.73333333333333328       0.66666666666666663        1.7246977374668468E-006
  0.73333333333333328       0.69999999999999996        5.0284550463922758E-007
  0.73333333333333328       0.73333333333333328        1.3701381123363576E-007
  0.73333333333333328       0.76666666666666661        3.4807928072259236E-008
  0.73333333333333328       0.80000000000000004        8.2231458507842925E-009
  0.73333333333333328       0.83333333333333337        1.8012372324254434E-009
  0.73333333333333328       0.86666666666666670        3.6462250628003069E-010
  0.73333333333333328       0.90000000000000002        6.7955926898337562E-011
  0.73333333333333328       0.93333333333333335        1.1607306481320454E-011
  0.73333333333333328       0.96666666666666667        1.7771705454229711E-012
  0.73333333333333328        1.0000000000000000        0.0000000000000000     

  0.76666666666666661        0.0000000000000000       0.66913060635885835     
  0.76666666666666661        3.3333333333333333E-002  0.53777470874402722     
  0.76666666666666661        6.6666666666666666E-002  0.41799717843581286     
  0.76666666666666661       0.10000000000000001       0.31331377991689124     
  0.76666666666666661       0.13333333333333333       0.22590013723027663     
  0.76666666666666661       0.16666666666666666       0.15631951339112726     
  0.76666666666666661       0.20000000000000001       0.10361196159929931     
  0.76666666666666661       0.23333333333333334        6.5665658310124914E-002
  0.76666666666666661       0.26666666666666666        3.9728536098964290E-002
  0.76666666666666661       0.29999999999999999        2.2911950698422112E-002
  0.76666666666666661       0.33333333333333331        1.2578132706043901E-002
  0.76666666666666661       0.36666666666666664        6.5643355550898327E-003
  0.76666666666666661       0.40000000000000002        3.2525684815746287E-003
  0.76666666666666661       0.43333333333333335        1.5281568275529052E-003
  0.76666666666666661       0.46666666666666667        6.7991483132556860E-004
  0.76666666666666661       0.50000000000000000        2.8609563551516034E-004
  0.76666666666666661       0.53333333333333333        1.1369472399080723E-004
  0.76666666666666661       0.56666666666666665        4.2610125346502519E-005
  0.76666666666666661       0.59999999999999998        1.5036960396616961E-005
  0.76666666666666661       0.63333333333333330        4.9884382580396717E-006
  0.76666666666666661       0.66666666666666663        1.5529248180064830E-006
  0.76666666666666661       0.69999999999999996        4.5276412603414869E-007
  0.76666666666666661       0.73333333333333328        1.2336778975942647E-007
  0.76666666666666661       0.76666666666666661        3.1341199209890532E-008
  0.76666666666666661       0.80000000000000004        7.4041537808971793E-009
  0.76666666666666661       0.83333333333333337        1.6218412888157179E-009
  0.76666666666666661       0.86666666666666670        3.2830757929655413E-010
  0.76666666666666661       0.90000000000000002        6.1187791413271501E-011
  0.76666666666666661       0.93333333333333335        1.0451265699185467E-011
  0.76666666666666661       0.96666666666666667        1.6001715465058414E-012
  0.76666666666666661        1.0000000000000000        0.0000000000000000     

  0.80000000000000004        0.0000000000000000       0.58778525229247325     
  0.80000000000000004        3.3333333333333333E-002  0.47239812355272148     
  0.80000000000000004        6.6666666666666666E-002  0.36718179477904495     
  0.80000000000000004       0.10000000000000001       0.27522462345175064     
  0.80000000000000004       0.13333333333333333       0.19843774577483822     
  0.80000000000000004       0.16666666666666666       0.13731594959738461     
  0.80000000000000004       0.20000000000000001        9.1015987626936246E-002
  0.80000000000000004       0.23333333333333334        5.7682768012659355E-002
  0.80000000000000004       0.26666666666666666        3.4898788655344563E-002
  0.80000000000000004       0.29999999999999999        2.0126574085541325E-002
  0.80000000000000004       0.33333333333333331        1.1049025161502161E-002
  0.80000000000000004       0.36666666666666664        5.7663176571415694E-003
  0.80000000000000004       0.40000000000000002        2.8571578812456454E-003
  0.80000000000000004       0.43333333333333335        1.3423807518138325E-003
  0.80000000000000004       0.46666666666666667        5.9725845278965249E-004
  0.80000000000000004       0.50000000000000000        2.5131535413710755E-004
  0.80000000000000004       0.53333333333333333        9.9873001459179224E-005
  0.80000000000000004       0.56666666666666665        3.7430066774700480E-005
  0.80000000000000004       0.59999999999999998        1.3208936306968587E-005
  0.80000000000000004       0.63333333333333330        4.3820001837948456E-006
  0.80000000000000004       0.66666666666666663        1.3641377292696300E-006
  0.80000000000000004       0.69999999999999996        3.9772216891725517E-007
  0.80000000000000004       0.73333333333333328        1.0837012496424318E-007
  0.80000000000000004       0.76666666666666661        2.7531089610410689E-008
  0.80000000000000004       0.80000000000000004        6.5040402527677665E-009
  0.80000000000000004       0.83333333333333337        1.4246761126536179E-009
  0.80000000000000004       0.86666666666666670        2.8839564577152681E-010
  0.80000000000000004       0.90000000000000002        5.3749269681113124E-011
  0.80000000000000004       0.93333333333333335        9.1807186629822529E-012
  0.80000000000000004       0.96666666666666667        1.4056407332677697E-012
  0.80000000000000004        1.0000000000000000        0.0000000000000000     

  0.83333333333333337        0.0000000000000000       0.49999999999999994     
  0.83333333333333337        3.3333333333333333E-002  0.40184584566410930     
  0.83333333333333337        6.6666666666666666E-002  0.31234349054094734     
  0.83333333333333337       0.10000000000000001       0.23412004841761747     
  0.83333333333333337       0.13333333333333333       0.16880122885092272     
  0.83333333333333337       0.16666666666666666       0.11680792352464318     
  0.83333333333333337       0.20000000000000001        7.7422823447812580E-002
  0.83333333333333337       0.23333333333333334        4.9067893237951868E-002
  0.83333333333333337       0.26666666666666666        2.9686682780175853E-002
  0.83333333333333337       0.29999999999999999        1.7120686515222947E-002
  0.83333333333333337       0.33333333333333331        9.3988621851338414E-003
  0.83333333333333337       0.36666666666666664        4.9051227762621176E-003
  0.83333333333333337       0.40000000000000002        2.4304436612710102E-003
  0.83333333333333337       0.43333333333333335        1.1418972716466557E-003
  0.83333333333333337       0.46666666666666667        5.0805838566060657E-004
  0.83333333333333337       0.50000000000000000        2.1378160914800975E-004
  0.83333333333333337       0.53333333333333333        8.4957049423795277E-005
  0.83333333333333337       0.56666666666666665        3.1839916558569802E-005
  0.83333333333333337       0.59999999999999998        1.1236192346993438E-005
  0.83333333333333337       0.63333333333333330        3.7275519985438733E-006
  0.83333333333333337       0.66666666666666663        1.1604048621067270E-006
  0.83333333333333337       0.69999999999999996        3.3832268448898971E-007
  0.83333333333333337       0.73333333333333328        9.2185134402045033E-008
  0.83333333333333337       0.76666666666666661        2.3419343631908303E-008
  0.83333333333333337       0.80000000000000004        5.5326670985711063E-009
  0.83333333333333337       0.83333333333333337        1.2119018868686421E-009
  0.83333333333333337       0.86666666666666670        2.4532398920075785E-010
  0.83333333333333337       0.90000000000000002        4.5721859702570660E-011
  0.83333333333333337       0.93333333333333335        7.8095857519185114E-012
  0.83333333333333337       0.96666666666666667        1.1957094260067826E-012
  0.83333333333333337        1.0000000000000000        0.0000000000000000     

  0.86666666666666670        0.0000000000000000       0.40673664307580004     
  0.86666666666666670        3.3333333333333333E-002  0.32689086059875183     
  0.86666666666666670        6.6666666666666666E-002  0.25408308565840576     
  0.86666666666666670       0.10000000000000001       0.19045040514025111     
  0.86666666666666670       0.13333333333333333       0.13731529033978845     
  0.86666666666666670       0.16666666666666666        9.5020125398136326E-002
  0.86666666666666670       0.20000000000000001        6.2981398613227269E-002
  0.86666666666666670       0.23333333333333334        3.9915420356812600E-002
  0.86666666666666670       0.26666666666666666        2.4149323396129775E-002
  0.86666666666666670       0.29999999999999999        1.3927221120709802E-002
  0.86666666666666670       0.33333333333333331        7.6457233078268379E-003
  0.86666666666666670       0.36666666666666664        3.9901863437830053E-003
  0.86666666666666670       0.40000000000000002        1.9771009919404559E-003
  0.86666666666666670       0.43333333333333335        9.2890292601395172E-004
  0.86666666666666670       0.46666666666666667        4.1329192454021081E-004
  0.86666666666666670       0.50000000000000000        1.7390562811240852E-004
  0.86666666666666670       0.53333333333333333        6.9110290176518672E-005
  0.86666666666666670       0.56666666666666665        2.5900921553692531E-005
  0.86666666666666670       0.59999999999999998        9.1403423123402156E-006
  0.86666666666666670       0.63333333333333330        3.0322639735564501E-006
  0.86666666666666670       0.66666666666666663        9.4395835644425407E-007
  0.86666666666666670       0.69999999999999996        2.7521646593088951E-007
  0.86666666666666670       0.73333333333333328        7.4990144216358530E-008
  0.86666666666666670       0.76666666666666661        1.9051010423762000E-008
  0.86666666666666670       0.80000000000000004        4.5006768858574785E-009
  0.86666666666666670       0.83333333333333337        9.8584981040435943E-010
  0.86666666666666670       0.86666666666666670        1.9956451166696021E-010
  0.86666666666666670       0.90000000000000002        3.7193511461212587E-011
  0.86666666666666670       0.93333333333333335        6.3528893850958687E-012
  0.86666666666666670       0.96666666666666667        9.7267767605618133E-013
  0.86666666666666670        1.0000000000000000        0.0000000000000000     

  0.90000000000000002        0.0000000000000000       0.30901699437494751     
  0.90000000000000002        3.3333333333333333E-002  0.24835439085836417     
  0.90000000000000002        6.6666666666666666E-002  0.19303889331908675     
  0.90000000000000002       0.10000000000000001       0.14469414736985864     
  0.90000000000000002       0.13333333333333333       0.10432489677261961     
  0.90000000000000002       0.16666666666666666        7.2191266893527894E-002
  0.90000000000000002       0.20000000000000001        4.7849936395730493E-002
  0.90000000000000002       0.23333333333333334        3.0325625777405388E-002
  0.90000000000000002       0.26666666666666666        1.8347378971384897E-002
  0.90000000000000002       0.29999999999999999        1.0581166177139775E-002
  0.90000000000000002       0.33333333333333331        5.8088162859888208E-003
  0.90000000000000002       0.36666666666666664        3.0315325947212345E-003
  0.90000000000000002       0.40000000000000002        1.5020967904072207E-003
  0.90000000000000002       0.43333333333333335        7.0573132553840485E-004
  0.90000000000000002       0.46666666666666667        3.1399735060765705E-004
  0.90000000000000002       0.50000000000000000        1.3212430062311544E-004
  0.90000000000000002       0.53333333333333333        5.2506344127810153E-005
  0.90000000000000002       0.56666666666666665        1.9678150632156718E-005
  0.90000000000000002       0.59999999999999998        6.9443487745733954E-006
  0.90000000000000002       0.63333333333333330        2.3037538299327120E-006
  0.90000000000000002       0.66666666666666663        7.1716964549259221E-007
  0.90000000000000002       0.69999999999999996        2.0909491817930250E-007
  0.90000000000000002       0.73333333333333328        5.6973546317941055E-008
  0.90000000000000002       0.76666666666666661        1.4473950358732735E-008
  0.90000000000000002       0.80000000000000004        3.4193763153552084E-009
  0.90000000000000002       0.83333333333333337        7.4899655711495054E-010
  0.90000000000000002       0.86666666666666670        1.5161856358178047E-010
  0.90000000000000002       0.90000000000000002        2.8257663325042822E-011
  0.90000000000000002       0.93333333333333335        4.8265894327425438E-012
  0.90000000000000002       0.96666666666666667        7.3898906594081904E-013
  0.90000000000000002        1.0000000000000000        0.0000000000000000     

  0.93333333333333335        0.0000000000000000       0.20791169081775931     
  0.93333333333333335        3.3333333333333333E-002  0.16709689844023470     
  0.93333333333333335        6.6666666666666666E-002  0.12987972646857840     
  0.93333333333333335       0.10000000000000001        9.7352590241685064E-002
  0.93333333333333335       0.13333333333333333        7.0191497805021777E-002
  0.93333333333333335       0.16666666666666666        4.8571465761840182E-002
  0.93333333333333335       0.20000000000000001        3.2194220261839150E-002
  0.93333333333333335       0.23333333333333334        2.0403577295935744E-002
  0.93333333333333335       0.26666666666666666        1.2344416823193644E-002
  0.93333333333333335       0.29999999999999999        7.1191817626816293E-003
  0.93333333333333335       0.33333333333333331        3.9082666573485546E-003
  0.93333333333333335       0.36666666666666664        2.0396647401627172E-003
  0.93333333333333335       0.40000000000000002        1.0106353021043224E-003
  0.93333333333333335       0.43333333333333335        4.7482758497648488E-004
  0.93333333333333335       0.46666666666666667        2.1126255599367592E-004
  0.93333333333333335       0.50000000000000000        8.8895391647408130E-005
  0.93333333333333335       0.53333333333333333        3.5327127585178448E-005
  0.93333333333333335       0.56666666666666665        1.3239781774377239E-005
  0.93333333333333335       0.59999999999999998        4.6722714984339459E-006
  0.93333333333333335       0.63333333333333330        1.5500032772567494E-006
  0.93333333333333335       0.66666666666666663        4.8252347382751695E-007
  0.93333333333333335       0.69999999999999996        1.4068248274821837E-007
  0.93333333333333335       0.73333333333333328        3.8332734323583160E-008
  0.93333333333333335       0.76666666666666661        9.7383106647043595E-009
  0.93333333333333335       0.80000000000000004        2.3006123423914106E-009
  0.93333333333333335       0.83333333333333337        5.0393714080818451E-010
  0.93333333333333335       0.86666666666666670        1.0201145078577458E-010
  0.93333333333333335       0.90000000000000002        1.9012218316187684E-011
  0.93333333333333335       0.93333333333333335        3.2474083565353202E-012
  0.93333333333333335       0.96666666666666667        4.9720393697560535E-013
  0.93333333333333335        1.0000000000000000        0.0000000000000000     

  0.96666666666666667        0.0000000000000000       0.10452846326765373     
  0.96666666666666667        3.3333333333333333E-002   8.4008657435520065E-002
  0.96666666666666667        6.6666666666666666E-002   6.5297570155800191E-002
  0.96666666666666667       0.10000000000000001        4.8944417762484371E-002
  0.96666666666666667       0.13333333333333333        3.5289066098956885E-002
  0.96666666666666667       0.16666666666666666        2.4419505487033082E-002
  0.96666666666666667       0.20000000000000001        1.6185777513685391E-002
  0.96666666666666667       0.23333333333333334        1.0257982951888791E-002
  0.96666666666666667       0.26666666666666666        6.2062066610521849E-003
  0.96666666666666667       0.29999999999999999        3.5791981030469837E-003
  0.96666666666666667       0.33333333333333331        1.9648972413529998E-003
  0.96666666666666667       0.36666666666666664        1.0254498918836903E-003
  0.96666666666666667       0.40000000000000002        5.0810108194253604E-004
  0.96666666666666667       0.43333333333333335        2.3872153402950232E-004
  0.96666666666666667       0.46666666666666667        1.0621312460669608E-004
  0.96666666666666667       0.50000000000000000        4.4692526158255167E-005
  0.96666666666666667       0.53333333333333333        1.7760859640046809E-005
  0.96666666666666667       0.56666666666666665        6.6563550968752291E-006
  0.96666666666666667       0.59999999999999998        2.3490038380219852E-006
  0.96666666666666667       0.63333333333333330        7.7927056431612312E-007
  0.96666666666666667       0.66666666666666663        2.4259067400865902E-007
  0.96666666666666667       0.69999999999999996        7.0728700596442559E-008
  0.96666666666666667       0.73333333333333328        1.9271940870335730E-008
  0.96666666666666667       0.76666666666666661        4.8959760011609615E-009
  0.96666666666666667       0.80000000000000004        1.1566423791702896E-009
  0.96666666666666667       0.83333333333333337        2.5335648373109760E-010
  0.96666666666666667       0.86666666666666670        5.1286679187691275E-011
  0.96666666666666667       0.90000000000000002        9.5584714648979269E-012
  0.96666666666666667       0.93333333333333335        1.6326479948100083E-012
  0.96666666666666667       0.96666666666666667        2.4997133763027404E-013
  0.96666666666666667        1.0000000000000000        0.0000000000000000     

   1.0000000000000000        0.0000000000000000        1.2246467991473532E-016
   1.0000000000000000        3.3333333333333333E-002   0.0000000000000000     
   1.0000000000000000        6.6666666666666666E-002   0.0000000000000000     
   1.0000000000000000       0.10000000000000001        0.0000000000000000     
   1.0000000000000000       0.13333333333333333        0.0000000000000000     
   1.0000000000000000       0.16666666666666666        0.0000000000000000     
   1.0000000000000000       0.20000000000000001        0.0000000000000000     
   1.0000000000000000       0.23333333333333334        0.0000000000000000     
   1.0000000000000000       0.26666666666666666        0.0000000000000000     
   1.0000000000000000       0.29999999999999999        0.0000000000000000     
   1.0000000000000000       0.33333333333333331        0.0000000000000000     
   1.0000000000000000       0.36666666666666664        0.0000000000000000     
   1.0000000000000000       0.40000000000000002        0.0000000000000000     
   1.0000000000000000       0.43333333333333335        0.0000000000000000     
   1.0000000000000000       0.46666666666666667        0.0000000000000000     
   1.0000000000000000       0.50000000000000000        0.0000000000000000     
   1.0000000000000000       0.53333333333333333        0.0000000000000000     
   1.0000000000000000       0.56666666666666665        0.0000000000000000     
   1.0000000000000000       0.59999999999999998        0.0000000000000000     
   1.0000000000000000       0.63333333333333330        0.0000000000000000     
   1.0000000000000000       0.66666666666666663        0.0000000000000000     
   1.0000000000000000       0.69999999999999996        0.0000000000000000     
   1.0000000000000000       0.73333333333333328        0.0000000000000000     
   1.0000000000000000       0.76666666666666661        0.0000000000000000     
   1.0000000000000000       0.80000000000000004        0.0000000000000000     
   1.0000000000000000       0.83333333333333337        0.0000000000000000     
   1.0000000000000000       0.86666666666666670        0.0000000000000000     
   1.0000000000000000       0.90000000000000002        0.0000000000000000     
   1.0000000000000000       0.93333333333333335        0.0000000000000000     
   1.0000000000000000       0.96666666666666667        0.0000000000000000     
   1.0000000000000000        1.0000000000000000        0.0000000000000000     

