   0.0000000000000000        0.0000000000000000        0.0000000000000000     
   0.0000000000000000        3.3333333333333333E-002   0.0000000000000000     
   0.0000000000000000        6.6666666666666666E-002   0.0000000000000000     
   0.0000000000000000       0.10000000000000001        0.0000000000000000     
   0.0000000000000000       0.13333333333333333        0.0000000000000000     
   0.0000000000000000       0.16666666666666666        0.0000000000000000     
   0.0000000000000000       0.20000000000000001        0.0000000000000000     
   0.0000000000000000       0.23333333333333334        0.0000000000000000     
   0.0000000000000000       0.26666666666666666        0.0000000000000000     
   0.0000000000000000       0.29999999999999999        0.0000000000000000     
   0.0000000000000000       0.33333333333333331        0.0000000000000000     
   0.0000000000000000       0.36666666666666664        0.0000000000000000     
   0.0000000000000000       0.40000000000000002        0.0000000000000000     
   0.0000000000000000       0.43333333333333335        0.0000000000000000     
   0.0000000000000000       0.46666666666666667        0.0000000000000000     
   0.0000000000000000       0.50000000000000000        0.0000000000000000     
   0.0000000000000000       0.53333333333333333        0.0000000000000000     
   0.0000000000000000       0.56666666666666665        0.0000000000000000     
   0.0000000000000000       0.59999999999999998        0.0000000000000000     
   0.0000000000000000       0.63333333333333330        0.0000000000000000     
   0.0000000000000000       0.66666666666666663        0.0000000000000000     
   0.0000000000000000       0.69999999999999996        0.0000000000000000     
   0.0000000000000000       0.73333333333333328        0.0000000000000000     
   0.0000000000000000       0.76666666666666661        0.0000000000000000     
   0.0000000000000000       0.80000000000000004        0.0000000000000000     
   0.0000000000000000       0.83333333333333337        0.0000000000000000     
   0.0000000000000000       0.86666666666666670        0.0000000000000000     
   0.0000000000000000       0.90000000000000002        0.0000000000000000     
   0.0000000000000000       0.93333333333333335        0.0000000000000000     
   0.0000000000000000       0.96666666666666667        0.0000000000000000     
   0.0000000000000000        1.0000000000000000        0.0000000000000000     

   3.3333333333333333E-002   0.0000000000000000       0.10452846326765346     
   3.3333333333333333E-002   3.3333333333333333E-002   8.5865368610506837E-002
   3.3333333333333333E-002   6.6666666666666666E-002   6.8756481654917698E-002
   3.3333333333333333E-002  0.10000000000000001        5.3553705368302472E-002
   3.3333333333333333E-002  0.13333333333333333        4.0496282341266232E-002
   3.3333333333333333E-002  0.16666666666666666        2.9679285672729826E-002
   3.3333333333333333E-002  0.20000000000000001        2.1049913840400059E-002
   3.3333333333333333E-002  0.23333333333333334        1.4428574386643517E-002
   3.3333333333333333E-002  0.26666666666666666        9.5466464282060615E-003
   3.3333333333333333E-002  0.29999999999999999        6.0906068417569403E-003
   3.3333333333333333E-002  0.33333333333333331        3.7430093616633276E-003
   3.3333333333333333E-002  0.36666666666666664        2.2137672463799760E-003
   3.3333333333333333E-002  0.40000000000000002        1.2589776841620572E-003
   3.3333333333333333E-002  0.43333333333333335        6.8789340436342433E-004
   3.3333333333333333E-002  0.46666666666666667        3.6082382956511612E-004
   3.3333333333333333E-002  0.50000000000000000        1.8155196907712262E-004
   3.3333333333333333E-002  0.53333333333333333        8.7559126571016532E-005
   3.3333333333333333E-002  0.56666666666666665        4.0444343713511443E-005
   3.3333333333333333E-002  0.59999999999999998        1.7878279009813189E-005
   3.3333333333333333E-002  0.63333333333333330        7.5570394472460413E-006
   3.3333333333333333E-002  0.66666666666666663        3.0518959664472147E-006
   3.3333333333333333E-002  0.69999999999999996        1.1765163129197587E-006
   3.3333333333333333E-002  0.73333333333333328        4.3254896343049771E-007
   3.3333333333333333E-002  0.76666666666666661        1.5151578795587148E-007
   3.3333333333333333E-002  0.80000000000000004        5.0514448702607684E-008
   3.3333333333333333E-002  0.83333333333333337        1.6011345739577981E-008
   3.3333333333333333E-002  0.86666666666666670        4.8192147398234515E-009
   3.3333333333333333E-002  0.90000000000000002        1.3754555460338898E-009
   3.3333333333333333E-002  0.93333333333333335        3.7079552648302764E-010
   3.3333333333333333E-002  0.96666666666666667        8.9861785113925456E-011
   3.3333333333333333E-002   1.0000000000000000        0.0000000000000000     

   6.6666666666666666E-002   0.0000000000000000       0.20791169081775931     
   6.6666666666666666E-002   3.3333333333333333E-002  0.17078997827403339     
   6.6666666666666666E-002   6.6666666666666666E-002  0.13675965290860534     
   6.6666666666666666E-002  0.10000000000000001       0.10652066513375649     
   6.6666666666666666E-002  0.13333333333333333        8.0548878938809673E-002
   6.6666666666666666E-002  0.16666666666666666        5.9033398880839416E-002
   6.6666666666666666E-002  0.20000000000000001        4.1869200419787027E-002
   6.6666666666666666E-002  0.23333333333333334        2.8699066292933666E-002
   6.6666666666666666E-002  0.26666666666666666        1.8988697800380497E-002
   6.6666666666666666E-002  0.29999999999999999        1.2114483720414172E-002
   6.6666666666666666E-002  0.33333333333333331        7.4450095294852064E-003
   6.6666666666666666E-002  0.36666666666666664        4.4032799955480350E-003
   6.6666666666666666E-002  0.40000000000000002        2.5041617453584169E-003
   6.6666666666666666E-002  0.43333333333333335        1.3682501046376938E-003
   6.6666666666666666E-002  0.46666666666666667        7.1769439774627619E-004
   6.6666666666666666E-002  0.50000000000000000        3.6111481678884430E-004
   6.6666666666666666E-002  0.53333333333333333        1.7415893702839584E-004
   6.6666666666666666E-002  0.56666666666666665        8.0445570733774633E-005
   6.6666666666666666E-002  0.59999999999999998        3.5560679853524461E-005
   6.6666666666666666E-002  0.63333333333333330        1.5031282388895883E-005
   6.6666666666666666E-002  0.66666666666666663        6.0703547220357442E-006
   6.6666666666666666E-002  0.69999999999999996        2.3401424669133018E-006
   6.6666666666666666E-002  0.73333333333333328        8.6035882990096110E-007
   6.6666666666666666E-002  0.76666666666666661        3.0137153723218144E-007
   6.6666666666666666E-002  0.80000000000000004        1.0047545053440162E-007
   6.6666666666666666E-002  0.83333333333333337        3.1847267824643646E-008
   6.6666666666666666E-002  0.86666666666666670        9.5856291544718764E-009
   6.6666666666666666E-002  0.90000000000000002        2.7358413132728553E-009
   6.6666666666666666E-002  0.93333333333333335        7.3752853958395498E-010
   6.6666666666666666E-002  0.96666666666666667        1.7873902570535526E-010
   6.6666666666666666E-002   1.0000000000000000        0.0000000000000000     

  0.10000000000000001        0.0000000000000000       0.30901699437494740     
  0.10000000000000001        3.3333333333333333E-002  0.25384337719548900     
  0.10000000000000001        6.6666666666666666E-002  0.20326445678622904     
  0.10000000000000001       0.10000000000000001       0.15832056220112284     
  0.10000000000000001       0.13333333333333333       0.11971896516276294     
  0.10000000000000001       0.16666666666666666        8.7740729817277610E-002
  0.10000000000000001       0.20000000000000001        6.2229759277681346E-002
  0.10000000000000001       0.23333333333333334        4.2655125223252710E-002
  0.10000000000000001       0.26666666666666666        2.8222705025813487E-002
  0.10000000000000001       0.29999999999999999        1.8005631780311847E-002
  0.10000000000000001       0.33333333333333331        1.1065440614933642E-002
  0.10000000000000001       0.36666666666666664        6.5445494876392911E-003
  0.10000000000000001       0.40000000000000002        3.7219096864430953E-003
  0.10000000000000001       0.43333333333333335        2.0336159704408109E-003
  0.10000000000000001       0.46666666666666667        1.0667017559185200E-003
  0.10000000000000001       0.50000000000000000        5.3672121499969382E-004
  0.10000000000000001       0.53333333333333333        2.5885062572659145E-004
  0.10000000000000001       0.56666666666666665        1.1956541924676065E-004
  0.10000000000000001       0.59999999999999998        5.2853470447209851E-005
  0.10000000000000001       0.63333333333333330        2.2340839455194924E-005
  0.10000000000000001       0.66666666666666663        9.0223054009862582E-006
  0.10000000000000001       0.69999999999999996        3.4781295303330487E-006
  0.10000000000000001       0.73333333333333328        1.2787424249893697E-006
  0.10000000000000001       0.76666666666666661        4.4792539688052695E-007
  0.10000000000000001       0.80000000000000004        1.4933562230430091E-007
  0.10000000000000001       0.83333333333333337        4.7334264578953263E-008
  0.10000000000000001       0.86666666666666670        1.4247021410182049E-008
  0.10000000000000001       0.90000000000000002        4.0662526305720016E-009
  0.10000000000000001       0.93333333333333335        1.0961810356674313E-009
  0.10000000000000001       0.96666666666666667        2.6565796412761151E-010
  0.10000000000000001        1.0000000000000000        0.0000000000000000     

  0.13333333333333333        0.0000000000000000       0.40673664307580015     
  0.13333333333333333        3.3333333333333333E-002  0.33411561495624909     
  0.13333333333333333        6.6666666666666666E-002  0.26754225273948068     
  0.13333333333333333       0.10000000000000001       0.20838586605830614     
  0.13333333333333333       0.13333333333333333       0.15757738535158891     
  0.13333333333333333       0.16666666666666666       0.11548675495690962     
  0.13333333333333333       0.20000000000000001        8.1908515870515078E-002
  0.13333333333333333       0.23333333333333334        5.6143845675467000E-002
  0.13333333333333333       0.26666666666666666        3.7147498389002956E-002
  0.13333333333333333       0.29999999999999999        2.3699506370503737E-002
  0.13333333333333333       0.33333333333333331        1.4564636417412548E-002
  0.13333333333333333       0.36666666666666664        8.6141155260089450E-003
  0.13333333333333333       0.40000000000000002        4.8988796061434298E-003
  0.13333333333333333       0.43333333333333335        2.6767011141102777E-003
  0.13333333333333333       0.46666666666666667        1.4040221064312275E-003
  0.13333333333333333       0.50000000000000000        7.0644718326287180E-004
  0.13333333333333333       0.53333333333333333        3.4070629280135063E-004
  0.13333333333333333       0.56666666666666665        1.5737528400580663E-004
  0.13333333333333333       0.59999999999999998        6.9567187358375877E-005
  0.13333333333333333       0.63333333333333330        2.9405625609301628E-005
  0.13333333333333333       0.66666666666666663        1.1875405813924783E-005
  0.13333333333333333       0.69999999999999996        4.5780094787730708E-006
  0.13333333333333333       0.73333333333333328        1.6831158504755388E-006
  0.13333333333333333       0.76666666666666661        5.8957169214623405E-007
  0.13333333333333333       0.80000000000000004        1.9655964174574623E-007
  0.13333333333333333       0.83333333333333337        6.2302657225204222E-008
  0.13333333333333333       0.86666666666666670        1.8752320317941365E-008
  0.13333333333333333       0.90000000000000002        5.3521132331325336E-009
  0.13333333333333333       0.93333333333333335        1.4428235429335061E-009
  0.13333333333333333       0.96666666666666667        3.4966629830238250E-010
  0.13333333333333333        1.0000000000000000        0.0000000000000000     

  0.16666666666666666        0.0000000000000000       0.49999999999999994     
  0.16666666666666666        3.3333333333333333E-002  0.41072721212136121     
  0.16666666666666666        6.6666666666666666E-002  0.32888879978490287     
  0.16666666666666666       0.10000000000000001       0.25616805075940868     
  0.16666666666666666       0.13333333333333333       0.19370935473131504     
  0.16666666666666666       0.16666666666666666       0.14196748304207654     
  0.16666666666666666       0.20000000000000001       0.10068986562301255     
  0.16666666666666666       0.23333333333333334        6.9017442405605839E-002
  0.16666666666666666       0.26666666666666666        4.5665295986228704E-002
  0.16666666666666666       0.29999999999999999        2.9133724209459849E-002
  0.16666666666666666       0.33333333333333331        1.7904259015456170E-002
  0.16666666666666666       0.36666666666666664        1.0589303512056083E-002
  0.16666666666666666       0.40000000000000002        6.0221763757223922E-003
  0.16666666666666666       0.43333333333333335        3.2904597602378335E-003
  0.16666666666666666       0.46666666666666667        1.7259596969353599E-003
  0.16666666666666666       0.50000000000000000        8.6843316835264449E-004
  0.16666666666666666       0.53333333333333333        4.1882911043480286E-004
  0.16666666666666666       0.56666666666666665        1.9346091222038959E-004
  0.16666666666666666       0.59999999999999998        8.5518711606973668E-005
  0.16666666666666666       0.63333333333333330        3.6148237575710068E-005
  0.16666666666666666       0.66666666666666663        1.4598396795677516E-005
  0.16666666666666666       0.69999999999999996        5.6277317973535816E-006
  0.16666666666666666       0.73333333333333328        2.0690487064892630E-006
  0.16666666666666666       0.76666666666666661        7.2475851657697873E-007
  0.16666666666666666       0.80000000000000004        2.4163011261947576E-007
  0.16666666666666666       0.83333333333333337        7.6588448921226622E-008
  0.16666666666666666       0.86666666666666670        2.3052164880122011E-008
  0.16666666666666666       0.90000000000000002        6.5793349631091681E-009
  0.16666666666666666       0.93333333333333335        1.7736581735329643E-009
  0.16666666666666666       0.96666666666666667        4.2984361534057555E-010
  0.16666666666666666        1.0000000000000000        0.0000000000000000     

  0.20000000000000001        0.0000000000000000       0.58778525229247314     
  0.20000000000000001        3.3333333333333333E-002  0.48283879600027685     
  0.20000000000000001        6.6666666666666666E-002  0.38663197231547558     
  0.20000000000000001       0.10000000000000001       0.30114360468978013     
  0.20000000000000001       0.13333333333333333       0.22771900388431635     
  0.20000000000000001       0.16666666666666666       0.16689278567442872     
  0.20000000000000001       0.20000000000000001       0.11836803613703528     
  0.20000000000000001       0.23333333333333334        8.1134869593920522E-002
  0.20000000000000001       0.26666666666666666        5.3682775044551809E-002
  0.20000000000000001       0.29999999999999999        3.4248746869353378E-002
  0.20000000000000001       0.33333333333333331        2.1047718805019381E-002
  0.20000000000000001       0.36666666666666664        1.2448472872870913E-002
  0.20000000000000001       0.40000000000000002        7.0794929207075160E-003
  0.20000000000000001       0.43333333333333335        3.8681674406592518E-003
  0.20000000000000001       0.46666666666666667        2.0289873118195818E-003
  0.20000000000000001       0.50000000000000000        1.0209044179186220E-003
  0.20000000000000001       0.53333333333333333        4.9236314868870534E-004
  0.20000000000000001       0.56666666666666665        2.2742694219638737E-004
  0.20000000000000001       0.59999999999999998        1.0053327495526451E-004
  0.20000000000000001       0.63333333333333330        4.2494801886733993E-005
  0.20000000000000001       0.66666666666666663        1.7161444687225879E-005
  0.20000000000000001       0.69999999999999996        6.6157955086836967E-006
  0.20000000000000001       0.73333333333333328        2.4323126318984133E-006
  0.20000000000000001       0.76666666666666661        8.5200473503463600E-007
  0.20000000000000001       0.80000000000000004        2.8405323341499451E-007
  0.20000000000000001       0.83333333333333337        9.0035121543704759E-008
  0.20000000000000001       0.86666666666666670        2.7099445099900412E-008
  0.20000000000000001       0.90000000000000002        7.7344721224156234E-009
  0.20000000000000001       0.93333333333333335        2.0850602340213615E-009
  0.20000000000000001       0.96666666666666667        5.0531147577853799E-010
  0.20000000000000001        1.0000000000000000        0.0000000000000000     

  0.23333333333333334        0.0000000000000000       0.66913060635885824     
  0.23333333333333334        3.3333333333333333E-002  0.54966029698969965     
  0.23333333333333334        6.6666666666666666E-002  0.44013912404941835     
  0.23333333333333334       0.10000000000000001       0.34281976626881977     
  0.23333333333333334       0.13333333333333333       0.25923371597749595     
  0.23333333333333334       0.16666666666666666       0.18998957602237118     
  0.23333333333333334       0.20000000000000001       0.13474934167703667     
  0.23333333333333334       0.23333333333333334        9.2363366172401221E-002
  0.23333333333333334       0.26666666666666666        6.1112094385643904E-002
  0.23333333333333334       0.29999999999999999        3.8988533091535237E-002
  0.23333333333333334       0.33333333333333331        2.3960575382836479E-002
  0.23333333333333334       0.36666666666666664        1.4171254159880148E-002
  0.23333333333333334       0.40000000000000002        8.0592450597742303E-003
  0.23333333333333334       0.43333333333333335        4.4034946691347294E-003
  0.23333333333333334       0.46666666666666667        2.3097849171226171E-003
  0.23333333333333334       0.50000000000000000        1.1621904250438987E-003
  0.23333333333333334       0.53333333333333333        5.6050275325196161E-004
  0.23333333333333334       0.56666666666666665        2.5890123500153420E-004
  0.23333333333333334       0.59999999999999998        1.1444637470520521E-004
  0.23333333333333334       0.63333333333333330        4.8375784255677879E-005
  0.23333333333333334       0.66666666666666663        1.9536468199517819E-005
  0.23333333333333334       0.69999999999999996        7.5313751799764573E-006
  0.23333333333333334       0.73333333333333328        2.7689276311183435E-006
  0.23333333333333334       0.76666666666666661        9.6991621132180080E-007
  0.23333333333333334       0.80000000000000004        3.2336420754325805E-007
  0.23333333333333334       0.83333333333333337        1.0249535053348961E-007
  0.23333333333333334       0.86666666666666670        3.0849818128240838E-008
  0.23333333333333334       0.90000000000000002        8.8048687866065492E-009
  0.23333333333333334       0.93333333333333335        2.3736179382589149E-009
  0.23333333333333334       0.96666666666666667        5.7524303794464629E-010
  0.23333333333333334        1.0000000000000000        0.0000000000000000     

  0.26666666666666666        0.0000000000000000       0.74314482547739413     
  0.26666666666666666        3.3333333333333333E-002  0.61045960474149130     
  0.26666666666666666        6.6666666666666666E-002  0.48882401943524256     
  0.26666666666666666       0.10000000000000001       0.38073992274897006     
  0.26666666666666666       0.13333333333333333       0.28790820923028354     
  0.26666666666666666       0.16666666666666666       0.21100480081753778     
  0.26666666666666666       0.20000000000000001       0.14965430523151185     
  0.26666666666666666       0.23333333333333334       0.10257991038282012     
  0.26666666666666666       0.26666666666666666        6.7871856832118965E-002
  0.26666666666666666       0.29999999999999999        4.3301152786291146E-002
  0.26666666666666666       0.33333333333333331        2.6610914882686472E-002
  0.26666666666666666       0.36666666666666664        1.5738772220788153E-002
  0.26666666666666666       0.40000000000000002        8.9506984234606068E-003
  0.26666666666666666       0.43333333333333335        4.8905762885246666E-003
  0.26666666666666666       0.46666666666666667        2.5652760355200886E-003
  0.26666666666666666       0.50000000000000000        1.2907432306684130E-003
  0.26666666666666666       0.53333333333333333        6.2250137235784770E-004
  0.26666666666666666       0.56666666666666665        2.8753895169743781E-004
  0.26666666666666666       0.59999999999999998        1.2710557602443209E-004
  0.26666666666666666       0.63333333333333330        5.3726751409032889E-005
  0.26666666666666666       0.66666666666666663        2.1697446077947034E-005
  0.26666666666666666       0.69999999999999996        8.3644395287558187E-006
  0.26666666666666666       0.73333333333333328        3.0752056797763830E-006
  0.26666666666666666       0.76666666666666661        1.0772010826297079E-006
  0.26666666666666666       0.80000000000000004        3.5913233574536683E-007
  0.26666666666666666       0.83333333333333337        1.1383261901429857E-007
  0.26666666666666666       0.86666666666666670        3.4262194093428775E-008
  0.26666666666666666       0.90000000000000002        9.7787974658341611E-009
  0.26666666666666666       0.93333333333333335        2.6361697876534173E-009
  0.26666666666666666       0.96666666666666667        6.3887211700968844E-010
  0.26666666666666666        1.0000000000000000        0.0000000000000000     

  0.29999999999999999        0.0000000000000000       0.80901699437494745     
  0.29999999999999999        3.3333333333333333E-002  0.66457058931685020     
  0.29999999999999999        6.6666666666666666E-002  0.53215325657113199     
  0.29999999999999999       0.10000000000000001       0.41448861296053152     
  0.29999999999999999       0.13333333333333333       0.31342831989407799     
  0.29999999999999999       0.16666666666666666       0.22970821285935417     
  0.29999999999999999       0.20000000000000001       0.16291962490069387     
  0.29999999999999999       0.23333333333333334       0.11167256762885855     
  0.29999999999999999       0.26666666666666666        7.3888001012042195E-002
  0.29999999999999999       0.29999999999999999        4.7139355989771696E-002
  0.29999999999999999       0.33333333333333331        2.8969699630389811E-002
  0.29999999999999999       0.36666666666666664        1.7133852999695373E-002
  0.29999999999999999       0.40000000000000002        9.7440860621654888E-003
  0.29999999999999999       0.43333333333333335        5.3240757306786445E-003
  0.29999999999999999       0.46666666666666667        2.7926614528538795E-003
  0.29999999999999999       0.50000000000000000        1.4051543833523382E-003
  0.29999999999999999       0.53333333333333333        6.7767973616139426E-004
  0.29999999999999999       0.56666666666666665        3.1302633146715022E-004
  0.29999999999999999       0.59999999999999998        1.3837218205418352E-004
  0.29999999999999999       0.63333333333333330        5.8489077030904986E-005
  0.29999999999999999       0.66666666666666663        2.3620702196663775E-005
  0.29999999999999999       0.69999999999999996        9.1058613276866307E-006
  0.29999999999999999       0.73333333333333328        3.3477911314786326E-006
  0.29999999999999999       0.76666666666666661        1.1726839134575058E-006
  0.29999999999999999       0.80000000000000004        3.9096573492377662E-007
  0.29999999999999999       0.83333333333333337        1.2392271350017987E-007
  0.29999999999999999       0.86666666666666670        3.7299186290304060E-008
  0.29999999999999999       0.90000000000000002        1.0645587593681170E-008
  0.29999999999999999       0.93333333333333335        2.8698392092003952E-009
  0.29999999999999999       0.96666666666666667        6.9550157946818690E-010
  0.29999999999999999        1.0000000000000000        0.0000000000000000     

  0.33333333333333331        0.0000000000000000       0.86602540378443860     
  0.33333333333333331        3.3333333333333333E-002  0.71140039944531719     
  0.33333333333333331        6.6666666666666666E-002  0.56965211126779969     
  0.33333333333333331       0.10000000000000001       0.44369607919117887     
  0.33333333333333331       0.13333333333333333       0.33551444429602029     
  0.33333333333333331       0.16666666666666666       0.24589489365154954     
  0.33333333333333331       0.20000000000000001       0.17439996306634059     
  0.33333333333333331       0.23333333333333334       0.11954171685496807     
  0.33333333333333331       0.26666666666666666        7.9094612790819252E-002
  0.33333333333333331       0.29999999999999999        5.0461090544483882E-002
  0.33333333333333331       0.33333333333333331        3.1011086286643206E-002
  0.33333333333333331       0.36666666666666664        1.8341211699648689E-002
  0.33333333333333331       0.40000000000000002        1.0430715454892185E-002
  0.33333333333333331       0.43333333333333335        5.6992434849928346E-003
  0.33333333333333331       0.46666666666666667        2.9894498869082243E-003
  0.33333333333333331       0.50000000000000000        1.5041703705647965E-003
  0.33333333333333331       0.53333333333333333        7.2543329896195474E-004
  0.33333333333333331       0.56666666666666665        3.3508412924433743E-004
  0.33333333333333331       0.59999999999999998        1.4812275350110864E-004
  0.33333333333333331       0.63333333333333330        6.2610584085200262E-005
  0.33333333333333331       0.66666666666666663        2.5285164959164149E-005
  0.33333333333333331       0.69999999999999996        9.7475174043873197E-006
  0.33333333333333331       0.73333333333333328        3.5836974829740689E-006
  0.33333333333333331       0.76666666666666661        1.2553185739295774E-006
  0.33333333333333331       0.80000000000000004        4.1851563169552173E-007
  0.33333333333333331       0.83333333333333337        1.3265508480445827E-007
  0.33333333333333331       0.86666666666666670        3.9927520796826245E-008
  0.33333333333333331       0.90000000000000002        1.1395742436119385E-008
  0.33333333333333331       0.93333333333333335        3.0720660718189108E-009
  0.33333333333333331       0.96666666666666667        7.4451098107896981E-010
  0.33333333333333331        1.0000000000000000        0.0000000000000000     

  0.36666666666666664        0.0000000000000000       0.91354545764260087     
  0.36666666666666664        3.3333333333333333E-002  0.75043595792735718     
  0.36666666666666664        6.6666666666666666E-002  0.60090973822604954     
  0.36666666666666664       0.10000000000000001       0.46804231832883403     
  0.36666666666666664       0.13333333333333333       0.35392460223534417     
  0.36666666666666664       0.16666666666666666       0.25938749853208398     
  0.36666666666666664       0.20000000000000001       0.18396953874109392     
  0.36666666666666664       0.23333333333333334       0.12610114201550207     
  0.36666666666666664       0.26666666666666666        8.3434647440248269E-002
  0.36666666666666664       0.29999999999999999        5.3229962831528643E-002
  0.36666666666666664       0.33333333333333331        3.2712708992053141E-002
  0.36666666666666664       0.36666666666666664        1.9347620246075350E-002
  0.36666666666666664       0.40000000000000002        1.1003063746327545E-002
  0.36666666666666664       0.43333333333333335        6.0119691350420685E-003
  0.36666666666666664       0.46666666666666667        3.1534852824189959E-003
  0.36666666666666664       0.50000000000000000        1.5867063524294606E-003
  0.36666666666666664       0.53333333333333333        7.6523886273241080E-004
  0.36666666666666664       0.56666666666666665        3.5347067518066164E-004
  0.36666666666666664       0.59999999999999998        1.5625046106399672E-004
  0.36666666666666664       0.63333333333333330        6.6046116478151042E-005
  0.36666666666666664       0.66666666666666663        2.6672598163110991E-005
  0.36666666666666664       0.69999999999999996        1.0282377640606389E-005
  0.36666666666666664       0.73333333333333328        3.7803400949091302E-006
  0.36666666666666664       0.76666666666666661        1.3241997014133771E-006
  0.36666666666666664       0.80000000000000004        4.4148018362638429E-007
  0.36666666666666664       0.83333333333333337        1.3993405923975788E-007
  0.36666666666666664       0.86666666666666670        4.2118401030127512E-008
  0.36666666666666664       0.90000000000000002        1.2021043139715060E-008
  0.36666666666666664       0.93333333333333335        3.2406347356834236E-009
  0.36666666666666664       0.96666666666666667        7.8536336458211235E-010
  0.36666666666666664        1.0000000000000000        0.0000000000000000     

  0.40000000000000002        0.0000000000000000       0.95105651629515353     
  0.40000000000000002        3.3333333333333333E-002  0.78124958301552472     
  0.40000000000000002        6.6666666666666666E-002  0.62558367234384804     
  0.40000000000000002       0.10000000000000001       0.48726058788272653     
  0.40000000000000002       0.13333333333333333       0.36845708816909323     
  0.40000000000000002       0.16666666666666666       0.27003819969837722     
  0.40000000000000002       0.20000000000000001       0.19152350565129889     
  0.40000000000000002       0.23333333333333334       0.13127897667575378     
  0.40000000000000002       0.26666666666666666        8.6860554632499476E-002
  0.40000000000000002       0.29999999999999999        5.5415636506705321E-002
  0.40000000000000002       0.33333333333333331        3.4055924412171680E-002
  0.40000000000000002       0.36666666666666664        2.0142052216336186E-002
  0.40000000000000002       0.40000000000000002        1.1454860168819025E-002
  0.40000000000000002       0.43333333333333335        6.2588263931623606E-003
  0.40000000000000002       0.46666666666666667        3.2829704332663643E-003
  0.40000000000000002       0.50000000000000000        1.6518580474572573E-003
  0.40000000000000002       0.53333333333333333        7.9666030938624355E-004
  0.40000000000000002       0.56666666666666665        3.6798452243121246E-004
  0.40000000000000002       0.59999999999999998        1.6266625587795658E-004
  0.40000000000000002       0.63333333333333330        6.8758033797928765E-005
  0.40000000000000002       0.66666666666666663        2.7767800799982783E-005
  0.40000000000000002       0.69999999999999996        1.0704581995669120E-005
  0.40000000000000002       0.73333333333333328        3.9355645096773443E-006
  0.40000000000000002       0.76666666666666661        1.3785726198618892E-006
  0.40000000000000002       0.80000000000000004        4.5960778627976840E-007
  0.40000000000000002       0.83333333333333337        1.4567988683894220E-007
  0.40000000000000002       0.86666666666666670        4.3847823247900659E-008
  0.40000000000000002       0.90000000000000002        1.2514638779107018E-008
  0.40000000000000002       0.93333333333333335        3.3736983272373725E-009
  0.40000000000000002       0.96666666666666667        8.1761114271504370E-010
  0.40000000000000002        1.0000000000000000        0.0000000000000000     

  0.43333333333333335        0.0000000000000000       0.97814760073380569     
  0.43333333333333335        3.3333333333333333E-002  0.80350367418518864     
  0.43333333333333335        6.6666666666666666E-002  0.64340358083564742     
  0.43333333333333335       0.10000000000000001       0.50114032846994272     
  0.43333333333333335       0.13333333333333333       0.37895268114025887     
  0.43333333333333335       0.16666666666666666       0.27773030583964881     
  0.43333333333333335       0.20000000000000001       0.19697910095471799     
  0.43333333333333335       0.23333333333333334       0.13501849139565392     
  0.43333333333333335       0.26666666666666666        8.9334799411457388E-002
  0.43333333333333335       0.29999999999999999        5.6994164871847081E-002
  0.43333333333333335       0.33333333333333331        3.5026015997770117E-002
  0.43333333333333335       0.36666666666666664        2.0715803647519442E-002
  0.43333333333333335       0.40000000000000002        1.1781154746217328E-002
  0.43333333333333335       0.43333333333333335        6.4371106395755403E-003
  0.43333333333333335       0.46666666666666667        3.3764866730411369E-003
  0.43333333333333335       0.50000000000000000        1.6989116400435926E-003
  0.43333333333333335       0.53333333333333333        8.1935337897855306E-004
  0.43333333333333335       0.56666666666666665        3.7846665424829491E-004
  0.43333333333333335       0.59999999999999998        1.6729984515241511E-004
  0.43333333333333335       0.63333333333333330        7.0716623710872817E-005
  0.43333333333333335       0.66666666666666663        2.8558773600504077E-005
  0.43333333333333335       0.69999999999999996        1.1009504710309508E-005
  0.43333333333333335       0.73333333333333328        4.0476700561077130E-006
  0.43333333333333335       0.76666666666666661        1.4178416082023277E-006
  0.43333333333333335       0.80000000000000004        4.7269982984755880E-007
  0.43333333333333335       0.83333333333333337        1.4982961511244287E-007
  0.43333333333333335       0.86666666666666670        4.5096839538422894E-008
  0.43333333333333335       0.90000000000000002        1.2871121417178550E-008
  0.43333333333333335       0.93333333333333335        3.4697989739263463E-009
  0.43333333333333335       0.96666666666666667        8.4090100207225780E-010
  0.43333333333333335        1.0000000000000000        0.0000000000000000     

  0.46666666666666667        0.0000000000000000       0.99452189536827329     
  0.46666666666666667        3.3333333333333333E-002  0.81695441095652599     
  0.46666666666666667        6.6666666666666666E-002  0.65417422505495637     
  0.46666666666666667       0.10000000000000001       0.50952947074808630     
  0.46666666666666667       0.13333333333333333       0.38529638923590531     
  0.46666666666666667       0.16666666666666666       0.28237954063133835     
  0.46666666666666667       0.20000000000000001       0.20027655200755032     
  0.46666666666666667       0.23333333333333334       0.13727871526938754     
  0.46666666666666667       0.26666666666666666        9.0830273433554751E-002
  0.46666666666666667       0.29999999999999999        5.7948253239857118E-002
  0.46666666666666667       0.33333333333333331        3.5612355222431925E-002
  0.46666666666666667       0.36666666666666664        2.1062588398879860E-002
  0.46666666666666667       0.40000000000000002        1.1978372526850946E-002
  0.46666666666666667       0.43333333333333335        6.5448685547695286E-003
  0.46666666666666667       0.46666666666666667        3.4330094182508089E-003
  0.46666666666666667       0.50000000000000000        1.7273516011814935E-003
  0.46666666666666667       0.53333333333333333        8.3306944149005597E-004
  0.46666666666666667       0.56666666666666665        3.8480222620219397E-004
  0.46666666666666667       0.59999999999999998        1.7010046231364040E-004
  0.46666666666666667       0.63333333333333330        7.1900427496035641E-005
  0.46666666666666667       0.66666666666666663        2.9036850501150665E-005
  0.46666666666666667       0.69999999999999996        1.1193804987456768E-005
  0.46666666666666667       0.73333333333333328        4.1154284823739526E-006
  0.46666666666666667       0.76666666666666661        1.4415764271808699E-006
  0.46666666666666667       0.80000000000000004        4.8061287516074071E-007
  0.46666666666666667       0.83333333333333337        1.5233777876890897E-007
  0.46666666666666667       0.86666666666666670        4.5851765417841783E-008
  0.46666666666666667       0.90000000000000002        1.3086585355548159E-008
  0.46666666666666667       0.93333333333333335        3.5278837769548677E-009
  0.46666666666666667       0.96666666666666667        8.5497777408092044E-010
  0.46666666666666667        1.0000000000000000        0.0000000000000000     

  0.50000000000000000        0.0000000000000000        1.0000000000000000     
  0.50000000000000000        3.3333333333333333E-002  0.82145442424272241     
  0.50000000000000000        6.6666666666666666E-002  0.65777759956980575     
  0.50000000000000000       0.10000000000000001       0.51233610151881737     
  0.50000000000000000       0.13333333333333333       0.38741870946263002     
  0.50000000000000000       0.16666666666666666       0.28393496608415308     
  0.50000000000000000       0.20000000000000001       0.20137973124602504     
  0.50000000000000000       0.23333333333333334       0.13803488481121168     
  0.50000000000000000       0.26666666666666666        9.1330591972457423E-002
  0.50000000000000000       0.29999999999999999        5.8267448418919697E-002
  0.50000000000000000       0.33333333333333331        3.5808518030912340E-002
  0.50000000000000000       0.36666666666666664        2.1178607024112166E-002
  0.50000000000000000       0.40000000000000002        1.2044352751444786E-002
  0.50000000000000000       0.43333333333333335        6.5809195204756671E-003
  0.50000000000000000       0.46666666666666667        3.4519193938707194E-003
  0.50000000000000000       0.50000000000000000        1.7368663367052888E-003
  0.50000000000000000       0.53333333333333333        8.3765822086960572E-004
  0.50000000000000000       0.56666666666666665        3.8692182444077913E-004
  0.50000000000000000       0.59999999999999998        1.7103742321394734E-004
  0.50000000000000000       0.63333333333333330        7.2296475151420149E-005
  0.50000000000000000       0.66666666666666663        2.9196793591355035E-005
  0.50000000000000000       0.69999999999999996        1.1255463594707165E-005
  0.50000000000000000       0.73333333333333328        4.1380974129785261E-006
  0.50000000000000000       0.76666666666666661        1.4495170331539577E-006
  0.50000000000000000       0.80000000000000004        4.8326022523895151E-007
  0.50000000000000000       0.83333333333333337        1.5317689784245324E-007
  0.50000000000000000       0.86666666666666670        4.6104329760244035E-008
  0.50000000000000000       0.90000000000000002        1.3158669926218338E-008
  0.50000000000000000       0.93333333333333335        3.5473163470659285E-009
  0.50000000000000000       0.96666666666666667        8.5968723068115110E-010
  0.50000000000000000        1.0000000000000000        0.0000000000000000     

  0.53333333333333333        0.0000000000000000       0.99452189536827340     
  0.53333333333333333        3.3333333333333333E-002  0.81695441095652599     
  0.53333333333333333        6.6666666666666666E-002  0.65417422505495637     
  0.53333333333333333       0.10000000000000001       0.50952947074808630     
  0.53333333333333333       0.13333333333333333       0.38529638923590531     
  0.53333333333333333       0.16666666666666666       0.28237954063133835     
  0.53333333333333333       0.20000000000000001       0.20027655200755032     
  0.53333333333333333       0.23333333333333334       0.13727871526938754     
  0.53333333333333333       0.26666666666666666        9.0830273433554751E-002
  0.53333333333333333       0.29999999999999999        5.7948253239857118E-002
  0.53333333333333333       0.33333333333333331        3.5612355222431925E-002
  0.53333333333333333       0.36666666666666664        2.1062588398879860E-002
  0.53333333333333333       0.40000000000000002        1.1978372526850946E-002
  0.53333333333333333       0.43333333333333335        6.5448685547695286E-003
  0.53333333333333333       0.46666666666666667        3.4330094182508089E-003
  0.53333333333333333       0.50000000000000000        1.7273516011814935E-003
  0.53333333333333333       0.53333333333333333        8.3306944149005597E-004
  0.53333333333333333       0.56666666666666665        3.8480222620219397E-004
  0.53333333333333333       0.59999999999999998        1.7010046231364040E-004
  0.53333333333333333       0.63333333333333330        7.1900427496035641E-005
  0.53333333333333333       0.66666666666666663        2.9036850501150665E-005
  0.53333333333333333       0.69999999999999996        1.1193804987456768E-005
  0.53333333333333333       0.73333333333333328        4.1154284823739526E-006
  0.53333333333333333       0.76666666666666661        1.4415764271808702E-006
  0.53333333333333333       0.80000000000000004        4.8061287516074071E-007
  0.53333333333333333       0.83333333333333337        1.5233777876890897E-007
  0.53333333333333333       0.86666666666666670        4.5851765417841783E-008
  0.53333333333333333       0.90000000000000002        1.3086585355548159E-008
  0.53333333333333333       0.93333333333333335        3.5278837769548677E-009
  0.53333333333333333       0.96666666666666667        8.5497777408092044E-010
  0.53333333333333333        1.0000000000000000        0.0000000000000000     

  0.56666666666666665        0.0000000000000000       0.97814760073380569     
  0.56666666666666665        3.3333333333333333E-002  0.80350367418518864     
  0.56666666666666665        6.6666666666666666E-002  0.64340358083564730     
  0.56666666666666665       0.10000000000000001       0.50114032846994272     
  0.56666666666666665       0.13333333333333333       0.37895268114025898     
  0.56666666666666665       0.16666666666666666       0.27773030583964886     
  0.56666666666666665       0.20000000000000001       0.19697910095471799     
  0.56666666666666665       0.23333333333333334       0.13501849139565394     
  0.56666666666666665       0.26666666666666666        8.9334799411457388E-002
  0.56666666666666665       0.29999999999999999        5.6994164871847081E-002
  0.56666666666666665       0.33333333333333331        3.5026015997770117E-002
  0.56666666666666665       0.36666666666666664        2.0715803647519442E-002
  0.56666666666666665       0.40000000000000002        1.1781154746217328E-002
  0.56666666666666665       0.43333333333333335        6.4371106395755403E-003
  0.56666666666666665       0.46666666666666667        3.3764866730411364E-003
  0.56666666666666665       0.50000000000000000        1.6989116400435926E-003
  0.56666666666666665       0.53333333333333333        8.1935337897855306E-004
  0.56666666666666665       0.56666666666666665        3.7846665424829491E-004
  0.56666666666666665       0.59999999999999998        1.6729984515241511E-004
  0.56666666666666665       0.63333333333333330        7.0716623710872817E-005
  0.56666666666666665       0.66666666666666663        2.8558773600504077E-005
  0.56666666666666665       0.69999999999999996        1.1009504710309508E-005
  0.56666666666666665       0.73333333333333328        4.0476700561077138E-006
  0.56666666666666665       0.76666666666666661        1.4178416082023277E-006
  0.56666666666666665       0.80000000000000004        4.7269982984755891E-007
  0.56666666666666665       0.83333333333333337        1.4982961511244290E-007
  0.56666666666666665       0.86666666666666670        4.5096839538422894E-008
  0.56666666666666665       0.90000000000000002        1.2871121417178550E-008
  0.56666666666666665       0.93333333333333335        3.4697989739263467E-009
  0.56666666666666665       0.96666666666666667        8.4090100207225780E-010
  0.56666666666666665        1.0000000000000000        0.0000000000000000     

  0.59999999999999998        0.0000000000000000       0.95105651629515364     
  0.59999999999999998        3.3333333333333333E-002  0.78124958301552472     
  0.59999999999999998        6.6666666666666666E-002  0.62558367234384793     
  0.59999999999999998       0.10000000000000001       0.48726058788272658     
  0.59999999999999998       0.13333333333333333       0.36845708816909323     
  0.59999999999999998       0.16666666666666666       0.27003819969837722     
  0.59999999999999998       0.20000000000000001       0.19152350565129889     
  0.59999999999999998       0.23333333333333334       0.13127897667575378     
  0.59999999999999998       0.26666666666666666        8.6860554632499462E-002
  0.59999999999999998       0.29999999999999999        5.5415636506705321E-002
  0.59999999999999998       0.33333333333333331        3.4055924412171680E-002
  0.59999999999999998       0.36666666666666664        2.0142052216336186E-002
  0.59999999999999998       0.40000000000000002        1.1454860168819025E-002
  0.59999999999999998       0.43333333333333335        6.2588263931623606E-003
  0.59999999999999998       0.46666666666666667        3.2829704332663647E-003
  0.59999999999999998       0.50000000000000000        1.6518580474572573E-003
  0.59999999999999998       0.53333333333333333        7.9666030938624355E-004
  0.59999999999999998       0.56666666666666665        3.6798452243121246E-004
  0.59999999999999998       0.59999999999999998        1.6266625587795655E-004
  0.59999999999999998       0.63333333333333330        6.8758033797928779E-005
  0.59999999999999998       0.66666666666666663        2.7767800799982786E-005
  0.59999999999999998       0.69999999999999996        1.0704581995669124E-005
  0.59999999999999998       0.73333333333333328        3.9355645096773451E-006
  0.59999999999999998       0.76666666666666661        1.3785726198618896E-006
  0.59999999999999998       0.80000000000000004        4.5960778627976851E-007
  0.59999999999999998       0.83333333333333337        1.4567988683894222E-007
  0.59999999999999998       0.86666666666666670        4.3847823247900659E-008
  0.59999999999999998       0.90000000000000002        1.2514638779107018E-008
  0.59999999999999998       0.93333333333333335        3.3736983272373729E-009
  0.59999999999999998       0.96666666666666667        8.1761114271504370E-010
  0.59999999999999998        1.0000000000000000        0.0000000000000000     

  0.63333333333333330        0.0000000000000000       0.91354545764260098     
  0.63333333333333330        3.3333333333333333E-002  0.75043595792735707     
  0.63333333333333330        6.6666666666666666E-002  0.60090973822604965     
  0.63333333333333330       0.10000000000000001       0.46804231832883408     
  0.63333333333333330       0.13333333333333333       0.35392460223534428     
  0.63333333333333330       0.16666666666666666       0.25938749853208398     
  0.63333333333333330       0.20000000000000001       0.18396953874109395     
  0.63333333333333330       0.23333333333333334       0.12610114201550207     
  0.63333333333333330       0.26666666666666666        8.3434647440248255E-002
  0.63333333333333330       0.29999999999999999        5.3229962831528636E-002
  0.63333333333333330       0.33333333333333331        3.2712708992053141E-002
  0.63333333333333330       0.36666666666666664        1.9347620246075350E-002
  0.63333333333333330       0.40000000000000002        1.1003063746327545E-002
  0.63333333333333330       0.43333333333333335        6.0119691350420685E-003
  0.63333333333333330       0.46666666666666667        3.1534852824189959E-003
  0.63333333333333330       0.50000000000000000        1.5867063524294611E-003
  0.63333333333333330       0.53333333333333333        7.6523886273241091E-004
  0.63333333333333330       0.56666666666666665        3.5347067518066169E-004
  0.63333333333333330       0.59999999999999998        1.5625046106399672E-004
  0.63333333333333330       0.63333333333333330        6.6046116478151042E-005
  0.63333333333333330       0.66666666666666663        2.6672598163110994E-005
  0.63333333333333330       0.69999999999999996        1.0282377640606390E-005
  0.63333333333333330       0.73333333333333328        3.7803400949091311E-006
  0.63333333333333330       0.76666666666666661        1.3241997014133773E-006
  0.63333333333333330       0.80000000000000004        4.4148018362638439E-007
  0.63333333333333330       0.83333333333333337        1.3993405923975788E-007
  0.63333333333333330       0.86666666666666670        4.2118401030127512E-008
  0.63333333333333330       0.90000000000000002        1.2021043139715060E-008
  0.63333333333333330       0.93333333333333335        3.2406347356834236E-009
  0.63333333333333330       0.96666666666666667        7.8536336458211256E-010
  0.63333333333333330        1.0000000000000000        0.0000000000000000     

  0.66666666666666663        0.0000000000000000       0.86602540378443871     
  0.66666666666666663        3.3333333333333333E-002  0.71140039944531730     
  0.66666666666666663        6.6666666666666666E-002  0.56965211126779980     
  0.66666666666666663       0.10000000000000001       0.44369607919117898     
  0.66666666666666663       0.13333333333333333       0.33551444429602034     
  0.66666666666666663       0.16666666666666666       0.24589489365154960     
  0.66666666666666663       0.20000000000000001       0.17439996306634059     
  0.66666666666666663       0.23333333333333334       0.11954171685496806     
  0.66666666666666663       0.26666666666666666        7.9094612790819252E-002
  0.66666666666666663       0.29999999999999999        5.0461090544483882E-002
  0.66666666666666663       0.33333333333333331        3.1011086286643209E-002
  0.66666666666666663       0.36666666666666664        1.8341211699648689E-002
  0.66666666666666663       0.40000000000000002        1.0430715454892185E-002
  0.66666666666666663       0.43333333333333335        5.6992434849928346E-003
  0.66666666666666663       0.46666666666666667        2.9894498869082247E-003
  0.66666666666666663       0.50000000000000000        1.5041703705647967E-003
  0.66666666666666663       0.53333333333333333        7.2543329896195474E-004
  0.66666666666666663       0.56666666666666665        3.3508412924433749E-004
  0.66666666666666663       0.59999999999999998        1.4812275350110866E-004
  0.66666666666666663       0.63333333333333330        6.2610584085200275E-005
  0.66666666666666663       0.66666666666666663        2.5285164959164156E-005
  0.66666666666666663       0.69999999999999996        9.7475174043873231E-006
  0.66666666666666663       0.73333333333333328        3.5836974829740693E-006
  0.66666666666666663       0.76666666666666661        1.2553185739295776E-006
  0.66666666666666663       0.80000000000000004        4.1851563169552178E-007
  0.66666666666666663       0.83333333333333337        1.3265508480445830E-007
  0.66666666666666663       0.86666666666666670        3.9927520796826245E-008
  0.66666666666666663       0.90000000000000002        1.1395742436119386E-008
  0.66666666666666663       0.93333333333333335        3.0720660718189116E-009
  0.66666666666666663       0.96666666666666667        7.4451098107896981E-010
  0.66666666666666663        1.0000000000000000        0.0000000000000000     

  0.69999999999999996        0.0000000000000000       0.80901699437494745     
  0.69999999999999996        3.3333333333333333E-002  0.66457058931685031     
  0.69999999999999996        6.6666666666666666E-002  0.53215325657113199     
  0.69999999999999996       0.10000000000000001       0.41448861296053158     
  0.69999999999999996       0.13333333333333333       0.31342831989407804     
  0.69999999999999996       0.16666666666666666       0.22970821285935419     
  0.69999999999999996       0.20000000000000001       0.16291962490069389     
  0.69999999999999996       0.23333333333333334       0.11167256762885855     
  0.69999999999999996       0.26666666666666666        7.3888001012042195E-002
  0.69999999999999996       0.29999999999999999        4.7139355989771696E-002
  0.69999999999999996       0.33333333333333331        2.8969699630389815E-002
  0.69999999999999996       0.36666666666666664        1.7133852999695373E-002
  0.69999999999999996       0.40000000000000002        9.7440860621654888E-003
  0.69999999999999996       0.43333333333333335        5.3240757306786445E-003
  0.69999999999999996       0.46666666666666667        2.7926614528538799E-003
  0.69999999999999996       0.50000000000000000        1.4051543833523384E-003
  0.69999999999999996       0.53333333333333333        6.7767973616139426E-004
  0.69999999999999996       0.56666666666666665        3.1302633146715027E-004
  0.69999999999999996       0.59999999999999998        1.3837218205418352E-004
  0.69999999999999996       0.63333333333333330        5.8489077030904999E-005
  0.69999999999999996       0.66666666666666663        2.3620702196663779E-005
  0.69999999999999996       0.69999999999999996        9.1058613276866324E-006
  0.69999999999999996       0.73333333333333328        3.3477911314786334E-006
  0.69999999999999996       0.76666666666666661        1.1726839134575058E-006
  0.69999999999999996       0.80000000000000004        3.9096573492377667E-007
  0.69999999999999996       0.83333333333333337        1.2392271350017990E-007
  0.69999999999999996       0.86666666666666670        3.7299186290304067E-008
  0.69999999999999996       0.90000000000000002        1.0645587593681170E-008
  0.69999999999999996       0.93333333333333335        2.8698392092003956E-009
  0.69999999999999996       0.96666666666666667        6.9550157946818711E-010
  0.69999999999999996        1.0000000000000000        0.0000000000000000     

  0.73333333333333328        0.0000000000000000       0.74314482547739447     
  0.73333333333333328        3.3333333333333333E-002  0.61045960474149141     
  0.73333333333333328        6.6666666666666666E-002  0.48882401943524267     
  0.73333333333333328       0.10000000000000001       0.38073992274897012     
  0.73333333333333328       0.13333333333333333       0.28790820923028354     
  0.73333333333333328       0.16666666666666666       0.21100480081753781     
  0.73333333333333328       0.20000000000000001       0.14965430523151188     
  0.73333333333333328       0.23333333333333334       0.10257991038282013     
  0.73333333333333328       0.26666666666666666        6.7871856832118979E-002
  0.73333333333333328       0.29999999999999999        4.3301152786291153E-002
  0.73333333333333328       0.33333333333333331        2.6610914882686475E-002
  0.73333333333333328       0.36666666666666664        1.5738772220788153E-002
  0.73333333333333328       0.40000000000000002        8.9506984234606086E-003
  0.73333333333333328       0.43333333333333335        4.8905762885246666E-003
  0.73333333333333328       0.46666666666666667        2.5652760355200886E-003
  0.73333333333333328       0.50000000000000000        1.2907432306684130E-003
  0.73333333333333328       0.53333333333333333        6.2250137235784770E-004
  0.73333333333333328       0.56666666666666665        2.8753895169743787E-004
  0.73333333333333328       0.59999999999999998        1.2710557602443212E-004
  0.73333333333333328       0.63333333333333330        5.3726751409032889E-005
  0.73333333333333328       0.66666666666666663        2.1697446077947037E-005
  0.73333333333333328       0.69999999999999996        8.3644395287558204E-006
  0.73333333333333328       0.73333333333333328        3.0752056797763838E-006
  0.73333333333333328       0.76666666666666661        1.0772010826297084E-006
  0.73333333333333328       0.80000000000000004        3.5913233574536683E-007
  0.73333333333333328       0.83333333333333337        1.1383261901429856E-007
  0.73333333333333328       0.86666666666666670        3.4262194093428781E-008
  0.73333333333333328       0.90000000000000002        9.7787974658341611E-009
  0.73333333333333328       0.93333333333333335        2.6361697876534177E-009
  0.73333333333333328       0.96666666666666667        6.3887211700968855E-010
  0.73333333333333328        1.0000000000000000        0.0000000000000000     

  0.76666666666666661        0.0000000000000000       0.66913060635885835     
  0.76666666666666661        3.3333333333333333E-002  0.54966029698969965     
  0.76666666666666661        6.6666666666666666E-002  0.44013912404941841     
  0.76666666666666661       0.10000000000000001       0.34281976626881983     
  0.76666666666666661       0.13333333333333333       0.25923371597749600     
  0.76666666666666661       0.16666666666666666       0.18998957602237121     
  0.76666666666666661       0.20000000000000001       0.13474934167703667     
  0.76666666666666661       0.23333333333333334        9.2363366172401221E-002
  0.76666666666666661       0.26666666666666666        6.1112094385643904E-002
  0.76666666666666661       0.29999999999999999        3.8988533091535237E-002
  0.76666666666666661       0.33333333333333331        2.3960575382836483E-002
  0.76666666666666661       0.36666666666666664        1.4171254159880150E-002
  0.76666666666666661       0.40000000000000002        8.0592450597742320E-003
  0.76666666666666661       0.43333333333333335        4.4034946691347302E-003
  0.76666666666666661       0.46666666666666667        2.3097849171226166E-003
  0.76666666666666661       0.50000000000000000        1.1621904250438987E-003
  0.76666666666666661       0.53333333333333333        5.6050275325196172E-004
  0.76666666666666661       0.56666666666666665        2.5890123500153426E-004
  0.76666666666666661       0.59999999999999998        1.1444637470520521E-004
  0.76666666666666661       0.63333333333333330        4.8375784255677886E-005
  0.76666666666666661       0.66666666666666663        1.9536468199517819E-005
  0.76666666666666661       0.69999999999999996        7.5313751799764599E-006
  0.76666666666666661       0.73333333333333328        2.7689276311183439E-006
  0.76666666666666661       0.76666666666666661        9.6991621132180080E-007
  0.76666666666666661       0.80000000000000004        3.2336420754325805E-007
  0.76666666666666661       0.83333333333333337        1.0249535053348961E-007
  0.76666666666666661       0.86666666666666670        3.0849818128240838E-008
  0.76666666666666661       0.90000000000000002        8.8048687866065492E-009
  0.76666666666666661       0.93333333333333335        2.3736179382589149E-009
  0.76666666666666661       0.96666666666666667        5.7524303794464629E-010
  0.76666666666666661        1.0000000000000000        0.0000000000000000     

  0.80000000000000004        0.0000000000000000       0.58778525229247325     
  0.80000000000000004        3.3333333333333333E-002  0.48283879600027690     
  0.80000000000000004        6.6666666666666666E-002  0.38663197231547564     
  0.80000000000000004       0.10000000000000001       0.30114360468978019     
  0.80000000000000004       0.13333333333333333       0.22771900388431637     
  0.80000000000000004       0.16666666666666666       0.16689278567442875     
  0.80000000000000004       0.20000000000000001       0.11836803613703528     
  0.80000000000000004       0.23333333333333334        8.1134869593920536E-002
  0.80000000000000004       0.26666666666666666        5.3682775044551809E-002
  0.80000000000000004       0.29999999999999999        3.4248746869353384E-002
  0.80000000000000004       0.33333333333333331        2.1047718805019384E-002
  0.80000000000000004       0.36666666666666664        1.2448472872870915E-002
  0.80000000000000004       0.40000000000000002        7.0794929207075160E-003
  0.80000000000000004       0.43333333333333335        3.8681674406592518E-003
  0.80000000000000004       0.46666666666666667        2.0289873118195818E-003
  0.80000000000000004       0.50000000000000000        1.0209044179186218E-003
  0.80000000000000004       0.53333333333333333        4.9236314868870534E-004
  0.80000000000000004       0.56666666666666665        2.2742694219638737E-004
  0.80000000000000004       0.59999999999999998        1.0053327495526451E-004
  0.80000000000000004       0.63333333333333330        4.2494801886733999E-005
  0.80000000000000004       0.66666666666666663        1.7161444687225879E-005
  0.80000000000000004       0.69999999999999996        6.6157955086836967E-006
  0.80000000000000004       0.73333333333333328        2.4323126318984137E-006
  0.80000000000000004       0.76666666666666661        8.5200473503463621E-007
  0.80000000000000004       0.80000000000000004        2.8405323341499451E-007
  0.80000000000000004       0.83333333333333337        9.0035121543704759E-008
  0.80000000000000004       0.86666666666666670        2.7099445099900412E-008
  0.80000000000000004       0.90000000000000002        7.7344721224156234E-009
  0.80000000000000004       0.93333333333333335        2.0850602340213615E-009
  0.80000000000000004       0.96666666666666667        5.0531147577853788E-010
  0.80000000000000004        1.0000000000000000        0.0000000000000000     

  0.83333333333333337        0.0000000000000000       0.49999999999999994     
  0.83333333333333337        3.3333333333333333E-002  0.41072721212136121     
  0.83333333333333337        6.6666666666666666E-002  0.32888879978490287     
  0.83333333333333337       0.10000000000000001       0.25616805075940868     
  0.83333333333333337       0.13333333333333333       0.19370935473131506     
  0.83333333333333337       0.16666666666666666       0.14196748304207654     
  0.83333333333333337       0.20000000000000001       0.10068986562301255     
  0.83333333333333337       0.23333333333333334        6.9017442405605853E-002
  0.83333333333333337       0.26666666666666666        4.5665295986228711E-002
  0.83333333333333337       0.29999999999999999        2.9133724209459852E-002
  0.83333333333333337       0.33333333333333331        1.7904259015456170E-002
  0.83333333333333337       0.36666666666666664        1.0589303512056085E-002
  0.83333333333333337       0.40000000000000002        6.0221763757223930E-003
  0.83333333333333337       0.43333333333333335        3.2904597602378335E-003
  0.83333333333333337       0.46666666666666667        1.7259596969353599E-003
  0.83333333333333337       0.50000000000000000        8.6843316835264438E-004
  0.83333333333333337       0.53333333333333333        4.1882911043480286E-004
  0.83333333333333337       0.56666666666666665        1.9346091222038957E-004
  0.83333333333333337       0.59999999999999998        8.5518711606973654E-005
  0.83333333333333337       0.63333333333333330        3.6148237575710061E-005
  0.83333333333333337       0.66666666666666663        1.4598396795677517E-005
  0.83333333333333337       0.69999999999999996        5.6277317973535824E-006
  0.83333333333333337       0.73333333333333328        2.0690487064892630E-006
  0.83333333333333337       0.76666666666666661        7.2475851657697884E-007
  0.83333333333333337       0.80000000000000004        2.4163011261947576E-007
  0.83333333333333337       0.83333333333333337        7.6588448921226622E-008
  0.83333333333333337       0.86666666666666670        2.3052164880122011E-008
  0.83333333333333337       0.90000000000000002        6.5793349631091681E-009
  0.83333333333333337       0.93333333333333335        1.7736581735329643E-009
  0.83333333333333337       0.96666666666666667        4.2984361534057555E-010
  0.83333333333333337        1.0000000000000000        0.0000000000000000     

  0.86666666666666670        0.0000000000000000       0.40673664307580004     
  0.86666666666666670        3.3333333333333333E-002  0.33411561495624909     
  0.86666666666666670        6.6666666666666666E-002  0.26754225273948073     
  0.86666666666666670       0.10000000000000001       0.20838586605830614     
  0.86666666666666670       0.13333333333333333       0.15757738535158891     
  0.86666666666666670       0.16666666666666666       0.11548675495690963     
  0.86666666666666670       0.20000000000000001        8.1908515870515078E-002
  0.86666666666666670       0.23333333333333334        5.6143845675467006E-002
  0.86666666666666670       0.26666666666666666        3.7147498389002963E-002
  0.86666666666666670       0.29999999999999999        2.3699506370503741E-002
  0.86666666666666670       0.33333333333333331        1.4564636417412548E-002
  0.86666666666666670       0.36666666666666664        8.6141155260089468E-003
  0.86666666666666670       0.40000000000000002        4.8988796061434298E-003
  0.86666666666666670       0.43333333333333335        2.6767011141102777E-003
  0.86666666666666670       0.46666666666666667        1.4040221064312275E-003
  0.86666666666666670       0.50000000000000000        7.0644718326287170E-004
  0.86666666666666670       0.53333333333333333        3.4070629280135063E-004
  0.86666666666666670       0.56666666666666665        1.5737528400580663E-004
  0.86666666666666670       0.59999999999999998        6.9567187358375864E-005
  0.86666666666666670       0.63333333333333330        2.9405625609301635E-005
  0.86666666666666670       0.66666666666666663        1.1875405813924783E-005
  0.86666666666666670       0.69999999999999996        4.5780094787730708E-006
  0.86666666666666670       0.73333333333333328        1.6831158504755390E-006
  0.86666666666666670       0.76666666666666661        5.8957169214623405E-007
  0.86666666666666670       0.80000000000000004        1.9655964174574621E-007
  0.86666666666666670       0.83333333333333337        6.2302657225204209E-008
  0.86666666666666670       0.86666666666666670        1.8752320317941365E-008
  0.86666666666666670       0.90000000000000002        5.3521132331325336E-009
  0.86666666666666670       0.93333333333333335        1.4428235429335061E-009
  0.86666666666666670       0.96666666666666667        3.4966629830238250E-010
  0.86666666666666670        1.0000000000000000        0.0000000000000000     

  0.90000000000000002        0.0000000000000000       0.30901699437494751     
  0.90000000000000002        3.3333333333333333E-002  0.25384337719548905     
  0.90000000000000002        6.6666666666666666E-002  0.20326445678622906     
  0.90000000000000002       0.10000000000000001       0.15832056220112287     
  0.90000000000000002       0.13333333333333333       0.11971896516276295     
  0.90000000000000002       0.16666666666666666        8.7740729817277624E-002
  0.90000000000000002       0.20000000000000001        6.2229759277681360E-002
  0.90000000000000002       0.23333333333333334        4.2655125223252717E-002
  0.90000000000000002       0.26666666666666666        2.8222705025813491E-002
  0.90000000000000002       0.29999999999999999        1.8005631780311851E-002
  0.90000000000000002       0.33333333333333331        1.1065440614933642E-002
  0.90000000000000002       0.36666666666666664        6.5445494876392920E-003
  0.90000000000000002       0.40000000000000002        3.7219096864430957E-003
  0.90000000000000002       0.43333333333333335        2.0336159704408109E-003
  0.90000000000000002       0.46666666666666667        1.0667017559185200E-003
  0.90000000000000002       0.50000000000000000        5.3672121499969382E-004
  0.90000000000000002       0.53333333333333333        2.5885062572659139E-004
  0.90000000000000002       0.56666666666666665        1.1956541924676064E-004
  0.90000000000000002       0.59999999999999998        5.2853470447209858E-005
  0.90000000000000002       0.63333333333333330        2.2340839455194924E-005
  0.90000000000000002       0.66666666666666663        9.0223054009862599E-006
  0.90000000000000002       0.69999999999999996        3.4781295303330491E-006
  0.90000000000000002       0.73333333333333328        1.2787424249893699E-006
  0.90000000000000002       0.76666666666666661        4.4792539688052695E-007
  0.90000000000000002       0.80000000000000004        1.4933562230430089E-007
  0.90000000000000002       0.83333333333333337        4.7334264578953270E-008
  0.90000000000000002       0.86666666666666670        1.4247021410182049E-008
  0.90000000000000002       0.90000000000000002        4.0662526305720016E-009
  0.90000000000000002       0.93333333333333335        1.0961810356674313E-009
  0.90000000000000002       0.96666666666666667        2.6565796412761141E-010
  0.90000000000000002        1.0000000000000000        0.0000000000000000     

  0.93333333333333335        0.0000000000000000       0.20791169081775931     
  0.93333333333333335        3.3333333333333333E-002  0.17078997827403344     
  0.93333333333333335        6.6666666666666666E-002  0.13675965290860537     
  0.93333333333333335       0.10000000000000001       0.10652066513375652     
  0.93333333333333335       0.13333333333333333        8.0548878938809687E-002
  0.93333333333333335       0.16666666666666666        5.9033398880839423E-002
  0.93333333333333335       0.20000000000000001        4.1869200419787034E-002
  0.93333333333333335       0.23333333333333334        2.8699066292933669E-002
  0.93333333333333335       0.26666666666666666        1.8988697800380504E-002
  0.93333333333333335       0.29999999999999999        1.2114483720414173E-002
  0.93333333333333335       0.33333333333333331        7.4450095294852072E-003
  0.93333333333333335       0.36666666666666664        4.4032799955480359E-003
  0.93333333333333335       0.40000000000000002        2.5041617453584173E-003
  0.93333333333333335       0.43333333333333335        1.3682501046376940E-003
  0.93333333333333335       0.46666666666666667        7.1769439774627629E-004
  0.93333333333333335       0.50000000000000000        3.6111481678884435E-004
  0.93333333333333335       0.53333333333333333        1.7415893702839579E-004
  0.93333333333333335       0.56666666666666665        8.0445570733774633E-005
  0.93333333333333335       0.59999999999999998        3.5560679853524468E-005
  0.93333333333333335       0.63333333333333330        1.5031282388895884E-005
  0.93333333333333335       0.66666666666666663        6.0703547220357450E-006
  0.93333333333333335       0.69999999999999996        2.3401424669133022E-006
  0.93333333333333335       0.73333333333333328        8.6035882990096110E-007
  0.93333333333333335       0.76666666666666661        3.0137153723218144E-007
  0.93333333333333335       0.80000000000000004        1.0047545053440162E-007
  0.93333333333333335       0.83333333333333337        3.1847267824643646E-008
  0.93333333333333335       0.86666666666666670        9.5856291544718764E-009
  0.93333333333333335       0.90000000000000002        2.7358413132728553E-009
  0.93333333333333335       0.93333333333333335        7.3752853958395488E-010
  0.93333333333333335       0.96666666666666667        1.7873902570535526E-010
  0.93333333333333335        1.0000000000000000        0.0000000000000000     

  0.96666666666666667        0.0000000000000000       0.10452846326765373     
  0.96666666666666667        3.3333333333333333E-002   8.5865368610506934E-002
  0.96666666666666667        6.6666666666666666E-002   6.8756481654917739E-002
  0.96666666666666667       0.10000000000000001        5.3553705368302493E-002
  0.96666666666666667       0.13333333333333333        4.0496282341266246E-002
  0.96666666666666667       0.16666666666666666        2.9679285672729833E-002
  0.96666666666666667       0.20000000000000001        2.1049913840400062E-002
  0.96666666666666667       0.23333333333333334        1.4428574386643519E-002
  0.96666666666666667       0.26666666666666666        9.5466464282060615E-003
  0.96666666666666667       0.29999999999999999        6.0906068417569421E-003
  0.96666666666666667       0.33333333333333331        3.7430093616633276E-003
  0.96666666666666667       0.36666666666666664        2.2137672463799765E-003
  0.96666666666666667       0.40000000000000002        1.2589776841620574E-003
  0.96666666666666667       0.43333333333333335        6.8789340436342444E-004
  0.96666666666666667       0.46666666666666667        3.6082382956511617E-004
  0.96666666666666667       0.50000000000000000        1.8155196907712262E-004
  0.96666666666666667       0.53333333333333333        8.7559126571016532E-005
  0.96666666666666667       0.56666666666666665        4.0444343713511443E-005
  0.96666666666666667       0.59999999999999998        1.7878279009813192E-005
  0.96666666666666667       0.63333333333333330        7.5570394472460413E-006
  0.96666666666666667       0.66666666666666663        3.0518959664472147E-006
  0.96666666666666667       0.69999999999999996        1.1765163129197587E-006
  0.96666666666666667       0.73333333333333328        4.3254896343049771E-007
  0.96666666666666667       0.76666666666666661        1.5151578795587148E-007
  0.96666666666666667       0.80000000000000004        5.0514448702607691E-008
  0.96666666666666667       0.83333333333333337        1.6011345739577981E-008
  0.96666666666666667       0.86666666666666670        4.8192147398234507E-009
  0.96666666666666667       0.90000000000000002        1.3754555460338898E-009
  0.96666666666666667       0.93333333333333335        3.7079552648302769E-010
  0.96666666666666667       0.96666666666666667        8.9861785113925444E-011
  0.96666666666666667        1.0000000000000000        0.0000000000000000     

   1.0000000000000000        0.0000000000000000        1.2246467991473532E-016
   1.0000000000000000        3.3333333333333333E-002   0.0000000000000000     
   1.0000000000000000        6.6666666666666666E-002   0.0000000000000000     
   1.0000000000000000       0.10000000000000001        0.0000000000000000     
   1.0000000000000000       0.13333333333333333        0.0000000000000000     
   1.0000000000000000       0.16666666666666666        0.0000000000000000     
   1.0000000000000000       0.20000000000000001        0.0000000000000000     
   1.0000000000000000       0.23333333333333334        0.0000000000000000     
   1.0000000000000000       0.26666666666666666        0.0000000000000000     
   1.0000000000000000       0.29999999999999999        0.0000000000000000     
   1.0000000000000000       0.33333333333333331        0.0000000000000000     
   1.0000000000000000       0.36666666666666664        0.0000000000000000     
   1.0000000000000000       0.40000000000000002        0.0000000000000000     
   1.0000000000000000       0.43333333333333335        0.0000000000000000     
   1.0000000000000000       0.46666666666666667        0.0000000000000000     
   1.0000000000000000       0.50000000000000000        0.0000000000000000     
   1.0000000000000000       0.53333333333333333        0.0000000000000000     
   1.0000000000000000       0.56666666666666665        0.0000000000000000     
   1.0000000000000000       0.59999999999999998        0.0000000000000000     
   1.0000000000000000       0.63333333333333330        0.0000000000000000     
   1.0000000000000000       0.66666666666666663        0.0000000000000000     
   1.0000000000000000       0.69999999999999996        0.0000000000000000     
   1.0000000000000000       0.73333333333333328        0.0000000000000000     
   1.0000000000000000       0.76666666666666661        0.0000000000000000     
   1.0000000000000000       0.80000000000000004        0.0000000000000000     
   1.0000000000000000       0.83333333333333337        0.0000000000000000     
   1.0000000000000000       0.86666666666666670        0.0000000000000000     
   1.0000000000000000       0.90000000000000002        0.0000000000000000     
   1.0000000000000000       0.93333333333333335        0.0000000000000000     
   1.0000000000000000       0.96666666666666667        0.0000000000000000     
   1.0000000000000000        1.0000000000000000        0.0000000000000000     

