   0.0000000000000000        0.0000000000000000        0.0000000000000000     
   0.0000000000000000        3.3333333333333333E-002   0.0000000000000000     
   0.0000000000000000        6.6666666666666666E-002   0.0000000000000000     
   0.0000000000000000       0.10000000000000001        0.0000000000000000     
   0.0000000000000000       0.13333333333333333        0.0000000000000000     
   0.0000000000000000       0.16666666666666666        0.0000000000000000     
   0.0000000000000000       0.20000000000000001        0.0000000000000000     
   0.0000000000000000       0.23333333333333334        0.0000000000000000     
   0.0000000000000000       0.26666666666666666        0.0000000000000000     
   0.0000000000000000       0.29999999999999999        0.0000000000000000     
   0.0000000000000000       0.33333333333333331        0.0000000000000000     
   0.0000000000000000       0.36666666666666664        0.0000000000000000     
   0.0000000000000000       0.40000000000000002        0.0000000000000000     
   0.0000000000000000       0.43333333333333335        0.0000000000000000     
   0.0000000000000000       0.46666666666666667        0.0000000000000000     
   0.0000000000000000       0.50000000000000000        0.0000000000000000     
   0.0000000000000000       0.53333333333333333        0.0000000000000000     
   0.0000000000000000       0.56666666666666665        0.0000000000000000     
   0.0000000000000000       0.59999999999999998        0.0000000000000000     
   0.0000000000000000       0.63333333333333330        0.0000000000000000     
   0.0000000000000000       0.66666666666666663        0.0000000000000000     
   0.0000000000000000       0.69999999999999996        0.0000000000000000     
   0.0000000000000000       0.73333333333333328        0.0000000000000000     
   0.0000000000000000       0.76666666666666661        0.0000000000000000     
   0.0000000000000000       0.80000000000000004        0.0000000000000000     
   0.0000000000000000       0.83333333333333337        0.0000000000000000     
   0.0000000000000000       0.86666666666666670        0.0000000000000000     
   0.0000000000000000       0.90000000000000002        0.0000000000000000     
   0.0000000000000000       0.93333333333333335        0.0000000000000000     
   0.0000000000000000       0.96666666666666667        0.0000000000000000     
   0.0000000000000000        1.0000000000000000        0.0000000000000000     

   3.3333333333333333E-002   0.0000000000000000       0.10452846326765346     
   3.3333333333333333E-002   3.3333333333333333E-002   8.6137329135626300E-002
   3.3333333333333333E-002   6.6666666666666666E-002   6.9267841718053419E-002
   3.3333333333333333E-002  0.10000000000000001        5.4245725833837716E-002
   3.3333333333333333E-002  0.13333333333333333        4.1295090255357936E-002
   3.3333333333333333E-002  0.16666666666666666        3.0508724079722268E-002
   3.3333333333333333E-002  0.20000000000000001        2.1843139493071050E-002
   3.3333333333333333E-002  0.23333333333333334        1.5136057425280418E-002
   3.3333333333333333E-002  0.26666666666666666        1.0139506092826248E-002
   3.3333333333333333E-002  0.29999999999999999        6.5595698039548544E-003
   3.3333333333333333E-002  0.33333333333333331        4.0942681480259811E-003
   3.3333333333333333E-002  0.36666666666666664        2.4634235861752882E-003
   3.3333333333333333E-002  0.40000000000000002        1.4276046843865087E-003
   3.3333333333333333E-002  0.43333333333333335        7.9624285117137878E-004
   3.3333333333333333E-002  0.46666666666666667        4.2709805106663686E-004
   3.3333333333333333E-002  0.50000000000000000        2.2015988681500228E-004
   3.3333333333333333E-002  0.53333333333333333        1.0898471732008064E-004
   3.3333333333333333E-002  0.56666666666666665        5.1772416748869272E-005
   3.3333333333333333E-002  0.59999999999999998        2.3584260870882432E-005
   3.3333333333333333E-002  0.63333333333333330        1.0294764766515013E-005
   3.3333333333333333E-002  0.66666666666666663        4.3027983383246222E-006
   3.3333333333333333E-002  0.69999999999999996        1.7206157021778184E-006
   3.3333333333333333E-002  0.73333333333333328        6.5774562239117461E-007
   3.3333333333333333E-002  0.76666666666666661        2.4015860233570320E-007
   3.3333333333333333E-002  0.80000000000000004        8.3677428325928821E-008
   3.3333333333333333E-002  0.83333333333333337        2.7795079788603258E-008
   3.3333333333333333E-002  0.86666666666666670        8.7927307169946489E-009
   3.3333333333333333E-002  0.90000000000000002        2.6455126433167904E-009
   3.3333333333333333E-002  0.93333333333333335        7.5371878148190741E-010
   3.3333333333333333E-002  0.96666666666666667        1.9248232021272969E-010
   3.3333333333333333E-002   1.0000000000000000        0.0000000000000000     

   6.6666666666666666E-002   0.0000000000000000       0.20791169081775931     
   6.6666666666666666E-002   3.3333333333333333E-002  0.17133091966784775     
   6.6666666666666666E-002   6.6666666666666666E-002  0.13777677046701606     
   6.6666666666666666E-002  0.10000000000000001       0.10789712414379199     
   6.6666666666666666E-002  0.13333333333333333        8.2137742860324978E-002
   6.6666666666666666E-002  0.16666666666666666        6.0683188194066144E-002
   6.6666666666666666E-002  0.20000000000000001        4.3446960978885209E-002
   6.6666666666666666E-002  0.23333333333333334        3.0106281037985815E-002
   6.6666666666666666E-002  0.26666666666666666        2.0167921635071431E-002
   6.6666666666666666E-002  0.29999999999999999        1.3047271588459350E-002
   6.6666666666666666E-002  0.33333333333333331        8.1436786374414986E-003
   6.6666666666666666E-002  0.36666666666666664        4.8998573880359129E-003
   6.6666666666666666E-002  0.40000000000000002        2.8395682331053928E-003
   6.6666666666666666E-002  0.43333333333333335        1.5837618990407953E-003
   6.6666666666666666E-002  0.46666666666666667        8.4951672650977457E-004
   6.6666666666666666E-002  0.50000000000000000        4.3790765583864128E-004
   6.6666666666666666E-002  0.53333333333333333        2.1677537527068418E-004
   6.6666666666666666E-002  0.56666666666666665        1.0297760406576322E-004
   6.6666666666666666E-002  0.59999999999999998        4.6910127644339600E-005
   6.6666666666666666E-002  0.63333333333333330        2.0476737935930063E-005
   6.6666666666666666E-002  0.66666666666666663        8.5584543176361222E-006
   6.6666666666666666E-002  0.69999999999999996        3.4223799786605930E-006
   6.6666666666666666E-002  0.73333333333333328        1.3082848461013110E-006
   6.6666666666666666E-002  0.76666666666666661        4.7768597676779794E-007
   6.6666666666666666E-002  0.80000000000000004        1.6643806923649116E-007
   6.6666666666666666E-002  0.83333333333333337        5.5285630866548207E-008
   6.6666666666666666E-002  0.86666666666666670        1.7489126436256709E-008
   6.6666666666666666E-002  0.90000000000000002        5.2620404965042908E-009
   6.6666666666666666E-002  0.93333333333333335        1.4991796622681037E-009
   6.6666666666666666E-002  0.96666666666666667        3.8285576384569372E-010
   6.6666666666666666E-002   1.0000000000000000        0.0000000000000000     

  0.10000000000000001        0.0000000000000000       0.30901699437494740     
  0.10000000000000001        3.3333333333333333E-002  0.25464737279088834     
  0.10000000000000001        6.6666666666666666E-002  0.20477618808709933     
  0.10000000000000001       0.10000000000000001       0.16036637898270206     
  0.10000000000000001       0.13333333333333333       0.12208047716608660     
  0.10000000000000001       0.16666666666666666        9.0192794599782300E-002
  0.10000000000000001       0.20000000000000001        6.4574768468353611E-002
  0.10000000000000001       0.23333333333333334        4.4746653935494714E-002
  0.10000000000000001       0.26666666666666666        2.9975373207473847E-002
  0.10000000000000001       0.29999999999999999        1.9392024735123581E-002
  0.10000000000000001       0.33333333333333331        1.2103865279530892E-002
  0.10000000000000001       0.36666666666666664        7.2826073269921399E-003
  0.10000000000000001       0.40000000000000002        4.2204208780445198E-003
  0.10000000000000001       0.43333333333333335        2.3539289201208362E-003
  0.10000000000000001       0.46666666666666667        1.2626279189244674E-003
  0.10000000000000001       0.50000000000000000        6.5085761694684389E-004
  0.10000000000000001       0.53333333333333333        3.2219099684665847E-004
  0.10000000000000001       0.56666666666666665        1.5305454720306361E-004
  0.10000000000000001       0.59999999999999998        6.9722037242750084E-005
  0.10000000000000001       0.63333333333333330        3.0434363679486171E-005
  0.10000000000000001       0.66666666666666663        1.2720342080471895E-005
  0.10000000000000001       0.69999999999999996        5.0866479439181088E-006
  0.10000000000000001       0.73333333333333328        1.9444902272613571E-006
  0.10000000000000001       0.76666666666666661        7.0997972367620759E-007
  0.10000000000000001       0.80000000000000004        2.4737517983109334E-007
  0.10000000000000001       0.83333333333333337        8.2170461003457223E-008
  0.10000000000000001       0.86666666666666670        2.5993907626448152E-008
  0.10000000000000001       0.90000000000000002        7.8209163328593222E-009
  0.10000000000000001       0.93333333333333335        2.2282152169509777E-009
  0.10000000000000001       0.96666666666666667        5.6903455961224502E-010
  0.10000000000000001        1.0000000000000000        0.0000000000000000     

  0.13333333333333333        0.0000000000000000       0.40673664307580015     
  0.13333333333333333        3.3333333333333333E-002  0.33517385600924338     
  0.13333333333333333        6.6666666666666666E-002  0.26953203493832800     
  0.13333333333333333       0.10000000000000001       0.21107862621465542     
  0.13333333333333333       0.13333333333333333       0.16068567221703431     
  0.13333333333333333       0.16666666666666666       0.11871422987380759     
  0.13333333333333333       0.20000000000000001        8.4995081281343685E-002
  0.13333333333333333       0.23333333333333334        5.8896773128646995E-002
  0.13333333333333333       0.26666666666666666        3.9454408318265070E-002
  0.13333333333333333       0.29999999999999999        2.5524314800747728E-002
  0.13333333333333333       0.33333333333333331        1.5931439440721097E-002
  0.13333333333333333       0.36666666666666664        9.5855674960902814E-003
  0.13333333333333333       0.40000000000000002        5.5550337086639435E-003
  0.13333333333333333       0.43333333333333335        3.0983058033607395E-003
  0.13333333333333333       0.46666666666666667        1.6619054956375451E-003
  0.13333333333333333       0.50000000000000000        8.5667664580306414E-004
  0.13333333333333333       0.53333333333333333        4.2407662643838013E-004
  0.13333333333333333       0.56666666666666665        2.0145459269248418E-004
  0.13333333333333333       0.59999999999999998        9.1770057610854710E-005
  0.13333333333333333       0.63333333333333330        4.0058544165769786E-005
  0.13333333333333333       0.66666666666666663        1.6742863113571307E-005
  0.13333333333333333       0.69999999999999996        6.6951855298525439E-006
  0.13333333333333333       0.73333333333333328        2.5593913665807870E-006
  0.13333333333333333       0.76666666666666661        9.3449478415921195E-007
  0.13333333333333333       0.80000000000000004        3.2560199618888167E-007
  0.13333333333333333       0.83333333333333337        1.0815501437433793E-007
  0.13333333333333333       0.86666666666666670        3.4213894125109351E-008
  0.13333333333333333       0.90000000000000002        1.0294104573239590E-008
  0.13333333333333333       0.93333333333333335        2.9328379794329252E-009
  0.13333333333333333       0.96666666666666667        7.4897889366554754E-010
  0.13333333333333333        1.0000000000000000        0.0000000000000000     

  0.16666666666666666        0.0000000000000000       0.49999999999999994     
  0.16666666666666666        3.3333333333333333E-002  0.41202810432152254     
  0.16666666666666666        6.6666666666666666E-002  0.33133483241156803     
  0.16666666666666666       0.10000000000000001       0.25947825184675871     
  0.16666666666666666       0.13333333333333333       0.19753036141753355     
  0.16666666666666666       0.16666666666666666       0.14593500720278577     
  0.16666666666666666       0.20000000000000001       0.10448417019745115     
  0.16666666666666666       0.23333333333333334        7.2401606950459690E-002
  0.16666666666666666       0.26666666666666666        4.8501172675155635E-002
  0.16666666666666666       0.29999999999999999        3.1376955132108635E-002
  0.16666666666666666       0.33333333333333331        1.9584465417530731E-002
  0.16666666666666666       0.36666666666666664        1.1783506181792301E-002
  0.16666666666666666       0.40000000000000002        6.8287844275057071E-003
  0.16666666666666666       0.43333333333333335        3.8087369998568502E-003
  0.16666666666666666       0.46666666666666667        2.0429748879643348E-003
  0.16666666666666666       0.50000000000000000        1.0531097460567528E-003
  0.16666666666666666       0.53333333333333333        5.2131598376710365E-004
  0.16666666666666666       0.56666666666666665        2.4764745950728209E-004
  0.16666666666666666       0.59999999999999998        1.1281262602365565E-004
  0.16666666666666666       0.63333333333333330        4.9243834859383939E-005
  0.16666666666666666       0.66666666666666663        2.0581945834729075E-005
  0.16666666666666666       0.69999999999999996        8.2303692620642692E-006
  0.16666666666666666       0.73333333333333328        3.1462512785008827E-006
  0.16666666666666666       0.76666666666666661        1.1487713242313623E-006
  0.16666666666666666       0.80000000000000004        4.0026144893982649E-007
  0.16666666666666666       0.83333333333333337        1.3295459877484159E-007
  0.16666666666666666       0.86666666666666670        4.2059026040018212E-008
  0.16666666666666666       0.90000000000000002        1.2654508449735570E-008
  0.16666666666666666       0.93333333333333335        3.6053279552764021E-009
  0.16666666666666666       0.96666666666666667        9.2071725822594057E-010
  0.16666666666666666        1.0000000000000000        0.0000000000000000     

  0.20000000000000001        0.0000000000000000       0.58778525229247314     
  0.20000000000000001        3.3333333333333333E-002  0.48436808650043112     
  0.20000000000000001        6.6666666666666666E-002  0.38950745612463561     
  0.20000000000000001       0.10000000000000001       0.30503497945231395     
  0.20000000000000001       0.13333333333333333       0.23221086664245671     
  0.20000000000000001       0.16666666666666666       0.17155689005398658     
  0.20000000000000001       0.20000000000000001       0.12282850868015704     
  0.20000000000000001       0.23333333333333334        8.5113193615512853E-002
  0.20000000000000001       0.26666666666666666        5.7016548034694331E-002
  0.20000000000000001       0.29999999999999999        3.6885822976992166E-002
  0.20000000000000001       0.33333333333333331        2.3022919892913035E-002
  0.20000000000000001       0.36666666666666664        1.3852342307909408E-002
  0.20000000000000001       0.40000000000000002        8.0277175551447082E-003
  0.20000000000000001       0.43333333333333335        4.4774388767530714E-003
  0.20000000000000001       0.46666666666666667        2.4016610198986073E-003
  0.20000000000000001       0.50000000000000000        1.2380047555552616E-003
  0.20000000000000001       0.53333333333333333        6.1284369408529148E-004
  0.20000000000000001       0.56666666666666665        2.9112704893215566E-004
  0.20000000000000001       0.59999999999999998        1.3261919569818167E-004
  0.20000000000000001       0.63333333333333330        5.7889599793343736E-005
  0.20000000000000001       0.66666666666666663        2.4195528450272488E-005
  0.20000000000000001       0.69999999999999996        9.6753793463253242E-006
  0.20000000000000001       0.73333333333333328        3.6986402030183144E-006
  0.20000000000000001       0.76666666666666661        1.3504616852793793E-006
  0.20000000000000001       0.80000000000000004        4.7053555349609353E-007
  0.20000000000000001       0.83333333333333337        1.5629750476862955E-007
  0.20000000000000001       0.86666666666666670        4.9443350464215607E-008
  0.20000000000000001       0.90000000000000002        1.4876266883530110E-008
  0.20000000000000001       0.93333333333333335        4.2383172035784932E-009
  0.20000000000000001       0.96666666666666667        1.0823680518327372E-009
  0.20000000000000001        1.0000000000000000        0.0000000000000000     

  0.23333333333333334        0.0000000000000000       0.66913060635885824     
  0.23333333333333334        3.3333333333333333E-002  0.55140123056310253     
  0.23333333333333334        6.6666666666666666E-002  0.44341255463872631     
  0.23333333333333334       0.10000000000000001       0.34724967999031642     
  0.23333333333333334       0.13333333333333333       0.26434722101919728     
  0.23333333333333334       0.16666666666666666       0.19529915971716874     
  0.23333333333333334       0.20000000000000001       0.13982711231824524     
  0.23333333333333334       0.23333333333333334        9.6892262320233638E-002
  0.23333333333333334       0.26666666666666666        6.4907238162485156E-002
  0.23333333333333334       0.29999999999999999        4.1990562026485073E-002
  0.23333333333333334       0.33333333333333331        2.6209130440092855E-002
  0.23333333333333334       0.36666666666666664        1.5769409272912073E-002
  0.23333333333333334       0.40000000000000002        9.1386973293416454E-003
  0.23333333333333334       0.43333333333333335        5.0970849963512662E-003
  0.23333333333333334       0.46666666666666667        2.7340340511189916E-003
  0.23333333333333334       0.50000000000000000        1.4093359258827564E-003
  0.23333333333333334       0.53333333333333333        6.9765696064529341E-004
  0.23333333333333334       0.56666666666666665        3.3141698948667685E-004
  0.23333333333333334       0.59999999999999998        1.5097276171228760E-004
  0.23333333333333334       0.63333333333333330        6.5901114157790092E-005
  0.23333333333333334       0.66666666666666663        2.7544019792874885E-005
  0.23333333333333334       0.69999999999999996        1.1014383949764746E-005
  0.23333333333333334       0.73333333333333328        4.2105060514812568E-006
  0.23333333333333334       0.76666666666666661        1.5373561055011998E-006
  0.23333333333333334       0.80000000000000004        5.3565437206236258E-007
  0.23333333333333334       0.83333333333333337        1.7792798259281686E-007
  0.23333333333333334       0.86666666666666670        5.6285963194040786E-008
  0.23333333333333334       0.90000000000000002        1.6935037824289717E-008
  0.23333333333333334       0.93333333333333335        4.8248705616732831E-009
  0.23333333333333334       0.96666666666666667        1.2321601945635784E-009
  0.23333333333333334        1.0000000000000000        0.0000000000000000     

  0.26666666666666666        0.0000000000000000       0.74314482547739413     
  0.26666666666666666        3.3333333333333333E-002  0.61239310735559882     
  0.26666666666666666        6.6666666666666666E-002  0.49245953241415275     
  0.26666666666666666       0.10000000000000001       0.38565984036767775     
  0.26666666666666666       0.13333333333333333       0.29358733192423914     
  0.26666666666666666       0.16666666666666666       0.21690169091751296     
  0.26666666666666666       0.20000000000000001       0.15529374085307035     
  0.26666666666666666       0.23333333333333334       0.10760975912296451     
  0.26666666666666666       0.26666666666666666        7.2086791006255008E-002
  0.26666666666666666       0.29999999999999999        4.6635243691325795E-002
  0.26666666666666666       0.33333333333333331        2.9108188269557876E-002
  0.26666666666666666       0.36666666666666664        1.7513703289959673E-002
  0.26666666666666666       0.40000000000000002        1.0149551623202952E-002
  0.26666666666666666       0.43333333333333335        5.6608863860958267E-003
  0.26666666666666666       0.46666666666666667        3.0364524331419093E-003
  0.26666666666666666       0.50000000000000000        1.5652261168837773E-003
  0.26666666666666666       0.53333333333333333        7.7482655155036056E-004
  0.26666666666666666       0.56666666666666665        3.6807585615091843E-004
  0.26666666666666666       0.59999999999999998        1.6767223855599221E-004
  0.26666666666666666       0.63333333333333330        7.3190602124828996E-005
  0.26666666666666666       0.66666666666666663        3.0590733090669837E-005
  0.26666666666666666       0.69999999999999996        1.2232712657742524E-005
  0.26666666666666666       0.73333333333333328        4.6762407145391334E-006
  0.26666666666666666       0.76666666666666661        1.7074069305187013E-006
  0.26666666666666666       0.80000000000000004        5.9490444923543255E-007
  0.26666666666666666       0.83333333333333337        1.9760904420589320E-007
  0.26666666666666666       0.86666666666666670        6.2511895132517021E-008
  0.26666666666666666       0.90000000000000002        1.8808264946761902E-008
  0.26666666666666666       0.93333333333333335        5.3585616282253053E-009
  0.26666666666666666       0.96666666666666667        1.3684525323566829E-009
  0.26666666666666666        1.0000000000000000        0.0000000000000000     

  0.29999999999999999        0.0000000000000000       0.80901699437494745     
  0.29999999999999999        3.3333333333333333E-002  0.66667547711241093     
  0.29999999999999999        6.6666666666666666E-002  0.53611102049866732     
  0.29999999999999999       0.10000000000000001       0.41984463082946083     
  0.29999999999999999       0.13333333333333333       0.31961083858362016     
  0.29999999999999999       0.16666666666666666       0.23612780180256807     
  0.29999999999999999       0.20000000000000001       0.16905893866580474     
  0.29999999999999999       0.23333333333333334       0.11714826088595440     
  0.29999999999999999       0.26666666666666666        7.8476545882629478E-002
  0.29999999999999999       0.29999999999999999        5.0768979867232208E-002
  0.29999999999999999       0.33333333333333331        3.1688330697061624E-002
  0.29999999999999999       0.36666666666666664        1.9066113508784437E-002
  0.29999999999999999       0.40000000000000002        1.1049205305550227E-002
  0.29999999999999999       0.43333333333333335        6.1626659199776864E-003
  0.29999999999999999       0.46666666666666667        3.3056028068888022E-003
  0.29999999999999999       0.50000000000000000        1.7039673630035964E-003
  0.29999999999999999       0.53333333333333333        8.4350698061376201E-004
  0.29999999999999999       0.56666666666666665        4.0070200671034573E-004
  0.29999999999999999       0.59999999999999998        1.8253466326640573E-004
  0.29999999999999999       0.63333333333333330        7.9678198538870096E-005
  0.29999999999999999       0.66666666666666663        3.3302287915200972E-005
  0.29999999999999999       0.69999999999999996        1.3317017205982378E-005
  0.29999999999999999       0.73333333333333328        5.0907415057622385E-006
  0.29999999999999999       0.76666666666666661        1.8587510479075698E-006
  0.29999999999999999       0.80000000000000004        6.4763662877091978E-007
  0.29999999999999999       0.83333333333333337        2.1512505977829876E-007
  0.29999999999999999       0.86666666666666670        6.8052933666466357E-008
  0.29999999999999999       0.90000000000000002        2.0475424782594892E-008
  0.29999999999999999       0.93333333333333335        5.8335431722273790E-009
  0.29999999999999999       0.96666666666666667        1.4897518178381854E-009
  0.29999999999999999        1.0000000000000000        0.0000000000000000     

  0.33333333333333331        0.0000000000000000       0.86602540378443860     
  0.33333333333333331        3.3333333333333333E-002  0.71365361083116674     
  0.33333333333333331        6.6666666666666666E-002  0.57388876405415501     
  0.33333333333333331       0.10000000000000001       0.44942951565773898     
  0.33333333333333331       0.13333333333333333       0.34213262201261119     
  0.33333333333333331       0.16666666666666666       0.25276684707815494     
  0.33333333333333331       0.20000000000000001       0.18097189136865927     
  0.33333333333333331       0.23333333333333334       0.12540326178782812     
  0.33333333333333331       0.26666666666666666        8.4006495300040895E-002
  0.33333333333333331       0.29999999999999999        5.4346480475621184E-002
  0.33333333333333331       0.33333333333333331        3.3921289142238853E-002
  0.33333333333333331       0.36666666666666664        2.0409631398166213E-002
  0.33333333333333331       0.40000000000000002        1.1827801582375034E-002
  0.33333333333333331       0.43333333333333335        6.5969259964195198E-003
  0.33333333333333331       0.46666666666666667        3.5385363045415622E-003
  0.33333333333333331       0.50000000000000000        1.8240395861162538E-003
  0.33333333333333331       0.53333333333333333        9.0294577068237539E-004
  0.33333333333333331       0.56666666666666665        4.2893798223196878E-004
  0.33333333333333331       0.59999999999999998        1.9539720000823847E-004
  0.33333333333333331       0.63333333333333330        8.5292823935984391E-005
  0.33333333333333331       0.66666666666666663        3.5648975904381390E-005
  0.33333333333333331       0.69999999999999996        1.4255417726948482E-005
  0.33333333333333331       0.73333333333333328        5.4494670677420662E-006
  0.33333333333333331       0.76666666666666661        1.9897302998468992E-006
  0.33333333333333331       0.80000000000000004        6.9327316587491532E-007
  0.33333333333333331       0.83333333333333337        2.3028412017796039E-007
  0.33333333333333331       0.86666666666666670        7.2848370018173976E-008
  0.33333333333333331       0.90000000000000002        2.1918251579751673E-008
  0.33333333333333331       0.93333333333333335        6.2446111964871418E-009
  0.33333333333333331       0.96666666666666667        1.5947290706528429E-009
  0.33333333333333331        1.0000000000000000        0.0000000000000000     

  0.36666666666666664        0.0000000000000000       0.91354545764260087     
  0.36666666666666664        3.3333333333333333E-002  0.75281280624803726     
  0.36666666666666664        6.6666666666666666E-002  0.60537886221672077     
  0.36666666666666664       0.10000000000000001       0.47409035666329857     
  0.36666666666666664       0.13333333333333333       0.36090592883897810     
  0.36666666666666664       0.16666666666666666       0.26663652588229031     
  0.36666666666666664       0.20000000000000001       0.19090207815887578     
  0.36666666666666664       0.23333333333333334       0.13228431831123483     
  0.36666666666666664       0.26666666666666666        8.8616051975455745E-002
  0.36666666666666664       0.29999999999999999        5.7328549671187071E-002
  0.36666666666666664       0.33333333333333331        3.5782598845087603E-002
  0.36666666666666664       0.36666666666666664        2.1529537094959725E-002
  0.36666666666666664       0.40000000000000002        1.2476809989936737E-002
  0.36666666666666664       0.43333333333333335        6.9589087711490654E-003
  0.36666666666666664       0.46666666666666667        3.7327008579554392E-003
  0.36666666666666664       0.50000000000000000        1.9241272498185986E-003
  0.36666666666666664       0.53333333333333333        9.5249169793384264E-004
  0.36666666666666664       0.56666666666666665        4.5247442345921498E-004
  0.36666666666666664       0.59999999999999998        2.0611892413728816E-004
  0.36666666666666664       0.63333333333333330        8.9972963305385125E-005
  0.36666666666666664       0.66666666666666663        3.7605086253525593E-005
  0.36666666666666664       0.69999999999999996        1.5037632908160199E-005
  0.36666666666666664       0.73333333333333328        5.7484871281534138E-006
  0.36666666666666664       0.76666666666666661        2.0989096502432729E-006
  0.36666666666666664       0.80000000000000004        7.3131405709684853E-007
  0.36666666666666664       0.83333333333333337        2.4292013956690203E-007
  0.36666666666666664       0.86666666666666670        7.6845664383461011E-008
  0.36666666666666664       0.90000000000000002        2.3120937425911686E-008
  0.36666666666666664       0.93333333333333335        6.5872619537092876E-009
  0.36666666666666664       0.96666666666666667        1.6822341380509153E-009
  0.36666666666666664        1.0000000000000000        0.0000000000000000     

  0.40000000000000002        0.0000000000000000       0.95105651629515353     
  0.40000000000000002        3.3333333333333333E-002  0.78372402702344668     
  0.40000000000000002        6.6666666666666666E-002  0.63023630288116883     
  0.40000000000000002       0.10000000000000001       0.49355696451146974     
  0.40000000000000002       0.13333333333333333       0.37572507478456418     
  0.40000000000000002       0.16666666666666666       0.27758487911157909     
  0.40000000000000002       0.20000000000000001       0.19874070183195558     
  0.40000000000000002       0.23333333333333334       0.13771604016095032     
  0.40000000000000002       0.26666666666666666        9.2254712641326439E-002
  0.40000000000000002       0.29999999999999999        5.9682515279785145E-002
  0.40000000000000002       0.33333333333333331        3.7251866906999373E-002
  0.40000000000000002       0.36666666666666664        2.2413560677995582E-002
  0.40000000000000002       0.40000000000000002        1.2989119856308346E-002
  0.40000000000000002       0.43333333333333335        7.2446482851366211E-003
  0.40000000000000002       0.46666666666666667        3.8859691596516838E-003
  0.40000000000000002       0.50000000000000000        2.0031337727224184E-003
  0.40000000000000002       0.53333333333333333        9.9160192682104455E-004
  0.40000000000000002       0.56666666666666665        4.7105346021668164E-004
  0.40000000000000002       0.59999999999999998        2.1458236620033183E-004
  0.40000000000000002       0.63333333333333330        9.3667340060759062E-005
  0.40000000000000002       0.66666666666666663        3.9149187408305963E-005
  0.40000000000000002       0.69999999999999996        1.5655092636403114E-005
  0.40000000000000002       0.73333333333333328        5.9845255606404454E-006
  0.40000000000000002       0.76666666666666661        2.1850929072864990E-006
  0.40000000000000002       0.80000000000000004        7.6134251847192365E-007
  0.40000000000000002       0.83333333333333337        2.5289467507244144E-007
  0.40000000000000002       0.86666666666666670        8.0001021568773730E-008
  0.40000000000000002       0.90000000000000002        2.4070305443266193E-008
  0.40000000000000002       0.93333333333333335        6.8577412904934096E-009
  0.40000000000000002       0.96666666666666667        1.7513082962023769E-009
  0.40000000000000002        1.0000000000000000        0.0000000000000000     

  0.43333333333333335        0.0000000000000000       0.97814760073380569     
  0.43333333333333335        3.3333333333333333E-002  0.80604860335399098     
  0.43333333333333335        6.6666666666666666E-002  0.64818874272582572     
  0.43333333333333335       0.10000000000000001       0.50761605897301854     
  0.43333333333333335       0.13333333333333333       0.38642769818528389     
  0.43333333333333335       0.16666666666666666       0.28549195431695101     
  0.43333333333333335       0.20000000000000001       0.20440188078659885     
  0.43333333333333335       0.23333333333333334       0.14163891625572833     
  0.43333333333333335       0.26666666666666666        9.4882611369959013E-002
  0.43333333333333335       0.29999999999999999        6.1382586761608654E-002
  0.43333333333333335       0.33333333333333331        3.8312995719623745E-002
  0.43333333333333335       0.36666666666666664        2.3052016599904215E-002
  0.43333333333333335       0.40000000000000002        1.3359118207386163E-002
  0.43333333333333335       0.43333333333333335        7.4510139164721025E-003
  0.43333333333333335       0.46666666666666667        3.9966619700434591E-003
  0.43333333333333335       0.50000000000000000        2.0601935428295999E-003
  0.43333333333333335       0.53333333333333333        1.0198479574919518E-003
  0.43333333333333335       0.56666666666666665        4.8447153668974054E-004
  0.43333333333333335       0.59999999999999998        2.2069479895503769E-004
  0.43333333333333335       0.63333333333333330        9.6335477837276290E-005
  0.43333333333333335       0.66666666666666663        4.0264361873346785E-005
  0.43333333333333335       0.69999999999999996        1.6101031893682855E-005
  0.43333333333333335       0.73333333333333328        6.1549962787426139E-006
  0.43333333333333335       0.76666666666666661        2.2473358291774076E-006
  0.43333333333333335       0.80000000000000004        7.8302955189345576E-007
  0.43333333333333335       0.83333333333333337        2.6009844359627411E-007
  0.43333333333333335       0.86666666666666670        8.2279870820488931E-008
  0.43333333333333335       0.90000000000000002        2.4755954157149039E-008
  0.43333333333333335       0.93333333333333335        7.0530857786242621E-009
  0.43333333333333335       0.96666666666666667        1.8011947541758231E-009
  0.43333333333333335        1.0000000000000000        0.0000000000000000     

  0.46666666666666667        0.0000000000000000       0.99452189536827329     
  0.46666666666666667        3.3333333333333333E-002  0.81954194250967449     
  0.46666666666666667        6.6666666666666666E-002  0.65903949106296367     
  0.46666666666666667       0.10000000000000001       0.51611360566696940     
  0.46666666666666667       0.13333333333333333       0.39289653885949105     
  0.46666666666666667       0.16666666666666666       0.29027111992779420     
  0.46666666666666667       0.20000000000000001       0.20782358996150072     
  0.46666666666666667       0.23333333333333334       0.14400996674415983     
  0.46666666666666667       0.26666666666666666        9.6470956352959381E-002
  0.46666666666666667       0.29999999999999999        6.2410137777739891E-002
  0.46666666666666667       0.33333333333333331        3.8954359333634128E-002
  0.46666666666666667       0.36666666666666664        2.3437909803999690E-002
  0.46666666666666667       0.40000000000000002        1.3582751263808653E-002
  0.46666666666666667       0.43333333333333335        7.5757446801138113E-003
  0.46666666666666667       0.46666666666666667        4.0635665155361522E-003
  0.46666666666666667       0.50000000000000000        2.0946814013583256E-003
  0.46666666666666667       0.53333333333333333        1.0369203205236716E-003
  0.46666666666666667       0.56666666666666665        4.9258164162463978E-004
  0.46666666666666667       0.59999999999999998        2.2438925330903642E-004
  0.46666666666666667       0.63333333333333330        9.7948143959113542E-005
  0.46666666666666667       0.66666666666666663        4.0938391563843802E-005
  0.46666666666666667       0.69999999999999996        1.6370564876177871E-005
  0.46666666666666667       0.73333333333333328        6.2580315695991027E-006
  0.46666666666666667       0.76666666666666661        2.2849564694385916E-006
  0.46666666666666667       0.80000000000000004        7.9613754968497525E-007
  0.46666666666666667       0.83333333333333337        2.6445251914296746E-007
  0.46666666666666667       0.86666666666666670        8.3657244589324951E-008
  0.46666666666666667       0.90000000000000002        2.5170371456769702E-008
  0.46666666666666667       0.93333333333333335        7.1711551830114192E-009
  0.46666666666666667       0.96666666666666667        1.8313469454982847E-009
  0.46666666666666667        1.0000000000000000        0.0000000000000000     

  0.50000000000000000        0.0000000000000000        1.0000000000000000     
  0.50000000000000000        3.3333333333333333E-002  0.82405620864304518     
  0.50000000000000000        6.6666666666666666E-002  0.66266966482313605     
  0.50000000000000000       0.10000000000000001       0.51895650369351753     
  0.50000000000000000       0.13333333333333333       0.39506072283506710     
  0.50000000000000000       0.16666666666666666       0.29187001440557148     
  0.50000000000000000       0.20000000000000001       0.20896834039490225     
  0.50000000000000000       0.23333333333333334       0.14480321390091938     
  0.50000000000000000       0.26666666666666666        9.7002345350311298E-002
  0.50000000000000000       0.29999999999999999        6.2753910264217255E-002
  0.50000000000000000       0.33333333333333331        3.9168930835061462E-002
  0.50000000000000000       0.36666666666666664        2.3567012363584602E-002
  0.50000000000000000       0.40000000000000002        1.3657568855011416E-002
  0.50000000000000000       0.43333333333333335        7.6174739997137003E-003
  0.50000000000000000       0.46666666666666667        4.0859497759286696E-003
  0.50000000000000000       0.50000000000000000        2.1062194921135052E-003
  0.50000000000000000       0.53333333333333333        1.0426319675342071E-003
  0.50000000000000000       0.56666666666666665        4.9529491901456417E-004
  0.50000000000000000       0.59999999999999998        2.2562525204731127E-004
  0.50000000000000000       0.63333333333333330        9.8487669718767877E-005
  0.50000000000000000       0.66666666666666663        4.1163891669458158E-005
  0.50000000000000000       0.69999999999999996        1.6460738524128542E-005
  0.50000000000000000       0.73333333333333328        6.2925025570017662E-006
  0.50000000000000000       0.76666666666666661        2.2975426484627245E-006
  0.50000000000000000       0.80000000000000004        8.0052289787965298E-007
  0.50000000000000000       0.83333333333333337        2.6590919754968317E-007
  0.50000000000000000       0.86666666666666670        8.4118052080036424E-008
  0.50000000000000000       0.90000000000000002        2.5309016899471139E-008
  0.50000000000000000       0.93333333333333335        7.2106559105528058E-009
  0.50000000000000000       0.96666666666666667        1.8414345164518813E-009
  0.50000000000000000        1.0000000000000000        0.0000000000000000     

  0.53333333333333333        0.0000000000000000       0.99452189536827340     
  0.53333333333333333        3.3333333333333333E-002  0.81954194250967449     
  0.53333333333333333        6.6666666666666666E-002  0.65903949106296367     
  0.53333333333333333       0.10000000000000001       0.51611360566696940     
  0.53333333333333333       0.13333333333333333       0.39289653885949105     
  0.53333333333333333       0.16666666666666666       0.29027111992779425     
  0.53333333333333333       0.20000000000000001       0.20782358996150072     
  0.53333333333333333       0.23333333333333334       0.14400996674415983     
  0.53333333333333333       0.26666666666666666        9.6470956352959394E-002
  0.53333333333333333       0.29999999999999999        6.2410137777739891E-002
  0.53333333333333333       0.33333333333333331        3.8954359333634128E-002
  0.53333333333333333       0.36666666666666664        2.3437909803999690E-002
  0.53333333333333333       0.40000000000000002        1.3582751263808653E-002
  0.53333333333333333       0.43333333333333335        7.5757446801138113E-003
  0.53333333333333333       0.46666666666666667        4.0635665155361522E-003
  0.53333333333333333       0.50000000000000000        2.0946814013583252E-003
  0.53333333333333333       0.53333333333333333        1.0369203205236716E-003
  0.53333333333333333       0.56666666666666665        4.9258164162463978E-004
  0.53333333333333333       0.59999999999999998        2.2438925330903642E-004
  0.53333333333333333       0.63333333333333330        9.7948143959113542E-005
  0.53333333333333333       0.66666666666666663        4.0938391563843802E-005
  0.53333333333333333       0.69999999999999996        1.6370564876177871E-005
  0.53333333333333333       0.73333333333333328        6.2580315695991027E-006
  0.53333333333333333       0.76666666666666661        2.2849564694385916E-006
  0.53333333333333333       0.80000000000000004        7.9613754968497536E-007
  0.53333333333333333       0.83333333333333337        2.6445251914296746E-007
  0.53333333333333333       0.86666666666666670        8.3657244589324951E-008
  0.53333333333333333       0.90000000000000002        2.5170371456769702E-008
  0.53333333333333333       0.93333333333333335        7.1711551830114192E-009
  0.53333333333333333       0.96666666666666667        1.8313469454982847E-009
  0.53333333333333333        1.0000000000000000        0.0000000000000000     

  0.56666666666666665        0.0000000000000000       0.97814760073380569     
  0.56666666666666665        3.3333333333333333E-002  0.80604860335399098     
  0.56666666666666665        6.6666666666666666E-002  0.64818874272582572     
  0.56666666666666665       0.10000000000000001       0.50761605897301854     
  0.56666666666666665       0.13333333333333333       0.38642769818528389     
  0.56666666666666665       0.16666666666666666       0.28549195431695107     
  0.56666666666666665       0.20000000000000001       0.20440188078659888     
  0.56666666666666665       0.23333333333333334       0.14163891625572833     
  0.56666666666666665       0.26666666666666666        9.4882611369959013E-002
  0.56666666666666665       0.29999999999999999        6.1382586761608654E-002
  0.56666666666666665       0.33333333333333331        3.8312995719623745E-002
  0.56666666666666665       0.36666666666666664        2.3052016599904215E-002
  0.56666666666666665       0.40000000000000002        1.3359118207386163E-002
  0.56666666666666665       0.43333333333333335        7.4510139164721016E-003
  0.56666666666666665       0.46666666666666667        3.9966619700434591E-003
  0.56666666666666665       0.50000000000000000        2.0601935428295999E-003
  0.56666666666666665       0.53333333333333333        1.0198479574919518E-003
  0.56666666666666665       0.56666666666666665        4.8447153668974054E-004
  0.56666666666666665       0.59999999999999998        2.2069479895503769E-004
  0.56666666666666665       0.63333333333333330        9.6335477837276290E-005
  0.56666666666666665       0.66666666666666663        4.0264361873346785E-005
  0.56666666666666665       0.69999999999999996        1.6101031893682855E-005
  0.56666666666666665       0.73333333333333328        6.1549962787426139E-006
  0.56666666666666665       0.76666666666666661        2.2473358291774076E-006
  0.56666666666666665       0.80000000000000004        7.8302955189345597E-007
  0.56666666666666665       0.83333333333333337        2.6009844359627411E-007
  0.56666666666666665       0.86666666666666670        8.2279870820488944E-008
  0.56666666666666665       0.90000000000000002        2.4755954157149039E-008
  0.56666666666666665       0.93333333333333335        7.0530857786242621E-009
  0.56666666666666665       0.96666666666666667        1.8011947541758231E-009
  0.56666666666666665        1.0000000000000000        0.0000000000000000     

  0.59999999999999998        0.0000000000000000       0.95105651629515364     
  0.59999999999999998        3.3333333333333333E-002  0.78372402702344668     
  0.59999999999999998        6.6666666666666666E-002  0.63023630288116894     
  0.59999999999999998       0.10000000000000001       0.49355696451146980     
  0.59999999999999998       0.13333333333333333       0.37572507478456418     
  0.59999999999999998       0.16666666666666666       0.27758487911157909     
  0.59999999999999998       0.20000000000000001       0.19874070183195558     
  0.59999999999999998       0.23333333333333334       0.13771604016095032     
  0.59999999999999998       0.26666666666666666        9.2254712641326439E-002
  0.59999999999999998       0.29999999999999999        5.9682515279785145E-002
  0.59999999999999998       0.33333333333333331        3.7251866906999373E-002
  0.59999999999999998       0.36666666666666664        2.2413560677995582E-002
  0.59999999999999998       0.40000000000000002        1.2989119856308346E-002
  0.59999999999999998       0.43333333333333335        7.2446482851366211E-003
  0.59999999999999998       0.46666666666666667        3.8859691596516838E-003
  0.59999999999999998       0.50000000000000000        2.0031337727224184E-003
  0.59999999999999998       0.53333333333333333        9.9160192682104476E-004
  0.59999999999999998       0.56666666666666665        4.7105346021668164E-004
  0.59999999999999998       0.59999999999999998        2.1458236620033183E-004
  0.59999999999999998       0.63333333333333330        9.3667340060759076E-005
  0.59999999999999998       0.66666666666666663        3.9149187408305970E-005
  0.59999999999999998       0.69999999999999996        1.5655092636403118E-005
  0.59999999999999998       0.73333333333333328        5.9845255606404454E-006
  0.59999999999999998       0.76666666666666661        2.1850929072864994E-006
  0.59999999999999998       0.80000000000000004        7.6134251847192387E-007
  0.59999999999999998       0.83333333333333337        2.5289467507244144E-007
  0.59999999999999998       0.86666666666666670        8.0001021568773756E-008
  0.59999999999999998       0.90000000000000002        2.4070305443266196E-008
  0.59999999999999998       0.93333333333333335        6.8577412904934096E-009
  0.59999999999999998       0.96666666666666667        1.7513082962023769E-009
  0.59999999999999998        1.0000000000000000        0.0000000000000000     

  0.63333333333333330        0.0000000000000000       0.91354545764260098     
  0.63333333333333330        3.3333333333333333E-002  0.75281280624803726     
  0.63333333333333330        6.6666666666666666E-002  0.60537886221672077     
  0.63333333333333330       0.10000000000000001       0.47409035666329863     
  0.63333333333333330       0.13333333333333333       0.36090592883897815     
  0.63333333333333330       0.16666666666666666       0.26663652588229036     
  0.63333333333333330       0.20000000000000001       0.19090207815887580     
  0.63333333333333330       0.23333333333333334       0.13228431831123483     
  0.63333333333333330       0.26666666666666666        8.8616051975455731E-002
  0.63333333333333330       0.29999999999999999        5.7328549671187064E-002
  0.63333333333333330       0.33333333333333331        3.5782598845087603E-002
  0.63333333333333330       0.36666666666666664        2.1529537094959725E-002
  0.63333333333333330       0.40000000000000002        1.2476809989936737E-002
  0.63333333333333330       0.43333333333333335        6.9589087711490654E-003
  0.63333333333333330       0.46666666666666667        3.7327008579554392E-003
  0.63333333333333330       0.50000000000000000        1.9241272498185988E-003
  0.63333333333333330       0.53333333333333333        9.5249169793384264E-004
  0.63333333333333330       0.56666666666666665        4.5247442345921498E-004
  0.63333333333333330       0.59999999999999998        2.0611892413728816E-004
  0.63333333333333330       0.63333333333333330        8.9972963305385138E-005
  0.63333333333333330       0.66666666666666663        3.7605086253525606E-005
  0.63333333333333330       0.69999999999999996        1.5037632908160199E-005
  0.63333333333333330       0.73333333333333328        5.7484871281534155E-006
  0.63333333333333330       0.76666666666666661        2.0989096502432734E-006
  0.63333333333333330       0.80000000000000004        7.3131405709684874E-007
  0.63333333333333330       0.83333333333333337        2.4292013956690209E-007
  0.63333333333333330       0.86666666666666670        7.6845664383461024E-008
  0.63333333333333330       0.90000000000000002        2.3120937425911686E-008
  0.63333333333333330       0.93333333333333335        6.5872619537092876E-009
  0.63333333333333330       0.96666666666666667        1.6822341380509155E-009
  0.63333333333333330        1.0000000000000000        0.0000000000000000     

  0.66666666666666663        0.0000000000000000       0.86602540378443871     
  0.66666666666666663        3.3333333333333333E-002  0.71365361083116674     
  0.66666666666666663        6.6666666666666666E-002  0.57388876405415512     
  0.66666666666666663       0.10000000000000001       0.44942951565773909     
  0.66666666666666663       0.13333333333333333       0.34213262201261124     
  0.66666666666666663       0.16666666666666666       0.25276684707815500     
  0.66666666666666663       0.20000000000000001       0.18097189136865929     
  0.66666666666666663       0.23333333333333334       0.12540326178782812     
  0.66666666666666663       0.26666666666666666        8.4006495300040895E-002
  0.66666666666666663       0.29999999999999999        5.4346480475621177E-002
  0.66666666666666663       0.33333333333333331        3.3921289142238853E-002
  0.66666666666666663       0.36666666666666664        2.0409631398166213E-002
  0.66666666666666663       0.40000000000000002        1.1827801582375034E-002
  0.66666666666666663       0.43333333333333335        6.5969259964195198E-003
  0.66666666666666663       0.46666666666666667        3.5385363045415627E-003
  0.66666666666666663       0.50000000000000000        1.8240395861162540E-003
  0.66666666666666663       0.53333333333333333        9.0294577068237550E-004
  0.66666666666666663       0.56666666666666665        4.2893798223196878E-004
  0.66666666666666663       0.59999999999999998        1.9539720000823850E-004
  0.66666666666666663       0.63333333333333330        8.5292823935984391E-005
  0.66666666666666663       0.66666666666666663        3.5648975904381390E-005
  0.66666666666666663       0.69999999999999996        1.4255417726948486E-005
  0.66666666666666663       0.73333333333333328        5.4494670677420671E-006
  0.66666666666666663       0.76666666666666661        1.9897302998469001E-006
  0.66666666666666663       0.80000000000000004        6.9327316587491543E-007
  0.66666666666666663       0.83333333333333337        2.3028412017796042E-007
  0.66666666666666663       0.86666666666666670        7.2848370018173989E-008
  0.66666666666666663       0.90000000000000002        2.1918251579751676E-008
  0.66666666666666663       0.93333333333333335        6.2446111964871426E-009
  0.66666666666666663       0.96666666666666667        1.5947290706528431E-009
  0.66666666666666663        1.0000000000000000        0.0000000000000000     

  0.69999999999999996        0.0000000000000000       0.80901699437494745     
  0.69999999999999996        3.3333333333333333E-002  0.66667547711241093     
  0.69999999999999996        6.6666666666666666E-002  0.53611102049866743     
  0.69999999999999996       0.10000000000000001       0.41984463082946094     
  0.69999999999999996       0.13333333333333333       0.31961083858362022     
  0.69999999999999996       0.16666666666666666       0.23612780180256807     
  0.69999999999999996       0.20000000000000001       0.16905893866580476     
  0.69999999999999996       0.23333333333333334       0.11714826088595441     
  0.69999999999999996       0.26666666666666666        7.8476545882629492E-002
  0.69999999999999996       0.29999999999999999        5.0768979867232215E-002
  0.69999999999999996       0.33333333333333331        3.1688330697061624E-002
  0.69999999999999996       0.36666666666666664        1.9066113508784441E-002
  0.69999999999999996       0.40000000000000002        1.1049205305550229E-002
  0.69999999999999996       0.43333333333333335        6.1626659199776864E-003
  0.69999999999999996       0.46666666666666667        3.3056028068888027E-003
  0.69999999999999996       0.50000000000000000        1.7039673630035966E-003
  0.69999999999999996       0.53333333333333333        8.4350698061376201E-004
  0.69999999999999996       0.56666666666666665        4.0070200671034573E-004
  0.69999999999999996       0.59999999999999998        1.8253466326640576E-004
  0.69999999999999996       0.63333333333333330        7.9678198538870123E-005
  0.69999999999999996       0.66666666666666663        3.3302287915200979E-005
  0.69999999999999996       0.69999999999999996        1.3317017205982381E-005
  0.69999999999999996       0.73333333333333328        5.0907415057622402E-006
  0.69999999999999996       0.76666666666666661        1.8587510479075701E-006
  0.69999999999999996       0.80000000000000004        6.4763662877091988E-007
  0.69999999999999996       0.83333333333333337        2.1512505977829878E-007
  0.69999999999999996       0.86666666666666670        6.8052933666466370E-008
  0.69999999999999996       0.90000000000000002        2.0475424782594895E-008
  0.69999999999999996       0.93333333333333335        5.8335431722273806E-009
  0.69999999999999996       0.96666666666666667        1.4897518178381858E-009
  0.69999999999999996        1.0000000000000000        0.0000000000000000     

  0.73333333333333328        0.0000000000000000       0.74314482547739447     
  0.73333333333333328        3.3333333333333333E-002  0.61239310735559904     
  0.73333333333333328        6.6666666666666666E-002  0.49245953241415286     
  0.73333333333333328       0.10000000000000001       0.38565984036767786     
  0.73333333333333328       0.13333333333333333       0.29358733192423925     
  0.73333333333333328       0.16666666666666666       0.21690169091751299     
  0.73333333333333328       0.20000000000000001       0.15529374085307038     
  0.73333333333333328       0.23333333333333334       0.10760975912296453     
  0.73333333333333328       0.26666666666666666        7.2086791006255022E-002
  0.73333333333333328       0.29999999999999999        4.6635243691325802E-002
  0.73333333333333328       0.33333333333333331        2.9108188269557880E-002
  0.73333333333333328       0.36666666666666664        1.7513703289959673E-002
  0.73333333333333328       0.40000000000000002        1.0149551623202952E-002
  0.73333333333333328       0.43333333333333335        5.6608863860958267E-003
  0.73333333333333328       0.46666666666666667        3.0364524331419097E-003
  0.73333333333333328       0.50000000000000000        1.5652261168837773E-003
  0.73333333333333328       0.53333333333333333        7.7482655155036056E-004
  0.73333333333333328       0.56666666666666665        3.6807585615091843E-004
  0.73333333333333328       0.59999999999999998        1.6767223855599224E-004
  0.73333333333333328       0.63333333333333330        7.3190602124829010E-005
  0.73333333333333328       0.66666666666666663        3.0590733090669844E-005
  0.73333333333333328       0.69999999999999996        1.2232712657742525E-005
  0.73333333333333328       0.73333333333333328        4.6762407145391351E-006
  0.73333333333333328       0.76666666666666661        1.7074069305187017E-006
  0.73333333333333328       0.80000000000000004        5.9490444923543265E-007
  0.73333333333333328       0.83333333333333337        1.9760904420589326E-007
  0.73333333333333328       0.86666666666666670        6.2511895132517021E-008
  0.73333333333333328       0.90000000000000002        1.8808264946761905E-008
  0.73333333333333328       0.93333333333333335        5.3585616282253061E-009
  0.73333333333333328       0.96666666666666667        1.3684525323566831E-009
  0.73333333333333328        1.0000000000000000        0.0000000000000000     

  0.76666666666666661        0.0000000000000000       0.66913060635885835     
  0.76666666666666661        3.3333333333333333E-002  0.55140123056310264     
  0.76666666666666661        6.6666666666666666E-002  0.44341255463872647     
  0.76666666666666661       0.10000000000000001       0.34724967999031647     
  0.76666666666666661       0.13333333333333333       0.26434722101919733     
  0.76666666666666661       0.16666666666666666       0.19529915971716877     
  0.76666666666666661       0.20000000000000001       0.13982711231824527     
  0.76666666666666661       0.23333333333333334        9.6892262320233638E-002
  0.76666666666666661       0.26666666666666666        6.4907238162485170E-002
  0.76666666666666661       0.29999999999999999        4.1990562026485073E-002
  0.76666666666666661       0.33333333333333331        2.6209130440092859E-002
  0.76666666666666661       0.36666666666666664        1.5769409272912073E-002
  0.76666666666666661       0.40000000000000002        9.1386973293416454E-003
  0.76666666666666661       0.43333333333333335        5.0970849963512654E-003
  0.76666666666666661       0.46666666666666667        2.7340340511189916E-003
  0.76666666666666661       0.50000000000000000        1.4093359258827564E-003
  0.76666666666666661       0.53333333333333333        6.9765696064529341E-004
  0.76666666666666661       0.56666666666666665        3.3141698948667691E-004
  0.76666666666666661       0.59999999999999998        1.5097276171228762E-004
  0.76666666666666661       0.63333333333333330        6.5901114157790119E-005
  0.76666666666666661       0.66666666666666663        2.7544019792874885E-005
  0.76666666666666661       0.69999999999999996        1.1014383949764748E-005
  0.76666666666666661       0.73333333333333328        4.2105060514812576E-006
  0.76666666666666661       0.76666666666666661        1.5373561055012002E-006
  0.76666666666666661       0.80000000000000004        5.3565437206236268E-007
  0.76666666666666661       0.83333333333333337        1.7792798259281686E-007
  0.76666666666666661       0.86666666666666670        5.6285963194040786E-008
  0.76666666666666661       0.90000000000000002        1.6935037824289717E-008
  0.76666666666666661       0.93333333333333335        4.8248705616732831E-009
  0.76666666666666661       0.96666666666666667        1.2321601945635784E-009
  0.76666666666666661        1.0000000000000000        0.0000000000000000     

  0.80000000000000004        0.0000000000000000       0.58778525229247325     
  0.80000000000000004        3.3333333333333333E-002  0.48436808650043123     
  0.80000000000000004        6.6666666666666666E-002  0.38950745612463566     
  0.80000000000000004       0.10000000000000001       0.30503497945231400     
  0.80000000000000004       0.13333333333333333       0.23221086664245674     
  0.80000000000000004       0.16666666666666666       0.17155689005398661     
  0.80000000000000004       0.20000000000000001       0.12282850868015706     
  0.80000000000000004       0.23333333333333334        8.5113193615512853E-002
  0.80000000000000004       0.26666666666666666        5.7016548034694331E-002
  0.80000000000000004       0.29999999999999999        3.6885822976992166E-002
  0.80000000000000004       0.33333333333333331        2.3022919892913031E-002
  0.80000000000000004       0.36666666666666664        1.3852342307909410E-002
  0.80000000000000004       0.40000000000000002        8.0277175551447082E-003
  0.80000000000000004       0.43333333333333335        4.4774388767530714E-003
  0.80000000000000004       0.46666666666666667        2.4016610198986073E-003
  0.80000000000000004       0.50000000000000000        1.2380047555552616E-003
  0.80000000000000004       0.53333333333333333        6.1284369408529159E-004
  0.80000000000000004       0.56666666666666665        2.9112704893215566E-004
  0.80000000000000004       0.59999999999999998        1.3261919569818170E-004
  0.80000000000000004       0.63333333333333330        5.7889599793343743E-005
  0.80000000000000004       0.66666666666666663        2.4195528450272492E-005
  0.80000000000000004       0.69999999999999996        9.6753793463253258E-006
  0.80000000000000004       0.73333333333333328        3.6986402030183153E-006
  0.80000000000000004       0.76666666666666661        1.3504616852793797E-006
  0.80000000000000004       0.80000000000000004        4.7053555349609358E-007
  0.80000000000000004       0.83333333333333337        1.5629750476862958E-007
  0.80000000000000004       0.86666666666666670        4.9443350464215607E-008
  0.80000000000000004       0.90000000000000002        1.4876266883530110E-008
  0.80000000000000004       0.93333333333333335        4.2383172035784932E-009
  0.80000000000000004       0.96666666666666667        1.0823680518327372E-009
  0.80000000000000004        1.0000000000000000        0.0000000000000000     

  0.83333333333333337        0.0000000000000000       0.49999999999999994     
  0.83333333333333337        3.3333333333333333E-002  0.41202810432152254     
  0.83333333333333337        6.6666666666666666E-002  0.33133483241156803     
  0.83333333333333337       0.10000000000000001       0.25947825184675877     
  0.83333333333333337       0.13333333333333333       0.19753036141753358     
  0.83333333333333337       0.16666666666666666       0.14593500720278577     
  0.83333333333333337       0.20000000000000001       0.10448417019745115     
  0.83333333333333337       0.23333333333333334        7.2401606950459704E-002
  0.83333333333333337       0.26666666666666666        4.8501172675155649E-002
  0.83333333333333337       0.29999999999999999        3.1376955132108635E-002
  0.83333333333333337       0.33333333333333331        1.9584465417530734E-002
  0.83333333333333337       0.36666666666666664        1.1783506181792303E-002
  0.83333333333333337       0.40000000000000002        6.8287844275057080E-003
  0.83333333333333337       0.43333333333333335        3.8087369998568502E-003
  0.83333333333333337       0.46666666666666667        2.0429748879643348E-003
  0.83333333333333337       0.50000000000000000        1.0531097460567528E-003
  0.83333333333333337       0.53333333333333333        5.2131598376710365E-004
  0.83333333333333337       0.56666666666666665        2.4764745950728209E-004
  0.83333333333333337       0.59999999999999998        1.1281262602365563E-004
  0.83333333333333337       0.63333333333333330        4.9243834859383932E-005
  0.83333333333333337       0.66666666666666663        2.0581945834729075E-005
  0.83333333333333337       0.69999999999999996        8.2303692620642692E-006
  0.83333333333333337       0.73333333333333328        3.1462512785008831E-006
  0.83333333333333337       0.76666666666666661        1.1487713242313623E-006
  0.83333333333333337       0.80000000000000004        4.0026144893982649E-007
  0.83333333333333337       0.83333333333333337        1.3295459877484159E-007
  0.83333333333333337       0.86666666666666670        4.2059026040018212E-008
  0.83333333333333337       0.90000000000000002        1.2654508449735570E-008
  0.83333333333333337       0.93333333333333335        3.6053279552764021E-009
  0.83333333333333337       0.96666666666666667        9.2071725822594057E-010
  0.83333333333333337        1.0000000000000000        0.0000000000000000     

  0.86666666666666670        0.0000000000000000       0.40673664307580004     
  0.86666666666666670        3.3333333333333333E-002  0.33517385600924332     
  0.86666666666666670        6.6666666666666666E-002  0.26953203493832806     
  0.86666666666666670       0.10000000000000001       0.21107862621465545     
  0.86666666666666670       0.13333333333333333       0.16068567221703434     
  0.86666666666666670       0.16666666666666666       0.11871422987380761     
  0.86666666666666670       0.20000000000000001        8.4995081281343698E-002
  0.86666666666666670       0.23333333333333334        5.8896773128647009E-002
  0.86666666666666670       0.26666666666666666        3.9454408318265070E-002
  0.86666666666666670       0.29999999999999999        2.5524314800747731E-002
  0.86666666666666670       0.33333333333333331        1.5931439440721101E-002
  0.86666666666666670       0.36666666666666664        9.5855674960902814E-003
  0.86666666666666670       0.40000000000000002        5.5550337086639435E-003
  0.86666666666666670       0.43333333333333335        3.0983058033607395E-003
  0.86666666666666670       0.46666666666666667        1.6619054956375451E-003
  0.86666666666666670       0.50000000000000000        8.5667664580306414E-004
  0.86666666666666670       0.53333333333333333        4.2407662643838013E-004
  0.86666666666666670       0.56666666666666665        2.0145459269248418E-004
  0.86666666666666670       0.59999999999999998        9.1770057610854696E-005
  0.86666666666666670       0.63333333333333330        4.0058544165769786E-005
  0.86666666666666670       0.66666666666666663        1.6742863113571307E-005
  0.86666666666666670       0.69999999999999996        6.6951855298525439E-006
  0.86666666666666670       0.73333333333333328        2.5593913665807874E-006
  0.86666666666666670       0.76666666666666661        9.3449478415921195E-007
  0.86666666666666670       0.80000000000000004        3.2560199618888172E-007
  0.86666666666666670       0.83333333333333337        1.0815501437433790E-007
  0.86666666666666670       0.86666666666666670        3.4213894125109344E-008
  0.86666666666666670       0.90000000000000002        1.0294104573239588E-008
  0.86666666666666670       0.93333333333333335        2.9328379794329252E-009
  0.86666666666666670       0.96666666666666667        7.4897889366554754E-010
  0.86666666666666670        1.0000000000000000        0.0000000000000000     

  0.90000000000000002        0.0000000000000000       0.30901699437494751     
  0.90000000000000002        3.3333333333333333E-002  0.25464737279088839     
  0.90000000000000002        6.6666666666666666E-002  0.20477618808709935     
  0.90000000000000002       0.10000000000000001       0.16036637898270212     
  0.90000000000000002       0.13333333333333333       0.12208047716608661     
  0.90000000000000002       0.16666666666666666        9.0192794599782314E-002
  0.90000000000000002       0.20000000000000001        6.4574768468353624E-002
  0.90000000000000002       0.23333333333333334        4.4746653935494714E-002
  0.90000000000000002       0.26666666666666666        2.9975373207473854E-002
  0.90000000000000002       0.29999999999999999        1.9392024735123584E-002
  0.90000000000000002       0.33333333333333331        1.2103865279530893E-002
  0.90000000000000002       0.36666666666666664        7.2826073269921399E-003
  0.90000000000000002       0.40000000000000002        4.2204208780445207E-003
  0.90000000000000002       0.43333333333333335        2.3539289201208371E-003
  0.90000000000000002       0.46666666666666667        1.2626279189244674E-003
  0.90000000000000002       0.50000000000000000        6.5085761694684378E-004
  0.90000000000000002       0.53333333333333333        3.2219099684665847E-004
  0.90000000000000002       0.56666666666666665        1.5305454720306361E-004
  0.90000000000000002       0.59999999999999998        6.9722037242750084E-005
  0.90000000000000002       0.63333333333333330        3.0434363679486171E-005
  0.90000000000000002       0.66666666666666663        1.2720342080471893E-005
  0.90000000000000002       0.69999999999999996        5.0866479439181097E-006
  0.90000000000000002       0.73333333333333328        1.9444902272613567E-006
  0.90000000000000002       0.76666666666666661        7.0997972367620759E-007
  0.90000000000000002       0.80000000000000004        2.4737517983109334E-007
  0.90000000000000002       0.83333333333333337        8.2170461003457223E-008
  0.90000000000000002       0.86666666666666670        2.5993907626448145E-008
  0.90000000000000002       0.90000000000000002        7.8209163328593222E-009
  0.90000000000000002       0.93333333333333335        2.2282152169509777E-009
  0.90000000000000002       0.96666666666666667        5.6903455961224502E-010
  0.90000000000000002        1.0000000000000000        0.0000000000000000     

  0.93333333333333335        0.0000000000000000       0.20791169081775931     
  0.93333333333333335        3.3333333333333333E-002  0.17133091966784780     
  0.93333333333333335        6.6666666666666666E-002  0.13777677046701609     
  0.93333333333333335       0.10000000000000001       0.10789712414379200     
  0.93333333333333335       0.13333333333333333        8.2137742860324992E-002
  0.93333333333333335       0.16666666666666666        6.0683188194066151E-002
  0.93333333333333335       0.20000000000000001        4.3446960978885216E-002
  0.93333333333333335       0.23333333333333334        3.0106281037985825E-002
  0.93333333333333335       0.26666666666666666        2.0167921635071438E-002
  0.93333333333333335       0.29999999999999999        1.3047271588459353E-002
  0.93333333333333335       0.33333333333333331        8.1436786374415003E-003
  0.93333333333333335       0.36666666666666664        4.8998573880359147E-003
  0.93333333333333335       0.40000000000000002        2.8395682331053928E-003
  0.93333333333333335       0.43333333333333335        1.5837618990407953E-003
  0.93333333333333335       0.46666666666666667        8.4951672650977457E-004
  0.93333333333333335       0.50000000000000000        4.3790765583864128E-004
  0.93333333333333335       0.53333333333333333        2.1677537527068415E-004
  0.93333333333333335       0.56666666666666665        1.0297760406576320E-004
  0.93333333333333335       0.59999999999999998        4.6910127644339600E-005
  0.93333333333333335       0.63333333333333330        2.0476737935930066E-005
  0.93333333333333335       0.66666666666666663        8.5584543176361222E-006
  0.93333333333333335       0.69999999999999996        3.4223799786605930E-006
  0.93333333333333335       0.73333333333333328        1.3082848461013112E-006
  0.93333333333333335       0.76666666666666661        4.7768597676779794E-007
  0.93333333333333335       0.80000000000000004        1.6643806923649116E-007
  0.93333333333333335       0.83333333333333337        5.5285630866548207E-008
  0.93333333333333335       0.86666666666666670        1.7489126436256712E-008
  0.93333333333333335       0.90000000000000002        5.2620404965042900E-009
  0.93333333333333335       0.93333333333333335        1.4991796622681037E-009
  0.93333333333333335       0.96666666666666667        3.8285576384569366E-010
  0.93333333333333335        1.0000000000000000        0.0000000000000000     

  0.96666666666666667        0.0000000000000000       0.10452846326765373     
  0.96666666666666667        3.3333333333333333E-002   8.6137329135626411E-002
  0.96666666666666667        6.6666666666666666E-002   6.9267841718053447E-002
  0.96666666666666667       0.10000000000000001        5.4245725833837737E-002
  0.96666666666666667       0.13333333333333333        4.1295090255357950E-002
  0.96666666666666667       0.16666666666666666        3.0508724079722275E-002
  0.96666666666666667       0.20000000000000001        2.1843139493071054E-002
  0.96666666666666667       0.23333333333333334        1.5136057425280422E-002
  0.96666666666666667       0.26666666666666666        1.0139506092826251E-002
  0.96666666666666667       0.29999999999999999        6.5595698039548570E-003
  0.96666666666666667       0.33333333333333331        4.0942681480259820E-003
  0.96666666666666667       0.36666666666666664        2.4634235861752882E-003
  0.96666666666666667       0.40000000000000002        1.4276046843865089E-003
  0.96666666666666667       0.43333333333333335        7.9624285117137889E-004
  0.96666666666666667       0.46666666666666667        4.2709805106663692E-004
  0.96666666666666667       0.50000000000000000        2.2015988681500234E-004
  0.96666666666666667       0.53333333333333333        1.0898471732008063E-004
  0.96666666666666667       0.56666666666666665        5.1772416748869265E-005
  0.96666666666666667       0.59999999999999998        2.3584260870882432E-005
  0.96666666666666667       0.63333333333333330        1.0294764766515013E-005
  0.96666666666666667       0.66666666666666663        4.3027983383246231E-006
  0.96666666666666667       0.69999999999999996        1.7206157021778186E-006
  0.96666666666666667       0.73333333333333328        6.5774562239117461E-007
  0.96666666666666667       0.76666666666666661        2.4015860233570320E-007
  0.96666666666666667       0.80000000000000004        8.3677428325928821E-008
  0.96666666666666667       0.83333333333333337        2.7795079788603265E-008
  0.96666666666666667       0.86666666666666670        8.7927307169946506E-009
  0.96666666666666667       0.90000000000000002        2.6455126433167904E-009
  0.96666666666666667       0.93333333333333335        7.5371878148190741E-010
  0.96666666666666667       0.96666666666666667        1.9248232021272969E-010
  0.96666666666666667        1.0000000000000000        0.0000000000000000     

   1.0000000000000000        0.0000000000000000        1.2246467991473532E-016
   1.0000000000000000        3.3333333333333333E-002   0.0000000000000000     
   1.0000000000000000        6.6666666666666666E-002   0.0000000000000000     
   1.0000000000000000       0.10000000000000001        0.0000000000000000     
   1.0000000000000000       0.13333333333333333        0.0000000000000000     
   1.0000000000000000       0.16666666666666666        0.0000000000000000     
   1.0000000000000000       0.20000000000000001        0.0000000000000000     
   1.0000000000000000       0.23333333333333334        0.0000000000000000     
   1.0000000000000000       0.26666666666666666        0.0000000000000000     
   1.0000000000000000       0.29999999999999999        0.0000000000000000     
   1.0000000000000000       0.33333333333333331        0.0000000000000000     
   1.0000000000000000       0.36666666666666664        0.0000000000000000     
   1.0000000000000000       0.40000000000000002        0.0000000000000000     
   1.0000000000000000       0.43333333333333335        0.0000000000000000     
   1.0000000000000000       0.46666666666666667        0.0000000000000000     
   1.0000000000000000       0.50000000000000000        0.0000000000000000     
   1.0000000000000000       0.53333333333333333        0.0000000000000000     
   1.0000000000000000       0.56666666666666665        0.0000000000000000     
   1.0000000000000000       0.59999999999999998        0.0000000000000000     
   1.0000000000000000       0.63333333333333330        0.0000000000000000     
   1.0000000000000000       0.66666666666666663        0.0000000000000000     
   1.0000000000000000       0.69999999999999996        0.0000000000000000     
   1.0000000000000000       0.73333333333333328        0.0000000000000000     
   1.0000000000000000       0.76666666666666661        0.0000000000000000     
   1.0000000000000000       0.80000000000000004        0.0000000000000000     
   1.0000000000000000       0.83333333333333337        0.0000000000000000     
   1.0000000000000000       0.86666666666666670        0.0000000000000000     
   1.0000000000000000       0.90000000000000002        0.0000000000000000     
   1.0000000000000000       0.93333333333333335        0.0000000000000000     
   1.0000000000000000       0.96666666666666667        0.0000000000000000     
   1.0000000000000000        1.0000000000000000        0.0000000000000000     

