   0.0000000000000000        0.0000000000000000        0.0000000000000000     
   0.0000000000000000        3.3333333333333333E-002   0.0000000000000000     
   0.0000000000000000        6.6666666666666666E-002   0.0000000000000000     
   0.0000000000000000       0.10000000000000001        0.0000000000000000     
   0.0000000000000000       0.13333333333333333        0.0000000000000000     
   0.0000000000000000       0.16666666666666666        0.0000000000000000     
   0.0000000000000000       0.20000000000000001        0.0000000000000000     
   0.0000000000000000       0.23333333333333334        0.0000000000000000     
   0.0000000000000000       0.26666666666666666        0.0000000000000000     
   0.0000000000000000       0.29999999999999999        0.0000000000000000     
   0.0000000000000000       0.33333333333333331        0.0000000000000000     
   0.0000000000000000       0.36666666666666664        0.0000000000000000     
   0.0000000000000000       0.40000000000000002        0.0000000000000000     
   0.0000000000000000       0.43333333333333335        0.0000000000000000     
   0.0000000000000000       0.46666666666666667        0.0000000000000000     
   0.0000000000000000       0.50000000000000000        0.0000000000000000     
   0.0000000000000000       0.53333333333333333        0.0000000000000000     
   0.0000000000000000       0.56666666666666665        0.0000000000000000     
   0.0000000000000000       0.59999999999999998        0.0000000000000000     
   0.0000000000000000       0.63333333333333330        0.0000000000000000     
   0.0000000000000000       0.66666666666666663        0.0000000000000000     
   0.0000000000000000       0.69999999999999996        0.0000000000000000     
   0.0000000000000000       0.73333333333333328        0.0000000000000000     
   0.0000000000000000       0.76666666666666661        0.0000000000000000     
   0.0000000000000000       0.80000000000000004        0.0000000000000000     
   0.0000000000000000       0.83333333333333337        0.0000000000000000     
   0.0000000000000000       0.86666666666666670        0.0000000000000000     
   0.0000000000000000       0.90000000000000002        0.0000000000000000     
   0.0000000000000000       0.93333333333333335        0.0000000000000000     
   0.0000000000000000       0.96666666666666667        0.0000000000000000     
   0.0000000000000000        1.0000000000000000        0.0000000000000000     

   3.3333333333333333E-002   0.0000000000000000       0.10452846326765346     
   3.3333333333333333E-002   3.3333333333333333E-002   8.6516389634907487E-002
   3.3333333333333333E-002   6.6666666666666666E-002   6.9982519563831225E-002
   3.3333333333333333E-002  0.10000000000000001        5.5217293723332603E-002
   3.3333333333333333E-002  0.13333333333333333        4.2423744871040218E-002
   3.3333333333333333E-002  0.16666666666666666        3.1690313714129191E-002
   3.3333333333333333E-002  0.20000000000000001        2.2984570474177343E-002
   3.3333333333333333E-002  0.23333333333333334        1.6166336245114928E-002
   3.3333333333333333E-002  0.26666666666666666        1.1014898188782696E-002
   3.3333333333333333E-002  0.29999999999999999        7.2630306281804956E-003
   3.3333333333333333E-002  0.33333333333333331        4.6305985048746600E-003
   3.3333333333333333E-002  0.36666666666666664        2.8522191300652962E-003
   3.3333333333333333E-002  0.40000000000000002        1.6959955248101518E-003
   3.3333333333333333E-002  0.43333333333333335        9.7286233561239130E-004
   3.3333333333333333E-002  0.46666666666666667        5.3798000543010338E-004
   3.3333333333333333E-002  0.50000000000000000        2.8660394662647233E-004
   3.3333333333333333E-002  0.53333333333333333        1.4700054998816460E-004
   3.3333333333333333E-002  0.56666666666666665        7.2543558465915493E-005
   3.3333333333333333E-002  0.59999999999999998        3.4422627581782891E-005
   3.3333333333333333E-002  0.63333333333333330        1.5695446021251563E-005
   3.3333333333333333E-002  0.66666666666666663        6.8722898029529962E-006
   3.3333333333333333E-002  0.69999999999999996        2.8875740650053180E-006
   3.3333333333333333E-002  0.73333333333333328        1.1634936760770409E-006
   3.3333333333333333E-002  0.76666666666666661        4.4923836499623940E-007
   3.3333333333333333E-002  0.80000000000000004        1.6608835420498564E-007
   3.3333333333333333E-002  0.83333333333333337        5.8749008087100446E-008
   3.3333333333333333E-002  0.86666666666666670        1.9864646184672326E-008
   3.3333333333333333E-002  0.90000000000000002        6.4127877902294107E-009
   3.3333333333333333E-002  0.93333333333333335        1.9659416287635531E-009
   3.3333333333333333E-002  0.96666666666666667        5.3744314043199920E-010
   3.3333333333333333E-002   1.0000000000000000        0.0000000000000000     

   6.6666666666666666E-002   0.0000000000000000       0.20791169081775931     
   6.6666666666666666E-002   3.3333333333333333E-002  0.17208488760025645     
   6.6666666666666666E-002   6.6666666666666666E-002  0.13919829599853742     
   6.6666666666666666E-002  0.10000000000000001       0.10982961522167078     
   6.6666666666666666E-002  0.13333333333333333        8.4382686315533972E-002
   6.6666666666666666E-002  0.16666666666666666        6.3033421719581900E-002
   6.6666666666666666E-002  0.20000000000000001        4.5717317184409009E-002
   6.6666666666666666E-002  0.23333333333333334        3.2155550727305027E-002
   6.6666666666666666E-002  0.26666666666666666        2.1909114847993454E-002
   6.6666666666666666E-002  0.29999999999999999        1.4446485972911777E-002
   6.6666666666666666E-002  0.33333333333333331        9.2104632035148772E-003
   6.6666666666666666E-002  0.36666666666666664        5.6731887504763738E-003
   6.6666666666666666E-002  0.40000000000000002        3.3734093677406031E-003
   6.6666666666666666E-002  0.43333333333333335        1.9350657878912812E-003
   6.6666666666666666E-002  0.46666666666666667        1.0700657893411606E-003
   6.6666666666666666E-002  0.50000000000000000        5.7006780043797345E-004
   6.6666666666666666E-002  0.53333333333333333        2.9239053118881614E-004
   6.6666666666666666E-002  0.56666666666666665        1.4429231452456288E-004
   6.6666666666666666E-002  0.59999999999999998        6.8468113652381854E-005
   6.6666666666666666E-002  0.63333333333333330        3.1218929451411057E-005
   6.6666666666666666E-002  0.66666666666666663        1.3669285360705744E-005
   6.6666666666666666E-002  0.69999999999999996        5.7435112642907173E-006
   6.6666666666666666E-002  0.73333333333333328        2.3142398719622774E-006
   6.6666666666666666E-002  0.76666666666666661        8.9355478045640844E-007
   6.6666666666666666E-002  0.80000000000000004        3.3035700964507896E-007
   6.6666666666666666E-002  0.83333333333333337        1.1685434974757833E-007
   6.6666666666666666E-002  0.86666666666666670        3.9511651148800919E-008
   6.6666666666666666E-002  0.90000000000000002        1.2755315735466947E-008
   6.6666666666666666E-002  0.93333333333333335        3.9103439896426387E-009
   6.6666666666666666E-002  0.96666666666666667        1.0689979413502179E-009
   6.6666666666666666E-002   1.0000000000000000        0.0000000000000000     

  0.10000000000000001        0.0000000000000000       0.30901699437494740     
  0.10000000000000001        3.3333333333333333E-002  0.25576798752597918     
  0.10000000000000001        6.6666666666666666E-002  0.20688898677316750     
  0.10000000000000001       0.10000000000000001       0.16323862047231583     
  0.10000000000000001       0.13333333333333333       0.12541711339054240     
  0.10000000000000001       0.16666666666666666        9.3685922366083363E-002
  0.10000000000000001       0.20000000000000001        6.7949175400604619E-002
  0.10000000000000001       0.23333333333333334        4.7792462266745182E-002
  0.10000000000000001       0.26666666666666666        3.2563290660152566E-002
  0.10000000000000001       0.29999999999999999        2.1471662594202291E-002
  0.10000000000000001       0.33333333333333331        1.3689416139884052E-002
  0.10000000000000001       0.36666666666666664        8.4320017277461599E-003
  0.10000000000000001       0.40000000000000002        5.0138634317067948E-003
  0.10000000000000001       0.43333333333333335        2.8760682544594855E-003
  0.10000000000000001       0.46666666666666667        1.5904277085385340E-003
  0.10000000000000001       0.50000000000000000        8.4728587213351962E-004
  0.10000000000000001       0.53333333333333333        4.3457702054311073E-004
  0.10000000000000001       0.56666666666666665        2.1446017379017111E-004
  0.10000000000000001       0.59999999999999998        1.0176344874193141E-004
  0.10000000000000001       0.63333333333333330        4.6400371757519913E-005
  0.10000000000000001       0.66666666666666663        2.0316517367564737E-005
  0.10000000000000001       0.69999999999999996        8.5365213522575462E-006
  0.10000000000000001       0.73333333333333328        3.4396307715244675E-006
  0.10000000000000001       0.76666666666666661        1.3280812227535378E-006
  0.10000000000000001       0.80000000000000004        4.9100620455585203E-007
  0.10000000000000001       0.83333333333333337        1.7367941069887697E-007
  0.10000000000000001       0.86666666666666670        5.8725758194598694E-008
  0.10000000000000001       0.90000000000000002        1.8958093772285294E-008
  0.10000000000000001       0.93333333333333335        5.8119038034791119E-009
  0.10000000000000001       0.96666666666666667        1.5888405771208028E-009
  0.10000000000000001        1.0000000000000000        0.0000000000000000     

  0.13333333333333333        0.0000000000000000       0.40673664307580015     
  0.13333333333333333        3.3333333333333333E-002  0.33664883985747496     
  0.13333333333333333        6.6666666666666666E-002  0.27231295851440696     
  0.13333333333333333       0.10000000000000001       0.21485914923718868     
  0.13333333333333333       0.13333333333333333       0.16507744432602578     
  0.13333333333333333       0.16666666666666666       0.12331198044210238     
  0.13333333333333333       0.20000000000000001        8.9436568231832117E-002
  0.13333333333333333       0.23333333333333334        6.2905749588375193E-002
  0.13333333333333333       0.26666666666666666        4.2860696245532390E-002
  0.13333333333333333       0.29999999999999999        2.8261591186876465E-002
  0.13333333333333333       0.33333333333333331        1.8018384968330158E-002
  0.13333333333333333       0.36666666666666664        1.1098431929576963E-002
  0.13333333333333333       0.40000000000000002        6.5993845586968308E-003
  0.13333333333333333       0.43333333333333335        3.7855599153758562E-003
  0.13333333333333333       0.46666666666666667        2.0933645689427648E-003
  0.13333333333333333       0.50000000000000000        1.1152209025080033E-003
  0.13333333333333333       0.53333333333333333        5.7200219311924700E-004
  0.13333333333333333       0.56666666666666665        2.8227836251305761E-004
  0.13333333333333333       0.59999999999999998        1.3394384219169366E-004
  0.13333333333333333       0.63333333333333330        6.1073441880751339E-005
  0.13333333333333333       0.66666666666666663        2.6741157358640113E-005
  0.13333333333333333       0.69999999999999996        1.1236003525907104E-005
  0.13333333333333333       0.73333333333333328        4.5273363565648227E-006
  0.13333333333333333       0.76666666666666661        1.7480569292553167E-006
  0.13333333333333333       0.80000000000000004        6.4627583273985719E-007
  0.13333333333333333       0.83333333333333337        2.2860160368180545E-007
  0.13333333333333333       0.86666666666666670        7.7296453544461484E-008
  0.13333333333333333       0.90000000000000002        2.4953162966498309E-008
  0.13333333333333333       0.93333333333333335        7.6497871830256093E-009
  0.13333333333333333       0.96666666666666667        2.0912755430421861E-009
  0.13333333333333333        1.0000000000000000        0.0000000000000000     

  0.16666666666666666        0.0000000000000000       0.49999999999999994     
  0.16666666666666666        3.3333333333333333E-002  0.41384129705119344     
  0.16666666666666666        6.6666666666666666E-002  0.33475341249701246     
  0.16666666666666666       0.10000000000000001       0.26412563620085139     
  0.16666666666666666       0.13333333333333333       0.20292915223679714     
  0.16666666666666666       0.16666666666666666       0.15158700665570687     
  0.16666666666666666       0.20000000000000001       0.10994407530570653     
  0.16666666666666666       0.23333333333333334        7.7329828353640565E-002
  0.16666666666666666       0.26666666666666666        5.2688511073668856E-002
  0.16666666666666666       0.29999999999999999        3.4741879872389046E-002
  0.16666666666666666       0.33333333333333331        2.2149940600473782E-002
  0.16666666666666666       0.36666666666666664        1.3643265388691124E-002
  0.16666666666666666       0.40000000000000002        8.1126014474517810E-003
  0.16666666666666666       0.43333333333333335        4.6535761896800282E-003
  0.16666666666666666       0.46666666666666667        2.5733660890649591E-003
  0.16666666666666666       0.50000000000000000        1.3709373392996320E-003
  0.16666666666666666       0.53333333333333333        7.0316038996841442E-004
  0.16666666666666666       0.56666666666666665        3.4700385042570617E-004
  0.16666666666666666       0.59999999999999998        1.6465671887685274E-004
  0.16666666666666666       0.63333333333333330        7.5077378594297920E-005
  0.16666666666666666       0.66666666666666663        3.2872815633747289E-005
  0.16666666666666666       0.69999999999999996        1.3812381693641924E-005
  0.16666666666666666       0.73333333333333328        5.5654394970766121E-006
  0.16666666666666666       0.76666666666666661        2.1488805582357444E-006
  0.16666666666666666       0.80000000000000004        7.9446472765845189E-007
  0.16666666666666666       0.83333333333333337        2.8101918965683501E-007
  0.16666666666666666       0.86666666666666670        9.5020272773968342E-008
  0.16666666666666666       0.90000000000000002        3.0674840085465310E-008
  0.16666666666666666       0.93333333333333335        9.4038578933739942E-009
  0.16666666666666666       0.96666666666666667        2.5707980564864572E-009
  0.16666666666666666        1.0000000000000000        0.0000000000000000     

  0.20000000000000001        0.0000000000000000       0.58778525229247314     
  0.20000000000000001        3.3333333333333333E-002  0.48649962239256012     
  0.20000000000000001        6.6666666666666666E-002  0.39352623804064563     
  0.20000000000000001       0.10000000000000001       0.31049830742245482     
  0.20000000000000001       0.13333333333333333       0.23855752589000701     
  0.20000000000000001       0.16666666666666666       0.17820121390277091     
  0.20000000000000001       0.20000000000000001       0.12924701208325476     
  0.20000000000000001       0.23333333333333334        9.0906665337156509E-002
  0.20000000000000001       0.26666666666666666        6.1939059548702428E-002
  0.20000000000000001       0.29999999999999999        4.0841529251813988E-002
  0.20000000000000001       0.33333333333333331        2.6038816848225552E-002
  0.20000000000000001       0.36666666666666664        1.6038620377169958E-002
  0.20000000000000001       0.40000000000000002        9.5369349770774558E-003
  0.20000000000000001       0.43333333333333335        5.4706069094266428E-003
  0.20000000000000001       0.46666666666666667        3.0251732718038840E-003
  0.20000000000000001       0.50000000000000000        1.6116334997148122E-003
  0.20000000000000001       0.53333333333333333        8.2661461443931652E-004
  0.20000000000000001       0.56666666666666665        4.0792749153786660E-004
  0.20000000000000001       0.59999999999999998        1.9356558209336343E-004
  0.20000000000000001       0.63333333333333330        8.8258751837013823E-005
  0.20000000000000001       0.66666666666666663        3.8644312461692206E-005
  0.20000000000000001       0.69999999999999996        1.6237428517114510E-005
  0.20000000000000001       0.73333333333333328        6.5425665178153431E-006
  0.20000000000000001       0.76666666666666661        2.5261606021379750E-006
  0.20000000000000001       0.80000000000000004        9.3394930076838824E-007
  0.20000000000000001       0.83333333333333337        3.3035787058293824E-007
  0.20000000000000001       0.86666666666666670        1.1170303001069319E-007
  0.20000000000000001       0.90000000000000002        3.6060437237332991E-008
  0.20000000000000001       0.93333333333333335        1.1054897968758794E-008
  0.20000000000000001       0.96666666666666667        3.0221543684497839E-009
  0.20000000000000001        1.0000000000000000        0.0000000000000000     

  0.23333333333333334        0.0000000000000000       0.66913060635885824     
  0.23333333333333334        3.3333333333333333E-002  0.55382775606440282     
  0.23333333333333334        6.6666666666666666E-002  0.44798750776964591     
  0.23333333333333334       0.10000000000000001       0.35346909421198974     
  0.23333333333333334       0.13333333333333333       0.27157221336819420     
  0.23333333333333334       0.16666666666666666       0.20286301135931481     
  0.23333333333333334       0.20000000000000001       0.14713389154974277     
  0.23333333333333334       0.23333333333333334       0.10348750987179586     
  0.23333333333333334       0.26666666666666666        7.0510990725738909E-002
  0.23333333333333334       0.29999999999999999        4.6493710290116598E-002
  0.23333333333333334       0.33333333333333331        2.9642406369615428E-002
  0.23333333333333334       0.36666666666666664        1.8258252884499431E-002
  0.23333333333333334       0.40000000000000002        1.0856779851362323E-002
  0.23333333333333334       0.43333333333333335        6.2277005150754849E-003
  0.23333333333333334       0.46666666666666667        3.4438360231187192E-003
  0.23333333333333334       0.50000000000000000        1.8346722662511250E-003
  0.23333333333333334       0.53333333333333333        9.4101227621419276E-004
  0.23333333333333334       0.56666666666666665        4.6438179368842269E-004
  0.23333333333333334       0.59999999999999998        2.2035370028625708E-004
  0.23333333333333334       0.63333333333333330        1.0047314372527223E-004
  0.23333333333333334       0.66666666666666663        4.3992414115464551E-005
  0.23333333333333334       0.69999999999999996        1.8484574675853228E-005
  0.23333333333333334       0.73333333333333328        7.4480118106648243E-006
  0.23333333333333334       0.76666666666666661        2.8757635018500904E-006
  0.23333333333333334       0.80000000000000004        1.0632013298976503E-006
  0.23333333333333334       0.83333333333333337        3.7607708154710596E-007
  0.23333333333333334       0.86666666666666670        1.2716194547525907E-007
  0.23333333333333334       0.90000000000000002        4.1050948692696832E-008
  0.23333333333333334       0.93333333333333335        1.2584818268611748E-008
  0.23333333333333334       0.96666666666666667        3.4403993247259146E-009
  0.23333333333333334        1.0000000000000000        0.0000000000000000     

  0.26666666666666666        0.0000000000000000       0.74314482547739413     
  0.26666666666666666        3.3333333333333333E-002  0.61508803694489522     
  0.26666666666666666        6.6666666666666666E-002  0.49754053261610898     
  0.26666666666666666       0.10000000000000001       0.39256719963717490     
  0.26666666666666666       0.13333333333333333       0.30161149884658034     
  0.26666666666666666       0.16666666666666666       0.22530219921159175     
  0.26666666666666666       0.20000000000000001       0.16340874131066552     
  0.26666666666666666       0.23333333333333334       0.11493452359212612     
  0.26666666666666666       0.26666666666666666        7.8310388733010786E-002
  0.26666666666666666       0.29999999999999999        5.1636496509046316E-002
  0.26666666666666666       0.33333333333333331        3.2921227483747470E-002
  0.26666666666666666       0.36666666666666664        2.0277844152441282E-002
  0.26666666666666666       0.40000000000000002        1.2057675573668422E-002
  0.26666666666666666       0.43333333333333335        6.9165621306510440E-003
  0.26666666666666666       0.46666666666666667        3.8247673862952477E-003
  0.26666666666666666       0.50000000000000000        2.0376099795085365E-003
  0.26666666666666666       0.53333333333333333        1.0451000105713875E-003
  0.26666666666666666       0.56666666666666665        5.1574823172919042E-004
  0.26666666666666666       0.59999999999999998        2.4472757722683819E-004
  0.26666666666666666       0.63333333333333330        1.1158673082551954E-004
  0.26666666666666666       0.66666666666666663        4.8858525674183374E-005
  0.26666666666666666       0.69999999999999996        2.0529199966297365E-005
  0.26666666666666666       0.73333333333333328        8.2718551275199917E-006
  0.26666666666666666       0.76666666666666661        3.1938589348437354E-006
  0.26666666666666666       0.80000000000000004        1.1808047027673715E-006
  0.26666666666666666       0.83333333333333337        4.1767591330665479E-007
  0.26666666666666666       0.86666666666666670        1.4122764805485019E-007
  0.26666666666666666       0.90000000000000002        4.5591697363720191E-008
  0.26666666666666666       0.93333333333333335        1.3976856665971264E-008
  0.26666666666666666       0.96666666666666667        3.8209505460505045E-009
  0.26666666666666666        1.0000000000000000        0.0000000000000000     

  0.29999999999999999        0.0000000000000000       0.80901699437494745     
  0.29999999999999999        3.3333333333333333E-002  0.66960928457717261     
  0.29999999999999999        6.6666666666666666E-002  0.54164239927017999     
  0.29999999999999999       0.10000000000000001       0.42736425667316719     
  0.29999999999999999       0.13333333333333333       0.32834626562733954     
  0.29999999999999999       0.16666666666666666       0.24527292902179024     
  0.29999999999999999       0.20000000000000001       0.17789325070631115     
  0.29999999999999999       0.23333333333333334       0.12512229062038574     
  0.29999999999999999       0.26666666666666666        8.5251801733821422E-002
  0.29999999999999999       0.29999999999999999        5.6213542466591340E-002
  0.29999999999999999       0.33333333333333331        3.5839356740357833E-002
  0.29999999999999999       0.36666666666666664        2.2075267116437289E-002
  0.29999999999999999       0.40000000000000002        1.3126464879158577E-002
  0.29999999999999999       0.43333333333333335        7.5296444441395145E-003
  0.29999999999999999       0.46666666666666667        4.1637937976034935E-003
  0.29999999999999999       0.50000000000000000        2.2182232114331514E-003
  0.29999999999999999       0.53333333333333333        1.1377374105115252E-003
  0.29999999999999999       0.56666666666666665        5.6146402421587726E-004
  0.29999999999999999       0.59999999999999998        2.6642016761878416E-004
  0.29999999999999999       0.63333333333333330        1.2147775035181781E-004
  0.29999999999999999       0.66666666666666663        5.3189333001312026E-005
  0.29999999999999999       0.69999999999999996        2.2348903045899469E-005
  0.29999999999999999       0.73333333333333328        9.0050702686010788E-006
  0.29999999999999999       0.76666666666666661        3.4769617809892822E-006
  0.29999999999999999       0.80000000000000004        1.2854709322143038E-006
  0.29999999999999999       0.83333333333333337        4.5469860035571188E-007
  0.29999999999999999       0.86666666666666670        1.5374603096856702E-007
  0.29999999999999999       0.90000000000000002        4.9632933857750601E-008
  0.29999999999999999       0.93333333333333335        1.5215761696853101E-008
  0.29999999999999999       0.96666666666666667        4.1596386336072592E-009
  0.29999999999999999        1.0000000000000000        0.0000000000000000     

  0.33333333333333331        0.0000000000000000       0.86602540378443860     
  0.33333333333333331        3.3333333333333333E-002  0.71679415276287128     
  0.33333333333333331        6.6666666666666666E-002  0.57980991845188801     
  0.33333333333333331       0.10000000000000001       0.45747902148132819     
  0.33333333333333331       0.13333333333333333       0.35148360201101209     
  0.33333333333333331       0.16666666666666666       0.26255639729496588     
  0.33333333333333331       0.20000000000000001       0.19042872442066244     
  0.33333333333333331       0.23333333333333334       0.13393919164908580     
  0.33333333333333331       0.26666666666666666        9.1259178154749876E-002
  0.33333333333333331       0.29999999999999999        6.0174701089432382E-002
  0.33333333333333331       0.33333333333333331        3.8364822504653277E-002
  0.33333333333333331       0.36666666666666664        2.3630828834358977E-002
  0.33333333333333331       0.40000000000000002        1.4051437888543301E-002
  0.33333333333333331       0.43333333333333335        8.0602303974185927E-003
  0.33333333333333331       0.46666666666666667        4.4572008127353258E-003
  0.33333333333333331       0.50000000000000000        2.3745331256602551E-003
  0.33333333333333331       0.53333333333333333        1.2179095212952391E-003
  0.33333333333333331       0.56666666666666665        6.0102829935935423E-004
  0.33333333333333331       0.59999999999999998        2.8519380290229439E-004
  0.33333333333333331       0.63333333333333330        1.3003783422440803E-004
  0.33333333333333331       0.66666666666666663        5.6937386865494799E-005
  0.33333333333333331       0.69999999999999996        2.3923746866922076E-005
  0.33333333333333331       0.73333333333333328        9.6396239753872730E-006
  0.33333333333333331       0.76666666666666661        3.7219703062612806E-006
  0.33333333333333331       0.80000000000000004        1.3760532731258099E-006
  0.33333333333333331       0.83333333333333337        4.8673951438747259E-007
  0.33333333333333331       0.86666666666666670        1.6457994019356683E-007
  0.33333333333333331       0.90000000000000002        5.3130381542076362E-008
  0.33333333333333331       0.93333333333333335        1.6287959658481385E-008
  0.33333333333333331       0.96666666666666667        4.4527528498338683E-009
  0.33333333333333331        1.0000000000000000        0.0000000000000000     

  0.36666666666666664        0.0000000000000000       0.91354545764260087     
  0.36666666666666664        3.3333333333333333E-002  0.75612567421208010     
  0.36666666666666664        6.6666666666666666E-002  0.61162491883401127     
  0.36666666666666664       0.10000000000000001       0.48258155039649980     
  0.36666666666666664       0.13333333333333333       0.37077001049837977     
  0.36666666666666664       0.16666666666666666       0.27696324273591943     
  0.36666666666666664       0.20000000000000001       0.20087782118048850     
  0.36666666666666664       0.23333333333333334       0.14128862686550064     
  0.36666666666666664       0.26666666666666666        9.6266699922604129E-002
  0.36666666666666664       0.29999999999999999        6.3476573094771838E-002
  0.36666666666666664       0.33333333333333331        4.0469955245232496E-002
  0.36666666666666664       0.36666666666666664        2.4927486246502584E-002
  0.36666666666666664       0.40000000000000002        1.4822460403968729E-002
  0.36666666666666664       0.43333333333333335        8.5025067797519036E-003
  0.36666666666666664       0.46666666666666667        4.7017738030335965E-003
  0.36666666666666664       0.50000000000000000        2.5048271580596234E-003
  0.36666666666666664       0.53333333333333333        1.2847379604996895E-003
  0.36666666666666664       0.56666666666666665        6.3400758268179281E-004
  0.36666666666666664       0.59999999999999998        3.0084279520056702E-004
  0.36666666666666664       0.63333333333333330        1.3717319637306937E-004
  0.36666666666666664       0.66666666666666663        6.0061622804265022E-005
  0.36666666666666664       0.69999999999999996        2.5236477110904790E-005
  0.36666666666666664       0.73333333333333328        1.0168563944678121E-005
  0.36666666666666664       0.76666666666666661        3.9262001459855218E-006
  0.36666666666666664       0.80000000000000004        1.4515592864192897E-006
  0.36666666666666664       0.83333333333333337        5.1344760844281235E-007
  0.36666666666666664       0.86666666666666670        1.7361067715323932E-007
  0.36666666666666664       0.90000000000000002        5.6045721647980011E-008
  0.36666666666666664       0.93333333333333335        1.7181703325616660E-008
  0.36666666666666664       0.96666666666666667        4.6970817740392585E-009
  0.36666666666666664        1.0000000000000000        0.0000000000000000     

  0.40000000000000002        0.0000000000000000       0.95105651629515353     
  0.40000000000000002        3.3333333333333333E-002  0.78717292454515175     
  0.40000000000000002        6.6666666666666666E-002  0.63673882861464637     
  0.40000000000000002       0.10000000000000001       0.50239681485884569     
  0.40000000000000002       0.13333333333333333       0.38599418516211431     
  0.40000000000000002       0.16666666666666666       0.28833562093117365     
  0.40000000000000002       0.20000000000000001       0.20912605849507454     
  0.40000000000000002       0.23333333333333334       0.14709007431943116     
  0.40000000000000002       0.26666666666666666       0.10021950358100425     
  0.40000000000000002       0.29999999999999999        6.6082982481958097E-002
  0.40000000000000002       0.33333333333333331        4.2131690687262351E-002
  0.40000000000000002       0.36666666666666664        2.5951032902917653E-002
  0.40000000000000002       0.40000000000000002        1.5431084941409023E-002
  0.40000000000000002       0.43333333333333335        8.8516279185423246E-003
  0.40000000000000002       0.46666666666666667        4.8948331756364077E-003
  0.40000000000000002       0.50000000000000000        2.6076777799465098E-003
  0.40000000000000002       0.53333333333333333        1.3374905417602037E-003
  0.40000000000000002       0.56666666666666665        6.6004054625375325E-004
  0.40000000000000002       0.59999999999999998        3.1319569087922004E-004
  0.40000000000000002       0.63333333333333330        1.4280566027693060E-004
  0.40000000000000002       0.66666666666666663        6.2527811034889116E-005
  0.40000000000000002       0.69999999999999996        2.6272711230588084E-005
  0.40000000000000002       0.73333333333333328        1.0586094999482270E-005
  0.40000000000000002       0.76666666666666661        4.0874137153001443E-006
  0.40000000000000002       0.80000000000000004        1.5111617124124505E-006
  0.40000000000000002       0.83333333333333337        5.3453026305423309E-007
  0.40000000000000002       0.86666666666666670        1.8073929920365109E-007
  0.40000000000000002       0.90000000000000002        5.8347013099187142E-008
  0.40000000000000002       0.93333333333333335        1.7887200655613901E-008
  0.40000000000000002       0.96666666666666667        4.8899484874007236E-009
  0.40000000000000002        1.0000000000000000        0.0000000000000000     

  0.43333333333333335        0.0000000000000000       0.97814760073380569     
  0.43333333333333335        3.3333333333333333E-002  0.80959574359038211     
  0.43333333333333335        6.6666666666666666E-002  0.65487649454281349     
  0.43333333333333335       0.10000000000000001       0.51670771468430554     
  0.43333333333333335       0.13333333333333333       0.39698932675873666     
  0.43333333333333335       0.16666666666666666       0.29654893372539820     
  0.43333333333333335       0.20000000000000001       0.21508306695034737     
  0.43333333333333335       0.23333333333333334       0.15127997213854102     
  0.43333333333333335       0.26666666666666666       0.10307428138589148     
  0.43333333333333335       0.29999999999999999        6.7965372884318878E-002
  0.43333333333333335       0.33333333333333331        4.3331822509499476E-002
  0.43333333333333335       0.36666666666666664        2.6690254612245595E-002
  0.43333333333333335       0.40000000000000002        1.5870643283069117E-002
  0.43333333333333335       0.43333333333333335        9.1037687695349687E-003
  0.43333333333333335       0.46666666666666667        5.0342637316572528E-003
  0.43333333333333335       0.50000000000000000        2.6819581383846444E-003
  0.43333333333333335       0.53333333333333333        1.3755892967573034E-003
  0.43333333333333335       0.56666666666666665        6.7884196747859367E-004
  0.43333333333333335       0.59999999999999998        3.2211714902818846E-004
  0.43333333333333335       0.63333333333333330        1.4687351548279214E-004
  0.43333333333333335       0.66666666666666663        6.4308931483029295E-005
  0.43333333333333335       0.69999999999999996        2.7021096028110774E-005
  0.43333333333333335       0.73333333333333328        1.0887642582189293E-005
  0.43333333333333335       0.76666666666666661        4.2038447246036290E-006
  0.43333333333333335       0.80000000000000004        1.5542075344535024E-006
  0.43333333333333335       0.83333333333333337        5.4975649224598297E-007
  0.43333333333333335       0.86666666666666670        1.8588770366985775E-007
  0.43333333333333335       0.90000000000000002        6.0009042464982110E-008
  0.43333333333333335       0.93333333333333335        1.8396722072090862E-008
  0.43333333333333335       0.96666666666666667        5.0292399018467174E-009
  0.43333333333333335        1.0000000000000000        0.0000000000000000     

  0.46666666666666667        0.0000000000000000       0.99452189536827329     
  0.46666666666666667        3.3333333333333333E-002  0.82314846225003513     
  0.46666666666666667        6.6666666666666666E-002  0.66583919655505264     
  0.46666666666666667       0.10000000000000001       0.52535745665964351     
  0.46666666666666667       0.13333333333333333       0.40363497021603278     
  0.46666666666666667       0.16666666666666666       0.30151319434487328     
  0.46666666666666667       0.20000000000000001       0.21868358031508686     
  0.46666666666666667       0.23333333333333334       0.15381241492553166     
  0.46666666666666667       0.26666666666666666       0.10479975579423481     
  0.46666666666666667       0.29999999999999999        6.9103120438690463E-002
  0.46666666666666667       0.33333333333333331        4.4057201816555716E-002
  0.46666666666666667       0.36666666666666664        2.7137052306746925E-002
  0.46666666666666667       0.40000000000000002        1.6136319535774286E-002
  0.46666666666666667       0.43333333333333335        9.2561668248025003E-003
  0.46666666666666667       0.46666666666666667        5.1185378407466488E-003
  0.46666666666666667       0.50000000000000000        2.7268544022228153E-003
  0.46666666666666667       0.53333333333333333        1.3986168075585635E-003
  0.46666666666666667       0.56666666666666665        6.9020585405092432E-004
  0.46666666666666667       0.59999999999999998        3.2750942428505709E-004
  0.46666666666666667       0.63333333333333330        1.4933219371776518E-004
  0.46666666666666667       0.66666666666666663        6.5385469820332322E-005
  0.46666666666666667       0.69999999999999996        2.7473432043021618E-005
  0.46666666666666667       0.73333333333333328        1.1069902874380166E-005
  0.46666666666666667       0.76666666666666661        4.2742175313932916E-006
  0.46666666666666667       0.80000000000000004        1.5802251335082457E-006
  0.46666666666666667       0.83333333333333337        5.5895947426474377E-007
  0.46666666666666667       0.86666666666666670        1.8899948355515465E-007
  0.46666666666666667       0.90000000000000002        6.1013600203831303E-008
  0.46666666666666667       0.93333333333333335        1.8704685151784403E-008
  0.46666666666666667       0.96666666666666667        5.1134299114919695E-009
  0.46666666666666667        1.0000000000000000        0.0000000000000000     

  0.50000000000000000        0.0000000000000000        1.0000000000000000     
  0.50000000000000000        3.3333333333333333E-002  0.82768259410238698     
  0.50000000000000000        6.6666666666666666E-002  0.66950682499402503     
  0.50000000000000000       0.10000000000000001       0.52825127240170289     
  0.50000000000000000       0.13333333333333333       0.40585830447359433     
  0.50000000000000000       0.16666666666666666       0.30317401331141375     
  0.50000000000000000       0.20000000000000001       0.21988815061141304     
  0.50000000000000000       0.23333333333333334       0.15465965670728110     
  0.50000000000000000       0.26666666666666666       0.10537702214733771     
  0.50000000000000000       0.29999999999999999        6.9483759744778092E-002
  0.50000000000000000       0.33333333333333331        4.4299881200947563E-002
  0.50000000000000000       0.36666666666666664        2.7286530777382252E-002
  0.50000000000000000       0.40000000000000002        1.6225202894903562E-002
  0.50000000000000000       0.43333333333333335        9.3071523793600563E-003
  0.50000000000000000       0.46666666666666667        5.1467321781299190E-003
  0.50000000000000000       0.50000000000000000        2.7418746785992641E-003
  0.50000000000000000       0.53333333333333333        1.4063207799368288E-003
  0.50000000000000000       0.56666666666666665        6.9400770085141234E-004
  0.50000000000000000       0.59999999999999998        3.2931343775370554E-004
  0.50000000000000000       0.63333333333333330        1.5015475718859579E-004
  0.50000000000000000       0.66666666666666663        6.5745631267494578E-005
  0.50000000000000000       0.69999999999999996        2.7624763387283852E-005
  0.50000000000000000       0.73333333333333328        1.1130878994153226E-005
  0.50000000000000000       0.76666666666666661        4.2977611164714888E-006
  0.50000000000000000       0.80000000000000004        1.5889294553169042E-006
  0.50000000000000000       0.83333333333333337        5.6203837931367014E-007
  0.50000000000000000       0.86666666666666670        1.9004054554793668E-007
  0.50000000000000000       0.90000000000000002        6.1349680170930621E-008
  0.50000000000000000       0.93333333333333335        1.8807715786747988E-008
  0.50000000000000000       0.96666666666666667        5.1415961129729152E-009
  0.50000000000000000        1.0000000000000000        0.0000000000000000     

  0.53333333333333333        0.0000000000000000       0.99452189536827340     
  0.53333333333333333        3.3333333333333333E-002  0.82314846225003524     
  0.53333333333333333        6.6666666666666666E-002  0.66583919655505264     
  0.53333333333333333       0.10000000000000001       0.52535745665964351     
  0.53333333333333333       0.13333333333333333       0.40363497021603278     
  0.53333333333333333       0.16666666666666666       0.30151319434487328     
  0.53333333333333333       0.20000000000000001       0.21868358031508689     
  0.53333333333333333       0.23333333333333334       0.15381241492553169     
  0.53333333333333333       0.26666666666666666       0.10479975579423481     
  0.53333333333333333       0.29999999999999999        6.9103120438690463E-002
  0.53333333333333333       0.33333333333333331        4.4057201816555716E-002
  0.53333333333333333       0.36666666666666664        2.7137052306746925E-002
  0.53333333333333333       0.40000000000000002        1.6136319535774286E-002
  0.53333333333333333       0.43333333333333335        9.2561668248024986E-003
  0.53333333333333333       0.46666666666666667        5.1185378407466488E-003
  0.53333333333333333       0.50000000000000000        2.7268544022228153E-003
  0.53333333333333333       0.53333333333333333        1.3986168075585635E-003
  0.53333333333333333       0.56666666666666665        6.9020585405092432E-004
  0.53333333333333333       0.59999999999999998        3.2750942428505709E-004
  0.53333333333333333       0.63333333333333330        1.4933219371776518E-004
  0.53333333333333333       0.66666666666666663        6.5385469820332322E-005
  0.53333333333333333       0.69999999999999996        2.7473432043021618E-005
  0.53333333333333333       0.73333333333333328        1.1069902874380166E-005
  0.53333333333333333       0.76666666666666661        4.2742175313932916E-006
  0.53333333333333333       0.80000000000000004        1.5802251335082457E-006
  0.53333333333333333       0.83333333333333337        5.5895947426474377E-007
  0.53333333333333333       0.86666666666666670        1.8899948355515467E-007
  0.53333333333333333       0.90000000000000002        6.1013600203831303E-008
  0.53333333333333333       0.93333333333333335        1.8704685151784403E-008
  0.53333333333333333       0.96666666666666667        5.1134299114919695E-009
  0.53333333333333333        1.0000000000000000        0.0000000000000000     

  0.56666666666666665        0.0000000000000000       0.97814760073380569     
  0.56666666666666665        3.3333333333333333E-002  0.80959574359038211     
  0.56666666666666665        6.6666666666666666E-002  0.65487649454281349     
  0.56666666666666665       0.10000000000000001       0.51670771468430554     
  0.56666666666666665       0.13333333333333333       0.39698932675873660     
  0.56666666666666665       0.16666666666666666       0.29654893372539820     
  0.56666666666666665       0.20000000000000001       0.21508306695034740     
  0.56666666666666665       0.23333333333333334       0.15127997213854105     
  0.56666666666666665       0.26666666666666666       0.10307428138589148     
  0.56666666666666665       0.29999999999999999        6.7965372884318878E-002
  0.56666666666666665       0.33333333333333331        4.3331822509499476E-002
  0.56666666666666665       0.36666666666666664        2.6690254612245595E-002
  0.56666666666666665       0.40000000000000002        1.5870643283069117E-002
  0.56666666666666665       0.43333333333333335        9.1037687695349704E-003
  0.56666666666666665       0.46666666666666667        5.0342637316572528E-003
  0.56666666666666665       0.50000000000000000        2.6819581383846444E-003
  0.56666666666666665       0.53333333333333333        1.3755892967573034E-003
  0.56666666666666665       0.56666666666666665        6.7884196747859367E-004
  0.56666666666666665       0.59999999999999998        3.2211714902818852E-004
  0.56666666666666665       0.63333333333333330        1.4687351548279217E-004
  0.56666666666666665       0.66666666666666663        6.4308931483029295E-005
  0.56666666666666665       0.69999999999999996        2.7021096028110777E-005
  0.56666666666666665       0.73333333333333328        1.0887642582189293E-005
  0.56666666666666665       0.76666666666666661        4.2038447246036290E-006
  0.56666666666666665       0.80000000000000004        1.5542075344535022E-006
  0.56666666666666665       0.83333333333333337        5.4975649224598297E-007
  0.56666666666666665       0.86666666666666670        1.8588770366985781E-007
  0.56666666666666665       0.90000000000000002        6.0009042464982123E-008
  0.56666666666666665       0.93333333333333335        1.8396722072090862E-008
  0.56666666666666665       0.96666666666666667        5.0292399018467182E-009
  0.56666666666666665        1.0000000000000000        0.0000000000000000     

  0.59999999999999998        0.0000000000000000       0.95105651629515364     
  0.59999999999999998        3.3333333333333333E-002  0.78717292454515175     
  0.59999999999999998        6.6666666666666666E-002  0.63673882861464648     
  0.59999999999999998       0.10000000000000001       0.50239681485884569     
  0.59999999999999998       0.13333333333333333       0.38599418516211442     
  0.59999999999999998       0.16666666666666666       0.28833562093117365     
  0.59999999999999998       0.20000000000000001       0.20912605849507457     
  0.59999999999999998       0.23333333333333334       0.14709007431943116     
  0.59999999999999998       0.26666666666666666       0.10021950358100426     
  0.59999999999999998       0.29999999999999999        6.6082982481958097E-002
  0.59999999999999998       0.33333333333333331        4.2131690687262351E-002
  0.59999999999999998       0.36666666666666664        2.5951032902917653E-002
  0.59999999999999998       0.40000000000000002        1.5431084941409023E-002
  0.59999999999999998       0.43333333333333335        8.8516279185423263E-003
  0.59999999999999998       0.46666666666666667        4.8948331756364085E-003
  0.59999999999999998       0.50000000000000000        2.6076777799465098E-003
  0.59999999999999998       0.53333333333333333        1.3374905417602037E-003
  0.59999999999999998       0.56666666666666665        6.6004054625375325E-004
  0.59999999999999998       0.59999999999999998        3.1319569087922004E-004
  0.59999999999999998       0.63333333333333330        1.4280566027693060E-004
  0.59999999999999998       0.66666666666666663        6.2527811034889116E-005
  0.59999999999999998       0.69999999999999996        2.6272711230588088E-005
  0.59999999999999998       0.73333333333333328        1.0586094999482271E-005
  0.59999999999999998       0.76666666666666661        4.0874137153001443E-006
  0.59999999999999998       0.80000000000000004        1.5111617124124509E-006
  0.59999999999999998       0.83333333333333337        5.3453026305423320E-007
  0.59999999999999998       0.86666666666666670        1.8073929920365111E-007
  0.59999999999999998       0.90000000000000002        5.8347013099187148E-008
  0.59999999999999998       0.93333333333333335        1.7887200655613905E-008
  0.59999999999999998       0.96666666666666667        4.8899484874007236E-009
  0.59999999999999998        1.0000000000000000        0.0000000000000000     

  0.63333333333333330        0.0000000000000000       0.91354545764260098     
  0.63333333333333330        3.3333333333333333E-002  0.75612567421208021     
  0.63333333333333330        6.6666666666666666E-002  0.61162491883401138     
  0.63333333333333330       0.10000000000000001       0.48258155039649986     
  0.63333333333333330       0.13333333333333333       0.37077001049837977     
  0.63333333333333330       0.16666666666666666       0.27696324273591949     
  0.63333333333333330       0.20000000000000001       0.20087782118048852     
  0.63333333333333330       0.23333333333333334       0.14128862686550067     
  0.63333333333333330       0.26666666666666666        9.6266699922604129E-002
  0.63333333333333330       0.29999999999999999        6.3476573094771838E-002
  0.63333333333333330       0.33333333333333331        4.0469955245232496E-002
  0.63333333333333330       0.36666666666666664        2.4927486246502581E-002
  0.63333333333333330       0.40000000000000002        1.4822460403968729E-002
  0.63333333333333330       0.43333333333333335        8.5025067797519054E-003
  0.63333333333333330       0.46666666666666667        4.7017738030335973E-003
  0.63333333333333330       0.50000000000000000        2.5048271580596238E-003
  0.63333333333333330       0.53333333333333333        1.2847379604996898E-003
  0.63333333333333330       0.56666666666666665        6.3400758268179281E-004
  0.63333333333333330       0.59999999999999998        3.0084279520056702E-004
  0.63333333333333330       0.63333333333333330        1.3717319637306940E-004
  0.63333333333333330       0.66666666666666663        6.0061622804265028E-005
  0.63333333333333330       0.69999999999999996        2.5236477110904794E-005
  0.63333333333333330       0.73333333333333328        1.0168563944678123E-005
  0.63333333333333330       0.76666666666666661        3.9262001459855226E-006
  0.63333333333333330       0.80000000000000004        1.4515592864192897E-006
  0.63333333333333330       0.83333333333333337        5.1344760844281245E-007
  0.63333333333333330       0.86666666666666670        1.7361067715323938E-007
  0.63333333333333330       0.90000000000000002        5.6045721647980024E-008
  0.63333333333333330       0.93333333333333335        1.7181703325616660E-008
  0.63333333333333330       0.96666666666666667        4.6970817740392593E-009
  0.63333333333333330        1.0000000000000000        0.0000000000000000     

  0.66666666666666663        0.0000000000000000       0.86602540378443871     
  0.66666666666666663        3.3333333333333333E-002  0.71679415276287128     
  0.66666666666666663        6.6666666666666666E-002  0.57980991845188801     
  0.66666666666666663       0.10000000000000001       0.45747902148132819     
  0.66666666666666663       0.13333333333333333       0.35148360201101220     
  0.66666666666666663       0.16666666666666666       0.26255639729496594     
  0.66666666666666663       0.20000000000000001       0.19042872442066250     
  0.66666666666666663       0.23333333333333334       0.13393919164908580     
  0.66666666666666663       0.26666666666666666        9.1259178154749862E-002
  0.66666666666666663       0.29999999999999999        6.0174701089432389E-002
  0.66666666666666663       0.33333333333333331        3.8364822504653277E-002
  0.66666666666666663       0.36666666666666664        2.3630828834358977E-002
  0.66666666666666663       0.40000000000000002        1.4051437888543300E-002
  0.66666666666666663       0.43333333333333335        8.0602303974185927E-003
  0.66666666666666663       0.46666666666666667        4.4572008127353267E-003
  0.66666666666666663       0.50000000000000000        2.3745331256602559E-003
  0.66666666666666663       0.53333333333333333        1.2179095212952391E-003
  0.66666666666666663       0.56666666666666665        6.0102829935935423E-004
  0.66666666666666663       0.59999999999999998        2.8519380290229439E-004
  0.66666666666666663       0.63333333333333330        1.3003783422440803E-004
  0.66666666666666663       0.66666666666666663        5.6937386865494820E-005
  0.66666666666666663       0.69999999999999996        2.3923746866922079E-005
  0.66666666666666663       0.73333333333333328        9.6396239753872764E-006
  0.66666666666666663       0.76666666666666661        3.7219703062612815E-006
  0.66666666666666663       0.80000000000000004        1.3760532731258101E-006
  0.66666666666666663       0.83333333333333337        4.8673951438747259E-007
  0.66666666666666663       0.86666666666666670        1.6457994019356688E-007
  0.66666666666666663       0.90000000000000002        5.3130381542076369E-008
  0.66666666666666663       0.93333333333333335        1.6287959658481385E-008
  0.66666666666666663       0.96666666666666667        4.4527528498338691E-009
  0.66666666666666663        1.0000000000000000        0.0000000000000000     

  0.69999999999999996        0.0000000000000000       0.80901699437494745     
  0.69999999999999996        3.3333333333333333E-002  0.66960928457717273     
  0.69999999999999996        6.6666666666666666E-002  0.54164239927017999     
  0.69999999999999996       0.10000000000000001       0.42736425667316730     
  0.69999999999999996       0.13333333333333333       0.32834626562733960     
  0.69999999999999996       0.16666666666666666       0.24527292902179029     
  0.69999999999999996       0.20000000000000001       0.17789325070631118     
  0.69999999999999996       0.23333333333333334       0.12512229062038574     
  0.69999999999999996       0.26666666666666666        8.5251801733821436E-002
  0.69999999999999996       0.29999999999999999        5.6213542466591340E-002
  0.69999999999999996       0.33333333333333331        3.5839356740357833E-002
  0.69999999999999996       0.36666666666666664        2.2075267116437286E-002
  0.69999999999999996       0.40000000000000002        1.3126464879158577E-002
  0.69999999999999996       0.43333333333333335        7.5296444441395145E-003
  0.69999999999999996       0.46666666666666667        4.1637937976034935E-003
  0.69999999999999996       0.50000000000000000        2.2182232114331519E-003
  0.69999999999999996       0.53333333333333333        1.1377374105115252E-003
  0.69999999999999996       0.56666666666666665        5.6146402421587737E-004
  0.69999999999999996       0.59999999999999998        2.6642016761878416E-004
  0.69999999999999996       0.63333333333333330        1.2147775035181782E-004
  0.69999999999999996       0.66666666666666663        5.3189333001312033E-005
  0.69999999999999996       0.69999999999999996        2.2348903045899476E-005
  0.69999999999999996       0.73333333333333328        9.0050702686010822E-006
  0.69999999999999996       0.76666666666666661        3.4769617809892830E-006
  0.69999999999999996       0.80000000000000004        1.2854709322143042E-006
  0.69999999999999996       0.83333333333333337        4.5469860035571198E-007
  0.69999999999999996       0.86666666666666670        1.5374603096856702E-007
  0.69999999999999996       0.90000000000000002        4.9632933857750608E-008
  0.69999999999999996       0.93333333333333335        1.5215761696853104E-008
  0.69999999999999996       0.96666666666666667        4.1596386336072592E-009
  0.69999999999999996        1.0000000000000000        0.0000000000000000     

  0.73333333333333328        0.0000000000000000       0.74314482547739447     
  0.73333333333333328        3.3333333333333333E-002  0.61508803694489533     
  0.73333333333333328        6.6666666666666666E-002  0.49754053261610914     
  0.73333333333333328       0.10000000000000001       0.39256719963717496     
  0.73333333333333328       0.13333333333333333       0.30161149884658045     
  0.73333333333333328       0.16666666666666666       0.22530219921159178     
  0.73333333333333328       0.20000000000000001       0.16340874131066557     
  0.73333333333333328       0.23333333333333334       0.11493452359212615     
  0.73333333333333328       0.26666666666666666        7.8310388733010786E-002
  0.73333333333333328       0.29999999999999999        5.1636496509046316E-002
  0.73333333333333328       0.33333333333333331        3.2921227483747477E-002
  0.73333333333333328       0.36666666666666664        2.0277844152441278E-002
  0.73333333333333328       0.40000000000000002        1.2057675573668420E-002
  0.73333333333333328       0.43333333333333335        6.9165621306510449E-003
  0.73333333333333328       0.46666666666666667        3.8247673862952477E-003
  0.73333333333333328       0.50000000000000000        2.0376099795085365E-003
  0.73333333333333328       0.53333333333333333        1.0451000105713877E-003
  0.73333333333333328       0.56666666666666665        5.1574823172919053E-004
  0.73333333333333328       0.59999999999999998        2.4472757722683819E-004
  0.73333333333333328       0.63333333333333330        1.1158673082551955E-004
  0.73333333333333328       0.66666666666666663        4.8858525674183374E-005
  0.73333333333333328       0.69999999999999996        2.0529199966297372E-005
  0.73333333333333328       0.73333333333333328        8.2718551275199934E-006
  0.73333333333333328       0.76666666666666661        3.1938589348437362E-006
  0.73333333333333328       0.80000000000000004        1.1808047027673719E-006
  0.73333333333333328       0.83333333333333337        4.1767591330665485E-007
  0.73333333333333328       0.86666666666666670        1.4122764805485019E-007
  0.73333333333333328       0.90000000000000002        4.5591697363720191E-008
  0.73333333333333328       0.93333333333333335        1.3976856665971264E-008
  0.73333333333333328       0.96666666666666667        3.8209505460505053E-009
  0.73333333333333328        1.0000000000000000        0.0000000000000000     

  0.76666666666666661        0.0000000000000000       0.66913060635885835     
  0.76666666666666661        3.3333333333333333E-002  0.55382775606440293     
  0.76666666666666661        6.6666666666666666E-002  0.44798750776964602     
  0.76666666666666661       0.10000000000000001       0.35346909421198985     
  0.76666666666666661       0.13333333333333333       0.27157221336819432     
  0.76666666666666661       0.16666666666666666       0.20286301135931487     
  0.76666666666666661       0.20000000000000001       0.14713389154974280     
  0.76666666666666661       0.23333333333333334       0.10348750987179586     
  0.76666666666666661       0.26666666666666666        7.0510990725738937E-002
  0.76666666666666661       0.29999999999999999        4.6493710290116598E-002
  0.76666666666666661       0.33333333333333331        2.9642406369615425E-002
  0.76666666666666661       0.36666666666666664        1.8258252884499435E-002
  0.76666666666666661       0.40000000000000002        1.0856779851362323E-002
  0.76666666666666661       0.43333333333333335        6.2277005150754858E-003
  0.76666666666666661       0.46666666666666667        3.4438360231187196E-003
  0.76666666666666661       0.50000000000000000        1.8346722662511250E-003
  0.76666666666666661       0.53333333333333333        9.4101227621419276E-004
  0.76666666666666661       0.56666666666666665        4.6438179368842269E-004
  0.76666666666666661       0.59999999999999998        2.2035370028625708E-004
  0.76666666666666661       0.63333333333333330        1.0047314372527224E-004
  0.76666666666666661       0.66666666666666663        4.3992414115464557E-005
  0.76666666666666661       0.69999999999999996        1.8484574675853231E-005
  0.76666666666666661       0.73333333333333328        7.4480118106648268E-006
  0.76666666666666661       0.76666666666666661        2.8757635018500909E-006
  0.76666666666666661       0.80000000000000004        1.0632013298976505E-006
  0.76666666666666661       0.83333333333333337        3.7607708154710606E-007
  0.76666666666666661       0.86666666666666670        1.2716194547525909E-007
  0.76666666666666661       0.90000000000000002        4.1050948692696832E-008
  0.76666666666666661       0.93333333333333335        1.2584818268611748E-008
  0.76666666666666661       0.96666666666666667        3.4403993247259146E-009
  0.76666666666666661        1.0000000000000000        0.0000000000000000     

  0.80000000000000004        0.0000000000000000       0.58778525229247325     
  0.80000000000000004        3.3333333333333333E-002  0.48649962239256017     
  0.80000000000000004        6.6666666666666666E-002  0.39352623804064568     
  0.80000000000000004       0.10000000000000001       0.31049830742245488     
  0.80000000000000004       0.13333333333333333       0.23855752589000706     
  0.80000000000000004       0.16666666666666666       0.17820121390277097     
  0.80000000000000004       0.20000000000000001       0.12924701208325479     
  0.80000000000000004       0.23333333333333334        9.0906665337156523E-002
  0.80000000000000004       0.26666666666666666        6.1939059548702442E-002
  0.80000000000000004       0.29999999999999999        4.0841529251813995E-002
  0.80000000000000004       0.33333333333333331        2.6038816848225552E-002
  0.80000000000000004       0.36666666666666664        1.6038620377169958E-002
  0.80000000000000004       0.40000000000000002        9.5369349770774575E-003
  0.80000000000000004       0.43333333333333335        5.4706069094266428E-003
  0.80000000000000004       0.46666666666666667        3.0251732718038840E-003
  0.80000000000000004       0.50000000000000000        1.6116334997148122E-003
  0.80000000000000004       0.53333333333333333        8.2661461443931652E-004
  0.80000000000000004       0.56666666666666665        4.0792749153786671E-004
  0.80000000000000004       0.59999999999999998        1.9356558209336345E-004
  0.80000000000000004       0.63333333333333330        8.8258751837013837E-005
  0.80000000000000004       0.66666666666666663        3.8644312461692213E-005
  0.80000000000000004       0.69999999999999996        1.6237428517114514E-005
  0.80000000000000004       0.73333333333333328        6.5425665178153431E-006
  0.80000000000000004       0.76666666666666661        2.5261606021379754E-006
  0.80000000000000004       0.80000000000000004        9.3394930076838845E-007
  0.80000000000000004       0.83333333333333337        3.3035787058293830E-007
  0.80000000000000004       0.86666666666666670        1.1170303001069320E-007
  0.80000000000000004       0.90000000000000002        3.6060437237332997E-008
  0.80000000000000004       0.93333333333333335        1.1054897968758795E-008
  0.80000000000000004       0.96666666666666667        3.0221543684497839E-009
  0.80000000000000004        1.0000000000000000        0.0000000000000000     

  0.83333333333333337        0.0000000000000000       0.49999999999999994     
  0.83333333333333337        3.3333333333333333E-002  0.41384129705119344     
  0.83333333333333337        6.6666666666666666E-002  0.33475341249701251     
  0.83333333333333337       0.10000000000000001       0.26412563620085144     
  0.83333333333333337       0.13333333333333333       0.20292915223679719     
  0.83333333333333337       0.16666666666666666       0.15158700665570690     
  0.83333333333333337       0.20000000000000001       0.10994407530570655     
  0.83333333333333337       0.23333333333333334        7.7329828353640578E-002
  0.83333333333333337       0.26666666666666666        5.2688511073668863E-002
  0.83333333333333337       0.29999999999999999        3.4741879872389060E-002
  0.83333333333333337       0.33333333333333331        2.2149940600473782E-002
  0.83333333333333337       0.36666666666666664        1.3643265388691126E-002
  0.83333333333333337       0.40000000000000002        8.1126014474517810E-003
  0.83333333333333337       0.43333333333333335        4.6535761896800282E-003
  0.83333333333333337       0.46666666666666667        2.5733660890649591E-003
  0.83333333333333337       0.50000000000000000        1.3709373392996320E-003
  0.83333333333333337       0.53333333333333333        7.0316038996841442E-004
  0.83333333333333337       0.56666666666666665        3.4700385042570623E-004
  0.83333333333333337       0.59999999999999998        1.6465671887685274E-004
  0.83333333333333337       0.63333333333333330        7.5077378594297906E-005
  0.83333333333333337       0.66666666666666663        3.2872815633747289E-005
  0.83333333333333337       0.69999999999999996        1.3812381693641926E-005
  0.83333333333333337       0.73333333333333328        5.5654394970766130E-006
  0.83333333333333337       0.76666666666666661        2.1488805582357448E-006
  0.83333333333333337       0.80000000000000004        7.9446472765845210E-007
  0.83333333333333337       0.83333333333333337        2.8101918965683507E-007
  0.83333333333333337       0.86666666666666670        9.5020272773968342E-008
  0.83333333333333337       0.90000000000000002        3.0674840085465310E-008
  0.83333333333333337       0.93333333333333335        9.4038578933739942E-009
  0.83333333333333337       0.96666666666666667        2.5707980564864572E-009
  0.83333333333333337        1.0000000000000000        0.0000000000000000     

  0.86666666666666670        0.0000000000000000       0.40673664307580004     
  0.86666666666666670        3.3333333333333333E-002  0.33664883985747496     
  0.86666666666666670        6.6666666666666666E-002  0.27231295851440696     
  0.86666666666666670       0.10000000000000001       0.21485914923718871     
  0.86666666666666670       0.13333333333333333       0.16507744432602581     
  0.86666666666666670       0.16666666666666666       0.12331198044210241     
  0.86666666666666670       0.20000000000000001        8.9436568231832131E-002
  0.86666666666666670       0.23333333333333334        6.2905749588375193E-002
  0.86666666666666670       0.26666666666666666        4.2860696245532397E-002
  0.86666666666666670       0.29999999999999999        2.8261591186876468E-002
  0.86666666666666670       0.33333333333333331        1.8018384968330161E-002
  0.86666666666666670       0.36666666666666664        1.1098431929576963E-002
  0.86666666666666670       0.40000000000000002        6.5993845586968308E-003
  0.86666666666666670       0.43333333333333335        3.7855599153758567E-003
  0.86666666666666670       0.46666666666666667        2.0933645689427643E-003
  0.86666666666666670       0.50000000000000000        1.1152209025080033E-003
  0.86666666666666670       0.53333333333333333        5.7200219311924700E-004
  0.86666666666666670       0.56666666666666665        2.8227836251305761E-004
  0.86666666666666670       0.59999999999999998        1.3394384219169366E-004
  0.86666666666666670       0.63333333333333330        6.1073441880751339E-005
  0.86666666666666670       0.66666666666666663        2.6741157358640113E-005
  0.86666666666666670       0.69999999999999996        1.1236003525907104E-005
  0.86666666666666670       0.73333333333333328        4.5273363565648227E-006
  0.86666666666666670       0.76666666666666661        1.7480569292553167E-006
  0.86666666666666670       0.80000000000000004        6.4627583273985729E-007
  0.86666666666666670       0.83333333333333337        2.2860160368180542E-007
  0.86666666666666670       0.86666666666666670        7.7296453544461471E-008
  0.86666666666666670       0.90000000000000002        2.4953162966498306E-008
  0.86666666666666670       0.93333333333333335        7.6497871830256076E-009
  0.86666666666666670       0.96666666666666667        2.0912755430421861E-009
  0.86666666666666670        1.0000000000000000        0.0000000000000000     

  0.90000000000000002        0.0000000000000000       0.30901699437494751     
  0.90000000000000002        3.3333333333333333E-002  0.25576798752597918     
  0.90000000000000002        6.6666666666666666E-002  0.20688898677316753     
  0.90000000000000002       0.10000000000000001       0.16323862047231583     
  0.90000000000000002       0.13333333333333333       0.12541711339054240     
  0.90000000000000002       0.16666666666666666        9.3685922366083391E-002
  0.90000000000000002       0.20000000000000001        6.7949175400604647E-002
  0.90000000000000002       0.23333333333333334        4.7792462266745189E-002
  0.90000000000000002       0.26666666666666666        3.2563290660152573E-002
  0.90000000000000002       0.29999999999999999        2.1471662594202297E-002
  0.90000000000000002       0.33333333333333331        1.3689416139884053E-002
  0.90000000000000002       0.36666666666666664        8.4320017277461617E-003
  0.90000000000000002       0.40000000000000002        5.0138634317067957E-003
  0.90000000000000002       0.43333333333333335        2.8760682544594859E-003
  0.90000000000000002       0.46666666666666667        1.5904277085385340E-003
  0.90000000000000002       0.50000000000000000        8.4728587213351962E-004
  0.90000000000000002       0.53333333333333333        4.3457702054311073E-004
  0.90000000000000002       0.56666666666666665        2.1446017379017111E-004
  0.90000000000000002       0.59999999999999998        1.0176344874193141E-004
  0.90000000000000002       0.63333333333333330        4.6400371757519906E-005
  0.90000000000000002       0.66666666666666663        2.0316517367564737E-005
  0.90000000000000002       0.69999999999999996        8.5365213522575462E-006
  0.90000000000000002       0.73333333333333328        3.4396307715244675E-006
  0.90000000000000002       0.76666666666666661        1.3280812227535378E-006
  0.90000000000000002       0.80000000000000004        4.9100620455585203E-007
  0.90000000000000002       0.83333333333333337        1.7367941069887694E-007
  0.90000000000000002       0.86666666666666670        5.8725758194598694E-008
  0.90000000000000002       0.90000000000000002        1.8958093772285291E-008
  0.90000000000000002       0.93333333333333335        5.8119038034791119E-009
  0.90000000000000002       0.96666666666666667        1.5888405771208028E-009
  0.90000000000000002        1.0000000000000000        0.0000000000000000     

  0.93333333333333335        0.0000000000000000       0.20791169081775931     
  0.93333333333333335        3.3333333333333333E-002  0.17208488760025650     
  0.93333333333333335        6.6666666666666666E-002  0.13919829599853745     
  0.93333333333333335       0.10000000000000001       0.10982961522167081     
  0.93333333333333335       0.13333333333333333        8.4382686315533986E-002
  0.93333333333333335       0.16666666666666666        6.3033421719581914E-002
  0.93333333333333335       0.20000000000000001        4.5717317184409023E-002
  0.93333333333333335       0.23333333333333334        3.2155550727305034E-002
  0.93333333333333335       0.26666666666666666        2.1909114847993461E-002
  0.93333333333333335       0.29999999999999999        1.4446485972911777E-002
  0.93333333333333335       0.33333333333333331        9.2104632035148789E-003
  0.93333333333333335       0.36666666666666664        5.6731887504763738E-003
  0.93333333333333335       0.40000000000000002        3.3734093677406040E-003
  0.93333333333333335       0.43333333333333335        1.9350657878912814E-003
  0.93333333333333335       0.46666666666666667        1.0700657893411608E-003
  0.93333333333333335       0.50000000000000000        5.7006780043797345E-004
  0.93333333333333335       0.53333333333333333        2.9239053118881614E-004
  0.93333333333333335       0.56666666666666665        1.4429231452456285E-004
  0.93333333333333335       0.59999999999999998        6.8468113652381854E-005
  0.93333333333333335       0.63333333333333330        3.1218929451411057E-005
  0.93333333333333335       0.66666666666666663        1.3669285360705742E-005
  0.93333333333333335       0.69999999999999996        5.7435112642907173E-006
  0.93333333333333335       0.73333333333333328        2.3142398719622774E-006
  0.93333333333333335       0.76666666666666661        8.9355478045640844E-007
  0.93333333333333335       0.80000000000000004        3.3035700964507891E-007
  0.93333333333333335       0.83333333333333337        1.1685434974757833E-007
  0.93333333333333335       0.86666666666666670        3.9511651148800919E-008
  0.93333333333333335       0.90000000000000002        1.2755315735466949E-008
  0.93333333333333335       0.93333333333333335        3.9103439896426379E-009
  0.93333333333333335       0.96666666666666667        1.0689979413502177E-009
  0.93333333333333335        1.0000000000000000        0.0000000000000000     

  0.96666666666666667        0.0000000000000000       0.10452846326765373     
  0.96666666666666667        3.3333333333333333E-002   8.6516389634907570E-002
  0.96666666666666667        6.6666666666666666E-002   6.9982519563831280E-002
  0.96666666666666667       0.10000000000000001        5.5217293723332610E-002
  0.96666666666666667       0.13333333333333333        4.2423744871040225E-002
  0.96666666666666667       0.16666666666666666        3.1690313714129198E-002
  0.96666666666666667       0.20000000000000001        2.2984570474177349E-002
  0.96666666666666667       0.23333333333333334        1.6166336245114932E-002
  0.96666666666666667       0.26666666666666666        1.1014898188782696E-002
  0.96666666666666667       0.29999999999999999        7.2630306281804974E-003
  0.96666666666666667       0.33333333333333331        4.6305985048746608E-003
  0.96666666666666667       0.36666666666666664        2.8522191300652967E-003
  0.96666666666666667       0.40000000000000002        1.6959955248101520E-003
  0.96666666666666667       0.43333333333333335        9.7286233561239130E-004
  0.96666666666666667       0.46666666666666667        5.3798000543010338E-004
  0.96666666666666667       0.50000000000000000        2.8660394662647233E-004
  0.96666666666666667       0.53333333333333333        1.4700054998816460E-004
  0.96666666666666667       0.56666666666666665        7.2543558465915493E-005
  0.96666666666666667       0.59999999999999998        3.4422627581782891E-005
  0.96666666666666667       0.63333333333333330        1.5695446021251560E-005
  0.96666666666666667       0.66666666666666663        6.8722898029529962E-006
  0.96666666666666667       0.69999999999999996        2.8875740650053180E-006
  0.96666666666666667       0.73333333333333328        1.1634936760770409E-006
  0.96666666666666667       0.76666666666666661        4.4923836499623940E-007
  0.96666666666666667       0.80000000000000004        1.6608835420498566E-007
  0.96666666666666667       0.83333333333333337        5.8749008087100446E-008
  0.96666666666666667       0.86666666666666670        1.9864646184672326E-008
  0.96666666666666667       0.90000000000000002        6.4127877902294099E-009
  0.96666666666666667       0.93333333333333335        1.9659416287635531E-009
  0.96666666666666667       0.96666666666666667        5.3744314043199920E-010
  0.96666666666666667        1.0000000000000000        0.0000000000000000     

   1.0000000000000000        0.0000000000000000        1.2246467991473532E-016
   1.0000000000000000        3.3333333333333333E-002   0.0000000000000000     
   1.0000000000000000        6.6666666666666666E-002   0.0000000000000000     
   1.0000000000000000       0.10000000000000001        0.0000000000000000     
   1.0000000000000000       0.13333333333333333        0.0000000000000000     
   1.0000000000000000       0.16666666666666666        0.0000000000000000     
   1.0000000000000000       0.20000000000000001        0.0000000000000000     
   1.0000000000000000       0.23333333333333334        0.0000000000000000     
   1.0000000000000000       0.26666666666666666        0.0000000000000000     
   1.0000000000000000       0.29999999999999999        0.0000000000000000     
   1.0000000000000000       0.33333333333333331        0.0000000000000000     
   1.0000000000000000       0.36666666666666664        0.0000000000000000     
   1.0000000000000000       0.40000000000000002        0.0000000000000000     
   1.0000000000000000       0.43333333333333335        0.0000000000000000     
   1.0000000000000000       0.46666666666666667        0.0000000000000000     
   1.0000000000000000       0.50000000000000000        0.0000000000000000     
   1.0000000000000000       0.53333333333333333        0.0000000000000000     
   1.0000000000000000       0.56666666666666665        0.0000000000000000     
   1.0000000000000000       0.59999999999999998        0.0000000000000000     
   1.0000000000000000       0.63333333333333330        0.0000000000000000     
   1.0000000000000000       0.66666666666666663        0.0000000000000000     
   1.0000000000000000       0.69999999999999996        0.0000000000000000     
   1.0000000000000000       0.73333333333333328        0.0000000000000000     
   1.0000000000000000       0.76666666666666661        0.0000000000000000     
   1.0000000000000000       0.80000000000000004        0.0000000000000000     
   1.0000000000000000       0.83333333333333337        0.0000000000000000     
   1.0000000000000000       0.86666666666666670        0.0000000000000000     
   1.0000000000000000       0.90000000000000002        0.0000000000000000     
   1.0000000000000000       0.93333333333333335        0.0000000000000000     
   1.0000000000000000       0.96666666666666667        0.0000000000000000     
   1.0000000000000000        1.0000000000000000        0.0000000000000000     

