   0.0000000000000000        0.0000000000000000        0.0000000000000000     
   0.0000000000000000        3.3333333333333333E-002   0.0000000000000000     
   0.0000000000000000        6.6666666666666666E-002   0.0000000000000000     
   0.0000000000000000       0.10000000000000001        0.0000000000000000     
   0.0000000000000000       0.13333333333333333        0.0000000000000000     
   0.0000000000000000       0.16666666666666666        0.0000000000000000     
   0.0000000000000000       0.20000000000000001        0.0000000000000000     
   0.0000000000000000       0.23333333333333334        0.0000000000000000     
   0.0000000000000000       0.26666666666666666        0.0000000000000000     
   0.0000000000000000       0.29999999999999999        0.0000000000000000     
   0.0000000000000000       0.33333333333333331        0.0000000000000000     
   0.0000000000000000       0.36666666666666664        0.0000000000000000     
   0.0000000000000000       0.40000000000000002        0.0000000000000000     
   0.0000000000000000       0.43333333333333335        0.0000000000000000     
   0.0000000000000000       0.46666666666666667        0.0000000000000000     
   0.0000000000000000       0.50000000000000000        0.0000000000000000     
   0.0000000000000000       0.53333333333333333        0.0000000000000000     
   0.0000000000000000       0.56666666666666665        0.0000000000000000     
   0.0000000000000000       0.59999999999999998        0.0000000000000000     
   0.0000000000000000       0.63333333333333330        0.0000000000000000     
   0.0000000000000000       0.66666666666666663        0.0000000000000000     
   0.0000000000000000       0.69999999999999996        0.0000000000000000     
   0.0000000000000000       0.73333333333333328        0.0000000000000000     
   0.0000000000000000       0.76666666666666661        0.0000000000000000     
   0.0000000000000000       0.80000000000000004        0.0000000000000000     
   0.0000000000000000       0.83333333333333337        0.0000000000000000     
   0.0000000000000000       0.86666666666666670        0.0000000000000000     
   0.0000000000000000       0.90000000000000002        0.0000000000000000     
   0.0000000000000000       0.93333333333333335        0.0000000000000000     
   0.0000000000000000       0.96666666666666667        0.0000000000000000     
   0.0000000000000000        1.0000000000000000        0.0000000000000000     

   3.3333333333333333E-002   0.0000000000000000       0.10452846326765346     
   3.3333333333333333E-002   3.3333333333333333E-002   8.8177963334906156E-002
   3.3333333333333333E-002   6.6666666666666666E-002   7.3141002322430496E-002
   3.3333333333333333E-002  0.10000000000000001        5.9570289267681452E-002
   3.3333333333333333E-002  0.13333333333333333        4.7578884388795283E-002
   3.3333333333333333E-002  0.16666666666666666        3.7223389934483903E-002
   3.3333333333333333E-002  0.20000000000000001        2.8496161314992437E-002
   3.3333333333333333E-002  0.23333333333333334        2.1326675384185846E-002
   3.3333333333333333E-002  0.26666666666666666        1.5590678942364463E-002
   3.3333333333333333E-002  0.29999999999999999        1.1124664001108210E-002
   3.3333333333333333E-002  0.33333333333333331        7.7427491348897055E-003
   3.3333333333333333E-002  0.36666666666666664        5.2531925864595314E-003
   3.3333333333333333E-002  0.40000000000000002        3.4723837633580312E-003
   3.3333333333333333E-002  0.43333333333333335        2.2350338463830981E-003
   3.3333333333333333E-002  0.46666666666666667        1.4001813655585642E-003
   3.3333333333333333E-002  0.50000000000000000        8.5336199648921565E-004
   3.3333333333333333E-002  0.53333333333333333        5.0576271648853928E-004
   3.3333333333333333E-002  0.56666666666666665        2.9137278421507095E-004
   3.3333333333333333E-002  0.59999999999999998        1.6310620071889048E-004
   3.3333333333333333E-002  0.63333333333333330        8.8684292965984730E-005
   3.3333333333333333E-002  0.66666666666666663        4.6818378974835906E-005
   3.3333333333333333E-002  0.69999999999999996        2.3989435055655554E-005
   3.3333333333333333E-002  0.73333333333333328        1.1926110128792789E-005
   3.3333333333333333E-002  0.76666666666666661        5.7503353100367064E-006
   3.3333333333333333E-002  0.80000000000000004        2.6880665007823406E-006
   3.3333333333333333E-002  0.83333333333333337        1.2177546382506703E-006
   3.3333333333333333E-002  0.86666666666666670        5.3428287238553407E-007
   3.3333333333333333E-002  0.90000000000000002        2.2651600152099008E-007
   3.3333333333333333E-002  0.93333333333333335        9.1552312452513977E-008
   3.3333333333333333E-002  0.96666666666666667        3.1877801666714292E-008
   3.3333333333333333E-002   1.0000000000000000        0.0000000000000000     

   6.6666666666666666E-002   0.0000000000000000       0.20791169081775931     
   6.6666666666666666E-002   3.3333333333333333E-002  0.17538983045109002     
   6.6666666666666666E-002   6.6666666666666666E-002  0.14548065651767772     
   6.6666666666666666E-002  0.10000000000000001       0.11848791398026173     
   6.6666666666666666E-002  0.13333333333333333        9.4636484563705270E-002
   6.6666666666666666E-002  0.16666666666666666        7.4038952619350479E-002
   6.6666666666666666E-002  0.20000000000000001        5.6680112723412696E-002
   6.6666666666666666E-002  0.23333333333333334        4.2419691249968819E-002
   6.6666666666666666E-002  0.26666666666666666        3.1010543143677065E-002
   6.6666666666666666E-002  0.29999999999999999        2.2127443855434671E-002
   6.6666666666666666E-002  0.33333333333333331        1.5400667089983139E-002
   6.6666666666666666E-002  0.36666666666666664        1.0448830095640590E-002
   6.6666666666666666E-002  0.40000000000000002        6.9067233635616947E-003
   6.6666666666666666E-002  0.43333333333333335        4.4455801942343224E-003
   6.6666666666666666E-002  0.46666666666666667        2.7850220510692806E-003
   6.6666666666666666E-002  0.50000000000000000        1.6973743803674174E-003
   6.6666666666666666E-002  0.53333333333333333        1.0059841908175776E-003
   6.6666666666666666E-002  0.56666666666666665        5.7955322723260655E-004
   6.6666666666666666E-002  0.59999999999999998        3.2442537577053793E-004
   6.6666666666666666E-002  0.63333333333333330        1.7639694225985274E-004
   6.6666666666666666E-002  0.66666666666666663        9.3123805992247847E-005
   6.6666666666666666E-002  0.69999999999999996        4.7716036840729322E-005
   6.6666666666666666E-002  0.73333333333333328        2.3721555299315538E-005
   6.6666666666666666E-002  0.76666666666666661        1.1437668743081625E-005
   6.6666666666666666E-002  0.80000000000000004        5.3466819824680315E-006
   6.6666666666666666E-002  0.83333333333333337        2.4221673018531254E-006
   6.6666666666666666E-002  0.86666666666666670        1.0627120298153333E-006
   6.6666666666666666E-002  0.90000000000000002        4.5055024632779552E-007
   6.6666666666666666E-002  0.93333333333333335        1.8210155861124516E-007
   6.6666666666666666E-002  0.96666666666666667        6.3406343467509200E-008
   6.6666666666666666E-002   1.0000000000000000        0.0000000000000000     

  0.10000000000000001        0.0000000000000000       0.30901699437494740     
  0.10000000000000001        3.3333333333333333E-002  0.26068008988217012     
  0.10000000000000001        6.6666666666666666E-002  0.21622639419633272     
  0.10000000000000001       0.10000000000000001       0.17610736031208418     
  0.10000000000000001       0.13333333333333333       0.14065722760977772     
  0.10000000000000001       0.16666666666666666       0.11004332904567254     
  0.10000000000000001       0.20000000000000001        8.4243064955759117E-002
  0.10000000000000001       0.23333333333333334        6.3047948101526044E-002
  0.10000000000000001       0.26666666666666666        4.6090649344934190E-002
  0.10000000000000001       0.29999999999999999        3.2887790804415680E-002
  0.10000000000000001       0.33333333333333331        2.2889852113641935E-002
  0.10000000000000001       0.36666666666666664        1.5529988035735541E-002
  0.10000000000000001       0.40000000000000002        1.0265391457269395E-002
  0.10000000000000001       0.43333333333333335        6.6074198351800516E-003
  0.10000000000000001       0.46666666666666667        4.1393494521851509E-003
  0.10000000000000001       0.50000000000000000        2.5227899753358894E-003
  0.10000000000000001       0.53333333333333333        1.4951838918362927E-003
  0.10000000000000001       0.56666666666666665        8.6138396381327199E-004
  0.10000000000000001       0.59999999999999998        4.8219007851486894E-004
  0.10000000000000001       0.63333333333333330        2.6217694974088851E-004
  0.10000000000000001       0.66666666666666663        1.3840894910379951E-004
  0.10000000000000001       0.69999999999999996        7.0919851740953419E-005
  0.10000000000000001       0.73333333333333328        3.5257102145924401E-005
  0.10000000000000001       0.76666666666666661        1.6999688683891284E-005
  0.10000000000000001       0.80000000000000004        7.9467180974886664E-006
  0.10000000000000001       0.83333333333333337        3.6000421936253830E-006
  0.10000000000000001       0.86666666666666670        1.5794978918596863E-006
  0.10000000000000001       0.90000000000000002        6.6964816835213313E-007
  0.10000000000000001       0.93333333333333335        2.7065566198663054E-007
  0.10000000000000001       0.96666666666666667        9.4240192100643698E-008
  0.10000000000000001        1.0000000000000000        0.0000000000000000     

  0.13333333333333333        0.0000000000000000       0.40673664307580015     
  0.13333333333333333        3.3333333333333333E-002  0.34311428369768532     
  0.13333333333333333        6.6666666666666666E-002  0.28460311025189067     
  0.13333333333333333       0.10000000000000001       0.23179733755149312     
  0.13333333333333333       0.13333333333333333       0.18513690063574029     
  0.13333333333333333       0.16666666666666666       0.14484204773092318     
  0.13333333333333333       0.20000000000000001       0.11088303253945556     
  0.13333333333333333       0.23333333333333334        8.2985438440051615E-002
  0.13333333333333333       0.26666666666666666        6.0665776746879778E-002
  0.13333333333333333       0.29999999999999999        4.3287812235130826E-002
  0.13333333333333333       0.33333333333333331        3.0128251127534172E-002
  0.13333333333333333       0.36666666666666664        2.0440996177052050E-002
  0.13333333333333333       0.40000000000000002        1.3511589773999981E-002
  0.13333333333333333       0.43333333333333335        8.6968672017200561E-003
  0.13333333333333333       0.46666666666666667        5.4483252744883179E-003
  0.13333333333333333       0.50000000000000000        3.3205653554068387E-003
  0.13333333333333333       0.53333333333333333        1.9680020452487045E-003
  0.13333333333333333       0.56666666666666665        1.1337771974302164E-003
  0.13333333333333333       0.59999999999999998        6.3467180585423009E-004
  0.13333333333333333       0.63333333333333330        3.4508449169650920E-004
  0.13333333333333333       0.66666666666666663        1.8217765480503525E-004
  0.13333333333333333       0.69999999999999996        9.3346653904570543E-005
  0.13333333333333333       0.73333333333333328        4.6406364803399568E-005
  0.13333333333333333       0.76666666666666661        2.2375456478066668E-005
  0.13333333333333333       0.80000000000000004        1.0459688306075545E-005
  0.13333333333333333       0.83333333333333337        4.7384742697670207E-006
  0.13333333333333333       0.86666666666666670        2.0789784444696413E-006
  0.13333333333333333       0.90000000000000002        8.8140928491111665E-007
  0.13333333333333333       0.93333333333333335        3.5624440529095186E-007
  0.13333333333333333       0.96666666666666667        1.2404152546809546E-007
  0.13333333333333333        1.0000000000000000        0.0000000000000000     

  0.16666666666666666        0.0000000000000000       0.49999999999999994     
  0.16666666666666666        3.3333333333333333E-002  0.42178924561972880     
  0.16666666666666666        6.6666666666666666E-002  0.34986165507449929     
  0.16666666666666666       0.10000000000000001       0.28494769465397651     
  0.16666666666666666       0.13333333333333333       0.22758817503595050     
  0.16666666666666666       0.16666666666666666       0.17805384663108673     
  0.16666666666666666       0.20000000000000001       0.13630814241488343     
  0.16666666666666666       0.23333333333333334       0.10201372294920856     
  0.16666666666666666       0.26666666666666666        7.4576237203656609E-002
  0.16666666666666666       0.29999999999999999        5.3213563336440818E-002
  0.16666666666666666       0.33333333333333331        3.7036558717331275E-002
  0.16666666666666666       0.36666666666666664        2.5128048486699327E-002
  0.16666666666666666       0.40000000000000002        1.6609752285684693E-002
  0.16666666666666666       0.43333333333333335        1.0691029871261550E-002
  0.16666666666666666       0.46666666666666667        6.6976081049488299E-003
  0.16666666666666666       0.50000000000000000        4.0819599265709767E-003
  0.16666666666666666       0.53333333333333333        2.4192583564224676E-003
  0.16666666666666666       0.56666666666666665        1.3937485308139833E-003
  0.16666666666666666       0.59999999999999998        7.8019993607503842E-004
  0.16666666666666666       0.63333333333333330        4.2421121574753049E-004
  0.16666666666666666       0.66666666666666663        2.2395038399710188E-004
  0.16666666666666666       0.69999999999999996        1.1475073059396603E-004
  0.16666666666666666       0.73333333333333328        5.7047189616932539E-005
  0.16666666666666666       0.76666666666666661        2.7506074088703062E-005
  0.16666666666666666       0.80000000000000004        1.2858059980750563E-005
  0.16666666666666666       0.83333333333333337        5.8249906302196003E-006
  0.16666666666666666       0.86666666666666670        2.5556812741877783E-006
  0.16666666666666666       0.90000000000000002        1.0835134968978631E-006
  0.16666666666666666       0.93333333333333335        4.3793006034197109E-007
  0.16666666666666666       0.96666666666666667        1.5248383392516081E-007
  0.16666666666666666        1.0000000000000000        0.0000000000000000     

  0.20000000000000001        0.0000000000000000       0.58778525229247314     
  0.20000000000000001        3.3333333333333333E-002  0.49584299630168843     
  0.20000000000000001        6.6666666666666666E-002  0.41128704239085356     
  0.20000000000000001       0.10000000000000001       0.33497610518469240     
  0.20000000000000001       0.13333333333333333       0.26754594576457935     
  0.20000000000000001       0.16666666666666666       0.20931485032739724     
  0.20000000000000001       0.20000000000000001       0.16023983175770123     
  0.20000000000000001       0.23333333333333334       0.11992432376199003     
  0.20000000000000001       0.26666666666666666        8.7669624799549234E-002
  0.20000000000000001       0.29999999999999999        6.2556295502182724E-002
  0.20000000000000001       0.33333333333333331        4.3539086019423114E-002
  0.20000000000000001       0.36666666666666664        2.9539792638744122E-002
  0.20000000000000001       0.40000000000000002        1.9525934875513316E-002
  0.20000000000000001       0.43333333333333335        1.2568059380291676E-002
  0.20000000000000001       0.46666666666666667        7.8735105394469231E-003
  0.20000000000000001       0.50000000000000000        4.7986316905745735E-003
  0.20000000000000001       0.53333333333333333        2.8440087667809082E-003
  0.20000000000000001       0.56666666666666665        1.6384496636335220E-003
  0.20000000000000001       0.59999999999999998        9.1718003252887572E-004
  0.20000000000000001       0.63333333333333330        4.9869019294691798E-004
  0.20000000000000001       0.66666666666666663        2.6326946591746553E-004
  0.20000000000000001       0.69999999999999996        1.3489757426583988E-004
  0.20000000000000001       0.73333333333333328        6.7062993483130496E-005
  0.20000000000000001       0.76666666666666661        3.2335329395607573E-005
  0.20000000000000001       0.80000000000000004        1.5115556059554445E-005
  0.20000000000000001       0.83333333333333337        6.8476871743698399E-006
  0.20000000000000001       0.86666666666666670        3.0043835250552247E-006
  0.20000000000000001       0.90000000000000002        1.2737465082728205E-006
  0.20000000000000001       0.93333333333333335        5.1481766200912693E-007
  0.20000000000000001       0.96666666666666667        1.7925549758844846E-007
  0.20000000000000001        1.0000000000000000        0.0000000000000000     

  0.23333333333333334        0.0000000000000000       0.66913060635885824     
  0.23333333333333334        3.3333333333333333E-002  0.56446418735434911     
  0.23333333333333334        6.6666666666666666E-002  0.46820628280342680     
  0.23333333333333334       0.10000000000000001       0.38133444740874822     
  0.23333333333333334       0.13333333333333333       0.30457242712382304     
  0.23333333333333334       0.16666666666666666       0.23828255672157239     
  0.23333333333333334       0.20000000000000001       0.18241589997144109     
  0.23333333333333334       0.23333333333333334       0.13652100858785698     
  0.23333333333333334       0.26666666666666666        9.9802485640089575E-002
  0.23333333333333334       0.29999999999999999        7.1213647803656299E-002
  0.23333333333333334       0.33333333333333331        4.9564589983946666E-002
  0.23333333333333334       0.36666666666666664        3.3627892641039818E-002
  0.23333333333333334       0.40000000000000002        2.2228187236781258E-002
  0.23333333333333334       0.43333333333333335        1.4307390600715815E-002
  0.23333333333333334       0.46666666666666667        8.9631491448368267E-003
  0.23333333333333334       0.50000000000000000        5.4627286415979961E-003
  0.23333333333333334       0.53333333333333333        3.2375996219434012E-003
  0.23333333333333334       0.56666666666666665        1.8651995990706569E-003
  0.23333333333333334       0.59999999999999998        1.0441113126140656E-003
  0.23333333333333334       0.63333333333333330        5.6770541603474707E-004
  0.23333333333333334       0.66666666666666663        2.9970411247655983E-004
  0.23333333333333334       0.69999999999999996        1.5356645188492496E-004
  0.23333333333333334       0.73333333333333328        7.6344041158893662E-005
  0.23333333333333334       0.76666666666666661        3.6810312067051116E-005
  0.23333333333333334       0.80000000000000004        1.7207442943036389E-005
  0.23333333333333334       0.83333333333333337        7.7953590248670182E-006
  0.23333333333333334       0.86666666666666670        3.4201691213144949E-006
  0.23333333333333334       0.90000000000000002        1.4500240863545481E-006
  0.23333333333333334       0.93333333333333335        5.8606481363878898E-007
  0.23333333333333334       0.96666666666666667        2.0406320050853259E-007
  0.23333333333333334        1.0000000000000000        0.0000000000000000     

  0.26666666666666666        0.0000000000000000       0.74314482547739413     
  0.26666666666666666        3.3333333333333333E-002  0.62690099064863025     
  0.26666666666666666        6.6666666666666666E-002  0.51999575720314217     
  0.26666666666666666       0.10000000000000001       0.42351480962763044     
  0.26666666666666666       0.13333333333333333       0.33826194923562020     
  0.26666666666666666       0.16666666666666666       0.26463958956047534     
  0.26666666666666666       0.20000000000000001       0.20259338141211267     
  0.26666666666666666       0.23333333333333334       0.15162194067477772     
  0.26666666666666666       0.26666666666666666       0.11084188956294430     
  0.26666666666666666       0.29999999999999999        7.9090768477379156E-002
  0.26666666666666666       0.33333333333333331        5.5047053928548827E-002
  0.26666666666666666       0.36666666666666664        3.7347558414471342E-002
  0.26666666666666666       0.40000000000000002        2.4686902927135802E-002
  0.26666666666666666       0.43333333333333335        1.5889967055704547E-002
  0.26666666666666666       0.46666666666666667        9.9545856125363586E-003
  0.26666666666666666       0.50000000000000000        6.0669747944746113E-003
  0.26666666666666666       0.53333333333333333        3.5957186581366046E-003
  0.26666666666666666       0.56666666666666665        2.0715140173822649E-003
  0.26666666666666666       0.59999999999999998        1.1596030906639171E-003
  0.26666666666666666       0.63333333333333330        6.3050073978450361E-004
  0.26666666666666666       0.66666666666666663        3.3285513806224340E-004
  0.26666666666666666       0.69999999999999996        1.7055282332131274E-004
  0.26666666666666666       0.73333333333333328        8.4788647543702296E-005
  0.26666666666666666       0.76666666666666661        4.0881993256435030E-005
  0.26666666666666666       0.80000000000000004        1.9110801480745492E-005
  0.26666666666666666       0.83333333333333337        8.6576232906040034E-006
  0.26666666666666666       0.86666666666666670        3.7984826289642418E-006
  0.26666666666666666       0.90000000000000002        1.6104148971091271E-006
  0.26666666666666666       0.93333333333333335        6.5089091652827758E-007
  0.26666666666666666       0.96666666666666667        2.2663514430087519E-007
  0.26666666666666666        1.0000000000000000        0.0000000000000000     

  0.29999999999999999        0.0000000000000000       0.80901699437494745     
  0.29999999999999999        3.3333333333333333E-002  0.68246933550189892     
  0.29999999999999999        6.6666666666666666E-002  0.56608804927083201     
  0.29999999999999999       0.10000000000000001       0.46105505496606075     
  0.29999999999999999       0.13333333333333333       0.36824540264572825     
  0.29999999999999999       0.16666666666666666       0.28809717567675924     
  0.29999999999999999       0.20000000000000001       0.22055120737064254     
  0.29999999999999999       0.23333333333333334       0.16506167105073460     
  0.29999999999999999       0.26666666666666666       0.12066688654859080     
  0.29999999999999999       0.29999999999999999        8.6101354140856498E-002
  0.29999999999999999       0.33333333333333331        5.9926410830973206E-002
  0.29999999999999999       0.36666666666666664        4.0658036522434875E-002
  0.29999999999999999       0.40000000000000002        2.6875143742954084E-002
  0.29999999999999999       0.43333333333333335        1.7298449706441604E-002
  0.29999999999999999       0.46666666666666667        1.0836957557133979E-002
  0.29999999999999999       0.50000000000000000        6.6047499019068661E-003
  0.29999999999999999       0.53333333333333333        3.9144422482587597E-003
  0.29999999999999999       0.56666666666666665        2.2551324946272549E-003
  0.29999999999999999       0.59999999999999998        1.2623900145899074E-003
  0.29999999999999999       0.63333333333333330        6.8638816548841899E-004
  0.29999999999999999       0.66666666666666663        3.6235933310090133E-004
  0.29999999999999999       0.69999999999999996        1.8567058233491944E-004
  0.29999999999999999       0.73333333333333328        9.2304291762856932E-005
  0.29999999999999999       0.76666666666666661        4.4505762772594336E-005
  0.29999999999999999       0.80000000000000004        2.0804778078239231E-005
  0.29999999999999999       0.83333333333333337        9.4250328238449845E-006
  0.29999999999999999       0.86666666666666670        4.1351791660474650E-006
  0.29999999999999999       0.90000000000000002        1.7531616652499960E-006
  0.29999999999999999       0.93333333333333335        7.0858572232860152E-007
  0.29999999999999999       0.96666666666666667        2.4672402602580451E-007
  0.29999999999999999        1.0000000000000000        0.0000000000000000     

  0.33333333333333331        0.0000000000000000       0.86602540378443860     
  0.33333333333333331        3.3333333333333333E-002  0.73056040349951878     
  0.33333333333333331        6.6666666666666666E-002  0.60597816220917056     
  0.33333333333333331       0.10000000000000001       0.49354388464030990     
  0.33333333333333331       0.13333333333333333       0.39419428236414511     
  0.33333333333333331       0.16666666666666666       0.30839830884811875     
  0.33333333333333331       0.20000000000000001       0.23609262814791238     
  0.33333333333333331       0.23333333333333334       0.17669295121728437     
  0.33333333333333331       0.26666666666666666       0.12916983187404157     
  0.33333333333333331       0.29999999999999999        9.2168595350499913E-002
  0.33333333333333331       0.33333333333333331        6.4149201435925771E-002
  0.33333333333333331       0.36666666666666664        4.3523056674017471E-002
  0.33333333333333331       0.40000000000000002        2.8768934859939178E-002
  0.33333333333333331       0.43333333333333335        1.8517406922261559E-002
  0.33333333333333331       0.46666666666666667        1.1600597526956481E-002
  0.33333333333333331       0.50000000000000000        7.0701619872810557E-003
  0.33333333333333331       0.53333333333333333        4.1902783899592901E-003
  0.33333333333333331       0.56666666666666665        2.4140432683442963E-003
  0.33333333333333331       0.59999999999999998        1.3513459293439565E-003
  0.33333333333333331       0.63333333333333330        7.3475537881528537E-004
  0.33333333333333331       0.66666666666666663        3.8789344345754049E-004
  0.33333333333333331       0.69999999999999996        1.9875409559439754E-004
  0.33333333333333331       0.73333333333333328        9.8808630845542871E-005
  0.33333333333333331       0.76666666666666661        4.7641917838387514E-005
  0.33333333333333331       0.80000000000000004        2.2270813173428074E-005
  0.33333333333333331       0.83333333333333337        1.0089179725153001E-005
  0.33333333333333331       0.86666666666666670        4.4265698148455982E-006
  0.33333333333333331       0.90000000000000002        1.8767004273137221E-006
  0.33333333333333331       0.93333333333333335        7.5851711467399815E-007
  0.33333333333333331       0.96666666666666667        2.6410974769127336E-007
  0.33333333333333331        1.0000000000000000        0.0000000000000000     

  0.36666666666666664        0.0000000000000000       0.91354545764260087     
  0.36666666666666664        3.3333333333333333E-002  0.77064729883680505     
  0.36666666666666664        6.6666666666666666E-002  0.63922905159326249     
  0.36666666666666664       0.10000000000000001       0.52062534423374218     
  0.36666666666666664       0.13333333333333333       0.41582428703452357     
  0.36666666666666664       0.16666666666666666       0.32532056561124323     
  0.36666666666666664       0.20000000000000001       0.24904736868563498     
  0.36666666666666664       0.23333333333333334       0.18638834643492047     
  0.36666666666666664       0.26666666666666666       0.13625756549095525     
  0.36666666666666664       0.29999999999999999        9.7226018141964701E-002
  0.36666666666666664       0.33333333333333331        6.7669159965862910E-002
  0.36666666666666664       0.36666666666666664        4.5911229108894391E-002
  0.36666666666666664       0.40000000000000002        3.0347527506312113E-002
  0.36666666666666664       0.43333333333333335        1.9533483552824700E-002
  0.36666666666666664       0.46666666666666667        1.2237138922692545E-002
  0.36666666666666664       0.50000000000000000        7.4581118983960823E-003
  0.36666666666666664       0.53333333333333333        4.4202049647472999E-003
  0.36666666666666664       0.56666666666666665        2.5465052788423265E-003
  0.36666666666666664       0.59999999999999998        1.4254962153087978E-003
  0.36666666666666664       0.63333333333333330        7.7507245845440369E-004
  0.36666666666666664       0.66666666666666663        4.0917771207573729E-004
  0.36666666666666664       0.69999999999999996        2.0966001739057498E-004
  0.36666666666666664       0.73333333333333328        1.0423040189164973E-004
  0.36666666666666664       0.76666666666666661        5.0256098082631048E-005
  0.36666666666666664       0.80000000000000004        2.3492844579021572E-005
  0.36666666666666664       0.83333333333333337        1.0642787462095653E-005
  0.36666666666666664       0.86666666666666670        4.6694620384329987E-006
  0.36666666666666664       0.90000000000000002        1.9796776667709863E-006
  0.36666666666666664       0.93333333333333335        8.0013803478111555E-007
  0.36666666666666664       0.96666666666666667        2.7860182769251881E-007
  0.36666666666666664        1.0000000000000000        0.0000000000000000     

  0.40000000000000002        0.0000000000000000       0.95105651629515353     
  0.40000000000000002        3.3333333333333333E-002  0.80229082109972027     
  0.40000000000000002        6.6666666666666666E-002  0.66547641372081989     
  0.40000000000000002       0.10000000000000001       0.54200272360789215     
  0.40000000000000002       0.13333333333333333       0.43289843379932547     
  0.40000000000000002       0.16666666666666666       0.33867854217982579     
  0.40000000000000002       0.20000000000000001       0.25927349413552536     
  0.40000000000000002       0.23333333333333334       0.19404163192474649     
  0.40000000000000002       0.26666666666666666       0.14185243270662135     
  0.40000000000000002       0.29999999999999999       0.10121821233281381     
  0.40000000000000002       0.33333333333333331        7.0447721018531945E-002
  0.40000000000000002       0.36666666666666664        4.7796388510111920E-002
  0.40000000000000002       0.40000000000000002        3.1593626290697494E-002
  0.40000000000000002       0.43333333333333335        2.0335547249938871E-002
  0.40000000000000002       0.46666666666666667        1.2739607663605641E-002
  0.40000000000000002       0.50000000000000000        7.7643491748420291E-003
  0.40000000000000002       0.53333333333333333        4.6017028489541822E-003
  0.40000000000000002       0.56666666666666665        2.6510672446148718E-003
  0.40000000000000002       0.59999999999999998        1.4840284664344549E-003
  0.40000000000000002       0.63333333333333330        8.0689768204435621E-004
  0.40000000000000002       0.66666666666666663        4.2597894405449124E-004
  0.40000000000000002       0.69999999999999996        2.1826886016204208E-004
  0.40000000000000002       0.73333333333333328        1.0851020284301782E-004
  0.40000000000000002       0.76666666666666661        5.2319661999516645E-005
  0.40000000000000002       0.80000000000000004        2.4457483463213521E-005
  0.40000000000000002       0.83333333333333337        1.1079790592457128E-005
  0.40000000000000002       0.86666666666666670        4.8611946587795753E-006
  0.40000000000000002       0.90000000000000002        2.0609651434369230E-006
  0.40000000000000002       0.93333333333333335        8.3299247513952277E-007
  0.40000000000000002       0.96666666666666667        2.9004148776838442E-007
  0.40000000000000002        1.0000000000000000        0.0000000000000000     

  0.43333333333333335        0.0000000000000000       0.97814760073380569     
  0.43333333333333335        3.3333333333333333E-002  0.82514427723651917     
  0.43333333333333335        6.6666666666666666E-002  0.68443267699975952     
  0.43333333333333335       0.10000000000000001       0.55744180772083241     
  0.43333333333333335       0.13333333333333333       0.44522965473360082     
  0.43333333333333335       0.16666666666666666       0.34832588576724494     
  0.43333333333333335       0.20000000000000001       0.26665896492720015     
  0.43333333333333335       0.23333333333333334       0.19956895668938301     
  0.43333333333333335       0.26666666666666666       0.14589313498502376     
  0.43333333333333335       0.29999999999999999       0.10410143860807196     
  0.43333333333333335       0.33333333333333331        7.2454442097588584E-002
  0.43333333333333335       0.36666666666666664        4.9157880676775359E-002
  0.43333333333333335       0.40000000000000002        3.2493578694050645E-002
  0.43333333333333335       0.43333333333333335        2.0914810435895867E-002
  0.43333333333333335       0.46666666666666667        1.3102498597021979E-002
  0.43333333333333335       0.50000000000000000        7.9855186169338847E-003
  0.43333333333333335       0.53333333333333333        4.7327835137796941E-003
  0.43333333333333335       0.56666666666666665        2.7265835628839290E-003
  0.43333333333333335       0.59999999999999998        1.5263013911289347E-003
  0.43333333333333335       0.63333333333333330        8.2988236577563547E-004
  0.43333333333333335       0.66666666666666663        4.3811306158035931E-004
  0.43333333333333335       0.69999999999999996        2.2448630362587832E-004
  0.43333333333333335       0.73333333333333328        1.1160114330481806E-004
  0.43333333333333335       0.76666666666666661        5.3810000750942394E-005
  0.43333333333333335       0.80000000000000004        2.5154161040525055E-005
  0.43333333333333335       0.83333333333333337        1.1395401218492402E-005
  0.43333333333333335       0.86666666666666670        4.9996670131741816E-006
  0.43333333333333335       0.90000000000000002        2.1196722547066810E-006
  0.43333333333333335       0.93333333333333335        8.5672047562541942E-007
  0.43333333333333335       0.96666666666666667        2.9830339260917624E-007
  0.43333333333333335        1.0000000000000000        0.0000000000000000     

  0.46666666666666667        0.0000000000000000       0.99452189536827329     
  0.46666666666666667        3.3333333333333333E-002  0.83895727999937375     
  0.46666666666666667        6.6666666666666666E-002  0.69589015264274434     
  0.46666666666666667       0.10000000000000001       0.56677344273618557     
  0.46666666666666667       0.13333333333333333       0.45268284640031964     
  0.46666666666666667       0.16666666666666666       0.35415689805832040     
  0.46666666666666667       0.20000000000000001       0.27112286429715671     
  0.46666666666666667       0.23333333333333334       0.20290976220204160     
  0.46666666666666667       0.26666666666666666       0.14833540154642899     
  0.46666666666666667       0.29999999999999999       0.10584410773731355     
  0.46666666666666667       0.33333333333333331        7.3667337146957279E-002
  0.46666666666666667       0.36666666666666664        4.9980788815796165E-002
  0.46666666666666667       0.40000000000000002        3.3037524649513296E-002
  0.46666666666666667       0.43333333333333335        2.1264926582011727E-002
  0.46666666666666667       0.46666666666666667        1.3321835813935243E-002
  0.46666666666666667       0.50000000000000000        8.1191970459814130E-003
  0.46666666666666667       0.53333333333333333        4.8120108120296131E-003
  0.46666666666666667       0.56666666666666665        2.7722268610637386E-003
  0.46666666666666667       0.59999999999999998        1.5518518383831057E-003
  0.46666666666666667       0.63333333333333330        8.4377468464342717E-004
  0.46666666666666667       0.66666666666666663        4.4544712072250075E-004
  0.46666666666666667       0.69999999999999996        2.2824422817041041E-004
  0.46666666666666667       0.73333333333333328        1.1346935828653005E-004
  0.46666666666666667       0.76666666666666661        5.4710785873674245E-005
  0.46666666666666667       0.80000000000000004        2.5575244365629990E-005
  0.46666666666666667       0.83333333333333337        1.1586161444136860E-005
  0.46666666666666667       0.86666666666666670        5.0833619695248664E-006
  0.46666666666666667       0.90000000000000002        2.1551557931839372E-006
  0.46666666666666667       0.93333333333333335        8.7106206730007884E-007
  0.46666666666666667       0.96666666666666667        3.0329702305654392E-007
  0.46666666666666667        1.0000000000000000        0.0000000000000000     

  0.50000000000000000        0.0000000000000000        1.0000000000000000     
  0.50000000000000000        3.3333333333333333E-002  0.84357849123945761     
  0.50000000000000000        6.6666666666666666E-002  0.69972331014899858     
  0.50000000000000000       0.10000000000000001       0.56989538930795303     
  0.50000000000000000       0.13333333333333333       0.45517635007190099     
  0.50000000000000000       0.16666666666666666       0.35610769326217340     
  0.50000000000000000       0.20000000000000001       0.27261628482976680     
  0.50000000000000000       0.23333333333333334       0.20402744589841709     
  0.50000000000000000       0.26666666666666666       0.14915247440731322     
  0.50000000000000000       0.29999999999999999       0.10642712667288161     
  0.50000000000000000       0.33333333333333331        7.4073117434662536E-002
  0.50000000000000000       0.36666666666666664        5.0256096973398647E-002
  0.50000000000000000       0.40000000000000002        3.3219504571369386E-002
  0.50000000000000000       0.43333333333333335        2.1382059742523104E-002
  0.50000000000000000       0.46666666666666667        1.3395216209897661E-002
  0.50000000000000000       0.50000000000000000        8.1639198531419550E-003
  0.50000000000000000       0.53333333333333333        4.8385167128449360E-003
  0.50000000000000000       0.56666666666666665        2.7874970616279669E-003
  0.50000000000000000       0.59999999999999998        1.5603998721500768E-003
  0.50000000000000000       0.63333333333333330        8.4842243149506097E-004
  0.50000000000000000       0.66666666666666663        4.4790076799420370E-004
  0.50000000000000000       0.69999999999999996        2.2950146118793204E-004
  0.50000000000000000       0.73333333333333328        1.1409437923386506E-004
  0.50000000000000000       0.76666666666666661        5.5012148177406124E-005
  0.50000000000000000       0.80000000000000004        2.5716119961501127E-005
  0.50000000000000000       0.83333333333333337        1.1649981260439201E-005
  0.50000000000000000       0.86666666666666670        5.1113625483755566E-006
  0.50000000000000000       0.90000000000000002        2.1670269937957262E-006
  0.50000000000000000       0.93333333333333335        8.7586012068394217E-007
  0.50000000000000000       0.96666666666666667        3.0496766785032173E-007
  0.50000000000000000        1.0000000000000000        0.0000000000000000     

  0.53333333333333333        0.0000000000000000       0.99452189536827340     
  0.53333333333333333        3.3333333333333333E-002  0.83895727999937375     
  0.53333333333333333        6.6666666666666666E-002  0.69589015264274434     
  0.53333333333333333       0.10000000000000001       0.56677344273618557     
  0.53333333333333333       0.13333333333333333       0.45268284640031969     
  0.53333333333333333       0.16666666666666666       0.35415689805832046     
  0.53333333333333333       0.20000000000000001       0.27112286429715676     
  0.53333333333333333       0.23333333333333334       0.20290976220204163     
  0.53333333333333333       0.26666666666666666       0.14833540154642899     
  0.53333333333333333       0.29999999999999999       0.10584410773731355     
  0.53333333333333333       0.33333333333333331        7.3667337146957279E-002
  0.53333333333333333       0.36666666666666664        4.9980788815796165E-002
  0.53333333333333333       0.40000000000000002        3.3037524649513303E-002
  0.53333333333333333       0.43333333333333335        2.1264926582011730E-002
  0.53333333333333333       0.46666666666666667        1.3321835813935243E-002
  0.53333333333333333       0.50000000000000000        8.1191970459814113E-003
  0.53333333333333333       0.53333333333333333        4.8120108120296131E-003
  0.53333333333333333       0.56666666666666665        2.7722268610637386E-003
  0.53333333333333333       0.59999999999999998        1.5518518383831059E-003
  0.53333333333333333       0.63333333333333330        8.4377468464342706E-004
  0.53333333333333333       0.66666666666666663        4.4544712072250075E-004
  0.53333333333333333       0.69999999999999996        2.2824422817041039E-004
  0.53333333333333333       0.73333333333333328        1.1346935828653005E-004
  0.53333333333333333       0.76666666666666661        5.4710785873674245E-005
  0.53333333333333333       0.80000000000000004        2.5575244365629990E-005
  0.53333333333333333       0.83333333333333337        1.1586161444136860E-005
  0.53333333333333333       0.86666666666666670        5.0833619695248664E-006
  0.53333333333333333       0.90000000000000002        2.1551557931839372E-006
  0.53333333333333333       0.93333333333333335        8.7106206730007873E-007
  0.53333333333333333       0.96666666666666667        3.0329702305654403E-007
  0.53333333333333333        1.0000000000000000        0.0000000000000000     

  0.56666666666666665        0.0000000000000000       0.97814760073380569     
  0.56666666666666665        3.3333333333333333E-002  0.82514427723651917     
  0.56666666666666665        6.6666666666666666E-002  0.68443267699975952     
  0.56666666666666665       0.10000000000000001       0.55744180772083241     
  0.56666666666666665       0.13333333333333333       0.44522965473360082     
  0.56666666666666665       0.16666666666666666       0.34832588576724494     
  0.56666666666666665       0.20000000000000001       0.26665896492720020     
  0.56666666666666665       0.23333333333333334       0.19956895668938304     
  0.56666666666666665       0.26666666666666666       0.14589313498502376     
  0.56666666666666665       0.29999999999999999       0.10410143860807197     
  0.56666666666666665       0.33333333333333331        7.2454442097588598E-002
  0.56666666666666665       0.36666666666666664        4.9157880676775359E-002
  0.56666666666666665       0.40000000000000002        3.2493578694050652E-002
  0.56666666666666665       0.43333333333333335        2.0914810435895870E-002
  0.56666666666666665       0.46666666666666667        1.3102498597021981E-002
  0.56666666666666665       0.50000000000000000        7.9855186169338864E-003
  0.56666666666666665       0.53333333333333333        4.7327835137796941E-003
  0.56666666666666665       0.56666666666666665        2.7265835628839294E-003
  0.56666666666666665       0.59999999999999998        1.5263013911289347E-003
  0.56666666666666665       0.63333333333333330        8.2988236577563547E-004
  0.56666666666666665       0.66666666666666663        4.3811306158035931E-004
  0.56666666666666665       0.69999999999999996        2.2448630362587832E-004
  0.56666666666666665       0.73333333333333328        1.1160114330481806E-004
  0.56666666666666665       0.76666666666666661        5.3810000750942394E-005
  0.56666666666666665       0.80000000000000004        2.5154161040525055E-005
  0.56666666666666665       0.83333333333333337        1.1395401218492402E-005
  0.56666666666666665       0.86666666666666670        4.9996670131741816E-006
  0.56666666666666665       0.90000000000000002        2.1196722547066810E-006
  0.56666666666666665       0.93333333333333335        8.5672047562541952E-007
  0.56666666666666665       0.96666666666666667        2.9830339260917629E-007
  0.56666666666666665        1.0000000000000000        0.0000000000000000     

  0.59999999999999998        0.0000000000000000       0.95105651629515364     
  0.59999999999999998        3.3333333333333333E-002  0.80229082109972027     
  0.59999999999999998        6.6666666666666666E-002  0.66547641372081989     
  0.59999999999999998       0.10000000000000001       0.54200272360789215     
  0.59999999999999998       0.13333333333333333       0.43289843379932547     
  0.59999999999999998       0.16666666666666666       0.33867854217982585     
  0.59999999999999998       0.20000000000000001       0.25927349413552536     
  0.59999999999999998       0.23333333333333334       0.19404163192474649     
  0.59999999999999998       0.26666666666666666       0.14185243270662135     
  0.59999999999999998       0.29999999999999999       0.10121821233281382     
  0.59999999999999998       0.33333333333333331        7.0447721018531972E-002
  0.59999999999999998       0.36666666666666664        4.7796388510111934E-002
  0.59999999999999998       0.40000000000000002        3.1593626290697500E-002
  0.59999999999999998       0.43333333333333335        2.0335547249938874E-002
  0.59999999999999998       0.46666666666666667        1.2739607663605643E-002
  0.59999999999999998       0.50000000000000000        7.7643491748420291E-003
  0.59999999999999998       0.53333333333333333        4.6017028489541830E-003
  0.59999999999999998       0.56666666666666665        2.6510672446148713E-003
  0.59999999999999998       0.59999999999999998        1.4840284664344552E-003
  0.59999999999999998       0.63333333333333330        8.0689768204435632E-004
  0.59999999999999998       0.66666666666666663        4.2597894405449124E-004
  0.59999999999999998       0.69999999999999996        2.1826886016204205E-004
  0.59999999999999998       0.73333333333333328        1.0851020284301783E-004
  0.59999999999999998       0.76666666666666661        5.2319661999516645E-005
  0.59999999999999998       0.80000000000000004        2.4457483463213521E-005
  0.59999999999999998       0.83333333333333337        1.1079790592457128E-005
  0.59999999999999998       0.86666666666666670        4.8611946587795753E-006
  0.59999999999999998       0.90000000000000002        2.0609651434369230E-006
  0.59999999999999998       0.93333333333333335        8.3299247513952287E-007
  0.59999999999999998       0.96666666666666667        2.9004148776838447E-007
  0.59999999999999998        1.0000000000000000        0.0000000000000000     

  0.63333333333333330        0.0000000000000000       0.91354545764260098     
  0.63333333333333330        3.3333333333333333E-002  0.77064729883680516     
  0.63333333333333330        6.6666666666666666E-002  0.63922905159326249     
  0.63333333333333330       0.10000000000000001       0.52062534423374218     
  0.63333333333333330       0.13333333333333333       0.41582428703452362     
  0.63333333333333330       0.16666666666666666       0.32532056561124323     
  0.63333333333333330       0.20000000000000001       0.24904736868563501     
  0.63333333333333330       0.23333333333333334       0.18638834643492050     
  0.63333333333333330       0.26666666666666666       0.13625756549095527     
  0.63333333333333330       0.29999999999999999        9.7226018141964715E-002
  0.63333333333333330       0.33333333333333331        6.7669159965862924E-002
  0.63333333333333330       0.36666666666666664        4.5911229108894398E-002
  0.63333333333333330       0.40000000000000002        3.0347527506312120E-002
  0.63333333333333330       0.43333333333333335        1.9533483552824703E-002
  0.63333333333333330       0.46666666666666667        1.2237138922692545E-002
  0.63333333333333330       0.50000000000000000        7.4581118983960823E-003
  0.63333333333333330       0.53333333333333333        4.4202049647472999E-003
  0.63333333333333330       0.56666666666666665        2.5465052788423270E-003
  0.63333333333333330       0.59999999999999998        1.4254962153087980E-003
  0.63333333333333330       0.63333333333333330        7.7507245845440380E-004
  0.63333333333333330       0.66666666666666663        4.0917771207573729E-004
  0.63333333333333330       0.69999999999999996        2.0966001739057498E-004
  0.63333333333333330       0.73333333333333328        1.0423040189164973E-004
  0.63333333333333330       0.76666666666666661        5.0256098082631048E-005
  0.63333333333333330       0.80000000000000004        2.3492844579021575E-005
  0.63333333333333330       0.83333333333333337        1.0642787462095655E-005
  0.63333333333333330       0.86666666666666670        4.6694620384329995E-006
  0.63333333333333330       0.90000000000000002        1.9796776667709863E-006
  0.63333333333333330       0.93333333333333335        8.0013803478111566E-007
  0.63333333333333330       0.96666666666666667        2.7860182769251881E-007
  0.63333333333333330        1.0000000000000000        0.0000000000000000     

  0.66666666666666663        0.0000000000000000       0.86602540378443871     
  0.66666666666666663        3.3333333333333333E-002  0.73056040349951890     
  0.66666666666666663        6.6666666666666666E-002  0.60597816220917056     
  0.66666666666666663       0.10000000000000001       0.49354388464030996     
  0.66666666666666663       0.13333333333333333       0.39419428236414517     
  0.66666666666666663       0.16666666666666666       0.30839830884811881     
  0.66666666666666663       0.20000000000000001       0.23609262814791240     
  0.66666666666666663       0.23333333333333334       0.17669295121728440     
  0.66666666666666663       0.26666666666666666       0.12916983187404160     
  0.66666666666666663       0.29999999999999999        9.2168595350499913E-002
  0.66666666666666663       0.33333333333333331        6.4149201435925771E-002
  0.66666666666666663       0.36666666666666664        4.3523056674017471E-002
  0.66666666666666663       0.40000000000000002        2.8768934859939182E-002
  0.66666666666666663       0.43333333333333335        1.8517406922261562E-002
  0.66666666666666663       0.46666666666666667        1.1600597526956481E-002
  0.66666666666666663       0.50000000000000000        7.0701619872810574E-003
  0.66666666666666663       0.53333333333333333        4.1902783899592910E-003
  0.66666666666666663       0.56666666666666665        2.4140432683442967E-003
  0.66666666666666663       0.59999999999999998        1.3513459293439569E-003
  0.66666666666666663       0.63333333333333330        7.3475537881528548E-004
  0.66666666666666663       0.66666666666666663        3.8789344345754049E-004
  0.66666666666666663       0.69999999999999996        1.9875409559439754E-004
  0.66666666666666663       0.73333333333333328        9.8808630845542871E-005
  0.66666666666666663       0.76666666666666661        4.7641917838387507E-005
  0.66666666666666663       0.80000000000000004        2.2270813173428077E-005
  0.66666666666666663       0.83333333333333337        1.0089179725153005E-005
  0.66666666666666663       0.86666666666666670        4.4265698148455990E-006
  0.66666666666666663       0.90000000000000002        1.8767004273137223E-006
  0.66666666666666663       0.93333333333333335        7.5851711467399815E-007
  0.66666666666666663       0.96666666666666667        2.6410974769127342E-007
  0.66666666666666663        1.0000000000000000        0.0000000000000000     

  0.69999999999999996        0.0000000000000000       0.80901699437494745     
  0.69999999999999996        3.3333333333333333E-002  0.68246933550189903     
  0.69999999999999996        6.6666666666666666E-002  0.56608804927083212     
  0.69999999999999996       0.10000000000000001       0.46105505496606081     
  0.69999999999999996       0.13333333333333333       0.36824540264572830     
  0.69999999999999996       0.16666666666666666       0.28809717567675930     
  0.69999999999999996       0.20000000000000001       0.22055120737064260     
  0.69999999999999996       0.23333333333333334       0.16506167105073463     
  0.69999999999999996       0.26666666666666666       0.12066688654859081     
  0.69999999999999996       0.29999999999999999        8.6101354140856498E-002
  0.69999999999999996       0.33333333333333331        5.9926410830973213E-002
  0.69999999999999996       0.36666666666666664        4.0658036522434875E-002
  0.69999999999999996       0.40000000000000002        2.6875143742954088E-002
  0.69999999999999996       0.43333333333333335        1.7298449706441604E-002
  0.69999999999999996       0.46666666666666667        1.0836957557133983E-002
  0.69999999999999996       0.50000000000000000        6.6047499019068661E-003
  0.69999999999999996       0.53333333333333333        3.9144422482587605E-003
  0.69999999999999996       0.56666666666666665        2.2551324946272558E-003
  0.69999999999999996       0.59999999999999998        1.2623900145899076E-003
  0.69999999999999996       0.63333333333333330        6.8638816548841910E-004
  0.69999999999999996       0.66666666666666663        3.6235933310090133E-004
  0.69999999999999996       0.69999999999999996        1.8567058233491944E-004
  0.69999999999999996       0.73333333333333328        9.2304291762856946E-005
  0.69999999999999996       0.76666666666666661        4.4505762772594343E-005
  0.69999999999999996       0.80000000000000004        2.0804778078239231E-005
  0.69999999999999996       0.83333333333333337        9.4250328238449845E-006
  0.69999999999999996       0.86666666666666670        4.1351791660474650E-006
  0.69999999999999996       0.90000000000000002        1.7531616652499967E-006
  0.69999999999999996       0.93333333333333335        7.0858572232860173E-007
  0.69999999999999996       0.96666666666666667        2.4672402602580456E-007
  0.69999999999999996        1.0000000000000000        0.0000000000000000     

  0.73333333333333328        0.0000000000000000       0.74314482547739447     
  0.73333333333333328        3.3333333333333333E-002  0.62690099064863036     
  0.73333333333333328        6.6666666666666666E-002  0.51999575720314239     
  0.73333333333333328       0.10000000000000001       0.42351480962763050     
  0.73333333333333328       0.13333333333333333       0.33826194923562025     
  0.73333333333333328       0.16666666666666666       0.26463958956047540     
  0.73333333333333328       0.20000000000000001       0.20259338141211272     
  0.73333333333333328       0.23333333333333334       0.15162194067477772     
  0.73333333333333328       0.26666666666666666       0.11084188956294430     
  0.73333333333333328       0.29999999999999999        7.9090768477379156E-002
  0.73333333333333328       0.33333333333333331        5.5047053928548834E-002
  0.73333333333333328       0.36666666666666664        3.7347558414471342E-002
  0.73333333333333328       0.40000000000000002        2.4686902927135802E-002
  0.73333333333333328       0.43333333333333335        1.5889967055704550E-002
  0.73333333333333328       0.46666666666666667        9.9545856125363603E-003
  0.73333333333333328       0.50000000000000000        6.0669747944746121E-003
  0.73333333333333328       0.53333333333333333        3.5957186581366050E-003
  0.73333333333333328       0.56666666666666665        2.0715140173822649E-003
  0.73333333333333328       0.59999999999999998        1.1596030906639173E-003
  0.73333333333333328       0.63333333333333330        6.3050073978450361E-004
  0.73333333333333328       0.66666666666666663        3.3285513806224345E-004
  0.73333333333333328       0.69999999999999996        1.7055282332131274E-004
  0.73333333333333328       0.73333333333333328        8.4788647543702296E-005
  0.73333333333333328       0.76666666666666661        4.0881993256435030E-005
  0.73333333333333328       0.80000000000000004        1.9110801480745488E-005
  0.73333333333333328       0.83333333333333337        8.6576232906040034E-006
  0.73333333333333328       0.86666666666666670        3.7984826289642422E-006
  0.73333333333333328       0.90000000000000002        1.6104148971091275E-006
  0.73333333333333328       0.93333333333333335        6.5089091652827779E-007
  0.73333333333333328       0.96666666666666667        2.2663514430087525E-007
  0.73333333333333328        1.0000000000000000        0.0000000000000000     

  0.76666666666666661        0.0000000000000000       0.66913060635885835     
  0.76666666666666661        3.3333333333333333E-002  0.56446418735434922     
  0.76666666666666661        6.6666666666666666E-002  0.46820628280342697     
  0.76666666666666661       0.10000000000000001       0.38133444740874833     
  0.76666666666666661       0.13333333333333333       0.30457242712382310     
  0.76666666666666661       0.16666666666666666       0.23828255672157242     
  0.76666666666666661       0.20000000000000001       0.18241589997144111     
  0.76666666666666661       0.23333333333333334       0.13652100858785701     
  0.76666666666666661       0.26666666666666666        9.9802485640089589E-002
  0.76666666666666661       0.29999999999999999        7.1213647803656299E-002
  0.76666666666666661       0.33333333333333331        4.9564589983946666E-002
  0.76666666666666661       0.36666666666666664        3.3627892641039818E-002
  0.76666666666666661       0.40000000000000002        2.2228187236781261E-002
  0.76666666666666661       0.43333333333333335        1.4307390600715817E-002
  0.76666666666666661       0.46666666666666667        8.9631491448368301E-003
  0.76666666666666661       0.50000000000000000        5.4627286415979978E-003
  0.76666666666666661       0.53333333333333333        3.2375996219434016E-003
  0.76666666666666661       0.56666666666666665        1.8651995990706573E-003
  0.76666666666666661       0.59999999999999998        1.0441113126140658E-003
  0.76666666666666661       0.63333333333333330        5.6770541603474707E-004
  0.76666666666666661       0.66666666666666663        2.9970411247655983E-004
  0.76666666666666661       0.69999999999999996        1.5356645188492493E-004
  0.76666666666666661       0.73333333333333328        7.6344041158893662E-005
  0.76666666666666661       0.76666666666666661        3.6810312067051116E-005
  0.76666666666666661       0.80000000000000004        1.7207442943036389E-005
  0.76666666666666661       0.83333333333333337        7.7953590248670182E-006
  0.76666666666666661       0.86666666666666670        3.4201691213144949E-006
  0.76666666666666661       0.90000000000000002        1.4500240863545481E-006
  0.76666666666666661       0.93333333333333335        5.8606481363878909E-007
  0.76666666666666661       0.96666666666666667        2.0406320050853264E-007
  0.76666666666666661        1.0000000000000000        0.0000000000000000     

  0.80000000000000004        0.0000000000000000       0.58778525229247325     
  0.80000000000000004        3.3333333333333333E-002  0.49584299630168849     
  0.80000000000000004        6.6666666666666666E-002  0.41128704239085362     
  0.80000000000000004       0.10000000000000001       0.33497610518469245     
  0.80000000000000004       0.13333333333333333       0.26754594576457946     
  0.80000000000000004       0.16666666666666666       0.20931485032739730     
  0.80000000000000004       0.20000000000000001       0.16023983175770126     
  0.80000000000000004       0.23333333333333334       0.11992432376199004     
  0.80000000000000004       0.26666666666666666        8.7669624799549248E-002
  0.80000000000000004       0.29999999999999999        6.2556295502182738E-002
  0.80000000000000004       0.33333333333333331        4.3539086019423114E-002
  0.80000000000000004       0.36666666666666664        2.9539792638744122E-002
  0.80000000000000004       0.40000000000000002        1.9525934875513320E-002
  0.80000000000000004       0.43333333333333335        1.2568059380291676E-002
  0.80000000000000004       0.46666666666666667        7.8735105394469231E-003
  0.80000000000000004       0.50000000000000000        4.7986316905745743E-003
  0.80000000000000004       0.53333333333333333        2.8440087667809086E-003
  0.80000000000000004       0.56666666666666665        1.6384496636335220E-003
  0.80000000000000004       0.59999999999999998        9.1718003252887583E-004
  0.80000000000000004       0.63333333333333330        4.9869019294691798E-004
  0.80000000000000004       0.66666666666666663        2.6326946591746553E-004
  0.80000000000000004       0.69999999999999996        1.3489757426583986E-004
  0.80000000000000004       0.73333333333333328        6.7062993483130482E-005
  0.80000000000000004       0.76666666666666661        3.2335329395607580E-005
  0.80000000000000004       0.80000000000000004        1.5115556059554444E-005
  0.80000000000000004       0.83333333333333337        6.8476871743698399E-006
  0.80000000000000004       0.86666666666666670        3.0043835250552247E-006
  0.80000000000000004       0.90000000000000002        1.2737465082728205E-006
  0.80000000000000004       0.93333333333333335        5.1481766200912693E-007
  0.80000000000000004       0.96666666666666667        1.7925549758844848E-007
  0.80000000000000004        1.0000000000000000        0.0000000000000000     

  0.83333333333333337        0.0000000000000000       0.49999999999999994     
  0.83333333333333337        3.3333333333333333E-002  0.42178924561972880     
  0.83333333333333337        6.6666666666666666E-002  0.34986165507449934     
  0.83333333333333337       0.10000000000000001       0.28494769465397657     
  0.83333333333333337       0.13333333333333333       0.22758817503595055     
  0.83333333333333337       0.16666666666666666       0.17805384663108673     
  0.83333333333333337       0.20000000000000001       0.13630814241488345     
  0.83333333333333337       0.23333333333333334       0.10201372294920857     
  0.83333333333333337       0.26666666666666666        7.4576237203656623E-002
  0.83333333333333337       0.29999999999999999        5.3213563336440818E-002
  0.83333333333333337       0.33333333333333331        3.7036558717331275E-002
  0.83333333333333337       0.36666666666666664        2.5128048486699327E-002
  0.83333333333333337       0.40000000000000002        1.6609752285684693E-002
  0.83333333333333337       0.43333333333333335        1.0691029871261552E-002
  0.83333333333333337       0.46666666666666667        6.6976081049488307E-003
  0.83333333333333337       0.50000000000000000        4.0819599265709775E-003
  0.83333333333333337       0.53333333333333333        2.4192583564224676E-003
  0.83333333333333337       0.56666666666666665        1.3937485308139835E-003
  0.83333333333333337       0.59999999999999998        7.8019993607503842E-004
  0.83333333333333337       0.63333333333333330        4.2421121574753054E-004
  0.83333333333333337       0.66666666666666663        2.2395038399710188E-004
  0.83333333333333337       0.69999999999999996        1.1475073059396602E-004
  0.83333333333333337       0.73333333333333328        5.7047189616932539E-005
  0.83333333333333337       0.76666666666666661        2.7506074088703062E-005
  0.83333333333333337       0.80000000000000004        1.2858059980750563E-005
  0.83333333333333337       0.83333333333333337        5.8249906302195995E-006
  0.83333333333333337       0.86666666666666670        2.5556812741877783E-006
  0.83333333333333337       0.90000000000000002        1.0835134968978631E-006
  0.83333333333333337       0.93333333333333335        4.3793006034197109E-007
  0.83333333333333337       0.96666666666666667        1.5248383392516086E-007
  0.83333333333333337        1.0000000000000000        0.0000000000000000     

  0.86666666666666670        0.0000000000000000       0.40673664307580004     
  0.86666666666666670        3.3333333333333333E-002  0.34311428369768532     
  0.86666666666666670        6.6666666666666666E-002  0.28460311025189067     
  0.86666666666666670       0.10000000000000001       0.23179733755149315     
  0.86666666666666670       0.13333333333333333       0.18513690063574031     
  0.86666666666666670       0.16666666666666666       0.14484204773092321     
  0.86666666666666670       0.20000000000000001       0.11088303253945558     
  0.86666666666666670       0.23333333333333334        8.2985438440051643E-002
  0.86666666666666670       0.26666666666666666        6.0665776746879799E-002
  0.86666666666666670       0.29999999999999999        4.3287812235130833E-002
  0.86666666666666670       0.33333333333333331        3.0128251127534172E-002
  0.86666666666666670       0.36666666666666664        2.0440996177052050E-002
  0.86666666666666670       0.40000000000000002        1.3511589773999983E-002
  0.86666666666666670       0.43333333333333335        8.6968672017200561E-003
  0.86666666666666670       0.46666666666666667        5.4483252744883179E-003
  0.86666666666666670       0.50000000000000000        3.3205653554068382E-003
  0.86666666666666670       0.53333333333333333        1.9680020452487045E-003
  0.86666666666666670       0.56666666666666665        1.1337771974302164E-003
  0.86666666666666670       0.59999999999999998        6.3467180585423020E-004
  0.86666666666666670       0.63333333333333330        3.4508449169650925E-004
  0.86666666666666670       0.66666666666666663        1.8217765480503525E-004
  0.86666666666666670       0.69999999999999996        9.3346653904570530E-005
  0.86666666666666670       0.73333333333333328        4.6406364803399568E-005
  0.86666666666666670       0.76666666666666661        2.2375456478066665E-005
  0.86666666666666670       0.80000000000000004        1.0459688306075545E-005
  0.86666666666666670       0.83333333333333337        4.7384742697670207E-006
  0.86666666666666670       0.86666666666666670        2.0789784444696413E-006
  0.86666666666666670       0.90000000000000002        8.8140928491111665E-007
  0.86666666666666670       0.93333333333333335        3.5624440529095186E-007
  0.86666666666666670       0.96666666666666667        1.2404152546809546E-007
  0.86666666666666670        1.0000000000000000        0.0000000000000000     

  0.90000000000000002        0.0000000000000000       0.30901699437494751     
  0.90000000000000002        3.3333333333333333E-002  0.26068008988217017     
  0.90000000000000002        6.6666666666666666E-002  0.21622639419633274     
  0.90000000000000002       0.10000000000000001       0.17610736031208424     
  0.90000000000000002       0.13333333333333333       0.14065722760977775     
  0.90000000000000002       0.16666666666666666       0.11004332904567257     
  0.90000000000000002       0.20000000000000001        8.4243064955759145E-002
  0.90000000000000002       0.23333333333333334        6.3047948101526072E-002
  0.90000000000000002       0.26666666666666666        4.6090649344934204E-002
  0.90000000000000002       0.29999999999999999        3.2887790804415680E-002
  0.90000000000000002       0.33333333333333331        2.2889852113641935E-002
  0.90000000000000002       0.36666666666666664        1.5529988035735543E-002
  0.90000000000000002       0.40000000000000002        1.0265391457269395E-002
  0.90000000000000002       0.43333333333333335        6.6074198351800508E-003
  0.90000000000000002       0.46666666666666667        4.1393494521851501E-003
  0.90000000000000002       0.50000000000000000        2.5227899753358886E-003
  0.90000000000000002       0.53333333333333333        1.4951838918362925E-003
  0.90000000000000002       0.56666666666666665        8.6138396381327199E-004
  0.90000000000000002       0.59999999999999998        4.8219007851486899E-004
  0.90000000000000002       0.63333333333333330        2.6217694974088851E-004
  0.90000000000000002       0.66666666666666663        1.3840894910379951E-004
  0.90000000000000002       0.69999999999999996        7.0919851740953419E-005
  0.90000000000000002       0.73333333333333328        3.5257102145924401E-005
  0.90000000000000002       0.76666666666666661        1.6999688683891281E-005
  0.90000000000000002       0.80000000000000004        7.9467180974886681E-006
  0.90000000000000002       0.83333333333333337        3.6000421936253834E-006
  0.90000000000000002       0.86666666666666670        1.5794978918596863E-006
  0.90000000000000002       0.90000000000000002        6.6964816835213324E-007
  0.90000000000000002       0.93333333333333335        2.7065566198663054E-007
  0.90000000000000002       0.96666666666666667        9.4240192100643684E-008
  0.90000000000000002        1.0000000000000000        0.0000000000000000     

  0.93333333333333335        0.0000000000000000       0.20791169081775931     
  0.93333333333333335        3.3333333333333333E-002  0.17538983045109005     
  0.93333333333333335        6.6666666666666666E-002  0.14548065651767775     
  0.93333333333333335       0.10000000000000001       0.11848791398026176     
  0.93333333333333335       0.13333333333333333        9.4636484563705284E-002
  0.93333333333333335       0.16666666666666666        7.4038952619350493E-002
  0.93333333333333335       0.20000000000000001        5.6680112723412709E-002
  0.93333333333333335       0.23333333333333334        4.2419691249968826E-002
  0.93333333333333335       0.26666666666666666        3.1010543143677075E-002
  0.93333333333333335       0.29999999999999999        2.2127443855434678E-002
  0.93333333333333335       0.33333333333333331        1.5400667089983141E-002
  0.93333333333333335       0.36666666666666664        1.0448830095640592E-002
  0.93333333333333335       0.40000000000000002        6.9067233635616947E-003
  0.93333333333333335       0.43333333333333335        4.4455801942343224E-003
  0.93333333333333335       0.46666666666666667        2.7850220510692806E-003
  0.93333333333333335       0.50000000000000000        1.6973743803674170E-003
  0.93333333333333335       0.53333333333333333        1.0059841908175776E-003
  0.93333333333333335       0.56666666666666665        5.7955322723260655E-004
  0.93333333333333335       0.59999999999999998        3.2442537577053793E-004
  0.93333333333333335       0.63333333333333330        1.7639694225985274E-004
  0.93333333333333335       0.66666666666666663        9.3123805992247847E-005
  0.93333333333333335       0.69999999999999996        4.7716036840729328E-005
  0.93333333333333335       0.73333333333333328        2.3721555299315538E-005
  0.93333333333333335       0.76666666666666661        1.1437668743081625E-005
  0.93333333333333335       0.80000000000000004        5.3466819824680315E-006
  0.93333333333333335       0.83333333333333337        2.4221673018531254E-006
  0.93333333333333335       0.86666666666666670        1.0627120298153331E-006
  0.93333333333333335       0.90000000000000002        4.5055024632779552E-007
  0.93333333333333335       0.93333333333333335        1.8210155861124516E-007
  0.93333333333333335       0.96666666666666667        6.3406343467509200E-008
  0.93333333333333335        1.0000000000000000        0.0000000000000000     

  0.96666666666666667        0.0000000000000000       0.10452846326765373     
  0.96666666666666667        3.3333333333333333E-002   8.8177963334906267E-002
  0.96666666666666667        6.6666666666666666E-002   7.3141002322430537E-002
  0.96666666666666667       0.10000000000000001        5.9570289267681466E-002
  0.96666666666666667       0.13333333333333333        4.7578884388795296E-002
  0.96666666666666667       0.16666666666666666        3.7223389934483916E-002
  0.96666666666666667       0.20000000000000001        2.8496161314992448E-002
  0.96666666666666667       0.23333333333333334        2.1326675384185857E-002
  0.96666666666666667       0.26666666666666666        1.5590678942364464E-002
  0.96666666666666667       0.29999999999999999        1.1124664001108212E-002
  0.96666666666666667       0.33333333333333331        7.7427491348897072E-003
  0.96666666666666667       0.36666666666666664        5.2531925864595323E-003
  0.96666666666666667       0.40000000000000002        3.4723837633580316E-003
  0.96666666666666667       0.43333333333333335        2.2350338463830981E-003
  0.96666666666666667       0.46666666666666667        1.4001813655585640E-003
  0.96666666666666667       0.50000000000000000        8.5336199648921565E-004
  0.96666666666666667       0.53333333333333333        5.0576271648853928E-004
  0.96666666666666667       0.56666666666666665        2.9137278421507095E-004
  0.96666666666666667       0.59999999999999998        1.6310620071889048E-004
  0.96666666666666667       0.63333333333333330        8.8684292965984730E-005
  0.96666666666666667       0.66666666666666663        4.6818378974835913E-005
  0.96666666666666667       0.69999999999999996        2.3989435055655554E-005
  0.96666666666666667       0.73333333333333328        1.1926110128792789E-005
  0.96666666666666667       0.76666666666666661        5.7503353100367064E-006
  0.96666666666666667       0.80000000000000004        2.6880665007823406E-006
  0.96666666666666667       0.83333333333333337        1.2177546382506703E-006
  0.96666666666666667       0.86666666666666670        5.3428287238553407E-007
  0.96666666666666667       0.90000000000000002        2.2651600152099011E-007
  0.96666666666666667       0.93333333333333335        9.1552312452513977E-008
  0.96666666666666667       0.96666666666666667        3.1877801666714292E-008
  0.96666666666666667        1.0000000000000000        0.0000000000000000     

   1.0000000000000000        0.0000000000000000        1.2246467991473532E-016
   1.0000000000000000        3.3333333333333333E-002   0.0000000000000000     
   1.0000000000000000        6.6666666666666666E-002   0.0000000000000000     
   1.0000000000000000       0.10000000000000001        0.0000000000000000     
   1.0000000000000000       0.13333333333333333        0.0000000000000000     
   1.0000000000000000       0.16666666666666666        0.0000000000000000     
   1.0000000000000000       0.20000000000000001        0.0000000000000000     
   1.0000000000000000       0.23333333333333334        0.0000000000000000     
   1.0000000000000000       0.26666666666666666        0.0000000000000000     
   1.0000000000000000       0.29999999999999999        0.0000000000000000     
   1.0000000000000000       0.33333333333333331        0.0000000000000000     
   1.0000000000000000       0.36666666666666664        0.0000000000000000     
   1.0000000000000000       0.40000000000000002        0.0000000000000000     
   1.0000000000000000       0.43333333333333335        0.0000000000000000     
   1.0000000000000000       0.46666666666666667        0.0000000000000000     
   1.0000000000000000       0.50000000000000000        0.0000000000000000     
   1.0000000000000000       0.53333333333333333        0.0000000000000000     
   1.0000000000000000       0.56666666666666665        0.0000000000000000     
   1.0000000000000000       0.59999999999999998        0.0000000000000000     
   1.0000000000000000       0.63333333333333330        0.0000000000000000     
   1.0000000000000000       0.66666666666666663        0.0000000000000000     
   1.0000000000000000       0.69999999999999996        0.0000000000000000     
   1.0000000000000000       0.73333333333333328        0.0000000000000000     
   1.0000000000000000       0.76666666666666661        0.0000000000000000     
   1.0000000000000000       0.80000000000000004        0.0000000000000000     
   1.0000000000000000       0.83333333333333337        0.0000000000000000     
   1.0000000000000000       0.86666666666666670        0.0000000000000000     
   1.0000000000000000       0.90000000000000002        0.0000000000000000     
   1.0000000000000000       0.93333333333333335        0.0000000000000000     
   1.0000000000000000       0.96666666666666667        0.0000000000000000     
   1.0000000000000000        1.0000000000000000        0.0000000000000000     

