   0.0000000000000000        0.0000000000000000        0.0000000000000000     
   0.0000000000000000        3.3333333333333333E-002   0.0000000000000000     
   0.0000000000000000        6.6666666666666666E-002   0.0000000000000000     
   0.0000000000000000       0.10000000000000001        0.0000000000000000     
   0.0000000000000000       0.13333333333333333        0.0000000000000000     
   0.0000000000000000       0.16666666666666666        0.0000000000000000     
   0.0000000000000000       0.20000000000000001        0.0000000000000000     
   0.0000000000000000       0.23333333333333334        0.0000000000000000     
   0.0000000000000000       0.26666666666666666        0.0000000000000000     
   0.0000000000000000       0.29999999999999999        0.0000000000000000     
   0.0000000000000000       0.33333333333333331        0.0000000000000000     
   0.0000000000000000       0.36666666666666664        0.0000000000000000     
   0.0000000000000000       0.40000000000000002        0.0000000000000000     
   0.0000000000000000       0.43333333333333335        0.0000000000000000     
   0.0000000000000000       0.46666666666666667        0.0000000000000000     
   0.0000000000000000       0.50000000000000000        0.0000000000000000     
   0.0000000000000000       0.53333333333333333        0.0000000000000000     
   0.0000000000000000       0.56666666666666665        0.0000000000000000     
   0.0000000000000000       0.59999999999999998        0.0000000000000000     
   0.0000000000000000       0.63333333333333330        0.0000000000000000     
   0.0000000000000000       0.66666666666666663        0.0000000000000000     
   0.0000000000000000       0.69999999999999996        0.0000000000000000     
   0.0000000000000000       0.73333333333333328        0.0000000000000000     
   0.0000000000000000       0.76666666666666661        0.0000000000000000     
   0.0000000000000000       0.80000000000000004        0.0000000000000000     
   0.0000000000000000       0.83333333333333337        0.0000000000000000     
   0.0000000000000000       0.86666666666666670        0.0000000000000000     
   0.0000000000000000       0.90000000000000002        0.0000000000000000     
   0.0000000000000000       0.93333333333333335        0.0000000000000000     
   0.0000000000000000       0.96666666666666667        0.0000000000000000     
   0.0000000000000000        1.0000000000000000        0.0000000000000000     

   3.3333333333333333E-002   0.0000000000000000       0.10452846326765346     
   3.3333333333333333E-002   3.3333333333333333E-002   8.8480620695447057E-002
   3.3333333333333333E-002   6.6666666666666666E-002   7.3720681242478825E-002
   3.3333333333333333E-002  0.10000000000000001        6.0379292322542098E-002
   3.3333333333333333E-002  0.13333333333333333        4.8553911782550169E-002
   3.3333333333333333E-002  0.16666666666666666        3.8293674375345851E-002
   3.3333333333333333E-002  0.20000000000000001        2.9591836311556877E-002
   3.3333333333333333E-002  0.23333333333333334        2.2386025883894649E-002
   3.3333333333333333E-002  0.26666666666666666        1.6565286942499837E-002
   3.3333333333333333E-002  0.29999999999999999        1.1981981771595271E-002
   3.3333333333333333E-002  0.33333333333333331        8.4661678501617762E-003
   3.3333333333333333E-002  0.36666666666666664        5.8401009941329287E-003
   3.3333333333333333E-002  0.40000000000000002        3.9309550732076533E-003
   3.3333333333333333E-002  0.43333333333333335        2.5805240901885197E-003
   3.3333333333333333E-002  0.46666666666666667        1.6514052125957139E-003
   3.3333333333333333E-002  0.50000000000000000        1.0297986393016142E-003
   3.3333333333333333E-002  0.53333333333333333        6.2550652860949110E-004
   3.3333333333333333E-002  0.56666666666666665        3.6993807858697969E-004
   3.3333333333333333E-002  0.59999999999999998        2.1295492810942569E-004
   3.3333333333333333E-002  0.63333333333333330        1.1927709609922964E-004
   3.3333333333333333E-002  0.66666666666666663        6.4981594458589064E-005
   3.3333333333333333E-002  0.69999999999999996        3.4422593150331948E-005
   3.3333333333333333E-002  0.73333333333333328        1.7724509255889142E-005
   3.3333333333333333E-002  0.76666666666666661        8.8682886854868540E-006
   3.3333333333333333E-002  0.80000000000000004        4.3101673127542624E-006
   3.3333333333333333E-002  0.83333333333333337        2.0340781064755388E-006
   3.3333333333333333E-002  0.86666666666666670        9.3142839965898294E-007
   3.3333333333333333E-002  0.90000000000000002        4.1271133022057903E-007
   3.3333333333333333E-002  0.93333333333333335        1.7419115798087830E-007
   3.3333333333333333E-002  0.96666666666666667        6.2843064182140773E-008
   3.3333333333333333E-002   1.0000000000000000        0.0000000000000000     

   6.6666666666666666E-002   0.0000000000000000       0.20791169081775931     
   6.6666666666666666E-002   3.3333333333333333E-002  0.17599182919479453     
   6.6666666666666666E-002   6.6666666666666666E-002  0.14663366327422073     
   6.6666666666666666E-002  0.10000000000000001       0.12009705648321921     
   6.6666666666666666E-002  0.13333333333333333        9.6575856747051464E-002
   6.6666666666666666E-002  0.16666666666666666        7.6167795240768874E-002
   6.6666666666666666E-002  0.20000000000000001        5.8859458271994479E-002
   6.6666666666666666E-002  0.23333333333333334        4.4526785783628266E-002
   6.6666666666666666E-002  0.26666666666666666        3.2949081134748495E-002
   6.6666666666666666E-002  0.29999999999999999        2.3832686443510064E-002
   6.6666666666666666E-002  0.33333333333333331        1.6839578593697658E-002
   6.6666666666666666E-002  0.36666666666666664        1.1616216619654436E-002
   6.6666666666666666E-002  0.40000000000000002        7.8188417800280092E-003
   6.6666666666666666E-002  0.43333333333333335        5.1327754184355518E-003
   6.6666666666666666E-002  0.46666666666666667        3.2847172841034716E-003
   6.6666666666666666E-002  0.50000000000000000        2.0483145892118207E-003
   6.6666666666666666E-002  0.53333333333333333        1.2441598767958804E-003
   6.6666666666666666E-002  0.56666666666666665        7.3582303817044058E-004
   6.6666666666666666E-002  0.59999999999999998        4.2357667746280081E-004
   6.6666666666666666E-002  0.63333333333333330        2.3724736737325907E-004
   6.6666666666666666E-002  0.66666666666666663        1.2925123697001697E-004
   6.6666666666666666E-002  0.69999999999999996        6.8468045166718153E-005
   6.6666666666666666E-002  0.73333333333333328        3.5254825079278742E-005
   6.6666666666666666E-002  0.76666666666666661        1.7639414544326802E-005
   6.6666666666666666E-002  0.80000000000000004        8.5731115304694920E-006
   6.6666666666666666E-002  0.83333333333333337        4.0458704275583227E-006
   6.6666666666666666E-002  0.86666666666666670        1.8526518748573788E-006
   6.6666666666666666E-002  0.90000000000000002        8.2090090874186318E-007
   6.6666666666666666E-002  0.93333333333333335        3.4647384118307480E-007
   6.6666666666666666E-002  0.96666666666666667        1.2499760660234540E-007
   6.6666666666666666E-002   1.0000000000000000        0.0000000000000000     

  0.10000000000000001        0.0000000000000000       0.30901699437494740     
  0.10000000000000001        3.3333333333333333E-002  0.26157483438482593     
  0.10000000000000001        6.6666666666666666E-002  0.21794009620606350     
  0.10000000000000001       0.10000000000000001       0.17849901216114142     
  0.10000000000000001       0.13333333333333333       0.14353969641523479     
  0.10000000000000001       0.16666666666666666       0.11320740580239817     
  0.10000000000000001       0.20000000000000001        8.7482203690470620E-002
  0.10000000000000001       0.23333333333333334        6.6179700900487484E-002
  0.10000000000000001       0.26666666666666666        4.8971878299046354E-002
  0.10000000000000001       0.29999999999999999        3.5422275215439489E-002
  0.10000000000000001       0.33333333333333331        2.5028491390252622E-002
  0.10000000000000001       0.36666666666666664        1.7265062545041406E-002
  0.10000000000000001       0.40000000000000002        1.1621063620108549E-002
  0.10000000000000001       0.43333333333333335        7.6287909850958945E-003
  0.10000000000000001       0.46666666666666667        4.8820413056753090E-003
  0.10000000000000001       0.50000000000000000        3.0443887758452377E-003
  0.10000000000000001       0.53333333333333333        1.8491819490149015E-003
  0.10000000000000001       0.56666666666666665        1.0936461665668363E-003
  0.10000000000000001       0.59999999999999998        6.2955763209877533E-004
  0.10000000000000001       0.63333333333333330        3.5261830684314374E-004
  0.10000000000000001       0.66666666666666663        1.9210477588164118E-004
  0.10000000000000001       0.69999999999999996        1.0176334695239820E-004
  0.10000000000000001       0.73333333333333328        5.2398881661553337E-005
  0.10000000000000001       0.76666666666666661        2.6217279286134299E-005
  0.10000000000000001       0.80000000000000004        1.2742126944217974E-005
  0.10000000000000001       0.83333333333333337        6.0133353455839601E-006
  0.10000000000000001       0.86666666666666670        2.7535773084225081E-006
  0.10000000000000001       0.90000000000000002        1.2200965251224125E-006
  0.10000000000000001       0.93333333333333335        5.1496048447695711E-007
  0.10000000000000001       0.96666666666666667        1.8578264908718387E-007
  0.10000000000000001        1.0000000000000000        0.0000000000000000     

  0.13333333333333333        0.0000000000000000       0.40673664307580015     
  0.13333333333333333        3.3333333333333333E-002  0.34429197095128405     
  0.13333333333333333        6.6666666666666666E-002  0.28685873183697552     
  0.13333333333333333       0.10000000000000001       0.23494529530850641     
  0.13333333333333333       0.13333333333333333       0.18893088513188022     
  0.13333333333333333       0.16666666666666666       0.14900669233588371     
  0.13333333333333333       0.20000000000000001       0.11514647577848591     
  0.13333333333333333       0.23333333333333334        8.7107537365288215E-002
  0.13333333333333333       0.26666666666666666        6.4458129316675480E-002
  0.13333333333333333       0.29999999999999999        4.6623770127520933E-002
  0.13333333333333333       0.33333333333333331        3.2943186797587433E-002
  0.13333333333333333       0.36666666666666664        2.2724748832238288E-002
  0.13333333333333333       0.40000000000000002        1.5295962655303270E-002
  0.13333333333333333       0.43333333333333335        1.0041223921296380E-002
  0.13333333333333333       0.46666666666666667        6.4258766610693456E-003
  0.13333333333333333       0.50000000000000000        4.0071080019711859E-003
  0.13333333333333333       0.53333333333333333        2.4339439968343148E-003
  0.13333333333333333       0.56666666666666665        1.4394870787021519E-003
  0.13333333333333333       0.59999999999999998        8.2864102157407128E-004
  0.13333333333333333       0.63333333333333330        4.6412588635313029E-004
  0.13333333333333333       0.66666666666666663        2.5285357466819729E-004
  0.13333333333333333       0.69999999999999996        1.3394370821351840E-004
  0.13333333333333333       0.73333333333333328        6.8968845131173005E-005
  0.13333333333333333       0.76666666666666661        3.4507902029764515E-005
  0.13333333333333333       0.80000000000000004        1.6771536948704117E-005
  0.13333333333333333       0.83333333333333337        7.9149169031920599E-006
  0.13333333333333333       0.86666666666666670        3.6243339727734636E-006
  0.13333333333333333       0.90000000000000002        1.6059245086521083E-006
  0.13333333333333333       0.93333333333333335        6.7780511294050050E-007
  0.13333333333333333       0.96666666666666667        2.4453221799110449E-007
  0.13333333333333333        1.0000000000000000        0.0000000000000000     

  0.16666666666666666        0.0000000000000000       0.49999999999999994     
  0.16666666666666666        3.3333333333333333E-002  0.42323697263627308     
  0.16666666666666666        6.6666666666666666E-002  0.35263448317283275     
  0.16666666666666666       0.10000000000000001       0.28881746863500762     
  0.16666666666666666       0.13333333333333333       0.23225210753469130     
  0.16666666666666666       0.16666666666666666       0.18317343036648231     
  0.16666666666666666       0.20000000000000001       0.14154917898192293     
  0.16666666666666666       0.23333333333333334       0.10708100542229078     
  0.16666666666666666       0.26666666666666666        7.9238163580780382E-002
  0.16666666666666666       0.29999999999999999        5.7314445257434100E-002
  0.16666666666666666       0.33333333333333331        4.0496949756562851E-002
  0.16666666666666666       0.36666666666666664        2.7935458015769753E-002
  0.16666666666666666       0.40000000000000002        1.8803275922760525E-002
  0.16666666666666666       0.43333333333333335        1.2343643106953951E-002
  0.16666666666666666       0.46666666666666667        7.8993087670635644E-003
  0.16666666666666666       0.50000000000000000        4.9259245142862793E-003
  0.16666666666666666       0.53333333333333333        2.9920392448888854E-003
  0.16666666666666666       0.56666666666666665        1.7695566691711699E-003
  0.16666666666666666       0.59999999999999998        1.0186456466127201E-003
  0.16666666666666666       0.63333333333333330        5.7054840552764612E-004
  0.16666666666666666       0.66666666666666663        3.1083205677767645E-004
  0.16666666666666666       0.69999999999999996        1.6465655417792832E-004
  0.16666666666666666       0.73333333333333328        8.4783171500876845E-005
  0.16666666666666666       0.76666666666666661        4.2420448977513876E-005
  0.16666666666666666       0.80000000000000004        2.0617194484710521E-005
  0.16666666666666666       0.83333333333333337        9.7297809749059435E-006
  0.16666666666666666       0.86666666666666670        4.4553816756780696E-006
  0.16666666666666666       0.90000000000000002        1.9741576472037032E-006
  0.16666666666666666       0.93333333333333335        8.3322356674682923E-007
  0.16666666666666666       0.96666666666666667        3.0060264074305814E-007
  0.16666666666666666        1.0000000000000000        0.0000000000000000     

  0.20000000000000001        0.0000000000000000       0.58778525229247314     
  0.20000000000000001        3.3333333333333333E-002  0.49754490148102870     
  0.20000000000000001        6.6666666666666666E-002  0.41454669731753874     
  0.20000000000000001       0.10000000000000001       0.33952529733620274     
  0.20000000000000001       0.13333333333333333       0.27302872724547428     
  0.20000000000000001       0.16666666666666666       0.21533328196248114     
  0.20000000000000001       0.20000000000000001       0.16640103975936402     
  0.20000000000000001       0.23333333333333334       0.12588127157574575     
  0.20000000000000001       0.26666666666666666        9.3150047943042491E-002
  0.20000000000000001       0.29999999999999999        6.7377171331288094E-002
  0.20000000000000001       0.33333333333333331        4.7607019659473802E-002
  0.20000000000000001       0.36666666666666664        3.2840100475410035E-002
  0.20000000000000001       0.40000000000000002        2.2104576564369562E-002
  0.20000000000000001       0.43333333333333335        1.4510822755658348E-002
  0.20000000000000001       0.46666666666666667        9.2861943931692049E-003
  0.20000000000000001       0.50000000000000000        5.7907715668068767E-003
  0.20000000000000001       0.53333333333333333        3.5173530848519887E-003
  0.20000000000000001       0.56666666666666665        2.0802386264692084E-003
  0.20000000000000001       0.59999999999999998        1.1974897767817740E-003
  0.20000000000000001       0.63333333333333330        6.7071987697627151E-004
  0.20000000000000001       0.66666666666666663        3.6540499782730977E-004
  0.20000000000000001       0.69999999999999996        1.9356538847816574E-004
  0.20000000000000001       0.73333333333333328        9.9668595701597840E-005
  0.20000000000000001       0.76666666666666661        4.9868228609215960E-005
  0.20000000000000001       0.80000000000000004        2.4236965723517115E-005
  0.20000000000000001       0.83333333333333337        1.1438043530171190E-005
  0.20000000000000001       0.86666666666666670        5.2376152845953926E-006
  0.20000000000000001       0.90000000000000002        2.3207615014534882E-006
  0.20000000000000001       0.93333333333333335        9.7951304879263862E-007
  0.20000000000000001       0.96666666666666667        3.5337959805788420E-007
  0.20000000000000001        1.0000000000000000        0.0000000000000000     

  0.23333333333333334        0.0000000000000000       0.66913060635885824     
  0.23333333333333334        3.3333333333333333E-002  0.56640162426719387     
  0.23333333333333334        6.6666666666666666E-002  0.47191705109696030     
  0.23333333333333334       0.10000000000000001       0.38651321582954634     
  0.23333333333333334       0.13333333333333333       0.31081398708562147     
  0.23333333333333334       0.16666666666666666       0.24513389705991284     
  0.23333333333333334       0.20000000000000001       0.18942977592354529     
  0.23333333333333334       0.23333333333333334       0.14330235617546724     
  0.23333333333333334       0.26666666666666666       0.10604136088713995     
  0.23333333333333334       0.29999999999999999        7.6701699016456931E-002
  0.23333333333333334       0.33333333333333331        5.4195497092586233E-002
  0.23333333333333334       0.36666666666666664        3.7384939922008885E-002
  0.23333333333333334       0.40000000000000002        2.5163694839459339E-002
  0.23333333333333334       0.43333333333333335        1.6519018793666875E-002
  0.23333333333333334       0.46666666666666667        1.0571338530242174E-002
  0.23333333333333334       0.50000000000000000        6.5921737142446840E-003
  0.23333333333333334       0.53333333333333333        4.0041300683640001E-003
  0.23333333333333334       0.56666666666666665        2.3681290540577323E-003
  0.23333333333333334       0.59999999999999998        1.3632139583655610E-003
  0.23333333333333334       0.63333333333333330        7.6354280109558719E-004
  0.23333333333333334       0.66666666666666663        4.1597448525483534E-004
  0.23333333333333334       0.69999999999999996        2.2035347987607476E-004
  0.23333333333333334       0.73333333333333328        1.1346202991081759E-004
  0.23333333333333334       0.76666666666666661        5.6769641492677735E-005
  0.23333333333333334       0.80000000000000004        2.7591191693945714E-005
  0.23333333333333334       0.83333333333333337        1.3020988486955392E-005
  0.23333333333333334       0.86666666666666670        5.9624644844132263E-006
  0.23333333333333334       0.90000000000000002        2.6419386070427816E-006
  0.23333333333333334       0.93333333333333335        1.1150707808995926E-006
  0.23333333333333334       0.96666666666666667        4.0228485454695305E-007
  0.23333333333333334        1.0000000000000000        0.0000000000000000     

  0.26666666666666666        0.0000000000000000       0.74314482547739413     
  0.26666666666666666        3.3333333333333333E-002  0.62905273233072767     
  0.26666666666666666        6.6666666666666666E-002  0.52411698290957187     
  0.26666666666666666       0.10000000000000001       0.42926641464717102     
  0.26666666666666666       0.13333333333333333       0.34519390384125037     
  0.26666666666666666       0.16666666666666666       0.27224877388359026     
  0.26666666666666666       0.20000000000000001       0.21038307982197915     
  0.26666666666666666       0.23333333333333334       0.15915339017298438     
  0.26666666666666666       0.26666666666666666       0.11777086249077651     
  0.26666666666666666       0.29999999999999999        8.5185866836339066E-002
  0.26666666666666666       0.33333333333333331        6.0190197318415406E-002
  0.26666666666666666       0.36666666666666664        4.1520182143520573E-002
  0.26666666666666666       0.40000000000000002        2.7947114408046321E-002
  0.26666666666666666       0.43333333333333335        1.8346229004945067E-002
  0.26666666666666666       0.46666666666666667        1.1740660870183007E-002
  0.26666666666666666       0.50000000000000000        7.3213506269681891E-003
  0.26666666666666666       0.53333333333333333        4.4470369649289299E-003
  0.26666666666666666       0.56666666666666665        2.6300737641671360E-003
  0.26666666666666666       0.59999999999999998        1.5140024825506344E-003
  0.26666666666666666       0.63333333333333330        8.4800019050449609E-004
  0.26666666666666666       0.66666666666666663        4.6198646917365170E-004
  0.26666666666666666       0.69999999999999996        2.4472733243653130E-004
  0.26666666666666666       0.73333333333333328        1.2601235037687823E-004
  0.26666666666666666       0.76666666666666661        6.3049074304134513E-005
  0.26666666666666666       0.80000000000000004        3.0643122794347388E-005
  0.26666666666666666       0.83333333333333337        1.4461272769059495E-005
  0.26666666666666666       0.86666666666666670        6.6219876756139191E-006
  0.26666666666666666       0.90000000000000002        2.9341700803921188E-006
  0.26666666666666666       0.93333333333333335        1.2384115641874487E-006
  0.26666666666666666       0.96666666666666667        4.4678259398608756E-007
  0.26666666666666666        1.0000000000000000        0.0000000000000000     

  0.29999999999999999        0.0000000000000000       0.80901699437494745     
  0.29999999999999999        3.3333333333333333E-002  0.68481180702109912     
  0.29999999999999999        6.6666666666666666E-002  0.57057457937889622     
  0.29999999999999999       0.10000000000000001       0.46731648079614896     
  0.29999999999999999       0.13333333333333333       0.37579180394992612     
  0.29999999999999999       0.16666666666666666       0.29638083616888056     
  0.29999999999999999       0.20000000000000001       0.22903138267239356     
  0.29999999999999999       0.23333333333333334       0.17326070632277829     
  0.29999999999999999       0.26666666666666666       0.12821004187982674     
  0.29999999999999999       0.29999999999999999        9.2736720472873596E-002
  0.29999999999999999       0.33333333333333331        6.5525441146815466E-002
  0.29999999999999999       0.36666666666666664        4.5200520560811162E-002
  0.29999999999999999       0.40000000000000002        3.0424339542869071E-002
  0.29999999999999999       0.43333333333333335        1.9972434092049844E-002
  0.29999999999999999       0.46666666666666667        1.2781350072738874E-002
  0.29999999999999999       0.50000000000000000        7.9703132901315157E-003
  0.29999999999999999       0.53333333333333333        4.8412211939037860E-003
  0.29999999999999999       0.56666666666666665        2.8632028357380053E-003
  0.29999999999999999       0.59999999999999998        1.6482032787114951E-003
  0.29999999999999999       0.63333333333333330        9.2316671237078975E-004
  0.29999999999999999       0.66666666666666663        5.0293683265931763E-004
  0.29999999999999999       0.69999999999999996        2.6641990113032655E-004
  0.29999999999999999       0.73333333333333328        1.3718205316243018E-004
  0.29999999999999999       0.76666666666666661        6.8637728263648172E-005
  0.29999999999999999       0.80000000000000004        3.3359321428928494E-005
  0.29999999999999999       0.83333333333333337        1.5743116320489904E-005
  0.29999999999999999       0.86666666666666670        7.2089589841005786E-006
  0.29999999999999999       0.90000000000000002        3.1942541723261156E-006
  0.29999999999999999       0.93333333333333335        1.3481840512237862E-006
  0.29999999999999999       0.96666666666666667        4.8638528983024201E-007
  0.29999999999999999        1.0000000000000000        0.0000000000000000     

  0.33333333333333331        0.0000000000000000       0.86602540378443860     
  0.33333333333333331        3.3333333333333333E-002  0.73306794024766353     
  0.33333333333333331        6.6666666666666666E-002  0.61078084135613864     
  0.33333333333333331       0.10000000000000001       0.50024652978926376     
  0.33333333333333331       0.13333333333333333       0.40227245041503584     
  0.33333333333333331       0.16666666666666666       0.31726568799142724     
  0.33333333333333331       0.20000000000000001       0.24517036976635120     
  0.33333333333333331       0.23333333333333334       0.18546974191696608     
  0.33333333333333331       0.26666666666666666       0.13724452522036545     
  0.33333333333333331       0.29999999999999999        9.9271531193500948E-002
  0.33333333333333331       0.33333333333333331        7.0142774529930924E-002
  0.33333333333333331       0.36666666666666664        4.8385632616020469E-002
  0.33333333333333331       0.40000000000000002        3.2568229246957799E-002
  0.33333333333333331       0.43333333333333335        2.1379817011741593E-002
  0.33333333333333331       0.46666666666666667        1.3682004129228362E-002
  0.33333333333333331       0.50000000000000000        8.5319515329928784E-003
  0.33333333333333331       0.53333333333333333        5.1823639903875677E-003
  0.33333333333333331       0.56666666666666665        3.0649620578768167E-003
  0.33333333333333331       0.59999999999999998        1.7643460148420828E-003
  0.33333333333333331       0.63333333333333330        9.8821882655129455E-004
  0.33333333333333331       0.66666666666666663        5.3837691496006965E-004
  0.33333333333333331       0.69999999999999996        2.8519351763538935E-004
  0.33333333333333331       0.73333333333333328        1.4684876066634438E-004
  0.33333333333333331       0.76666666666666661        7.3474372908937258E-005
  0.33333333333333331       0.80000000000000004        3.5710028357047459E-005
  0.33333333333333331       0.83333333333333337        1.6852474995054137E-005
  0.33333333333333331       0.86666666666666670        7.7169474293857792E-006
  0.33333333333333331       0.90000000000000002        3.4193413471074493E-006
  0.33333333333333331       0.93333333333333335        1.4431855516692659E-006
  0.33333333333333331       0.96666666666666667        5.2065904665635105E-007
  0.33333333333333331        1.0000000000000000        0.0000000000000000     

  0.36666666666666664        0.0000000000000000       0.91354545764260087     
  0.36666666666666664        3.3333333333333333E-002  0.77329242771654616     
  0.36666666666666664        6.6666666666666666E-002  0.64429526062137510     
  0.36666666666666664       0.10000000000000001       0.52769577311869109     
  0.36666666666666664       0.13333333333333333       0.42434571573247626     
  0.36666666666666664       0.16666666666666666       0.33467451054422637     
  0.36666666666666664       0.20000000000000001       0.25862321898395041     
  0.36666666666666664       0.23333333333333334       0.19564673220667295     
  0.36666666666666664       0.26666666666666666       0.14477532882232658     
  0.36666666666666664       0.29999999999999999       0.10471870224446887     
  0.36666666666666664       0.33333333333333331        7.3991608996977251E-002
  0.36666666666666664       0.36666666666666664        5.1040621554944085E-002
  0.36666666666666664       0.40000000000000002        3.4355294616076726E-002
  0.36666666666666664       0.43333333333333335        2.2552958182238365E-002
  0.36666666666666664       0.46666666666666667        1.4432755285334586E-002
  0.36666666666666664       0.50000000000000000        9.0001119294331293E-003
  0.36666666666666664       0.53333333333333333        5.4667277225132777E-003
  0.36666666666666664       0.56666666666666665        3.2331409143249857E-003
  0.36666666666666664       0.59999999999999998        1.8611582068209208E-003
  0.36666666666666664       0.63333333333333330        1.0424438084700193E-003
  0.36666666666666664       0.66666666666666663        5.6791842711790663E-004
  0.36666666666666664       0.69999999999999996        3.0084249428065845E-004
  0.36666666666666664       0.73333333333333328        1.5490656241831931E-004
  0.36666666666666664       0.76666666666666661        7.7506016949135020E-005
  0.36666666666666664       0.80000000000000004        3.7669488741682753E-005
  0.36666666666666664       0.83333333333333337        1.7777194426965443E-005
  0.36666666666666664       0.86666666666666670        8.1403873837595612E-006
  0.36666666666666664       0.90000000000000002        3.6069655025466945E-006
  0.36666666666666664       0.93333333333333335        1.5223752092046645E-006
  0.36666666666666664       0.96666666666666667        5.4922835401238279E-007
  0.36666666666666664        1.0000000000000000        0.0000000000000000     

  0.40000000000000002        0.0000000000000000       0.95105651629515353     
  0.40000000000000002        3.3333333333333333E-002  0.80504456152552228     
  0.40000000000000002        6.6666666666666666E-002  0.67075064618379254     
  0.40000000000000002       0.10000000000000001       0.54936347113039019     
  0.40000000000000002       0.13333333333333333       0.44176976058830181     
  0.40000000000000002       0.16666666666666666       0.34841656912435909     
  0.40000000000000002       0.20000000000000001       0.26924253809397358     
  0.40000000000000002       0.23333333333333334       0.20368017595661261     
  0.40000000000000002       0.26666666666666666       0.15071994362552499     
  0.40000000000000002       0.29999999999999999       0.10901855327984912     
  0.40000000000000002       0.33333333333333331        7.7029775912113060E-002
  0.40000000000000002       0.36666666666666664        5.3136398763175004E-002
  0.40000000000000002       0.40000000000000002        3.5765956188074322E-002
  0.40000000000000002       0.43333333333333335        2.3479004423380617E-002
  0.40000000000000002       0.46666666666666667        1.5025378154286478E-002
  0.40000000000000002       0.50000000000000000        9.3696652161800106E-003
  0.40000000000000002       0.53333333333333333        5.6911968417248104E-003
  0.40000000000000002       0.56666666666666665        3.3658968023375768E-003
  0.40000000000000002       0.59999999999999998        1.9375791600134353E-003
  0.40000000000000002       0.63333333333333330        1.0852475578777554E-003
  0.40000000000000002       0.66666666666666663        5.9123770614366859E-004
  0.40000000000000002       0.69999999999999996        3.1319537760324939E-004
  0.40000000000000002       0.73333333333333328        1.6126717545615697E-004
  0.40000000000000002       0.76666666666666661        8.0688488848461301E-005
  0.40000000000000002       0.80000000000000004        3.9216234324816880E-005
  0.40000000000000002       0.83333333333333337        1.8507143196617820E-005
  0.40000000000000002       0.86666666666666670        8.4746395504712983E-006
  0.40000000000000002       0.90000000000000002        3.7550709891339815E-006
  0.40000000000000002       0.93333333333333335        1.5848854053705233E-006
  0.40000000000000002       0.96666666666666667        5.7178020058843309E-007
  0.40000000000000002        1.0000000000000000        0.0000000000000000     

  0.43333333333333335        0.0000000000000000       0.97814760073380569     
  0.43333333333333335        3.3333333333333333E-002  0.82797645865201974     
  0.43333333333333335        6.6666666666666666E-002  0.68985714730302383     
  0.43333333333333335       0.10000000000000001       0.56501222799068773     
  0.43333333333333335       0.13333333333333333       0.45435368350085625     
  0.43333333333333335       0.16666666666666666       0.35834130286231097     
  0.43333333333333335       0.20000000000000001       0.27691197961401587     
  0.43333333333333335       0.23333333333333334       0.20948205707595471     
  0.43333333333333335       0.26666666666666666       0.15501323918618629     
  0.43333333333333335       0.29999999999999999       0.11212397423189642     
  0.43333333333333335       0.33333333333333331        7.9223988482838861E-002
  0.43333333333333335       0.36666666666666664        5.4650002467050283E-002
  0.43333333333333335       0.40000000000000002        3.6784758459567884E-002
  0.43333333333333335       0.43333333333333335        2.4147809778762769E-002
  0.43333333333333335       0.46666666666666667        1.5453379835917484E-002
  0.43333333333333335       0.50000000000000000        9.6365624900899213E-003
  0.43333333333333335       0.53333333333333333        5.8533120173789015E-003
  0.43333333333333335       0.56666666666666665        3.4617752206245688E-003
  0.43333333333333335       0.59999999999999998        1.9927715904643362E-003
  0.43333333333333335       0.63333333333333330        1.1161611079387307E-003
  0.43333333333333335       0.66666666666666663        6.0807926113647657E-004
  0.43333333333333335       0.69999999999999996        3.2211682682847293E-004
  0.43333333333333335       0.73333333333333328        1.6586091157237091E-004
  0.43333333333333335       0.76666666666666661        8.2986920778812024E-005
  0.43333333333333335       0.80000000000000004        4.0333318638163687E-005
  0.43333333333333335       0.83333333333333337        1.9034323832539351E-005
  0.43333333333333335       0.86666666666666670        8.7160417928357336E-006
  0.43333333333333335       0.90000000000000002        3.8620351321651947E-006
  0.43333333333333335       0.93333333333333335        1.6300312653765498E-006
  0.43333333333333335       0.96666666666666667        5.8806750363413693E-007
  0.43333333333333335        1.0000000000000000        0.0000000000000000     

  0.46666666666666667        0.0000000000000000       0.99452189536827329     
  0.46666666666666667        3.3333333333333333E-002  0.84183687243231264     
  0.46666666666666667        6.6666666666666666E-002  0.70140542915451431     
  0.46666666666666667       0.10000000000000001       0.57447059264470912     
  0.46666666666666667       0.13333333333333333       0.46195961237735450     
  0.46666666666666667       0.16666666666666666       0.36433997429836484     
  0.46666666666666667       0.20000000000000001       0.28154751553784990     
  0.46666666666666667       0.23333333333333334       0.21298880894103395     
  0.46666666666666667       0.26666666666666666       0.15760817725971796     
  0.46666666666666667       0.29999999999999999       0.11400094145880901     
  0.46666666666666667       0.33333333333333331        8.0550206457061235E-002
  0.46666666666666667       0.36666666666666664        5.5564849307648316E-002
  0.46666666666666667       0.40000000000000002        3.7400539219672832E-002
  0.46666666666666667       0.43333333333333335        2.4552046676954726E-002
  0.46666666666666667       0.46666666666666667        1.5712071054238549E-002
  0.46666666666666667       0.50000000000000000        9.7978795687780618E-003
  0.46666666666666667       0.53333333333333333        5.9512970816863039E-003
  0.46666666666666667       0.56666666666666665        3.5197257051713606E-003
  0.46666666666666667       0.59999999999999998        2.0261307983558455E-003
  0.46666666666666667       0.63333333333333330        1.1348457633294019E-003
  0.46666666666666667       0.66666666666666663        6.1825857249550695E-004
  0.46666666666666667       0.69999999999999996        3.2750909669168409E-004
  0.46666666666666667       0.73333333333333328        1.6863744083277083E-004
  0.46666666666666667       0.76666666666666661        8.4376130638980461E-005
  0.46666666666666667       0.80000000000000004        4.1008502672221228E-005
  0.46666666666666667       0.83333333333333337        1.9352960433363248E-005
  0.46666666666666667       0.86666666666666670        8.8619492573688550E-006
  0.46666666666666667       0.90000000000000002        3.9266860101055961E-006
  0.46666666666666667       0.93333333333333335        1.6573181617331393E-006
  0.46666666666666667       0.96666666666666667        5.9791181604898869E-007
  0.46666666666666667        1.0000000000000000        0.0000000000000000     

  0.50000000000000000        0.0000000000000000        1.0000000000000000     
  0.50000000000000000        3.3333333333333333E-002  0.84647394527254616     
  0.50000000000000000        6.6666666666666666E-002  0.70526896634566549     
  0.50000000000000000       0.10000000000000001       0.57763493727001525     
  0.50000000000000000       0.13333333333333333       0.46450421506938266     
  0.50000000000000000       0.16666666666666666       0.36634686073296457     
  0.50000000000000000       0.20000000000000001       0.28309835796384586     
  0.50000000000000000       0.23333333333333334       0.21416201084458153     
  0.50000000000000000       0.26666666666666666       0.15847632716156074     
  0.50000000000000000       0.29999999999999999       0.11462889051486820     
  0.50000000000000000       0.33333333333333331        8.0993899513125703E-002
  0.50000000000000000       0.36666666666666664        5.5870916031539500E-002
  0.50000000000000000       0.40000000000000002        3.7606551845521051E-002
  0.50000000000000000       0.43333333333333335        2.4687286213907901E-002
  0.50000000000000000       0.46666666666666667        1.5798617534127129E-002
  0.50000000000000000       0.50000000000000000        9.8518490285725586E-003
  0.50000000000000000       0.53333333333333333        5.9840784897777707E-003
  0.50000000000000000       0.56666666666666665        3.5391133383423394E-003
  0.50000000000000000       0.59999999999999998        2.0372912932254401E-003
  0.50000000000000000       0.63333333333333330        1.1410968110552922E-003
  0.50000000000000000       0.66666666666666663        6.2166411355535291E-004
  0.50000000000000000       0.69999999999999996        3.2931310835585665E-004
  0.50000000000000000       0.73333333333333328        1.6956634300175372E-004
  0.50000000000000000       0.76666666666666661        8.4840897955027738E-005
  0.50000000000000000       0.80000000000000004        4.1234388969421036E-005
  0.50000000000000000       0.83333333333333337        1.9459561949811887E-005
  0.50000000000000000       0.86666666666666670        8.9107633513561393E-006
  0.50000000000000000       0.90000000000000002        3.9483152944074073E-006
  0.50000000000000000       0.93333333333333335        1.6664471334936585E-006
  0.50000000000000000       0.96666666666666667        6.0120528148611639E-007
  0.50000000000000000        1.0000000000000000        0.0000000000000000     

  0.53333333333333333        0.0000000000000000       0.99452189536827340     
  0.53333333333333333        3.3333333333333333E-002  0.84183687243231287     
  0.53333333333333333        6.6666666666666666E-002  0.70140542915451431     
  0.53333333333333333       0.10000000000000001       0.57447059264470923     
  0.53333333333333333       0.13333333333333333       0.46195961237735450     
  0.53333333333333333       0.16666666666666666       0.36433997429836490     
  0.53333333333333333       0.20000000000000001       0.28154751553784990     
  0.53333333333333333       0.23333333333333334       0.21298880894103395     
  0.53333333333333333       0.26666666666666666       0.15760817725971799     
  0.53333333333333333       0.29999999999999999       0.11400094145880901     
  0.53333333333333333       0.33333333333333331        8.0550206457061235E-002
  0.53333333333333333       0.36666666666666664        5.5564849307648316E-002
  0.53333333333333333       0.40000000000000002        3.7400539219672832E-002
  0.53333333333333333       0.43333333333333335        2.4552046676954729E-002
  0.53333333333333333       0.46666666666666667        1.5712071054238552E-002
  0.53333333333333333       0.50000000000000000        9.7978795687780618E-003
  0.53333333333333333       0.53333333333333333        5.9512970816863039E-003
  0.53333333333333333       0.56666666666666665        3.5197257051713606E-003
  0.53333333333333333       0.59999999999999998        2.0261307983558455E-003
  0.53333333333333333       0.63333333333333330        1.1348457633294016E-003
  0.53333333333333333       0.66666666666666663        6.1825857249550695E-004
  0.53333333333333333       0.69999999999999996        3.2750909669168409E-004
  0.53333333333333333       0.73333333333333328        1.6863744083277083E-004
  0.53333333333333333       0.76666666666666661        8.4376130638980461E-005
  0.53333333333333333       0.80000000000000004        4.1008502672221228E-005
  0.53333333333333333       0.83333333333333337        1.9352960433363248E-005
  0.53333333333333333       0.86666666666666670        8.8619492573688550E-006
  0.53333333333333333       0.90000000000000002        3.9266860101055961E-006
  0.53333333333333333       0.93333333333333335        1.6573181617331393E-006
  0.53333333333333333       0.96666666666666667        5.9791181604898869E-007
  0.53333333333333333        1.0000000000000000        0.0000000000000000     

  0.56666666666666665        0.0000000000000000       0.97814760073380569     
  0.56666666666666665        3.3333333333333333E-002  0.82797645865201985     
  0.56666666666666665        6.6666666666666666E-002  0.68985714730302394     
  0.56666666666666665       0.10000000000000001       0.56501222799068773     
  0.56666666666666665       0.13333333333333333       0.45435368350085625     
  0.56666666666666665       0.16666666666666666       0.35834130286231097     
  0.56666666666666665       0.20000000000000001       0.27691197961401592     
  0.56666666666666665       0.23333333333333334       0.20948205707595471     
  0.56666666666666665       0.26666666666666666       0.15501323918618629     
  0.56666666666666665       0.29999999999999999       0.11212397423189642     
  0.56666666666666665       0.33333333333333331        7.9223988482838847E-002
  0.56666666666666665       0.36666666666666664        5.4650002467050290E-002
  0.56666666666666665       0.40000000000000002        3.6784758459567884E-002
  0.56666666666666665       0.43333333333333335        2.4147809778762769E-002
  0.56666666666666665       0.46666666666666667        1.5453379835917486E-002
  0.56666666666666665       0.50000000000000000        9.6365624900899213E-003
  0.56666666666666665       0.53333333333333333        5.8533120173789024E-003
  0.56666666666666665       0.56666666666666665        3.4617752206245688E-003
  0.56666666666666665       0.59999999999999998        1.9927715904643362E-003
  0.56666666666666665       0.63333333333333330        1.1161611079387307E-003
  0.56666666666666665       0.66666666666666663        6.0807926113647646E-004
  0.56666666666666665       0.69999999999999996        3.2211682682847293E-004
  0.56666666666666665       0.73333333333333328        1.6586091157237091E-004
  0.56666666666666665       0.76666666666666661        8.2986920778812024E-005
  0.56666666666666665       0.80000000000000004        4.0333318638163687E-005
  0.56666666666666665       0.83333333333333337        1.9034323832539351E-005
  0.56666666666666665       0.86666666666666670        8.7160417928357336E-006
  0.56666666666666665       0.90000000000000002        3.8620351321651947E-006
  0.56666666666666665       0.93333333333333335        1.6300312653765498E-006
  0.56666666666666665       0.96666666666666667        5.8806750363413703E-007
  0.56666666666666665        1.0000000000000000        0.0000000000000000     

  0.59999999999999998        0.0000000000000000       0.95105651629515364     
  0.59999999999999998        3.3333333333333333E-002  0.80504456152552228     
  0.59999999999999998        6.6666666666666666E-002  0.67075064618379265     
  0.59999999999999998       0.10000000000000001       0.54936347113039019     
  0.59999999999999998       0.13333333333333333       0.44176976058830186     
  0.59999999999999998       0.16666666666666666       0.34841656912435920     
  0.59999999999999998       0.20000000000000001       0.26924253809397364     
  0.59999999999999998       0.23333333333333334       0.20368017595661267     
  0.59999999999999998       0.26666666666666666       0.15071994362552502     
  0.59999999999999998       0.29999999999999999       0.10901855327984913     
  0.59999999999999998       0.33333333333333331        7.7029775912113074E-002
  0.59999999999999998       0.36666666666666664        5.3136398763175018E-002
  0.59999999999999998       0.40000000000000002        3.5765956188074335E-002
  0.59999999999999998       0.43333333333333335        2.3479004423380620E-002
  0.59999999999999998       0.46666666666666667        1.5025378154286480E-002
  0.59999999999999998       0.50000000000000000        9.3696652161800106E-003
  0.59999999999999998       0.53333333333333333        5.6911968417248113E-003
  0.59999999999999998       0.56666666666666665        3.3658968023375768E-003
  0.59999999999999998       0.59999999999999998        1.9375791600134353E-003
  0.59999999999999998       0.63333333333333330        1.0852475578777554E-003
  0.59999999999999998       0.66666666666666663        5.9123770614366859E-004
  0.59999999999999998       0.69999999999999996        3.1319537760324939E-004
  0.59999999999999998       0.73333333333333328        1.6126717545615697E-004
  0.59999999999999998       0.76666666666666661        8.0688488848461301E-005
  0.59999999999999998       0.80000000000000004        3.9216234324816880E-005
  0.59999999999999998       0.83333333333333337        1.8507143196617820E-005
  0.59999999999999998       0.86666666666666670        8.4746395504713000E-006
  0.59999999999999998       0.90000000000000002        3.7550709891339824E-006
  0.59999999999999998       0.93333333333333335        1.5848854053705237E-006
  0.59999999999999998       0.96666666666666667        5.7178020058843298E-007
  0.59999999999999998        1.0000000000000000        0.0000000000000000     

  0.63333333333333330        0.0000000000000000       0.91354545764260098     
  0.63333333333333330        3.3333333333333333E-002  0.77329242771654627     
  0.63333333333333330        6.6666666666666666E-002  0.64429526062137521     
  0.63333333333333330       0.10000000000000001       0.52769577311869120     
  0.63333333333333330       0.13333333333333333       0.42434571573247626     
  0.63333333333333330       0.16666666666666666       0.33467451054422637     
  0.63333333333333330       0.20000000000000001       0.25862321898395046     
  0.63333333333333330       0.23333333333333334       0.19564673220667295     
  0.63333333333333330       0.26666666666666666       0.14477532882232658     
  0.63333333333333330       0.29999999999999999       0.10471870224446887     
  0.63333333333333330       0.33333333333333331        7.3991608996977265E-002
  0.63333333333333330       0.36666666666666664        5.1040621554944099E-002
  0.63333333333333330       0.40000000000000002        3.4355294616076726E-002
  0.63333333333333330       0.43333333333333335        2.2552958182238365E-002
  0.63333333333333330       0.46666666666666667        1.4432755285334588E-002
  0.63333333333333330       0.50000000000000000        9.0001119294331310E-003
  0.63333333333333330       0.53333333333333333        5.4667277225132786E-003
  0.63333333333333330       0.56666666666666665        3.2331409143249857E-003
  0.63333333333333330       0.59999999999999998        1.8611582068209210E-003
  0.63333333333333330       0.63333333333333330        1.0424438084700195E-003
  0.63333333333333330       0.66666666666666663        5.6791842711790663E-004
  0.63333333333333330       0.69999999999999996        3.0084249428065851E-004
  0.63333333333333330       0.73333333333333328        1.5490656241831931E-004
  0.63333333333333330       0.76666666666666661        7.7506016949135020E-005
  0.63333333333333330       0.80000000000000004        3.7669488741682760E-005
  0.63333333333333330       0.83333333333333337        1.7777194426965443E-005
  0.63333333333333330       0.86666666666666670        8.1403873837595612E-006
  0.63333333333333330       0.90000000000000002        3.6069655025466953E-006
  0.63333333333333330       0.93333333333333335        1.5223752092046645E-006
  0.63333333333333330       0.96666666666666667        5.4922835401238289E-007
  0.63333333333333330        1.0000000000000000        0.0000000000000000     

  0.66666666666666663        0.0000000000000000       0.86602540378443871     
  0.66666666666666663        3.3333333333333333E-002  0.73306794024766375     
  0.66666666666666663        6.6666666666666666E-002  0.61078084135613886     
  0.66666666666666663       0.10000000000000001       0.50024652978926387     
  0.66666666666666663       0.13333333333333333       0.40227245041503590     
  0.66666666666666663       0.16666666666666666       0.31726568799142724     
  0.66666666666666663       0.20000000000000001       0.24517036976635120     
  0.66666666666666663       0.23333333333333334       0.18546974191696611     
  0.66666666666666663       0.26666666666666666       0.13724452522036545     
  0.66666666666666663       0.29999999999999999        9.9271531193500948E-002
  0.66666666666666663       0.33333333333333331        7.0142774529930937E-002
  0.66666666666666663       0.36666666666666664        4.8385632616020476E-002
  0.66666666666666663       0.40000000000000002        3.2568229246957799E-002
  0.66666666666666663       0.43333333333333335        2.1379817011741596E-002
  0.66666666666666663       0.46666666666666667        1.3682004129228362E-002
  0.66666666666666663       0.50000000000000000        8.5319515329928802E-003
  0.66666666666666663       0.53333333333333333        5.1823639903875686E-003
  0.66666666666666663       0.56666666666666665        3.0649620578768176E-003
  0.66666666666666663       0.59999999999999998        1.7643460148420833E-003
  0.66666666666666663       0.63333333333333330        9.8821882655129476E-004
  0.66666666666666663       0.66666666666666663        5.3837691496006965E-004
  0.66666666666666663       0.69999999999999996        2.8519351763538940E-004
  0.66666666666666663       0.73333333333333328        1.4684876066634438E-004
  0.66666666666666663       0.76666666666666661        7.3474372908937258E-005
  0.66666666666666663       0.80000000000000004        3.5710028357047452E-005
  0.66666666666666663       0.83333333333333337        1.6852474995054137E-005
  0.66666666666666663       0.86666666666666670        7.7169474293857792E-006
  0.66666666666666663       0.90000000000000002        3.4193413471074489E-006
  0.66666666666666663       0.93333333333333335        1.4431855516692659E-006
  0.66666666666666663       0.96666666666666667        5.2065904665635105E-007
  0.66666666666666663        1.0000000000000000        0.0000000000000000     

  0.69999999999999996        0.0000000000000000       0.80901699437494745     
  0.69999999999999996        3.3333333333333333E-002  0.68481180702109923     
  0.69999999999999996        6.6666666666666666E-002  0.57057457937889633     
  0.69999999999999996       0.10000000000000001       0.46731648079614913     
  0.69999999999999996       0.13333333333333333       0.37579180394992617     
  0.69999999999999996       0.16666666666666666       0.29638083616888061     
  0.69999999999999996       0.20000000000000001       0.22903138267239362     
  0.69999999999999996       0.23333333333333334       0.17326070632277829     
  0.69999999999999996       0.26666666666666666       0.12821004187982676     
  0.69999999999999996       0.29999999999999999        9.2736720472873610E-002
  0.69999999999999996       0.33333333333333331        6.5525441146815480E-002
  0.69999999999999996       0.36666666666666664        4.5200520560811162E-002
  0.69999999999999996       0.40000000000000002        3.0424339542869074E-002
  0.69999999999999996       0.43333333333333335        1.9972434092049848E-002
  0.69999999999999996       0.46666666666666667        1.2781350072738874E-002
  0.69999999999999996       0.50000000000000000        7.9703132901315175E-003
  0.69999999999999996       0.53333333333333333        4.8412211939037877E-003
  0.69999999999999996       0.56666666666666665        2.8632028357380062E-003
  0.69999999999999996       0.59999999999999998        1.6482032787114955E-003
  0.69999999999999996       0.63333333333333330        9.2316671237078997E-004
  0.69999999999999996       0.66666666666666663        5.0293683265931763E-004
  0.69999999999999996       0.69999999999999996        2.6641990113032655E-004
  0.69999999999999996       0.73333333333333328        1.3718205316243018E-004
  0.69999999999999996       0.76666666666666661        6.8637728263648172E-005
  0.69999999999999996       0.80000000000000004        3.3359321428928494E-005
  0.69999999999999996       0.83333333333333337        1.5743116320489904E-005
  0.69999999999999996       0.86666666666666670        7.2089589841005786E-006
  0.69999999999999996       0.90000000000000002        3.1942541723261156E-006
  0.69999999999999996       0.93333333333333335        1.3481840512237862E-006
  0.69999999999999996       0.96666666666666667        4.8638528983024212E-007
  0.69999999999999996        1.0000000000000000        0.0000000000000000     

  0.73333333333333328        0.0000000000000000       0.74314482547739447     
  0.73333333333333328        3.3333333333333333E-002  0.62905273233072789     
  0.73333333333333328        6.6666666666666666E-002  0.52411698290957198     
  0.73333333333333328       0.10000000000000001       0.42926641464717108     
  0.73333333333333328       0.13333333333333333       0.34519390384125043     
  0.73333333333333328       0.16666666666666666       0.27224877388359031     
  0.73333333333333328       0.20000000000000001       0.21038307982197915     
  0.73333333333333328       0.23333333333333334       0.15915339017298441     
  0.73333333333333328       0.26666666666666666       0.11777086249077652     
  0.73333333333333328       0.29999999999999999        8.5185866836339080E-002
  0.73333333333333328       0.33333333333333331        6.0190197318415413E-002
  0.73333333333333328       0.36666666666666664        4.1520182143520580E-002
  0.73333333333333328       0.40000000000000002        2.7947114408046321E-002
  0.73333333333333328       0.43333333333333335        1.8346229004945067E-002
  0.73333333333333328       0.46666666666666667        1.1740660870183007E-002
  0.73333333333333328       0.50000000000000000        7.3213506269681899E-003
  0.73333333333333328       0.53333333333333333        4.4470369649289307E-003
  0.73333333333333328       0.56666666666666665        2.6300737641671360E-003
  0.73333333333333328       0.59999999999999998        1.5140024825506346E-003
  0.73333333333333328       0.63333333333333330        8.4800019050449620E-004
  0.73333333333333328       0.66666666666666663        4.6198646917365176E-004
  0.73333333333333328       0.69999999999999996        2.4472733243653130E-004
  0.73333333333333328       0.73333333333333328        1.2601235037687823E-004
  0.73333333333333328       0.76666666666666661        6.3049074304134513E-005
  0.73333333333333328       0.80000000000000004        3.0643122794347388E-005
  0.73333333333333328       0.83333333333333337        1.4461272769059497E-005
  0.73333333333333328       0.86666666666666670        6.6219876756139199E-006
  0.73333333333333328       0.90000000000000002        2.9341700803921188E-006
  0.73333333333333328       0.93333333333333335        1.2384115641874487E-006
  0.73333333333333328       0.96666666666666667        4.4678259398608766E-007
  0.73333333333333328        1.0000000000000000        0.0000000000000000     

  0.76666666666666661        0.0000000000000000       0.66913060635885835     
  0.76666666666666661        3.3333333333333333E-002  0.56640162426719387     
  0.76666666666666661        6.6666666666666666E-002  0.47191705109696047     
  0.76666666666666661       0.10000000000000001       0.38651321582954634     
  0.76666666666666661       0.13333333333333333       0.31081398708562158     
  0.76666666666666661       0.16666666666666666       0.24513389705991287     
  0.76666666666666661       0.20000000000000001       0.18942977592354529     
  0.76666666666666661       0.23333333333333334       0.14330235617546724     
  0.76666666666666661       0.26666666666666666       0.10604136088713996     
  0.76666666666666661       0.29999999999999999        7.6701699016456945E-002
  0.76666666666666661       0.33333333333333331        5.4195497092586239E-002
  0.76666666666666661       0.36666666666666664        3.7384939922008885E-002
  0.76666666666666661       0.40000000000000002        2.5163694839459339E-002
  0.76666666666666661       0.43333333333333335        1.6519018793666875E-002
  0.76666666666666661       0.46666666666666667        1.0571338530242178E-002
  0.76666666666666661       0.50000000000000000        6.5921737142446849E-003
  0.76666666666666661       0.53333333333333333        4.0041300683640009E-003
  0.76666666666666661       0.56666666666666665        2.3681290540577323E-003
  0.76666666666666661       0.59999999999999998        1.3632139583655610E-003
  0.76666666666666661       0.63333333333333330        7.6354280109558719E-004
  0.76666666666666661       0.66666666666666663        4.1597448525483534E-004
  0.76666666666666661       0.69999999999999996        2.2035347987607476E-004
  0.76666666666666661       0.73333333333333328        1.1346202991081759E-004
  0.76666666666666661       0.76666666666666661        5.6769641492677728E-005
  0.76666666666666661       0.80000000000000004        2.7591191693945714E-005
  0.76666666666666661       0.83333333333333337        1.3020988486955392E-005
  0.76666666666666661       0.86666666666666670        5.9624644844132263E-006
  0.76666666666666661       0.90000000000000002        2.6419386070427820E-006
  0.76666666666666661       0.93333333333333335        1.1150707808995928E-006
  0.76666666666666661       0.96666666666666667        4.0228485454695305E-007
  0.76666666666666661        1.0000000000000000        0.0000000000000000     

  0.80000000000000004        0.0000000000000000       0.58778525229247325     
  0.80000000000000004        3.3333333333333333E-002  0.49754490148102876     
  0.80000000000000004        6.6666666666666666E-002  0.41454669731753885     
  0.80000000000000004       0.10000000000000001       0.33952529733620285     
  0.80000000000000004       0.13333333333333333       0.27302872724547433     
  0.80000000000000004       0.16666666666666666       0.21533328196248117     
  0.80000000000000004       0.20000000000000001       0.16640103975936404     
  0.80000000000000004       0.23333333333333334       0.12588127157574575     
  0.80000000000000004       0.26666666666666666        9.3150047943042505E-002
  0.80000000000000004       0.29999999999999999        6.7377171331288094E-002
  0.80000000000000004       0.33333333333333331        4.7607019659473809E-002
  0.80000000000000004       0.36666666666666664        3.2840100475410035E-002
  0.80000000000000004       0.40000000000000002        2.2104576564369566E-002
  0.80000000000000004       0.43333333333333335        1.4510822755658350E-002
  0.80000000000000004       0.46666666666666667        9.2861943931692049E-003
  0.80000000000000004       0.50000000000000000        5.7907715668068776E-003
  0.80000000000000004       0.53333333333333333        3.5173530848519887E-003
  0.80000000000000004       0.56666666666666665        2.0802386264692089E-003
  0.80000000000000004       0.59999999999999998        1.1974897767817743E-003
  0.80000000000000004       0.63333333333333330        6.7071987697627140E-004
  0.80000000000000004       0.66666666666666663        3.6540499782730982E-004
  0.80000000000000004       0.69999999999999996        1.9356538847816574E-004
  0.80000000000000004       0.73333333333333328        9.9668595701597840E-005
  0.80000000000000004       0.76666666666666661        4.9868228609215953E-005
  0.80000000000000004       0.80000000000000004        2.4236965723517115E-005
  0.80000000000000004       0.83333333333333337        1.1438043530171190E-005
  0.80000000000000004       0.86666666666666670        5.2376152845953926E-006
  0.80000000000000004       0.90000000000000002        2.3207615014534882E-006
  0.80000000000000004       0.93333333333333335        9.7951304879263883E-007
  0.80000000000000004       0.96666666666666667        3.5337959805788420E-007
  0.80000000000000004        1.0000000000000000        0.0000000000000000     

  0.83333333333333337        0.0000000000000000       0.49999999999999994     
  0.83333333333333337        3.3333333333333333E-002  0.42323697263627308     
  0.83333333333333337        6.6666666666666666E-002  0.35263448317283280     
  0.83333333333333337       0.10000000000000001       0.28881746863500757     
  0.83333333333333337       0.13333333333333333       0.23225210753469136     
  0.83333333333333337       0.16666666666666666       0.18317343036648234     
  0.83333333333333337       0.20000000000000001       0.14154917898192296     
  0.83333333333333337       0.23333333333333334       0.10708100542229079     
  0.83333333333333337       0.26666666666666666        7.9238163580780396E-002
  0.83333333333333337       0.29999999999999999        5.7314445257434107E-002
  0.83333333333333337       0.33333333333333331        4.0496949756562851E-002
  0.83333333333333337       0.36666666666666664        2.7935458015769753E-002
  0.83333333333333337       0.40000000000000002        1.8803275922760525E-002
  0.83333333333333337       0.43333333333333335        1.2343643106953952E-002
  0.83333333333333337       0.46666666666666667        7.8993087670635662E-003
  0.83333333333333337       0.50000000000000000        4.9259245142862793E-003
  0.83333333333333337       0.53333333333333333        2.9920392448888854E-003
  0.83333333333333337       0.56666666666666665        1.7695566691711699E-003
  0.83333333333333337       0.59999999999999998        1.0186456466127201E-003
  0.83333333333333337       0.63333333333333330        5.7054840552764612E-004
  0.83333333333333337       0.66666666666666663        3.1083205677767645E-004
  0.83333333333333337       0.69999999999999996        1.6465655417792832E-004
  0.83333333333333337       0.73333333333333328        8.4783171500876859E-005
  0.83333333333333337       0.76666666666666661        4.2420448977513869E-005
  0.83333333333333337       0.80000000000000004        2.0617194484710518E-005
  0.83333333333333337       0.83333333333333337        9.7297809749059435E-006
  0.83333333333333337       0.86666666666666670        4.4553816756780705E-006
  0.83333333333333337       0.90000000000000002        1.9741576472037037E-006
  0.83333333333333337       0.93333333333333335        8.3322356674682923E-007
  0.83333333333333337       0.96666666666666667        3.0060264074305814E-007
  0.83333333333333337        1.0000000000000000        0.0000000000000000     

  0.86666666666666670        0.0000000000000000       0.40673664307580004     
  0.86666666666666670        3.3333333333333333E-002  0.34429197095128400     
  0.86666666666666670        6.6666666666666666E-002  0.28685873183697552     
  0.86666666666666670       0.10000000000000001       0.23494529530850644     
  0.86666666666666670       0.13333333333333333       0.18893088513188025     
  0.86666666666666670       0.16666666666666666       0.14900669233588373     
  0.86666666666666670       0.20000000000000001       0.11514647577848591     
  0.86666666666666670       0.23333333333333334        8.7107537365288229E-002
  0.86666666666666670       0.26666666666666666        6.4458129316675494E-002
  0.86666666666666670       0.29999999999999999        4.6623770127520933E-002
  0.86666666666666670       0.33333333333333331        3.2943186797587440E-002
  0.86666666666666670       0.36666666666666664        2.2724748832238292E-002
  0.86666666666666670       0.40000000000000002        1.5295962655303271E-002
  0.86666666666666670       0.43333333333333335        1.0041223921296380E-002
  0.86666666666666670       0.46666666666666667        6.4258766610693456E-003
  0.86666666666666670       0.50000000000000000        4.0071080019711859E-003
  0.86666666666666670       0.53333333333333333        2.4339439968343148E-003
  0.86666666666666670       0.56666666666666665        1.4394870787021517E-003
  0.86666666666666670       0.59999999999999998        8.2864102157407128E-004
  0.86666666666666670       0.63333333333333330        4.6412588635313018E-004
  0.86666666666666670       0.66666666666666663        2.5285357466819729E-004
  0.86666666666666670       0.69999999999999996        1.3394370821351838E-004
  0.86666666666666670       0.73333333333333328        6.8968845131173005E-005
  0.86666666666666670       0.76666666666666661        3.4507902029764508E-005
  0.86666666666666670       0.80000000000000004        1.6771536948704120E-005
  0.86666666666666670       0.83333333333333337        7.9149169031920599E-006
  0.86666666666666670       0.86666666666666670        3.6243339727734636E-006
  0.86666666666666670       0.90000000000000002        1.6059245086521086E-006
  0.86666666666666670       0.93333333333333335        6.7780511294050050E-007
  0.86666666666666670       0.96666666666666667        2.4453221799110449E-007
  0.86666666666666670        1.0000000000000000        0.0000000000000000     

  0.90000000000000002        0.0000000000000000       0.30901699437494751     
  0.90000000000000002        3.3333333333333333E-002  0.26157483438482604     
  0.90000000000000002        6.6666666666666666E-002  0.21794009620606350     
  0.90000000000000002       0.10000000000000001       0.17849901216114142     
  0.90000000000000002       0.13333333333333333       0.14353969641523481     
  0.90000000000000002       0.16666666666666666       0.11320740580239820     
  0.90000000000000002       0.20000000000000001        8.7482203690470633E-002
  0.90000000000000002       0.23333333333333334        6.6179700900487498E-002
  0.90000000000000002       0.26666666666666666        4.8971878299046354E-002
  0.90000000000000002       0.29999999999999999        3.5422275215439496E-002
  0.90000000000000002       0.33333333333333331        2.5028491390252622E-002
  0.90000000000000002       0.36666666666666664        1.7265062545041406E-002
  0.90000000000000002       0.40000000000000002        1.1621063620108549E-002
  0.90000000000000002       0.43333333333333335        7.6287909850958954E-003
  0.90000000000000002       0.46666666666666667        4.8820413056753099E-003
  0.90000000000000002       0.50000000000000000        3.0443887758452373E-003
  0.90000000000000002       0.53333333333333333        1.8491819490149015E-003
  0.90000000000000002       0.56666666666666665        1.0936461665668360E-003
  0.90000000000000002       0.59999999999999998        6.2955763209877522E-004
  0.90000000000000002       0.63333333333333330        3.5261830684314368E-004
  0.90000000000000002       0.66666666666666663        1.9210477588164118E-004
  0.90000000000000002       0.69999999999999996        1.0176334695239820E-004
  0.90000000000000002       0.73333333333333328        5.2398881661553330E-005
  0.90000000000000002       0.76666666666666661        2.6217279286134299E-005
  0.90000000000000002       0.80000000000000004        1.2742126944217974E-005
  0.90000000000000002       0.83333333333333337        6.0133353455839609E-006
  0.90000000000000002       0.86666666666666670        2.7535773084225081E-006
  0.90000000000000002       0.90000000000000002        1.2200965251224125E-006
  0.90000000000000002       0.93333333333333335        5.1496048447695711E-007
  0.90000000000000002       0.96666666666666667        1.8578264908718390E-007
  0.90000000000000002        1.0000000000000000        0.0000000000000000     

  0.93333333333333335        0.0000000000000000       0.20791169081775931     
  0.93333333333333335        3.3333333333333333E-002  0.17599182919479459     
  0.93333333333333335        6.6666666666666666E-002  0.14663366327422075     
  0.93333333333333335       0.10000000000000001       0.12009705648321922     
  0.93333333333333335       0.13333333333333333        9.6575856747051478E-002
  0.93333333333333335       0.16666666666666666        7.6167795240768887E-002
  0.93333333333333335       0.20000000000000001        5.8859458271994493E-002
  0.93333333333333335       0.23333333333333334        4.4526785783628273E-002
  0.93333333333333335       0.26666666666666666        3.2949081134748502E-002
  0.93333333333333335       0.29999999999999999        2.3832686443510068E-002
  0.93333333333333335       0.33333333333333331        1.6839578593697661E-002
  0.93333333333333335       0.36666666666666664        1.1616216619654436E-002
  0.93333333333333335       0.40000000000000002        7.8188417800280109E-003
  0.93333333333333335       0.43333333333333335        5.1327754184355527E-003
  0.93333333333333335       0.46666666666666667        3.2847172841034711E-003
  0.93333333333333335       0.50000000000000000        2.0483145892118207E-003
  0.93333333333333335       0.53333333333333333        1.2441598767958801E-003
  0.93333333333333335       0.56666666666666665        7.3582303817044058E-004
  0.93333333333333335       0.59999999999999998        4.2357667746280081E-004
  0.93333333333333335       0.63333333333333330        2.3724736737325907E-004
  0.93333333333333335       0.66666666666666663        1.2925123697001695E-004
  0.93333333333333335       0.69999999999999996        6.8468045166718140E-005
  0.93333333333333335       0.73333333333333328        3.5254825079278748E-005
  0.93333333333333335       0.76666666666666661        1.7639414544326802E-005
  0.93333333333333335       0.80000000000000004        8.5731115304694937E-006
  0.93333333333333335       0.83333333333333337        4.0458704275583227E-006
  0.93333333333333335       0.86666666666666670        1.8526518748573790E-006
  0.93333333333333335       0.90000000000000002        8.2090090874186328E-007
  0.93333333333333335       0.93333333333333335        3.4647384118307480E-007
  0.93333333333333335       0.96666666666666667        1.2499760660234540E-007
  0.93333333333333335        1.0000000000000000        0.0000000000000000     

  0.96666666666666667        0.0000000000000000       0.10452846326765373     
  0.96666666666666667        3.3333333333333333E-002   8.8480620695447154E-002
  0.96666666666666667        6.6666666666666666E-002   7.3720681242478867E-002
  0.96666666666666667       0.10000000000000001        6.0379292322542112E-002
  0.96666666666666667       0.13333333333333333        4.8553911782550183E-002
  0.96666666666666667       0.16666666666666666        3.8293674375345858E-002
  0.96666666666666667       0.20000000000000001        2.9591836311556884E-002
  0.96666666666666667       0.23333333333333334        2.2386025883894656E-002
  0.96666666666666667       0.26666666666666666        1.6565286942499841E-002
  0.96666666666666667       0.29999999999999999        1.1981981771595273E-002
  0.96666666666666667       0.33333333333333331        8.4661678501617779E-003
  0.96666666666666667       0.36666666666666664        5.8401009941329305E-003
  0.96666666666666667       0.40000000000000002        3.9309550732076533E-003
  0.96666666666666667       0.43333333333333335        2.5805240901885201E-003
  0.96666666666666667       0.46666666666666667        1.6514052125957137E-003
  0.96666666666666667       0.50000000000000000        1.0297986393016142E-003
  0.96666666666666667       0.53333333333333333        6.2550652860949110E-004
  0.96666666666666667       0.56666666666666665        3.6993807858697964E-004
  0.96666666666666667       0.59999999999999998        2.1295492810942569E-004
  0.96666666666666667       0.63333333333333330        1.1927709609922964E-004
  0.96666666666666667       0.66666666666666663        6.4981594458589050E-005
  0.96666666666666667       0.69999999999999996        3.4422593150331948E-005
  0.96666666666666667       0.73333333333333328        1.7724509255889142E-005
  0.96666666666666667       0.76666666666666661        8.8682886854868540E-006
  0.96666666666666667       0.80000000000000004        4.3101673127542624E-006
  0.96666666666666667       0.83333333333333337        2.0340781064755393E-006
  0.96666666666666667       0.86666666666666670        9.3142839965898304E-007
  0.96666666666666667       0.90000000000000002        4.1271133022057903E-007
  0.96666666666666667       0.93333333333333335        1.7419115798087830E-007
  0.96666666666666667       0.96666666666666667        6.2843064182140786E-008
  0.96666666666666667        1.0000000000000000        0.0000000000000000     

   1.0000000000000000        0.0000000000000000        1.2246467991473532E-016
   1.0000000000000000        3.3333333333333333E-002   0.0000000000000000     
   1.0000000000000000        6.6666666666666666E-002   0.0000000000000000     
   1.0000000000000000       0.10000000000000001        0.0000000000000000     
   1.0000000000000000       0.13333333333333333        0.0000000000000000     
   1.0000000000000000       0.16666666666666666        0.0000000000000000     
   1.0000000000000000       0.20000000000000001        0.0000000000000000     
   1.0000000000000000       0.23333333333333334        0.0000000000000000     
   1.0000000000000000       0.26666666666666666        0.0000000000000000     
   1.0000000000000000       0.29999999999999999        0.0000000000000000     
   1.0000000000000000       0.33333333333333331        0.0000000000000000     
   1.0000000000000000       0.36666666666666664        0.0000000000000000     
   1.0000000000000000       0.40000000000000002        0.0000000000000000     
   1.0000000000000000       0.43333333333333335        0.0000000000000000     
   1.0000000000000000       0.46666666666666667        0.0000000000000000     
   1.0000000000000000       0.50000000000000000        0.0000000000000000     
   1.0000000000000000       0.53333333333333333        0.0000000000000000     
   1.0000000000000000       0.56666666666666665        0.0000000000000000     
   1.0000000000000000       0.59999999999999998        0.0000000000000000     
   1.0000000000000000       0.63333333333333330        0.0000000000000000     
   1.0000000000000000       0.66666666666666663        0.0000000000000000     
   1.0000000000000000       0.69999999999999996        0.0000000000000000     
   1.0000000000000000       0.73333333333333328        0.0000000000000000     
   1.0000000000000000       0.76666666666666661        0.0000000000000000     
   1.0000000000000000       0.80000000000000004        0.0000000000000000     
   1.0000000000000000       0.83333333333333337        0.0000000000000000     
   1.0000000000000000       0.86666666666666670        0.0000000000000000     
   1.0000000000000000       0.90000000000000002        0.0000000000000000     
   1.0000000000000000       0.93333333333333335        0.0000000000000000     
   1.0000000000000000       0.96666666666666667        0.0000000000000000     
   1.0000000000000000        1.0000000000000000        0.0000000000000000     

