   0.0000000000000000        0.0000000000000000        0.0000000000000000     
   0.0000000000000000        3.3333333333333333E-002   0.0000000000000000     
   0.0000000000000000        6.6666666666666666E-002   0.0000000000000000     
   0.0000000000000000       0.10000000000000001        0.0000000000000000     
   0.0000000000000000       0.13333333333333333        0.0000000000000000     
   0.0000000000000000       0.16666666666666666        0.0000000000000000     
   0.0000000000000000       0.20000000000000001        0.0000000000000000     
   0.0000000000000000       0.23333333333333334        0.0000000000000000     
   0.0000000000000000       0.26666666666666666        0.0000000000000000     
   0.0000000000000000       0.29999999999999999        0.0000000000000000     
   0.0000000000000000       0.33333333333333331        0.0000000000000000     
   0.0000000000000000       0.36666666666666664        0.0000000000000000     
   0.0000000000000000       0.40000000000000002        0.0000000000000000     
   0.0000000000000000       0.43333333333333335        0.0000000000000000     
   0.0000000000000000       0.46666666666666667        0.0000000000000000     
   0.0000000000000000       0.50000000000000000        0.0000000000000000     
   0.0000000000000000       0.53333333333333333        0.0000000000000000     
   0.0000000000000000       0.56666666666666665        0.0000000000000000     
   0.0000000000000000       0.59999999999999998        0.0000000000000000     
   0.0000000000000000       0.63333333333333330        0.0000000000000000     
   0.0000000000000000       0.66666666666666663        0.0000000000000000     
   0.0000000000000000       0.69999999999999996        0.0000000000000000     
   0.0000000000000000       0.73333333333333328        0.0000000000000000     
   0.0000000000000000       0.76666666666666661        0.0000000000000000     
   0.0000000000000000       0.80000000000000004        0.0000000000000000     
   0.0000000000000000       0.83333333333333337        0.0000000000000000     
   0.0000000000000000       0.86666666666666670        0.0000000000000000     
   0.0000000000000000       0.90000000000000002        0.0000000000000000     
   0.0000000000000000       0.93333333333333335        0.0000000000000000     
   0.0000000000000000       0.96666666666666667        0.0000000000000000     
   0.0000000000000000        1.0000000000000000        0.0000000000000000     

   3.3333333333333333E-002   0.0000000000000000       0.10452846326765346     
   3.3333333333333333E-002   3.3333333333333333E-002   8.8889004471641470E-002
   3.3333333333333333E-002   6.6666666666666666E-002   7.4504908403591683E-002
   3.3333333333333333E-002  0.10000000000000001        6.1478554038533056E-002
   3.3333333333333333E-002  0.13333333333333333        4.9886898418837020E-002
   3.3333333333333333E-002  0.16666666666666666        3.9768465597168123E-002
   3.3333333333333333E-002  0.20000000000000001        3.1116252093208278E-002
   3.3333333333333333E-002  0.23333333333333334        2.3876842544380859E-002
   3.3333333333333333E-002  0.26666666666666666        1.7955096573202614E-002
   3.3333333333333333E-002  0.29999999999999999        1.3223039888977713E-002
   3.3333333333333333E-002  0.33333333333333331        9.5311842741702471E-003
   3.3333333333333333E-002  0.36666666666666664        6.7204453203095205E-003
   3.3333333333333333E-002  0.40000000000000002        4.6330781094544660E-003
   3.3333333333333333E-002  0.43333333333333335        3.1215084049603082E-003
   3.3333333333333333E-002  0.46666666666666667        2.0544763993924644E-003
   3.3333333333333333E-002  0.50000000000000000        1.3204171187137168E-003
   3.3333333333333333E-002  0.53333333333333333        8.2839425875406471E-004
   3.3333333333333333E-002  0.56666666666666665        5.0714333123132280E-004
   3.3333333333333333E-002  0.59999999999999998        3.0286656427748997E-004
   3.3333333333333333E-002  0.63333333333333330        1.7638605164455062E-004
   3.3333333333333333E-002  0.66666666666666663        1.0014736540022747E-004
   3.3333333333333333E-002  0.69999999999999996        5.5418003774729387E-005
   3.3333333333333333E-002  0.73333333333333328        2.9879570558608297E-005
   3.3333333333333333E-002  0.76666666666666661        1.5692294136589490E-005
   3.3333333333333333E-002  0.80000000000000004        8.0252286630764788E-006
   3.3333333333333333E-002  0.83333333333333337        3.9950157466851379E-006
   3.3333333333333333E-002  0.86666666666666670        1.9341258522192854E-006
   3.3333333333333333E-002  0.90000000000000002        9.0736422116208431E-007
   3.3333333333333333E-002  0.93333333333333335        4.0471275168027810E-007
   3.3333333333333333E-002  0.96666666666666667        1.5260793754669433E-007
   3.3333333333333333E-002   1.0000000000000000        0.0000000000000000     

   6.6666666666666666E-002   0.0000000000000000       0.20791169081775931     
   6.6666666666666666E-002   3.3333333333333333E-002  0.17680412240907159     
   6.6666666666666666E-002   6.6666666666666666E-002  0.14819352543955921     
   6.6666666666666666E-002  0.10000000000000001       0.12228353617380541     
   6.6666666666666666E-002  0.13333333333333333        9.9227225539092620E-002
   6.6666666666666666E-002  0.16666666666666666        7.9101219563167222E-002
   6.6666666666666666E-002  0.20000000000000001        6.1891588016988998E-002
   6.6666666666666666E-002  0.23333333333333334        4.7492085405294954E-002
   6.6666666666666666E-002  0.26666666666666666        3.5713473351003715E-002
   6.6666666666666666E-002  0.29999999999999999        2.6301205385832797E-002
   6.6666666666666666E-002  0.33333333333333331        1.8957942898904147E-002
   6.6666666666666666E-002  0.36666666666666664        1.3367260035346135E-002
   6.6666666666666666E-002  0.40000000000000002        9.2153952456078218E-003
   6.6666666666666666E-002  0.43333333333333335        6.2088169106182438E-003
   6.6666666666666666E-002  0.46666666666666667        4.0864435254263590E-003
   6.6666666666666666E-002  0.50000000000000000        2.6263674711597598E-003
   6.6666666666666666E-002  0.53333333333333333        1.6477124566565764E-003
   6.6666666666666666E-002  0.56666666666666665        1.0087302939991104E-003
   6.6666666666666666E-002  0.59999999999999998        6.0241485909785276E-004
   6.6666666666666666E-002  0.63333333333333330        3.5083958079612921E-004
   6.6666666666666666E-002  0.66666666666666663        1.9919749530794648E-004
   6.6666666666666666E-002  0.69999999999999996        1.1022883630314000E-004
   6.6666666666666666E-002  0.73333333333333328        5.9431774289474368E-005
   6.6666666666666666E-002  0.76666666666666661        3.1212660214794847E-005
   6.6666666666666666E-002  0.80000000000000004        1.5962531241533227E-005
   6.6666666666666666E-002  0.83333333333333337        7.9462612648388037E-006
   6.6666666666666666E-002  0.86666666666666670        3.8470610168598011E-006
   6.6666666666666666E-002  0.90000000000000002        1.8047871700389465E-006
   6.6666666666666666E-002  0.93333333333333335        8.0499138576155907E-007
   6.6666666666666666E-002  0.96666666666666667        3.0354387059436311E-007
   6.6666666666666666E-002   1.0000000000000000        0.0000000000000000     

  0.10000000000000001        0.0000000000000000       0.30901699437494740     
  0.10000000000000001        3.3333333333333333E-002  0.26278213738274669     
  0.10000000000000001        6.6666666666666666E-002  0.22025850319932203     
  0.10000000000000001       0.10000000000000001       0.18174875429728252     
  0.10000000000000001       0.13333333333333333       0.14748039841171004     
  0.10000000000000001       0.16666666666666666       0.11756732401463790     
  0.10000000000000001       0.20000000000000001        9.1988826750808148E-002
  0.10000000000000001       0.23333333333333334        7.0586995040150841E-002
  0.10000000000000001       0.26666666666666666        5.3080565841246444E-002
  0.10000000000000001       0.29999999999999999        3.9091209372599627E-002
  0.10000000000000001       0.33333333333333331        2.8176994334033062E-002
  0.10000000000000001       0.36666666666666664        1.9867620252156496E-002
  0.10000000000000001       0.40000000000000002        1.3696746583004868E-002
  0.10000000000000001       0.43333333333333335        9.2281003189249762E-003
  0.10000000000000001       0.46666666666666667        6.0736387210523976E-003
  0.10000000000000001       0.50000000000000000        3.9035427919890493E-003
  0.10000000000000001       0.53333333333333333        2.4489779720779600E-003
  0.10000000000000001       0.56666666666666665        1.4992653965754587E-003
  0.10000000000000001       0.59999999999999998        8.9536297065852548E-004
  0.10000000000000001       0.63333333333333330        5.2144923808260322E-004
  0.10000000000000001       0.66666666666666663        2.9606517577231590E-004
  0.10000000000000001       0.69999999999999996        1.6383197863414646E-004
  0.10000000000000001       0.73333333333333328        8.8332831064326617E-005
  0.10000000000000001       0.76666666666666661        4.6391053856017841E-005
  0.10000000000000001       0.80000000000000004        2.3724944987333327E-005
  0.10000000000000001       0.83333333333333337        1.1810445881712820E-005
  0.10000000000000001       0.86666666666666670        5.7178469759503281E-006
  0.10000000000000001       0.90000000000000002        2.6824364930048663E-006
  0.10000000000000001       0.93333333333333335        1.1964503657651589E-006
  0.10000000000000001       0.96666666666666667        4.5115411347516135E-007
  0.10000000000000001        1.0000000000000000        0.0000000000000000     

  0.13333333333333333        0.0000000000000000       0.40673664307580015     
  0.13333333333333333        3.3333333333333333E-002  0.34588105626855892     
  0.13333333333333333        6.6666666666666666E-002  0.28991028270597813     
  0.13333333333333333       0.10000000000000001       0.23922269503530660     
  0.13333333333333333       0.13333333333333333       0.19411774517707131     
  0.13333333333333333       0.16666666666666666       0.15474533626165995     
  0.13333333333333333       0.20000000000000001       0.12107821664884590     
  0.13333333333333333       0.23333333333333334        9.2908538786068501E-002
  0.13333333333333333       0.26666666666666666        6.9866096544309961E-002
  0.13333333333333333       0.29999999999999999        5.1452921889118791E-002
  0.13333333333333333       0.33333333333333331        3.7087332722823163E-002
  0.13333333333333333       0.36666666666666664        2.6150306663917412E-002
  0.13333333333333333       0.40000000000000002        1.8028033498610020E-002
  0.13333333333333333       0.43333333333333335        1.2146278729033427E-002
  0.13333333333333333       0.46666666666666667        7.9942898598599731E-003
  0.13333333333333333       0.50000000000000000        5.1379500811204624E-003
  0.13333333333333333       0.53333333333333333        3.2234119723556698E-003
  0.13333333333333333       0.56666666666666665        1.9733742337254721E-003
  0.13333333333333333       0.59999999999999998        1.1785012981459164E-003
  0.13333333333333333       0.63333333333333330        6.8634578839637584E-004
  0.13333333333333333       0.66666666666666663        3.8968910421530270E-004
  0.13333333333333333       0.69999999999999996        2.1564014352319161E-004
  0.13333333333333333       0.73333333333333328        1.1626609485720483E-004
  0.13333333333333333       0.76666666666666661        6.1061177403242179E-005
  0.13333333333333333       0.80000000000000004        3.1227423271088282E-005
  0.13333333333333333       0.83333333333333337        1.5545232782012102E-005
  0.13333333333333333       0.86666666666666670        7.5259870070359383E-006
  0.13333333333333333       0.90000000000000002        3.5306964804175016E-006
  0.13333333333333333       0.93333333333333335        1.5748007851881007E-006
  0.13333333333333333       0.96666666666666667        5.9382141747865812E-007
  0.13333333333333333        1.0000000000000000        0.0000000000000000     

  0.16666666666666666        0.0000000000000000       0.49999999999999994     
  0.16666666666666666        3.3333333333333333E-002  0.42519042992162853     
  0.16666666666666666        6.6666666666666666E-002  0.35638574448768051     
  0.16666666666666666       0.10000000000000001       0.29407566186595663     
  0.16666666666666666       0.13333333333333333       0.23862829730452284     
  0.16666666666666666       0.16666666666666666       0.19022792622205587     
  0.16666666666666666       0.20000000000000001       0.14884104826803315     
  0.16666666666666666       0.23333333333333334       0.11421215713868432     
  0.16666666666666666       0.26666666666666666        8.5886159673213405E-002
  0.16666666666666666       0.29999999999999999        6.3250905426204651E-002
  0.16666666666666666       0.33333333333333331        4.5591334533278696E-002
  0.16666666666666666       0.36666666666666664        3.2146484843564964E-002
  0.16666666666666666       0.40000000000000002        2.2161801506595861E-002
  0.16666666666666666       0.43333333333333335        1.4931379967614355E-002
  0.16666666666666666       0.46666666666666667        9.8273538860502198E-003
  0.16666666666666666       0.50000000000000000        6.3160649139779425E-003
  0.16666666666666666       0.53333333333333333        3.9625295965219302E-003
  0.16666666666666666       0.56666666666666665        2.4258623698156824E-003
  0.16666666666666666       0.59999999999999998        1.4487277187935689E-003
  0.16666666666666666       0.63333333333333330        8.4372259062538799E-004
  0.16666666666666666       0.66666666666666663        4.7904351728481900E-004
  0.16666666666666666       0.69999999999999996        2.6508570987419553E-004
  0.16666666666666666       0.73333333333333328        1.4292552298458301E-004
  0.16666666666666666       0.76666666666666661        7.5062301912963739E-005
  0.16666666666666666       0.80000000000000004        3.8387767370726766E-005
  0.16666666666666666       0.83333333333333337        1.9109702858902565E-005
  0.16666666666666666       0.86666666666666670        9.2516707495584331E-006
  0.16666666666666666       0.90000000000000002        4.3402734183449437E-006
  0.16666666666666666       0.93333333333333335        1.9358973576602711E-006
  0.16666666666666666       0.96666666666666667        7.2998268976713804E-007
  0.16666666666666666        1.0000000000000000        0.0000000000000000     

  0.20000000000000001        0.0000000000000000       0.58778525229247314     
  0.20000000000000001        3.3333333333333333E-002  0.49984132824765914     
  0.20000000000000001        6.6666666666666666E-002  0.41895656947426430     
  0.20000000000000001       0.10000000000000001       0.34570667420591467     
  0.20000000000000001       0.13333333333333333       0.28052438787052447     
  0.20000000000000001       0.16666666666666666       0.22362633921501010     
  0.20000000000000001       0.20000000000000001       0.17497314621540405     
  0.20000000000000001       0.23333333333333334       0.13426444319725830     
  0.20000000000000001       0.26666666666666666       0.10096523606390274     
  0.20000000000000001       0.29999999999999999        7.4355898807338117E-002
  0.20000000000000001       0.33333333333333331        5.3595828141987524E-002
  0.20000000000000001       0.36666666666666664        3.7790459408182001E-002
  0.20000000000000001       0.40000000000000002        2.6052760179620316E-002
  0.20000000000000001       0.43333333333333335        1.7552889882677968E-002
  0.20000000000000001       0.46666666666666667        1.1552747366558890E-002
  0.20000000000000001       0.50000000000000000        7.4249796179163266E-003
  0.20000000000000001       0.53333333333333333        4.6582329172160687E-003
  0.20000000000000001       0.56666666666666665        2.8517722501378556E-003
  0.20000000000000001       0.59999999999999998        1.7030815753883539E-003
  0.20000000000000001       0.63333333333333330        9.9185539159120525E-004
  0.20000000000000001       0.66666666666666663        5.6314942933266207E-004
  0.20000000000000001       0.69999999999999996        3.1162694171506673E-004
  0.20000000000000001       0.73333333333333328        1.6801902917305359E-004
  0.20000000000000001       0.76666666666666661        8.8241028135130372E-005
  0.20000000000000001       0.80000000000000004        4.5127527057894795E-005
  0.20000000000000001       0.83333333333333337        2.2464803032308480E-005
  0.20000000000000001       0.86666666666666670        1.0875991251312195E-005
  0.20000000000000001       0.90000000000000002        5.1022974124403951E-006
  0.20000000000000001       0.93333333333333335        2.2757838335693489E-006
  0.20000000000000001       0.96666666666666667        8.5814611894783081E-007
  0.20000000000000001        1.0000000000000000        0.0000000000000000     

  0.23333333333333334        0.0000000000000000       0.66913060635885824     
  0.23333333333333334        3.3333333333333333E-002  0.56901586038288587     
  0.23333333333333334        6.6666666666666666E-002  0.47693721861338956     
  0.23333333333333334       0.10000000000000001       0.39355005187950021     
  0.23333333333333334       0.13333333333333333       0.31934699453951454     
  0.23333333333333334       0.16666666666666666       0.25457465523870476     
  0.23333333333333334       0.20000000000000001       0.19918820175735419     
  0.23333333333333334       0.23333333333333334       0.15284569991952207     
  0.23333333333333334       0.26666666666666666       0.11493811619994200     
  0.23333333333333334       0.29999999999999999        8.4646233401166227E-002
  0.23333333333333334       0.33333333333333331        6.1013114641924653E-002
  0.23333333333333334       0.36666666666666664        4.3020393791360946E-002
  0.23333333333333334       0.40000000000000002        2.9658279360226289E-002
  0.23333333333333334       0.43333333333333335        1.9982086663008606E-002
  0.23333333333333334       0.46666666666666667        1.3151566529351733E-002
  0.23333333333333334       0.50000000000000000        8.4525446913839425E-003
  0.23333333333333334       0.53333333333333333        5.3028996632712815E-003
  0.23333333333333334       0.56666666666666665        3.2464375169158084E-003
  0.23333333333333334       0.59999999999999998        1.9387761138504522E-003
  0.23333333333333334       0.63333333333333330        1.1291212173276648E-003
  0.23333333333333334       0.66666666666666663        6.4108535838614227E-004
  0.23333333333333334       0.69999999999999996        3.5475392357037764E-004
  0.23333333333333334       0.73333333333333328        1.9127168371766193E-004
  0.23333333333333334       0.76666666666666661        1.0045296718742622E-004
  0.23333333333333334       0.80000000000000004        5.1372860115074387E-005
  0.23333333333333334       0.83333333333333337        2.5573774122630158E-005
  0.23333333333333334       0.86666666666666670        1.2381152116969093E-005
  0.23333333333333334       0.90000000000000002        5.8084195683607725E-006
  0.23333333333333334       0.93333333333333335        2.5907363455594573E-006
  0.23333333333333334       0.96666666666666667        9.7690751967071073E-007
  0.23333333333333334        1.0000000000000000        0.0000000000000000     

  0.26666666666666666        0.0000000000000000       0.74314482547739413     
  0.26666666666666666        3.3333333333333333E-002  0.63195613567753373     
  0.26666666666666666        6.6666666666666666E-002  0.52969244377985714     
  0.26666666666666666       0.10000000000000001       0.43708161282905106     
  0.26666666666666666       0.13333333333333333       0.35467076870867481     
  0.26666666666666666       0.16666666666666666       0.28273379806643267     
  0.26666666666666666       0.20000000000000001       0.22122090967803981     
  0.26666666666666666       0.23333333333333334       0.16975234716844856     
  0.26666666666666666       0.26666666666666666       0.12765171028254757     
  0.26666666666666666       0.29999999999999999        9.4009166148488046E-002
  0.26666666666666666       0.33333333333333331        6.7761928690029796E-002
  0.26666666666666666       0.36666666666666664        4.7778987737565580E-002
  0.26666666666666666       0.40000000000000002        3.2938856225767664E-002
  0.26666666666666666       0.43333333333333335        2.2192355520338859E-002
  0.26666666666666666       0.46666666666666667        1.4606294377106767E-002
  0.26666666666666666       0.50000000000000000        9.3875019164040632E-003
  0.26666666666666666       0.53333333333333333        5.8894667309125981E-003
  0.26666666666666666       0.56666666666666665        3.6055341348977064E-003
  0.26666666666666666       0.59999999999999998        2.1532290154942205E-003
  0.26666666666666666       0.63333333333333330        1.2540161547232778E-003
  0.26666666666666666       0.66666666666666663        7.1199742209740783E-004
  0.26666666666666666       0.69999999999999996        3.9399414720202043E-004
  0.26666666666666666       0.73333333333333328        2.1242872566928651E-004
  0.26666666666666666       0.76666666666666661        1.1156432251008182E-004
  0.26666666666666666       0.80000000000000004        5.7055341366371106E-005
  0.26666666666666666       0.83333333333333337        2.8402553592008016E-005
  0.26666666666666666       0.86666666666666670        1.3750662489109829E-005
  0.26666666666666666       0.90000000000000002        6.4509034640002535E-006
  0.26666666666666666       0.93333333333333335        2.8773042080011816E-006
  0.26666666666666666       0.96666666666666667        1.0849657171770373E-006
  0.26666666666666666        1.0000000000000000        0.0000000000000000     

  0.29999999999999999        0.0000000000000000       0.80901699437494745     
  0.29999999999999999        3.3333333333333333E-002  0.68797256730437528     
  0.29999999999999999        6.6666666666666666E-002  0.57664424768700251     
  0.29999999999999999       0.10000000000000001       0.47582441616323917     
  0.29999999999999999       0.13333333333333333       0.38610869571623291     
  0.29999999999999999       0.16666666666666666       0.30779525023669380     
  0.29999999999999999       0.20000000000000001       0.24082987501884132     
  0.29999999999999999       0.23333333333333334       0.18479915217883516     
  0.29999999999999999       0.26666666666666666       0.13896672551445985     
  0.29999999999999999       0.29999999999999999       0.10234211479880428     
  0.29999999999999999       0.33333333333333331        7.3768328867311758E-002
  0.29999999999999999       0.36666666666666664        5.2014105095721470E-002
  0.29999999999999999       0.40000000000000002        3.5858548089600720E-002
  0.29999999999999999       0.43333333333333335        2.4159480286539331E-002
  0.29999999999999999       0.46666666666666667        1.5900992607102617E-002
  0.29999999999999999       0.50000000000000000        1.0219607705966994E-002
  0.29999999999999999       0.53333333333333333        6.4115075685998897E-003
  0.29999999999999999       0.56666666666666665        3.9251277663911403E-003
  0.29999999999999999       0.59999999999999998        2.3440906894520944E-003
  0.29999999999999999       0.63333333333333330        1.3651718287079910E-003
  0.29999999999999999       0.66666666666666663        7.7510869305713484E-004
  0.29999999999999999       0.69999999999999996        4.2891768850834199E-004
  0.29999999999999999       0.73333333333333328        2.3125835404890963E-004
  0.29999999999999999       0.76666666666666661        1.2145335576898158E-004
  0.29999999999999999       0.80000000000000004        6.2112712358060090E-005
  0.29999999999999999       0.83333333333333337        3.0920148740615380E-005
  0.29999999999999999       0.86666666666666670        1.4969517725508760E-005
  0.29999999999999999       0.90000000000000002        7.0227099113498100E-006
  0.29999999999999999       0.93333333333333335        3.1323477234254300E-006
  0.29999999999999999       0.96666666666666667        1.1811368032422995E-006
  0.29999999999999999        1.0000000000000000        0.0000000000000000     

  0.33333333333333331        0.0000000000000000       0.86602540378443860     
  0.33333333333333331        3.3333333333333333E-002  0.73645142751631487     
  0.33333333333333331        6.6666666666666666E-002  0.61727821654592252     
  0.33333333333333331       0.10000000000000001       0.50935398762128226     
  0.33333333333333331       0.13333333333333333       0.41331633505508503     
  0.33333333333333331       0.16666666666666666       0.32948443323506466     
  0.33333333333333331       0.20000000000000001       0.25780025785204508     
  0.33333333333333331       0.23333333333333334       0.19782125900624170     
  0.33333333333333331       0.26666666666666666       0.14875919222097883     
  0.33333333333333331       0.29999999999999999       0.10955378182292044     
  0.33333333333333331       0.33333333333333331        7.8966507796508212E-002
  0.33333333333333331       0.36666666666666664        5.5679345033797373E-002
  0.33333333333333331       0.40000000000000002        3.8385366196680516E-002
  0.33333333333333331       0.43333333333333335        2.5861908731024202E-002
  0.33333333333333331       0.46666666666666667        1.7021476234598428E-002
  0.33333333333333331       0.50000000000000000        1.0939745334912947E-002
  0.33333333333333331       0.53333333333333333        6.8633025876713863E-003
  0.33333333333333331       0.56666666666666665        4.2017168766902025E-003
  0.33333333333333331       0.59999999999999998        2.5092700152838181E-003
  0.33333333333333331       0.63333333333333330        1.4613703944568084E-003
  0.33333333333333331       0.66666666666666663        8.2972771097380613E-004
  0.33333333333333331       0.69999999999999996        4.5914191786256941E-004
  0.33333333333333331       0.73333333333333328        2.4755426750765116E-004
  0.33333333333333331       0.76666666666666661        1.3001172064632771E-004
  0.33333333333333331       0.80000000000000004        6.6489563475233493E-005
  0.33333333333333331       0.83333333333333337        3.3098976269163466E-005
  0.33333333333333331       0.86666666666666670        1.6024363793134043E-005
  0.33333333333333331       0.90000000000000002        7.5175740793140903E-006
  0.33333333333333331       0.93333333333333335        3.3530725817059279E-006
  0.33333333333333331       0.96666666666666667        1.2643671073224728E-006
  0.33333333333333331        1.0000000000000000        0.0000000000000000     

  0.36666666666666664        0.0000000000000000       0.91354545764260087     
  0.36666666666666664        3.3333333333333333E-002  0.77686157177601678     
  0.36666666666666664        6.6666666666666666E-002  0.65114915609059432     
  0.36666666666666664       0.10000000000000001       0.53730297020177220     
  0.36666666666666664       0.13333333333333333       0.43599559413506994     
  0.36666666666666664       0.16666666666666666       0.34756371583386192     
  0.36666666666666664       0.20000000000000001       0.27194612711204957     
  0.36666666666666664       0.23333333333333334       0.20867599472321602     
  0.36666666666666664       0.26666666666666666       0.15692182208766248     
  0.36666666666666664       0.29999999999999999       0.11556515468778200     
  0.36666666666666664       0.33333333333333331        8.3299513141481998E-002
  0.36666666666666664       0.36666666666666664        5.8734550416030984E-002
  0.36666666666666664       0.40000000000000002        4.0491626199055185E-002
  0.36666666666666664       0.43333333333333335        2.7280988691499638E-002
  0.36666666666666664       0.46666666666666667        1.7955469006495080E-002
  0.36666666666666664       0.50000000000000000        1.1540024824680707E-002
  0.36666666666666664       0.53333333333333333        7.2399018273539544E-003
  0.36666666666666664       0.56666666666666665        4.4322710976224637E-003
  0.36666666666666664       0.59999999999999998        2.6469572537295843E-003
  0.36666666666666664       0.63333333333333330        1.5415578803525416E-003
  0.36666666666666664       0.66666666666666663        8.7525605845736225E-004
  0.36666666666666664       0.69999999999999996        4.8433569228307138E-004
  0.36666666666666664       0.73333333333333328        2.6113792460751793E-004
  0.36666666666666664       0.76666666666666661        1.3714564990557107E-004
  0.36666666666666664       0.80000000000000004        7.0137941021136579E-005
  0.36666666666666664       0.83333333333333337        3.4915164487300517E-005
  0.36666666666666664       0.86666666666666670        1.6903643577728044E-005
  0.36666666666666664       0.90000000000000002        7.9300741325118936E-006
  0.36666666666666664       0.93333333333333335        3.5370604751057079E-006
  0.36666666666666664       0.96666666666666667        1.3337447407889937E-006
  0.36666666666666664        1.0000000000000000        0.0000000000000000     

  0.40000000000000002        0.0000000000000000       0.95105651629515353     
  0.40000000000000002        3.3333333333333333E-002  0.80876025808660545     
  0.40000000000000002        6.6666666666666666E-002  0.67788596921941635     
  0.40000000000000002       0.10000000000000001       0.55936514900285650     
  0.40000000000000002       0.13333333333333333       0.45389799424776739     
  0.40000000000000002       0.16666666666666666       0.36183501762959991     
  0.40000000000000002       0.20000000000000001       0.28311249769502883     
  0.40000000000000002       0.23333333333333334       0.21724443257374351     
  0.40000000000000002       0.26666666666666666       0.16336518363355129     
  0.40000000000000002       0.29999999999999999       0.12031037153432084     
  0.40000000000000002       0.33333333333333331        8.6719871588933933E-002
  0.40000000000000002       0.36666666666666664        6.1146247772911708E-002
  0.40000000000000002       0.40000000000000002        4.2154251471375477E-002
  0.40000000000000002       0.43333333333333335        2.8401172430957102E-002
  0.40000000000000002       0.46666666666666667        1.8692737902533122E-002
  0.40000000000000002       0.50000000000000000        1.2013869387563821E-002
  0.40000000000000002       0.53333333333333333        7.5371791875691752E-003
  0.40000000000000002       0.56666666666666665        4.6142644288968172E-003
  0.40000000000000002       0.59999999999999998        2.7556438745920736E-003
  0.40000000000000002       0.63333333333333330        1.6048557355194070E-003
  0.40000000000000002       0.66666666666666663        9.1119491740535431E-004
  0.40000000000000002       0.69999999999999996        5.0422298350516037E-004
  0.40000000000000002       0.73333333333333328        2.7186049995876088E-004
  0.40000000000000002       0.76666666666666661        1.4277698272487668E-004
  0.40000000000000002       0.80000000000000004        7.3017872607904319E-005
  0.40000000000000002       0.83333333333333337        3.6348814856846818E-005
  0.40000000000000002       0.86666666666666670        1.7597723505969631E-005
  0.40000000000000002       0.90000000000000002        8.2556906340392000E-006
  0.40000000000000002       0.93333333333333335        3.6822955937627403E-006
  0.40000000000000002       0.96666666666666667        1.3885095877714002E-006
  0.40000000000000002        1.0000000000000000        0.0000000000000000     

  0.43333333333333335        0.0000000000000000       0.97814760073380569     
  0.43333333333333335        3.3333333333333333E-002  0.83179799776563268     
  0.43333333333333335        6.6666666666666666E-002  0.69719572181271161     
  0.43333333333333335       0.10000000000000001       0.57529880617678275     
  0.43333333333333335       0.13333333333333333       0.46682739295122461     
  0.43333333333333335       0.16666666666666666       0.37214197925334264     
  0.43333333333333335       0.20000000000000001       0.29117702850816235     
  0.43333333333333335       0.23333333333333334       0.22343269495967291     
  0.43333333333333335       0.26666666666666666       0.16801868204118844     
  0.43333333333333335       0.29999999999999999       0.12373744277376585     
  0.43333333333333335       0.33333333333333331        8.9190108975957708E-002
  0.43333333333333335       0.36666666666666664        6.2888014043517446E-002
  0.43333333333333335       0.40000000000000002        4.3355025943231151E-002
  0.43333333333333335       0.43333333333333335        2.9210186981933582E-002
  0.43333333333333335       0.46666666666666667        1.9225205250404127E-002
  0.43333333333333335       0.50000000000000000        1.2356087483372989E-002
  0.43333333333333335       0.53333333333333333        7.7518776353492419E-003
  0.43333333333333335       0.56666666666666665        4.7457029134912680E-003
  0.43333333333333335       0.59999999999999998        2.8341390845089778E-003
  0.43333333333333335       0.63333333333333330        1.6505704554102682E-003
  0.43333333333333335       0.66666666666666663        9.3715053415845801E-004
  0.43333333333333335       0.69999999999999996        5.1858590220452410E-004
  0.43333333333333335       0.73333333333333328        2.7960451478198855E-004
  0.43333333333333335       0.76666666666666661        1.4684402104344407E-004
  0.43333333333333335       0.80000000000000004        7.5097805102407705E-005
  0.43333333333333335       0.83333333333333337        3.7384220004342984E-005
  0.43333333333333335       0.86666666666666670        1.8098999092919421E-005
  0.43333333333333335       0.90000000000000002        8.4908560613656396E-006
  0.43333333333333335       0.93333333333333335        3.7871867113246157E-006
  0.43333333333333335       0.96666666666666667        1.4280616331458722E-006
  0.43333333333333335        1.0000000000000000        0.0000000000000000     

  0.46666666666666667        0.0000000000000000       0.99452189536827329     
  0.46666666666666667        3.3333333333333333E-002  0.84572238451621806     
  0.46666666666666667        6.6666666666666666E-002  0.70886685218024237     
  0.46666666666666667       0.10000000000000001       0.58492936924122130     
  0.46666666666666667       0.13333333333333333       0.47464213304759584     
  0.46666666666666667       0.16666666666666666       0.37837167547667011     
  0.46666666666666667       0.20000000000000001       0.29605136286424999     
  0.46666666666666667       0.23333333333333334       0.22717298198332678     
  0.46666666666666667       0.26666666666666666       0.17083133260821270     
  0.46666666666666667       0.29999999999999999       0.12580882069645691     
  0.46666666666666667       0.33333333333333331        9.0683160864810680E-002
  0.46666666666666667       0.36666666666666664        6.3940766072099420E-002
  0.46666666666666667       0.40000000000000002        4.4080793678230333E-002
  0.46666666666666667       0.43333333333333335        2.9699168611711395E-002
  0.46666666666666667       0.46666666666666667        1.9547037226418866E-002
  0.46666666666666667       0.50000000000000000        1.2562929699036787E-002
  0.46666666666666667       0.53333333333333333        7.8816448895717393E-003
  0.46666666666666667       0.56666666666666665        4.8251464838633268E-003
  0.46666666666666667       0.59999999999999998        2.8815828735342702E-003
  0.46666666666666667       0.63333333333333330        1.6782011799875809E-003
  0.46666666666666667       0.66666666666666663        9.5283853354796472E-004
  0.46666666666666667       0.69999999999999996        5.2726708523825828E-004
  0.46666666666666667       0.73333333333333328        2.8428512403025840E-004
  0.46666666666666667       0.76666666666666661        1.4930220553837251E-004
  0.46666666666666667       0.80000000000000004        7.6354950328983077E-005
  0.46666666666666667       0.83333333333333337        3.8010035814320582E-005
  0.46666666666666667       0.86666666666666670        1.8401978258348133E-005
  0.46666666666666667       0.90000000000000002        8.6329938928578949E-006
  0.46666666666666667       0.93333333333333335        3.8505846187574490E-006
  0.46666666666666667       0.96666666666666667        1.4519675364264887E-006
  0.46666666666666667        1.0000000000000000        0.0000000000000000     

  0.50000000000000000        0.0000000000000000        1.0000000000000000     
  0.50000000000000000        3.3333333333333333E-002  0.85038085984325718     
  0.50000000000000000        6.6666666666666666E-002  0.71277148897536113     
  0.50000000000000000       0.10000000000000001       0.58815132373191326     
  0.50000000000000000       0.13333333333333333       0.47725659460904574     
  0.50000000000000000       0.16666666666666666       0.38045585244411173     
  0.50000000000000000       0.20000000000000001       0.29768209653606631     
  0.50000000000000000       0.23333333333333334       0.22842431427736862     
  0.50000000000000000       0.26666666666666666       0.17177231934642678     
  0.50000000000000000       0.29999999999999999       0.12650181085240930     
  0.50000000000000000       0.33333333333333331        9.1182669066557392E-002
  0.50000000000000000       0.36666666666666664        6.4292969687129928E-002
  0.50000000000000000       0.40000000000000002        4.4323603013191722E-002
  0.50000000000000000       0.43333333333333335        2.9862759935228713E-002
  0.50000000000000000       0.46666666666666667        1.9654707772100440E-002
  0.50000000000000000       0.50000000000000000        1.2632129827955885E-002
  0.50000000000000000       0.53333333333333333        7.9250591930438603E-003
  0.50000000000000000       0.56666666666666665        4.8517247396313648E-003
  0.50000000000000000       0.59999999999999998        2.8974554375871377E-003
  0.50000000000000000       0.63333333333333330        1.6874451812507760E-003
  0.50000000000000000       0.66666666666666663        9.5808703456963800E-004
  0.50000000000000000       0.69999999999999996        5.3017141974839106E-004
  0.50000000000000000       0.73333333333333328        2.8585104596916603E-004
  0.50000000000000000       0.76666666666666661        1.5012460382592748E-004
  0.50000000000000000       0.80000000000000004        7.6775534741453533E-005
  0.50000000000000000       0.83333333333333337        3.8219405717805124E-005
  0.50000000000000000       0.86666666666666670        1.8503341499116866E-005
  0.50000000000000000       0.90000000000000002        8.6805468366898874E-006
  0.50000000000000000       0.93333333333333335        3.8717947153205422E-006
  0.50000000000000000       0.96666666666666667        1.4599653795342761E-006
  0.50000000000000000        1.0000000000000000        0.0000000000000000     

  0.53333333333333333        0.0000000000000000       0.99452189536827340     
  0.53333333333333333        3.3333333333333333E-002  0.84572238451621817     
  0.53333333333333333        6.6666666666666666E-002  0.70886685218024248     
  0.53333333333333333       0.10000000000000001       0.58492936924122130     
  0.53333333333333333       0.13333333333333333       0.47464213304759584     
  0.53333333333333333       0.16666666666666666       0.37837167547667017     
  0.53333333333333333       0.20000000000000001       0.29605136286424999     
  0.53333333333333333       0.23333333333333334       0.22717298198332678     
  0.53333333333333333       0.26666666666666666       0.17083133260821270     
  0.53333333333333333       0.29999999999999999       0.12580882069645691     
  0.53333333333333333       0.33333333333333331        9.0683160864810680E-002
  0.53333333333333333       0.36666666666666664        6.3940766072099420E-002
  0.53333333333333333       0.40000000000000002        4.4080793678230333E-002
  0.53333333333333333       0.43333333333333335        2.9699168611711395E-002
  0.53333333333333333       0.46666666666666667        1.9547037226418866E-002
  0.53333333333333333       0.50000000000000000        1.2562929699036787E-002
  0.53333333333333333       0.53333333333333333        7.8816448895717393E-003
  0.53333333333333333       0.56666666666666665        4.8251464838633277E-003
  0.53333333333333333       0.59999999999999998        2.8815828735342702E-003
  0.53333333333333333       0.63333333333333330        1.6782011799875809E-003
  0.53333333333333333       0.66666666666666663        9.5283853354796472E-004
  0.53333333333333333       0.69999999999999996        5.2726708523825828E-004
  0.53333333333333333       0.73333333333333328        2.8428512403025840E-004
  0.53333333333333333       0.76666666666666661        1.4930220553837251E-004
  0.53333333333333333       0.80000000000000004        7.6354950328983077E-005
  0.53333333333333333       0.83333333333333337        3.8010035814320575E-005
  0.53333333333333333       0.86666666666666670        1.8401978258348133E-005
  0.53333333333333333       0.90000000000000002        8.6329938928578949E-006
  0.53333333333333333       0.93333333333333335        3.8505846187574490E-006
  0.53333333333333333       0.96666666666666667        1.4519675364264887E-006
  0.53333333333333333        1.0000000000000000        0.0000000000000000     

  0.56666666666666665        0.0000000000000000       0.97814760073380569     
  0.56666666666666665        3.3333333333333333E-002  0.83179799776563279     
  0.56666666666666665        6.6666666666666666E-002  0.69719572181271172     
  0.56666666666666665       0.10000000000000001       0.57529880617678275     
  0.56666666666666665       0.13333333333333333       0.46682739295122461     
  0.56666666666666665       0.16666666666666666       0.37214197925334269     
  0.56666666666666665       0.20000000000000001       0.29117702850816235     
  0.56666666666666665       0.23333333333333334       0.22343269495967291     
  0.56666666666666665       0.26666666666666666       0.16801868204118844     
  0.56666666666666665       0.29999999999999999       0.12373744277376586     
  0.56666666666666665       0.33333333333333331        8.9190108975957708E-002
  0.56666666666666665       0.36666666666666664        6.2888014043517446E-002
  0.56666666666666665       0.40000000000000002        4.3355025943231158E-002
  0.56666666666666665       0.43333333333333335        2.9210186981933582E-002
  0.56666666666666665       0.46666666666666667        1.9225205250404130E-002
  0.56666666666666665       0.50000000000000000        1.2356087483372991E-002
  0.56666666666666665       0.53333333333333333        7.7518776353492419E-003
  0.56666666666666665       0.56666666666666665        4.7457029134912671E-003
  0.56666666666666665       0.59999999999999998        2.8341390845089778E-003
  0.56666666666666665       0.63333333333333330        1.6505704554102682E-003
  0.56666666666666665       0.66666666666666663        9.3715053415845823E-004
  0.56666666666666665       0.69999999999999996        5.1858590220452410E-004
  0.56666666666666665       0.73333333333333328        2.7960451478198855E-004
  0.56666666666666665       0.76666666666666661        1.4684402104344407E-004
  0.56666666666666665       0.80000000000000004        7.5097805102407705E-005
  0.56666666666666665       0.83333333333333337        3.7384220004342977E-005
  0.56666666666666665       0.86666666666666670        1.8098999092919421E-005
  0.56666666666666665       0.90000000000000002        8.4908560613656379E-006
  0.56666666666666665       0.93333333333333335        3.7871867113246157E-006
  0.56666666666666665       0.96666666666666667        1.4280616331458722E-006
  0.56666666666666665        1.0000000000000000        0.0000000000000000     

  0.59999999999999998        0.0000000000000000       0.95105651629515364     
  0.59999999999999998        3.3333333333333333E-002  0.80876025808660545     
  0.59999999999999998        6.6666666666666666E-002  0.67788596921941646     
  0.59999999999999998       0.10000000000000001       0.55936514900285650     
  0.59999999999999998       0.13333333333333333       0.45389799424776744     
  0.59999999999999998       0.16666666666666666       0.36183501762959985     
  0.59999999999999998       0.20000000000000001       0.28311249769502883     
  0.59999999999999998       0.23333333333333334       0.21724443257374354     
  0.59999999999999998       0.26666666666666666       0.16336518363355129     
  0.59999999999999998       0.29999999999999999       0.12031037153432086     
  0.59999999999999998       0.33333333333333331        8.6719871588933947E-002
  0.59999999999999998       0.36666666666666664        6.1146247772911715E-002
  0.59999999999999998       0.40000000000000002        4.2154251471375484E-002
  0.59999999999999998       0.43333333333333335        2.8401172430957109E-002
  0.59999999999999998       0.46666666666666667        1.8692737902533129E-002
  0.59999999999999998       0.50000000000000000        1.2013869387563821E-002
  0.59999999999999998       0.53333333333333333        7.5371791875691752E-003
  0.59999999999999998       0.56666666666666665        4.6142644288968172E-003
  0.59999999999999998       0.59999999999999998        2.7556438745920736E-003
  0.59999999999999998       0.63333333333333330        1.6048557355194070E-003
  0.59999999999999998       0.66666666666666663        9.1119491740535442E-004
  0.59999999999999998       0.69999999999999996        5.0422298350516037E-004
  0.59999999999999998       0.73333333333333328        2.7186049995876088E-004
  0.59999999999999998       0.76666666666666661        1.4277698272487668E-004
  0.59999999999999998       0.80000000000000004        7.3017872607904319E-005
  0.59999999999999998       0.83333333333333337        3.6348814856846818E-005
  0.59999999999999998       0.86666666666666670        1.7597723505969631E-005
  0.59999999999999998       0.90000000000000002        8.2556906340392000E-006
  0.59999999999999998       0.93333333333333335        3.6822955937627403E-006
  0.59999999999999998       0.96666666666666667        1.3885095877714004E-006
  0.59999999999999998        1.0000000000000000        0.0000000000000000     

  0.63333333333333330        0.0000000000000000       0.91354545764260098     
  0.63333333333333330        3.3333333333333333E-002  0.77686157177601689     
  0.63333333333333330        6.6666666666666666E-002  0.65114915609059432     
  0.63333333333333330       0.10000000000000001       0.53730297020177231     
  0.63333333333333330       0.13333333333333333       0.43599559413506994     
  0.63333333333333330       0.16666666666666666       0.34756371583386192     
  0.63333333333333330       0.20000000000000001       0.27194612711204957     
  0.63333333333333330       0.23333333333333334       0.20867599472321602     
  0.63333333333333330       0.26666666666666666       0.15692182208766248     
  0.63333333333333330       0.29999999999999999       0.11556515468778200     
  0.63333333333333330       0.33333333333333331        8.3299513141482012E-002
  0.63333333333333330       0.36666666666666664        5.8734550416030991E-002
  0.63333333333333330       0.40000000000000002        4.0491626199055192E-002
  0.63333333333333330       0.43333333333333335        2.7280988691499645E-002
  0.63333333333333330       0.46666666666666667        1.7955469006495084E-002
  0.63333333333333330       0.50000000000000000        1.1540024824680710E-002
  0.63333333333333330       0.53333333333333333        7.2399018273539553E-003
  0.63333333333333330       0.56666666666666665        4.4322710976224637E-003
  0.63333333333333330       0.59999999999999998        2.6469572537295843E-003
  0.63333333333333330       0.63333333333333330        1.5415578803525418E-003
  0.63333333333333330       0.66666666666666663        8.7525605845736247E-004
  0.63333333333333330       0.69999999999999996        4.8433569228307138E-004
  0.63333333333333330       0.73333333333333328        2.6113792460751793E-004
  0.63333333333333330       0.76666666666666661        1.3714564990557107E-004
  0.63333333333333330       0.80000000000000004        7.0137941021136566E-005
  0.63333333333333330       0.83333333333333337        3.4915164487300530E-005
  0.63333333333333330       0.86666666666666670        1.6903643577728047E-005
  0.63333333333333330       0.90000000000000002        7.9300741325118936E-006
  0.63333333333333330       0.93333333333333335        3.5370604751057083E-006
  0.63333333333333330       0.96666666666666667        1.3337447407889937E-006
  0.63333333333333330        1.0000000000000000        0.0000000000000000     

  0.66666666666666663        0.0000000000000000       0.86602540378443871     
  0.66666666666666663        3.3333333333333333E-002  0.73645142751631498     
  0.66666666666666663        6.6666666666666666E-002  0.61727821654592274     
  0.66666666666666663       0.10000000000000001       0.50935398762128226     
  0.66666666666666663       0.13333333333333333       0.41331633505508503     
  0.66666666666666663       0.16666666666666666       0.32948443323506466     
  0.66666666666666663       0.20000000000000001       0.25780025785204508     
  0.66666666666666663       0.23333333333333334       0.19782125900624173     
  0.66666666666666663       0.26666666666666666       0.14875919222097883     
  0.66666666666666663       0.29999999999999999       0.10955378182292047     
  0.66666666666666663       0.33333333333333331        7.8966507796508226E-002
  0.66666666666666663       0.36666666666666664        5.5679345033797387E-002
  0.66666666666666663       0.40000000000000002        3.8385366196680523E-002
  0.66666666666666663       0.43333333333333335        2.5861908731024206E-002
  0.66666666666666663       0.46666666666666667        1.7021476234598432E-002
  0.66666666666666663       0.50000000000000000        1.0939745334912949E-002
  0.66666666666666663       0.53333333333333333        6.8633025876713881E-003
  0.66666666666666663       0.56666666666666665        4.2017168766902034E-003
  0.66666666666666663       0.59999999999999998        2.5092700152838190E-003
  0.66666666666666663       0.63333333333333330        1.4613703944568084E-003
  0.66666666666666663       0.66666666666666663        8.2972771097380624E-004
  0.66666666666666663       0.69999999999999996        4.5914191786256952E-004
  0.66666666666666663       0.73333333333333328        2.4755426750765116E-004
  0.66666666666666663       0.76666666666666661        1.3001172064632774E-004
  0.66666666666666663       0.80000000000000004        6.6489563475233493E-005
  0.66666666666666663       0.83333333333333337        3.3098976269163473E-005
  0.66666666666666663       0.86666666666666670        1.6024363793134043E-005
  0.66666666666666663       0.90000000000000002        7.5175740793140912E-006
  0.66666666666666663       0.93333333333333335        3.3530725817059279E-006
  0.66666666666666663       0.96666666666666667        1.2643671073224728E-006
  0.66666666666666663        1.0000000000000000        0.0000000000000000     

  0.69999999999999996        0.0000000000000000       0.80901699437494745     
  0.69999999999999996        3.3333333333333333E-002  0.68797256730437539     
  0.69999999999999996        6.6666666666666666E-002  0.57664424768700273     
  0.69999999999999996       0.10000000000000001       0.47582441616323923     
  0.69999999999999996       0.13333333333333333       0.38610869571623296     
  0.69999999999999996       0.16666666666666666       0.30779525023669385     
  0.69999999999999996       0.20000000000000001       0.24082987501884134     
  0.69999999999999996       0.23333333333333334       0.18479915217883519     
  0.69999999999999996       0.26666666666666666       0.13896672551445988     
  0.69999999999999996       0.29999999999999999       0.10234211479880430     
  0.69999999999999996       0.33333333333333331        7.3768328867311772E-002
  0.69999999999999996       0.36666666666666664        5.2014105095721477E-002
  0.69999999999999996       0.40000000000000002        3.5858548089600727E-002
  0.69999999999999996       0.43333333333333335        2.4159480286539334E-002
  0.69999999999999996       0.46666666666666667        1.5900992607102621E-002
  0.69999999999999996       0.50000000000000000        1.0219607705966994E-002
  0.69999999999999996       0.53333333333333333        6.4115075685998914E-003
  0.69999999999999996       0.56666666666666665        3.9251277663911420E-003
  0.69999999999999996       0.59999999999999998        2.3440906894520944E-003
  0.69999999999999996       0.63333333333333330        1.3651718287079912E-003
  0.69999999999999996       0.66666666666666663        7.7510869305713495E-004
  0.69999999999999996       0.69999999999999996        4.2891768850834204E-004
  0.69999999999999996       0.73333333333333328        2.3125835404890966E-004
  0.69999999999999996       0.76666666666666661        1.2145335576898158E-004
  0.69999999999999996       0.80000000000000004        6.2112712358060090E-005
  0.69999999999999996       0.83333333333333337        3.0920148740615387E-005
  0.69999999999999996       0.86666666666666670        1.4969517725508760E-005
  0.69999999999999996       0.90000000000000002        7.0227099113498091E-006
  0.69999999999999996       0.93333333333333335        3.1323477234254300E-006
  0.69999999999999996       0.96666666666666667        1.1811368032422995E-006
  0.69999999999999996        1.0000000000000000        0.0000000000000000     

  0.73333333333333328        0.0000000000000000       0.74314482547739447     
  0.73333333333333328        3.3333333333333333E-002  0.63195613567753395     
  0.73333333333333328        6.6666666666666666E-002  0.52969244377985725     
  0.73333333333333328       0.10000000000000001       0.43708161282905111     
  0.73333333333333328       0.13333333333333333       0.35467076870867487     
  0.73333333333333328       0.16666666666666666       0.28273379806643273     
  0.73333333333333328       0.20000000000000001       0.22122090967803984     
  0.73333333333333328       0.23333333333333334       0.16975234716844861     
  0.73333333333333328       0.26666666666666666       0.12765171028254760     
  0.73333333333333328       0.29999999999999999        9.4009166148488074E-002
  0.73333333333333328       0.33333333333333331        6.7761928690029810E-002
  0.73333333333333328       0.36666666666666664        4.7778987737565580E-002
  0.73333333333333328       0.40000000000000002        3.2938856225767671E-002
  0.73333333333333328       0.43333333333333335        2.2192355520338866E-002
  0.73333333333333328       0.46666666666666667        1.4606294377106768E-002
  0.73333333333333328       0.50000000000000000        9.3875019164040632E-003
  0.73333333333333328       0.53333333333333333        5.8894667309125990E-003
  0.73333333333333328       0.56666666666666665        3.6055341348977072E-003
  0.73333333333333328       0.59999999999999998        2.1532290154942209E-003
  0.73333333333333328       0.63333333333333330        1.2540161547232778E-003
  0.73333333333333328       0.66666666666666663        7.1199742209740783E-004
  0.73333333333333328       0.69999999999999996        3.9399414720202043E-004
  0.73333333333333328       0.73333333333333328        2.1242872566928651E-004
  0.73333333333333328       0.76666666666666661        1.1156432251008182E-004
  0.73333333333333328       0.80000000000000004        5.7055341366371106E-005
  0.73333333333333328       0.83333333333333337        2.8402553592008016E-005
  0.73333333333333328       0.86666666666666670        1.3750662489109831E-005
  0.73333333333333328       0.90000000000000002        6.4509034640002526E-006
  0.73333333333333328       0.93333333333333335        2.8773042080011812E-006
  0.73333333333333328       0.96666666666666667        1.0849657171770373E-006
  0.73333333333333328        1.0000000000000000        0.0000000000000000     

  0.76666666666666661        0.0000000000000000       0.66913060635885835     
  0.76666666666666661        3.3333333333333333E-002  0.56901586038288599     
  0.76666666666666661        6.6666666666666666E-002  0.47693721861338967     
  0.76666666666666661       0.10000000000000001       0.39355005187950032     
  0.76666666666666661       0.13333333333333333       0.31934699453951459     
  0.76666666666666661       0.16666666666666666       0.25457465523870482     
  0.76666666666666661       0.20000000000000001       0.19918820175735422     
  0.76666666666666661       0.23333333333333334       0.15284569991952207     
  0.76666666666666661       0.26666666666666666       0.11493811619994203     
  0.76666666666666661       0.29999999999999999        8.4646233401166240E-002
  0.76666666666666661       0.33333333333333331        6.1013114641924659E-002
  0.76666666666666661       0.36666666666666664        4.3020393791360953E-002
  0.76666666666666661       0.40000000000000002        2.9658279360226289E-002
  0.76666666666666661       0.43333333333333335        1.9982086663008609E-002
  0.76666666666666661       0.46666666666666667        1.3151566529351733E-002
  0.76666666666666661       0.50000000000000000        8.4525446913839425E-003
  0.76666666666666661       0.53333333333333333        5.3028996632712823E-003
  0.76666666666666661       0.56666666666666665        3.2464375169158088E-003
  0.76666666666666661       0.59999999999999998        1.9387761138504526E-003
  0.76666666666666661       0.63333333333333330        1.1291212173276651E-003
  0.76666666666666661       0.66666666666666663        6.4108535838614238E-004
  0.76666666666666661       0.69999999999999996        3.5475392357037770E-004
  0.76666666666666661       0.73333333333333328        1.9127168371766193E-004
  0.76666666666666661       0.76666666666666661        1.0045296718742622E-004
  0.76666666666666661       0.80000000000000004        5.1372860115074387E-005
  0.76666666666666661       0.83333333333333337        2.5573774122630158E-005
  0.76666666666666661       0.86666666666666670        1.2381152116969093E-005
  0.76666666666666661       0.90000000000000002        5.8084195683607725E-006
  0.76666666666666661       0.93333333333333335        2.5907363455594568E-006
  0.76666666666666661       0.96666666666666667        9.7690751967071095E-007
  0.76666666666666661        1.0000000000000000        0.0000000000000000     

  0.80000000000000004        0.0000000000000000       0.58778525229247325     
  0.80000000000000004        3.3333333333333333E-002  0.49984132824765920     
  0.80000000000000004        6.6666666666666666E-002  0.41895656947426441     
  0.80000000000000004       0.10000000000000001       0.34570667420591472     
  0.80000000000000004       0.13333333333333333       0.28052438787052458     
  0.80000000000000004       0.16666666666666666       0.22362633921501018     
  0.80000000000000004       0.20000000000000001       0.17497314621540411     
  0.80000000000000004       0.23333333333333334       0.13426444319725830     
  0.80000000000000004       0.26666666666666666       0.10096523606390276     
  0.80000000000000004       0.29999999999999999        7.4355898807338131E-002
  0.80000000000000004       0.33333333333333331        5.3595828141987531E-002
  0.80000000000000004       0.36666666666666664        3.7790459408182007E-002
  0.80000000000000004       0.40000000000000002        2.6052760179620316E-002
  0.80000000000000004       0.43333333333333335        1.7552889882677971E-002
  0.80000000000000004       0.46666666666666667        1.1552747366558893E-002
  0.80000000000000004       0.50000000000000000        7.4249796179163266E-003
  0.80000000000000004       0.53333333333333333        4.6582329172160696E-003
  0.80000000000000004       0.56666666666666665        2.8517722501378556E-003
  0.80000000000000004       0.59999999999999998        1.7030815753883541E-003
  0.80000000000000004       0.63333333333333330        9.9185539159120546E-004
  0.80000000000000004       0.66666666666666663        5.6314942933266207E-004
  0.80000000000000004       0.69999999999999996        3.1162694171506673E-004
  0.80000000000000004       0.73333333333333328        1.6801902917305359E-004
  0.80000000000000004       0.76666666666666661        8.8241028135130372E-005
  0.80000000000000004       0.80000000000000004        4.5127527057894795E-005
  0.80000000000000004       0.83333333333333337        2.2464803032308476E-005
  0.80000000000000004       0.86666666666666670        1.0875991251312196E-005
  0.80000000000000004       0.90000000000000002        5.1022974124403951E-006
  0.80000000000000004       0.93333333333333335        2.2757838335693493E-006
  0.80000000000000004       0.96666666666666667        8.5814611894783092E-007
  0.80000000000000004        1.0000000000000000        0.0000000000000000     

  0.83333333333333337        0.0000000000000000       0.49999999999999994     
  0.83333333333333337        3.3333333333333333E-002  0.42519042992162864     
  0.83333333333333337        6.6666666666666666E-002  0.35638574448768057     
  0.83333333333333337       0.10000000000000001       0.29407566186595668     
  0.83333333333333337       0.13333333333333333       0.23862829730452290     
  0.83333333333333337       0.16666666666666666       0.19022792622205589     
  0.83333333333333337       0.20000000000000001       0.14884104826803318     
  0.83333333333333337       0.23333333333333334       0.11421215713868432     
  0.83333333333333337       0.26666666666666666        8.5886159673213405E-002
  0.83333333333333337       0.29999999999999999        6.3250905426204665E-002
  0.83333333333333337       0.33333333333333331        4.5591334533278703E-002
  0.83333333333333337       0.36666666666666664        3.2146484843564978E-002
  0.83333333333333337       0.40000000000000002        2.2161801506595857E-002
  0.83333333333333337       0.43333333333333335        1.4931379967614358E-002
  0.83333333333333337       0.46666666666666667        9.8273538860502215E-003
  0.83333333333333337       0.50000000000000000        6.3160649139779434E-003
  0.83333333333333337       0.53333333333333333        3.9625295965219302E-003
  0.83333333333333337       0.56666666666666665        2.4258623698156824E-003
  0.83333333333333337       0.59999999999999998        1.4487277187935689E-003
  0.83333333333333337       0.63333333333333330        8.4372259062538799E-004
  0.83333333333333337       0.66666666666666663        4.7904351728481900E-004
  0.83333333333333337       0.69999999999999996        2.6508570987419553E-004
  0.83333333333333337       0.73333333333333328        1.4292552298458304E-004
  0.83333333333333337       0.76666666666666661        7.5062301912963739E-005
  0.83333333333333337       0.80000000000000004        3.8387767370726766E-005
  0.83333333333333337       0.83333333333333337        1.9109702858902565E-005
  0.83333333333333337       0.86666666666666670        9.2516707495584348E-006
  0.83333333333333337       0.90000000000000002        4.3402734183449437E-006
  0.83333333333333337       0.93333333333333335        1.9358973576602711E-006
  0.83333333333333337       0.96666666666666667        7.2998268976713814E-007
  0.83333333333333337        1.0000000000000000        0.0000000000000000     

  0.86666666666666670        0.0000000000000000       0.40673664307580004     
  0.86666666666666670        3.3333333333333333E-002  0.34588105626855897     
  0.86666666666666670        6.6666666666666666E-002  0.28991028270597818     
  0.86666666666666670       0.10000000000000001       0.23922269503530666     
  0.86666666666666670       0.13333333333333333       0.19411774517707134     
  0.86666666666666670       0.16666666666666666       0.15474533626166001     
  0.86666666666666670       0.20000000000000001       0.12107821664884591     
  0.86666666666666670       0.23333333333333334        9.2908538786068515E-002
  0.86666666666666670       0.26666666666666666        6.9866096544309975E-002
  0.86666666666666670       0.29999999999999999        5.1452921889118798E-002
  0.86666666666666670       0.33333333333333331        3.7087332722823170E-002
  0.86666666666666670       0.36666666666666664        2.6150306663917416E-002
  0.86666666666666670       0.40000000000000002        1.8028033498610024E-002
  0.86666666666666670       0.43333333333333335        1.2146278729033429E-002
  0.86666666666666670       0.46666666666666667        7.9942898598599748E-003
  0.86666666666666670       0.50000000000000000        5.1379500811204633E-003
  0.86666666666666670       0.53333333333333333        3.2234119723556702E-003
  0.86666666666666670       0.56666666666666665        1.9733742337254721E-003
  0.86666666666666670       0.59999999999999998        1.1785012981459164E-003
  0.86666666666666670       0.63333333333333330        6.8634578839637584E-004
  0.86666666666666670       0.66666666666666663        3.8968910421530270E-004
  0.86666666666666670       0.69999999999999996        2.1564014352319161E-004
  0.86666666666666670       0.73333333333333328        1.1626609485720484E-004
  0.86666666666666670       0.76666666666666661        6.1061177403242179E-005
  0.86666666666666670       0.80000000000000004        3.1227423271088282E-005
  0.86666666666666670       0.83333333333333337        1.5545232782012102E-005
  0.86666666666666670       0.86666666666666670        7.5259870070359392E-006
  0.86666666666666670       0.90000000000000002        3.5306964804175011E-006
  0.86666666666666670       0.93333333333333335        1.5748007851881010E-006
  0.86666666666666670       0.96666666666666667        5.9382141747865801E-007
  0.86666666666666670        1.0000000000000000        0.0000000000000000     

  0.90000000000000002        0.0000000000000000       0.30901699437494751     
  0.90000000000000002        3.3333333333333333E-002  0.26278213738274681     
  0.90000000000000002        6.6666666666666666E-002  0.22025850319932208     
  0.90000000000000002       0.10000000000000001       0.18174875429728257     
  0.90000000000000002       0.13333333333333333       0.14748039841171007     
  0.90000000000000002       0.16666666666666666       0.11756732401463792     
  0.90000000000000002       0.20000000000000001        9.1988826750808161E-002
  0.90000000000000002       0.23333333333333334        7.0586995040150854E-002
  0.90000000000000002       0.26666666666666666        5.3080565841246444E-002
  0.90000000000000002       0.29999999999999999        3.9091209372599633E-002
  0.90000000000000002       0.33333333333333331        2.8176994334033062E-002
  0.90000000000000002       0.36666666666666664        1.9867620252156503E-002
  0.90000000000000002       0.40000000000000002        1.3696746583004868E-002
  0.90000000000000002       0.43333333333333335        9.2281003189249779E-003
  0.90000000000000002       0.46666666666666667        6.0736387210523976E-003
  0.90000000000000002       0.50000000000000000        3.9035427919890502E-003
  0.90000000000000002       0.53333333333333333        2.4489779720779604E-003
  0.90000000000000002       0.56666666666666665        1.4992653965754589E-003
  0.90000000000000002       0.59999999999999998        8.9536297065852548E-004
  0.90000000000000002       0.63333333333333330        5.2144923808260322E-004
  0.90000000000000002       0.66666666666666663        2.9606517577231590E-004
  0.90000000000000002       0.69999999999999996        1.6383197863414646E-004
  0.90000000000000002       0.73333333333333328        8.8332831064326617E-005
  0.90000000000000002       0.76666666666666661        4.6391053856017841E-005
  0.90000000000000002       0.80000000000000004        2.3724944987333327E-005
  0.90000000000000002       0.83333333333333337        1.1810445881712822E-005
  0.90000000000000002       0.86666666666666670        5.7178469759503281E-006
  0.90000000000000002       0.90000000000000002        2.6824364930048671E-006
  0.90000000000000002       0.93333333333333335        1.1964503657651591E-006
  0.90000000000000002       0.96666666666666667        4.5115411347516140E-007
  0.90000000000000002        1.0000000000000000        0.0000000000000000     

  0.93333333333333335        0.0000000000000000       0.20791169081775931     
  0.93333333333333335        3.3333333333333333E-002  0.17680412240907165     
  0.93333333333333335        6.6666666666666666E-002  0.14819352543955924     
  0.93333333333333335       0.10000000000000001       0.12228353617380545     
  0.93333333333333335       0.13333333333333333        9.9227225539092648E-002
  0.93333333333333335       0.16666666666666666        7.9101219563167235E-002
  0.93333333333333335       0.20000000000000001        6.1891588016989005E-002
  0.93333333333333335       0.23333333333333334        4.7492085405294968E-002
  0.93333333333333335       0.26666666666666666        3.5713473351003715E-002
  0.93333333333333335       0.29999999999999999        2.6301205385832797E-002
  0.93333333333333335       0.33333333333333331        1.8957942898904151E-002
  0.93333333333333335       0.36666666666666664        1.3367260035346135E-002
  0.93333333333333335       0.40000000000000002        9.2153952456078235E-003
  0.93333333333333335       0.43333333333333335        6.2088169106182438E-003
  0.93333333333333335       0.46666666666666667        4.0864435254263582E-003
  0.93333333333333335       0.50000000000000000        2.6263674711597598E-003
  0.93333333333333335       0.53333333333333333        1.6477124566565767E-003
  0.93333333333333335       0.56666666666666665        1.0087302939991104E-003
  0.93333333333333335       0.59999999999999998        6.0241485909785255E-004
  0.93333333333333335       0.63333333333333330        3.5083958079612921E-004
  0.93333333333333335       0.66666666666666663        1.9919749530794648E-004
  0.93333333333333335       0.69999999999999996        1.1022883630314000E-004
  0.93333333333333335       0.73333333333333328        5.9431774289474355E-005
  0.93333333333333335       0.76666666666666661        3.1212660214794841E-005
  0.93333333333333335       0.80000000000000004        1.5962531241533227E-005
  0.93333333333333335       0.83333333333333337        7.9462612648388037E-006
  0.93333333333333335       0.86666666666666670        3.8470610168598020E-006
  0.93333333333333335       0.90000000000000002        1.8047871700389469E-006
  0.93333333333333335       0.93333333333333335        8.0499138576155907E-007
  0.93333333333333335       0.96666666666666667        3.0354387059436306E-007
  0.93333333333333335        1.0000000000000000        0.0000000000000000     

  0.96666666666666667        0.0000000000000000       0.10452846326765373     
  0.96666666666666667        3.3333333333333333E-002   8.8889004471641567E-002
  0.96666666666666667        6.6666666666666666E-002   7.4504908403591738E-002
  0.96666666666666667       0.10000000000000001        6.1478554038533077E-002
  0.96666666666666667       0.13333333333333333        4.9886898418837033E-002
  0.96666666666666667       0.16666666666666666        3.9768465597168123E-002
  0.96666666666666667       0.20000000000000001        3.1116252093208285E-002
  0.96666666666666667       0.23333333333333334        2.3876842544380859E-002
  0.96666666666666667       0.26666666666666666        1.7955096573202618E-002
  0.96666666666666667       0.29999999999999999        1.3223039888977713E-002
  0.96666666666666667       0.33333333333333331        9.5311842741702488E-003
  0.96666666666666667       0.36666666666666664        6.7204453203095213E-003
  0.96666666666666667       0.40000000000000002        4.6330781094544651E-003
  0.96666666666666667       0.43333333333333335        3.1215084049603086E-003
  0.96666666666666667       0.46666666666666667        2.0544763993924644E-003
  0.96666666666666667       0.50000000000000000        1.3204171187137168E-003
  0.96666666666666667       0.53333333333333333        8.2839425875406471E-004
  0.96666666666666667       0.56666666666666665        5.0714333123132280E-004
  0.96666666666666667       0.59999999999999998        3.0286656427748997E-004
  0.96666666666666667       0.63333333333333330        1.7638605164455059E-004
  0.96666666666666667       0.66666666666666663        1.0014736540022747E-004
  0.96666666666666667       0.69999999999999996        5.5418003774729380E-005
  0.96666666666666667       0.73333333333333328        2.9879570558608297E-005
  0.96666666666666667       0.76666666666666661        1.5692294136589490E-005
  0.96666666666666667       0.80000000000000004        8.0252286630764788E-006
  0.96666666666666667       0.83333333333333337        3.9950157466851387E-006
  0.96666666666666667       0.86666666666666670        1.9341258522192854E-006
  0.96666666666666667       0.90000000000000002        9.0736422116208431E-007
  0.96666666666666667       0.93333333333333335        4.0471275168027810E-007
  0.96666666666666667       0.96666666666666667        1.5260793754669433E-007
  0.96666666666666667        1.0000000000000000        0.0000000000000000     

   1.0000000000000000        0.0000000000000000        1.2246467991473532E-016
   1.0000000000000000        3.3333333333333333E-002   0.0000000000000000     
   1.0000000000000000        6.6666666666666666E-002   0.0000000000000000     
   1.0000000000000000       0.10000000000000001        0.0000000000000000     
   1.0000000000000000       0.13333333333333333        0.0000000000000000     
   1.0000000000000000       0.16666666666666666        0.0000000000000000     
   1.0000000000000000       0.20000000000000001        0.0000000000000000     
   1.0000000000000000       0.23333333333333334        0.0000000000000000     
   1.0000000000000000       0.26666666666666666        0.0000000000000000     
   1.0000000000000000       0.29999999999999999        0.0000000000000000     
   1.0000000000000000       0.33333333333333331        0.0000000000000000     
   1.0000000000000000       0.36666666666666664        0.0000000000000000     
   1.0000000000000000       0.40000000000000002        0.0000000000000000     
   1.0000000000000000       0.43333333333333335        0.0000000000000000     
   1.0000000000000000       0.46666666666666667        0.0000000000000000     
   1.0000000000000000       0.50000000000000000        0.0000000000000000     
   1.0000000000000000       0.53333333333333333        0.0000000000000000     
   1.0000000000000000       0.56666666666666665        0.0000000000000000     
   1.0000000000000000       0.59999999999999998        0.0000000000000000     
   1.0000000000000000       0.63333333333333330        0.0000000000000000     
   1.0000000000000000       0.66666666666666663        0.0000000000000000     
   1.0000000000000000       0.69999999999999996        0.0000000000000000     
   1.0000000000000000       0.73333333333333328        0.0000000000000000     
   1.0000000000000000       0.76666666666666661        0.0000000000000000     
   1.0000000000000000       0.80000000000000004        0.0000000000000000     
   1.0000000000000000       0.83333333333333337        0.0000000000000000     
   1.0000000000000000       0.86666666666666670        0.0000000000000000     
   1.0000000000000000       0.90000000000000002        0.0000000000000000     
   1.0000000000000000       0.93333333333333335        0.0000000000000000     
   1.0000000000000000       0.96666666666666667        0.0000000000000000     
   1.0000000000000000        1.0000000000000000        0.0000000000000000     

