   0.0000000000000000        0.0000000000000000        0.0000000000000000     
   0.0000000000000000        3.3333333333333333E-002   0.0000000000000000     
   0.0000000000000000        6.6666666666666666E-002   0.0000000000000000     
   0.0000000000000000       0.10000000000000001        0.0000000000000000     
   0.0000000000000000       0.13333333333333333        0.0000000000000000     
   0.0000000000000000       0.16666666666666666        0.0000000000000000     
   0.0000000000000000       0.20000000000000001        0.0000000000000000     
   0.0000000000000000       0.23333333333333334        0.0000000000000000     
   0.0000000000000000       0.26666666666666666        0.0000000000000000     
   0.0000000000000000       0.29999999999999999        0.0000000000000000     
   0.0000000000000000       0.33333333333333331        0.0000000000000000     
   0.0000000000000000       0.36666666666666664        0.0000000000000000     
   0.0000000000000000       0.40000000000000002        0.0000000000000000     
   0.0000000000000000       0.43333333333333335        0.0000000000000000     
   0.0000000000000000       0.46666666666666667        0.0000000000000000     
   0.0000000000000000       0.50000000000000000        0.0000000000000000     
   0.0000000000000000       0.53333333333333333        0.0000000000000000     
   0.0000000000000000       0.56666666666666665        0.0000000000000000     
   0.0000000000000000       0.59999999999999998        0.0000000000000000     
   0.0000000000000000       0.63333333333333330        0.0000000000000000     
   0.0000000000000000       0.66666666666666663        0.0000000000000000     
   0.0000000000000000       0.69999999999999996        0.0000000000000000     
   0.0000000000000000       0.73333333333333328        0.0000000000000000     
   0.0000000000000000       0.76666666666666661        0.0000000000000000     
   0.0000000000000000       0.80000000000000004        0.0000000000000000     
   0.0000000000000000       0.83333333333333337        0.0000000000000000     
   0.0000000000000000       0.86666666666666670        0.0000000000000000     
   0.0000000000000000       0.90000000000000002        0.0000000000000000     
   0.0000000000000000       0.93333333333333335        0.0000000000000000     
   0.0000000000000000       0.96666666666666667        0.0000000000000000     
   0.0000000000000000        1.0000000000000000        0.0000000000000000     

   3.3333333333333333E-002   0.0000000000000000       0.10452846326765346     
   3.3333333333333333E-002   3.3333333333333333E-002   8.9014424100288911E-002
   3.3333333333333333E-002   6.6666666666666666E-002   7.4746220678280531E-002
   3.3333333333333333E-002  0.10000000000000001        6.1817897530907676E-002
   3.3333333333333333E-002  0.13333333333333333        5.0300255671987475E-002
   3.3333333333333333E-002  0.16666666666666666        4.0228459646401649E-002
   3.3333333333333333E-002  0.20000000000000001        3.1595111136089558E-002
   3.3333333333333333E-002  0.23333333333333334        2.4349092495040629E-002
   3.3333333333333333E-002  0.26666666666666666        1.8399633093501920E-002
   3.3333333333333333E-002  0.29999999999999999        1.3624377549451949E-002
   3.3333333333333333E-002  0.33333333333333331        9.8798435411341992E-003
   3.3333333333333333E-002  0.36666666666666664        7.0125821287206989E-003
   3.3333333333333333E-002  0.40000000000000002        4.8695598920425716E-003
   3.3333333333333333E-002  0.43333333333333335        3.3066833109373930E-003
   3.3333333333333333E-002  0.46666666666666667        2.1948723986111333E-003
   3.3333333333333333E-002  0.50000000000000000        1.4235588830195111E-003
   3.3333333333333333E-002  0.53333333333333333        9.0185725105000635E-004
   3.3333333333333333E-002  0.56666666666666665        5.5789479137030844E-004
   3.3333333333333333E-002  0.59999999999999998        3.3688563755641016E-004
   3.3333333333333333E-002  0.63333333333333330        1.9851718729727410E-004
   3.3333333333333333E-002  0.66666666666666663        1.1412317506534607E-004
   3.3333333333333333E-002  0.69999999999999996        6.3986473249840365E-005
   3.3333333333333333E-002  0.73333333333333328        3.4980187651649347E-005
   3.3333333333333333E-002  0.76666666666666661        1.8640480582124444E-005
   3.3333333333333333E-002  0.80000000000000004        9.6798113423693418E-006
   3.3333333333333333E-002  0.83333333333333337        4.8964286718590377E-006
   3.3333333333333333E-002  0.86666666666666670        2.4103369315379755E-006
   3.3333333333333333E-002  0.90000000000000002        1.1501348574380674E-006
   3.3333333333333333E-002  0.93333333333333335        5.2139018090238258E-007
   3.3333333333333333E-002  0.96666666666666667        1.9912955188221856E-007
   3.3333333333333333E-002   1.0000000000000000        0.0000000000000000     

   6.6666666666666666E-002   0.0000000000000000       0.20791169081775931     
   6.6666666666666666E-002   3.3333333333333333E-002  0.17705358754266926     
   6.6666666666666666E-002   6.6666666666666666E-002  0.14867350612115757     
   6.6666666666666666E-002  0.10000000000000001       0.12295850524024000     
   6.6666666666666666E-002  0.13333333333333333       0.10004941121682746     
   6.6666666666666666E-002  0.16666666666666666        8.0016167870570934E-002
   6.6666666666666666E-002  0.20000000000000001        6.2844059622870055E-002
   6.6666666666666666E-002  0.23333333333333334        4.8431411237330413E-002
   6.6666666666666666E-002  0.26666666666666666        3.6597675956460664E-002
   6.6666666666666666E-002  0.29999999999999999        2.7099483567387804E-002
   6.6666666666666666E-002  0.33333333333333331        1.9651441448941553E-002
   6.6666666666666666E-002  0.36666666666666664        1.3948332940161980E-002
   6.6666666666666666E-002  0.40000000000000002        9.6857678668870063E-003
   6.6666666666666666E-002  0.43333333333333335        6.5771379075521873E-003
   6.6666666666666666E-002  0.46666666666666667        4.3656973159165047E-003
   6.6666666666666666E-002  0.50000000000000000        2.8315209570178124E-003
   6.6666666666666666E-002  0.53333333333333333        1.7938335653317461E-003
   6.6666666666666666E-002  0.56666666666666665        1.1096771706593730E-003
   6.6666666666666666E-002  0.59999999999999998        6.7008028556990039E-004
   6.6666666666666666E-002  0.63333333333333330        3.9485937874812705E-004
   6.6666666666666666E-002  0.66666666666666663        2.2699599274286650E-004
   6.6666666666666666E-002  0.69999999999999996        1.2727189730872511E-004
   6.6666666666666666E-002  0.73333333333333328        6.9577125047312364E-005
   6.6666666666666666E-002  0.76666666666666661        3.7076732158219796E-005
   6.6666666666666666E-002  0.80000000000000004        1.9253568646040933E-005
   6.6666666666666666E-002  0.83333333333333337        9.7392110465456158E-006
   6.6666666666666666E-002  0.86666666666666670        4.7942657072585909E-006
   6.6666666666666666E-002  0.90000000000000002        2.2876685966968516E-006
   6.6666666666666666E-002  0.93333333333333335        1.0370679018748888E-006
   6.6666666666666666E-002  0.96666666666666667        3.9607739872347786E-007
   6.6666666666666666E-002   1.0000000000000000        0.0000000000000000     

  0.10000000000000001        0.0000000000000000       0.30901699437494740     
  0.10000000000000001        3.3333333333333333E-002  0.26315291482908698     
  0.10000000000000001        6.6666666666666666E-002  0.22097189351903990     
  0.10000000000000001       0.10000000000000001       0.18275195383543885     
  0.10000000000000001       0.13333333333333333       0.14870240447569058     
  0.10000000000000001       0.16666666666666666       0.11892720221509062     
  0.10000000000000001       0.20000000000000001        9.3404475441457455E-002
  0.10000000000000001       0.23333333333333334        7.1983105303179626E-002
  0.10000000000000001       0.26666666666666666        5.4394747023084382E-002
  0.10000000000000001       0.29999999999999999        4.0277681972427849E-002
  0.10000000000000001       0.33333333333333331        2.9207734051905798E-002
  0.10000000000000001       0.36666666666666664        2.0731262897034530E-002
  0.10000000000000001       0.40000000000000002        1.4395856542104594E-002
  0.10000000000000001       0.43333333333333335        9.7755320048972492E-003
  0.10000000000000001       0.46666666666666667        6.4886907398477986E-003
  0.10000000000000001       0.50000000000000000        4.2084602948771720E-003
  0.10000000000000001       0.53333333333333333        2.6661562636879042E-003
  0.10000000000000001       0.56666666666666665        1.6493016946518167E-003
  0.10000000000000001       0.59999999999999998        9.9593339375137206E-004
  0.10000000000000001       0.63333333333333330        5.8687540821577829E-004
  0.10000000000000001       0.66666666666666663        3.3738179482193075E-004
  0.10000000000000001       0.69999999999999996        1.8916290382733873E-004
  0.10000000000000001       0.73333333333333328        1.0341176090100756E-004
  0.10000000000000001       0.76666666666666661        5.5106763297984671E-005
  0.10000000000000001       0.80000000000000004        2.8616379822558240E-005
  0.10000000000000001       0.83333333333333337        1.4475288586945301E-005
  0.10000000000000001       0.86666666666666670        7.1256675046258829E-006
  0.10000000000000001       0.90000000000000002        3.4001381600847941E-006
  0.10000000000000001       0.93333333333333335        1.5413832898940435E-006
  0.10000000000000001       0.96666666666666667        5.8868573869979841E-007
  0.10000000000000001        1.0000000000000000        0.0000000000000000     

  0.13333333333333333        0.0000000000000000       0.40673664307580015     
  0.13333333333333333        3.3333333333333333E-002  0.34636908371234953     
  0.13333333333333333        6.6666666666666666E-002  0.29084926661018612     
  0.13333333333333333       0.10000000000000001       0.24054313378111167     
  0.13333333333333333       0.13333333333333333       0.19572618307313938     
  0.13333333333333333       0.16666666666666666       0.15653524524502474     
  0.13333333333333333       0.20000000000000001       0.12294153228096515     
  0.13333333333333333       0.23333333333333334        9.4746137403894037E-002
  0.13333333333333333       0.26666666666666666        7.1595857858490569E-002
  0.13333333333333333       0.29999999999999999        5.3014589665131152E-002
  0.13333333333333333       0.33333333333333331        3.8444020608486083E-002
  0.13333333333333333       0.36666666666666664        2.7287056799311499E-002
  0.13333333333333333       0.40000000000000002        1.8948221200520227E-002
  0.13333333333333333       0.43333333333333335        1.2866823327935069E-002
  0.13333333333333333       0.46666666666666667        8.5405927101874883E-003
  0.13333333333333333       0.50000000000000000        5.5392908610689250E-003
  0.13333333333333333       0.53333333333333333        3.5092679960900311E-003
  0.13333333333333333       0.56666666666666665        2.1708561241390871E-003
  0.13333333333333333       0.59999999999999998        1.3108748472584425E-003
  0.13333333333333333       0.63333333333333330        7.7246150789944310E-004
  0.13333333333333333       0.66666666666666663        4.4407117135524644E-004
  0.13333333333333333       0.69999999999999996        2.4898140198673752E-004
  0.13333333333333333       0.73333333333333328        1.3611339586196909E-004
  0.13333333333333333       0.76666666666666661        7.2533033207225250E-005
  0.13333333333333333       0.80000000000000004        3.7665663953377134E-005
  0.13333333333333333       0.83333333333333337        1.9052771836437540E-005
  0.13333333333333333       0.86666666666666670        9.3789989976707035E-006
  0.13333333333333333       0.90000000000000002        4.4753550982661944E-006
  0.13333333333333333       0.93333333333333335        2.0288109600339287E-006
  0.13333333333333333       0.96666666666666667        7.7484431453251363E-007
  0.13333333333333333        1.0000000000000000        0.0000000000000000     

  0.16666666666666666        0.0000000000000000       0.49999999999999994     
  0.16666666666666666        3.3333333333333333E-002  0.42579036043206903     
  0.16666666666666666        6.6666666666666666E-002  0.35754003427222919     
  0.16666666666666666       0.10000000000000001       0.29569887281619178     
  0.16666666666666666       0.13333333333333333       0.24060554465050185     
  0.16666666666666666       0.16666666666666666       0.19242825537094843     
  0.16666666666666666       0.20000000000000001       0.15113161596563299     
  0.16666666666666666       0.23333333333333334       0.11647111099630746     
  0.16666666666666666       0.26666666666666666        8.8012549492802683E-002
  0.16666666666666666       0.29999999999999999        6.5170658419447164E-002
  0.16666666666666666       0.33333333333333331        4.7259106430351271E-002
  0.16666666666666666       0.36666666666666664        3.3543887997111478E-002
  0.16666666666666666       0.40000000000000002        2.3292985182292763E-002
  0.16666666666666666       0.43333333333333335        1.5817143042036151E-002
  0.16666666666666666       0.46666666666666667        1.0498922159560440E-002
  0.16666666666666666       0.50000000000000000        6.8094317974156703E-003
  0.16666666666666666       0.53333333333333333        4.3139314539654573E-003
  0.16666666666666666       0.56666666666666665        2.6686261996494401E-003
  0.16666666666666666       0.59999999999999998        1.6114540816207525E-003
  0.16666666666666666       0.63333333333333330        9.4958435765459860E-004
  0.16666666666666666       0.66666666666666663        5.4589521120732725E-004
  0.16666666666666666       0.69999999999999996        3.0607200780326162E-004
  0.16666666666666666       0.73333333333333328        1.6732374397430765E-004
  0.16666666666666666       0.76666666666666661        8.9164616026134457E-005
  0.16666666666666666       0.80000000000000004        4.6302275187875923E-005
  0.16666666666666666       0.83333333333333337        2.3421508930640935E-005
  0.16666666666666666       0.86666666666666670        1.1529572215015326E-005
  0.16666666666666666       0.90000000000000002        5.5015391094627282E-006
  0.16666666666666666       0.93333333333333335        2.4940105527396947E-006
  0.16666666666666666       0.96666666666666667        9.5251353390861336E-007
  0.16666666666666666        1.0000000000000000        0.0000000000000000     

  0.20000000000000001        0.0000000000000000       0.58778525229247314     
  0.20000000000000001        3.3333333333333333E-002  0.50054658886053360     
  0.20000000000000001        6.6666666666666666E-002  0.42031351849872339     
  0.20000000000000001       0.10000000000000001       0.34761487312173039     
  0.20000000000000001       0.13333333333333333       0.28284878153072629     
  0.20000000000000001       0.16666666666666666       0.22621298126282668     
  0.20000000000000001       0.20000000000000001       0.17766587003945750     
  0.20000000000000001       0.23333333333333334       0.13692000272349844     
  0.20000000000000001       0.26666666666666666       0.10346495721706161     
  0.20000000000000001       0.29999999999999999        7.6612703802282675E-002
  0.20000000000000001       0.33333333333333331        5.5556411592561722E-002
  0.20000000000000001       0.36666666666666664        3.9433205338505264E-002
  0.20000000000000001       0.40000000000000002        2.7382546344037580E-002
  0.20000000000000001       0.43333333333333335        1.8594166827018713E-002
  0.20000000000000001       0.46666666666666667        1.2342223220712541E-002
  0.20000000000000001       0.50000000000000000        8.0049671740247182E-003
  0.20000000000000001       0.53333333333333333        5.0713305760830430E-003
  0.20000000000000001       0.56666666666666665        3.1371582480705000E-003
  0.20000000000000001       0.59999999999999998        1.8943778878463789E-003
  0.20000000000000001       0.63333333333333330        1.1163033624739887E-003
  0.20000000000000001       0.66666666666666663        6.4173830888950337E-004
  0.20000000000000001       0.69999999999999996        3.5980922465260787E-004
  0.20000000000000001       0.73333333333333328        1.9670085813291923E-004
  0.20000000000000001       0.76666666666666661        1.0481929265296588E-004
  0.20000000000000001       0.80000000000000004        5.4431589006042325E-005
  0.20000000000000001       0.83333333333333337        2.7533635071734393E-005
  0.20000000000000001       0.86666666666666670        1.3553825026454142E-005
  0.20000000000000001       0.90000000000000002        6.4674471069049146E-006
  0.20000000000000001       0.93333333333333335        2.9318852439243838E-006
  0.20000000000000001       0.96666666666666667        1.1197468156809393E-006
  0.20000000000000001        1.0000000000000000        0.0000000000000000     

  0.23333333333333334        0.0000000000000000       0.66913060635885824     
  0.23333333333333334        3.3333333333333333E-002  0.56981872411533441     
  0.23333333333333334        6.6666666666666666E-002  0.47848195986028730     
  0.23333333333333334       0.10000000000000001       0.39572233213425861     
  0.23333333333333334       0.13333333333333333       0.32199306797058724     
  0.23333333333333334       0.16666666666666666       0.25751927039387984     
  0.23333333333333334       0.20000000000000001       0.20225357966215618     
  0.23333333333333334       0.23333333333333334       0.15586877024849818     
  0.23333333333333334       0.26666666666666666       0.11778378121861617     
  0.23333333333333334       0.29999999999999999        8.7215364370021420E-002
  0.23333333333333334       0.33333333333333331        6.3245029083437529E-002
  0.23333333333333334       0.36666666666666664        4.4890484230281656E-002
  0.23333333333333334       0.40000000000000002        3.1172098597870915E-002
  0.23333333333333334       0.43333333333333335        2.1167469029164891E-002
  0.23333333333333334       0.46666666666666667        1.4050300301482261E-002
  0.23333333333333334       0.50000000000000000        9.1127984551280759E-003
  0.23333333333333334       0.53333333333333333        5.7731671391649140E-003
  0.23333333333333334       0.56666666666666665        3.5713189342331301E-003
  0.23333333333333334       0.59999999999999998        2.1565464935087019E-003
  0.23333333333333334       0.63333333333333330        1.2707919140526169E-003
  0.23333333333333334       0.66666666666666663        7.3055038736711164E-004
  0.23333333333333334       0.69999999999999996        4.0960429634173928E-004
  0.23333333333333334       0.73333333333333328        2.2392287652752568E-004
  0.23333333333333334       0.76666666666666661        1.1932554717464424E-004
  0.23333333333333334       0.80000000000000004        6.1964538944516258E-005
  0.23333333333333334       0.83333333333333337        3.1344096945198366E-005
  0.23333333333333334       0.86666666666666670        1.5429579294582899E-005
  0.23333333333333334       0.90000000000000002        7.3624964004435360E-006
  0.23333333333333334       0.93333333333333335        3.3376375868402061E-006
  0.23333333333333334       0.96666666666666667        1.2747119170185786E-006
  0.23333333333333334        1.0000000000000000        0.0000000000000000     

  0.26666666666666666        0.0000000000000000       0.74314482547739413     
  0.26666666666666666        3.3333333333333333E-002  0.63284780618649339     
  0.26666666666666666        6.6666666666666666E-002  0.53140805274083458     
  0.26666666666666666       0.10000000000000001       0.43949417446570205     
  0.26666666666666666       0.13333333333333333       0.35760953097638121     
  0.26666666666666666       0.16666666666666666       0.28600412450912582     
  0.26666666666666666       0.20000000000000001       0.22462535674179382     
  0.26666666666666666       0.23333333333333334       0.17310980690901823     
  0.26666666666666666       0.26666666666666666       0.13081214146529876     
  0.26666666666666666       0.29999999999999999        9.6862475154733868E-002
  0.26666666666666666       0.33333333333333331        7.0240720800802001E-002
  0.26666666666666666       0.36666666666666664        4.9855933582893336E-002
  0.26666666666666666       0.40000000000000002        3.4620122816284973E-002
  0.26666666666666666       0.43333333333333335        2.3508856011049871E-002
  0.26666666666666666       0.46666666666666667        1.5604439351934580E-002
  0.26666666666666666       0.50000000000000000        1.0120788009381375E-002
  0.26666666666666666       0.53333333333333333        6.4117516749572015E-003
  0.26666666666666666       0.56666666666666665        3.9663515028057700E-003
  0.26666666666666666       0.59999999999999998        2.3950875245017768E-003
  0.26666666666666666       0.63333333333333330        1.4113574034905804E-003
  0.26666666666666666       0.66666666666666663        8.1135840292322883E-004
  0.26666666666666666       0.69999999999999996        4.5491165764494095E-004
  0.26666666666666666       0.73333333333333328        2.4869154902802215E-004
  0.26666666666666666       0.76666666666666661        1.3252444603100111E-004
  0.26666666666666666       0.80000000000000004        6.8818592427400665E-005
  0.26666666666666666       0.83333333333333337        3.4811146333356778E-005
  0.26666666666666666       0.86666666666666670        1.7136283863113157E-005
  0.26666666666666666       0.90000000000000002        8.1768806427174753E-006
  0.26666666666666666       0.93333333333333335        3.7068220739090397E-006
  0.26666666666666666       0.96666666666666667        1.4157110078427451E-006
  0.26666666666666666        1.0000000000000000        0.0000000000000000     

  0.29999999999999999        0.0000000000000000       0.80901699437494745     
  0.29999999999999999        3.3333333333333333E-002  0.68894327526115606     
  0.29999999999999999        6.6666666666666666E-002  0.57851192779126903     
  0.29999999999999999       0.10000000000000001       0.47845082665163063     
  0.29999999999999999       0.13333333333333333       0.38930794912619243     
  0.29999999999999999       0.16666666666666666       0.31135545758603905     
  0.29999999999999999       0.20000000000000001       0.24453609140709043     
  0.29999999999999999       0.23333333333333334       0.18845421629948711     
  0.29999999999999999       0.26666666666666666       0.14240729651588707     
  0.29999999999999999       0.29999999999999999       0.10544834039187501     
  0.29999999999999999       0.33333333333333331        7.6466840482257076E-002
  0.29999999999999999       0.36666666666666664        5.4275150894146001E-002
  0.29999999999999999       0.40000000000000002        3.7688841724397355E-002
  0.29999999999999999       0.43333333333333335        2.5592675046933400E-002
  0.29999999999999999       0.46666666666666667        1.6987612899408241E-002
  0.29999999999999999       0.50000000000000000        1.1017892092292843E-002
  0.29999999999999999       0.53333333333333333        6.9800877176533606E-003
  0.29999999999999999       0.56666666666666665        4.3179278943012564E-003
  0.29999999999999999       0.59999999999999998        2.6073874753721241E-003
  0.29999999999999999       0.63333333333333330        1.5364597658703769E-003
  0.29999999999999999       0.66666666666666663        8.8327700602925784E-004
  0.29999999999999999       0.69999999999999996        4.9523491163060032E-004
  0.29999999999999999       0.73333333333333328        2.7073550487531525E-004
  0.29999999999999999       0.76666666666666661        1.4427137932411911E-004
  0.29999999999999999       0.80000000000000004        7.4918655010434147E-005
  0.29999999999999999       0.83333333333333337        3.7896797517586236E-005
  0.29999999999999999       0.86666666666666670        1.8655239719641208E-005
  0.29999999999999999       0.90000000000000002        8.9016772695475224E-006
  0.29999999999999999       0.93333333333333335        4.0353938426337380E-006
  0.29999999999999999       0.96666666666666667        1.5411992726084120E-006
  0.29999999999999999        1.0000000000000000        0.0000000000000000     

  0.33333333333333331        0.0000000000000000       0.86602540378443860     
  0.33333333333333331        3.3333333333333333E-002  0.73749053764140848     
  0.33333333333333331        6.6666666666666666E-002  0.61927750509941859     
  0.33333333333333331       0.10000000000000001       0.51216547145849178     
  0.33333333333333331       0.13333333333333333       0.41674102791745132     
  0.33333333333333331       0.16666666666666666       0.33329551511432137     
  0.33333333333333331       0.20000000000000001       0.26176763748246412     
  0.33333333333333331       0.23333333333333334       0.20173388185959867     
  0.33333333333333331       0.26666666666666666       0.15244220742520467     
  0.33333333333333331       0.29999999999999999       0.11287889154519892     
  0.33333333333333331       0.33333333333333331        8.1855173457673444E-002
  0.33333333333333331       0.36666666666666664        5.8099718294396904E-002
  0.33333333333333331       0.40000000000000002        4.0344633795680075E-002
  0.33333333333333331       0.43333333333333335        2.7396095379391163E-002
  0.33333333333333331       0.46666666666666667        1.8184666605069441E-002
  0.33333333333333331       0.50000000000000000        1.1794281843799005E-002
  0.33333333333333331       0.53333333333333333        7.4719484586376495E-003
  0.33333333333333331       0.56666666666666665        4.6221961642022771E-003
  0.33333333333333331       0.59999999999999998        2.7911203434313873E-003
  0.33333333333333331       0.63333333333333330        1.6447283535304211E-003
  0.33333333333333331       0.66666666666666663        9.4551824141963386E-004
  0.33333333333333331       0.69999999999999996        5.3013226828986688E-004
  0.33333333333333331       0.73333333333333328        2.8981322587614763E-004
  0.33333333333333331       0.76666666666666661        1.5443764519463505E-004
  0.33333333333333331       0.80000000000000004        8.0197893131436868E-005
  0.33333333333333331       0.83333333333333337        4.0567243457798307E-005
  0.33333333333333331       0.86666666666666670        1.9969804865940983E-005
  0.33333333333333331       0.90000000000000002        9.5289452574166814E-006
  0.33333333333333331       0.93333333333333335        4.3197529919580899E-006
  0.33333333333333331       0.96666666666666667        1.6498018356266990E-006
  0.33333333333333331        1.0000000000000000        0.0000000000000000     

  0.36666666666666664        0.0000000000000000       0.91354545764260087     
  0.36666666666666664        3.3333333333333333E-002  0.77795769936144499     
  0.36666666666666664        6.6666666666666666E-002  0.65325814846954966     
  0.36666666666666664       0.10000000000000001       0.54026872418253835     
  0.36666666666666664       0.13333333333333333       0.43960820479817997     
  0.36666666666666664       0.16666666666666666       0.35158391723244070     
  0.36666666666666664       0.20000000000000001       0.27613120254318002     
  0.36666666666666664       0.23333333333333334       0.21280330879452775     
  0.36666666666666664       0.26666666666666666       0.16080692960938897     
  0.36666666666666664       0.29999999999999999       0.11907271794132697     
  0.36666666666666664       0.33333333333333331        8.6346684023391268E-002
  0.36666666666666664       0.36666666666666664        6.1287733022866706E-002
  0.36666666666666664       0.40000000000000002        4.2558401616439923E-002
  0.36666666666666664       0.43333333333333335        2.8899358357870792E-002
  0.36666666666666664       0.46666666666666667        1.9182485298019372E-002
  0.36666666666666664       0.50000000000000000        1.2441450975312353E-002
  0.36666666666666664       0.53333333333333333        7.8819449687033659E-003
  0.36666666666666664       0.56666666666666665        4.8758226856715648E-003
  0.36666666666666664       0.59999999999999998        2.9442731129285344E-003
  0.36666666666666664       0.63333333333333330        1.7349769531676510E-003
  0.36666666666666664       0.66666666666666663        9.9740018109460401E-004
  0.36666666666666664       0.69999999999999996        5.5922138488044061E-004
  0.36666666666666664       0.73333333333333328        3.0571569252696456E-004
  0.36666666666666664       0.76666666666666661        1.6291185990624358E-004
  0.36666666666666664       0.80000000000000004        8.4598466352803494E-005
  0.36666666666666664       0.83333333333333337        4.2793226189445275E-005
  0.36666666666666664       0.86666666666666670        2.1065576651179185E-005
  0.36666666666666664       0.90000000000000002        1.0051812126985589E-005
  0.36666666666666664       0.93333333333333335        4.5567840235361205E-006
  0.36666666666666664       0.96666666666666667        1.7403288244906305E-006
  0.36666666666666664        1.0000000000000000        0.0000000000000000     

  0.40000000000000002        0.0000000000000000       0.95105651629515353     
  0.40000000000000002        3.3333333333333333E-002  0.80990139372916270     
  0.40000000000000002        6.6666666666666666E-002  0.68008155886199217     
  0.40000000000000002       0.10000000000000001       0.56245267970594215     
  0.40000000000000002       0.13333333333333333       0.45765894219320868     
  0.40000000000000002       0.16666666666666666       0.36602029237969674     
  0.40000000000000002       0.20000000000000001       0.28746941636466389     
  0.40000000000000002       0.23333333333333334       0.22154121814634861     
  0.40000000000000002       0.26666666666666666       0.16740981742175942     
  0.40000000000000002       0.29999999999999999       0.12396195872212168     
  0.40000000000000002       0.33333333333333331        8.9892162249743543E-002
  0.40000000000000002       0.36666666666666664        6.3804266523055306E-002
  0.40000000000000002       0.40000000000000002        4.4305890683171978E-002
  0.40000000000000002       0.43333333333333335        3.0085993918602057E-002
  0.40000000000000002       0.46666666666666667        1.9970136667851083E-002
  0.40000000000000002       0.50000000000000000        1.2952308966399186E-002
  0.40000000000000002       0.53333333333333333        8.2055852402889481E-003
  0.40000000000000002       0.56666666666666665        5.0760286734651428E-003
  0.40000000000000002       0.59999999999999998        3.0651678100716774E-003
  0.40000000000000002       0.63333333333333330        1.8062167822387076E-003
  0.40000000000000002       0.66666666666666663        1.0383543956660954E-003
  0.40000000000000002       0.69999999999999996        5.8218355495366603E-004
  0.40000000000000002       0.73333333333333328        3.1826867407533447E-004
  0.40000000000000002       0.76666666666666661        1.6960117818922091E-004
  0.40000000000000002       0.80000000000000004        8.8072161073441592E-005
  0.40000000000000002       0.83333333333333337        4.4550357379902390E-005
  0.40000000000000002       0.86666666666666670        2.1930549570371743E-005
  0.40000000000000002       0.90000000000000002        1.0464549239414329E-005
  0.40000000000000002       0.93333333333333335        4.7438899757839292E-006
  0.40000000000000002       0.96666666666666667        1.8117884065662227E-006
  0.40000000000000002        1.0000000000000000        0.0000000000000000     

  0.43333333333333335        0.0000000000000000       0.97814760073380569     
  0.43333333333333335        3.3333333333333333E-002  0.83297163894442128     
  0.43333333333333335        6.6666666666666666E-002  0.69945385337932720     
  0.43333333333333335       0.10000000000000001       0.57847428596969741     
  0.43333333333333335       0.13333333333333333       0.47069547244627791     
  0.43333333333333335       0.16666666666666666       0.37644647260897052     
  0.43333333333333335       0.20000000000000001       0.29565805510361365     
  0.43333333333333335       0.23333333333333334       0.22785187555167780     
  0.43333333333333335       0.26666666666666666       0.17217852824170052     
  0.43333333333333335       0.29999999999999999       0.12749304634244926     
  0.43333333333333335       0.33333333333333331        9.2452763135343313E-002
  0.43333333333333335       0.36666666666666664        6.5621747127316180E-002
  0.43333333333333335       0.40000000000000002        4.5567955139975504E-002
  0.43333333333333335       0.43333333333333335        3.0943001034062140E-002
  0.43333333333333335       0.46666666666666667        2.0538991041330057E-002
  0.43333333333333335       0.50000000000000000        1.3321258750005248E-002
  0.43333333333333335       0.53333333333333333        8.4393234028528174E-003
  0.43333333333333335       0.56666666666666665        5.2206206288849472E-003
  0.43333333333333335       0.59999999999999998        3.1524798872600737E-003
  0.43333333333333335       0.63333333333333330        1.8576673222683955E-003
  0.43333333333333335       0.66666666666666663        1.0679321821890422E-003
  0.43333333333333335       0.69999999999999996        5.9876720016907787E-004
  0.43333333333333335       0.73333333333333328        3.2733463742853317E-004
  0.43333333333333335       0.76666666666666661        1.7443231047262889E-004
  0.43333333333333335       0.80000000000000004        9.0580918767074482E-005
  0.43333333333333335       0.83333333333333337        4.5819385532143668E-005
  0.43333333333333335       0.86666666666666670        2.2555246799208782E-005
  0.43333333333333335       0.90000000000000002        1.0762634560528329E-005
  0.43333333333333335       0.93333333333333335        4.8790208767342489E-006
  0.43333333333333335       0.96666666666666667        1.8633976557183770E-006
  0.43333333333333335        1.0000000000000000        0.0000000000000000     

  0.46666666666666667        0.0000000000000000       0.99452189536827329     
  0.46666666666666667        3.3333333333333333E-002  0.84691567257288303     
  0.46666666666666667        6.6666666666666666E-002  0.71116278510890951     
  0.46666666666666667       0.10000000000000001       0.58815800690284215     
  0.46666666666666667       0.13333333333333333       0.47857496460386562     
  0.46666666666666667       0.16666666666666666       0.38274822650785151     
  0.46666666666666667       0.20000000000000001       0.30060740232042260     
  0.46666666666666667       0.23333333333333334       0.23166614012739245     
  0.46666666666666667       0.26666666666666666       0.17506081507555216     
  0.46666666666666667       0.29999999999999999       0.12962729346741381     
  0.46666666666666667       0.33333333333333331        9.4000432201047798E-002
  0.46666666666666667       0.36666666666666664        6.6720262137816760E-002
  0.46666666666666667       0.40000000000000002        4.6330767544557810E-002
  0.46666666666666667       0.43333333333333335        3.1460990154953780E-002
  0.46666666666666667       0.46666666666666667        2.0882815930900030E-002
  0.46666666666666667       0.50000000000000000        1.3544258035093642E-002
  0.46666666666666667       0.53333333333333333        8.5805985721730746E-003
  0.46666666666666667       0.56666666666666665        5.3080143722095876E-003
  0.46666666666666667       0.59999999999999998        3.2052527351048212E-003
  0.46666666666666667       0.63333333333333330        1.8887648703734313E-003
  0.46666666666666667       0.66666666666666663        1.0858094802447499E-003
  0.46666666666666667       0.69999999999999996        6.0879062663934534E-004
  0.46666666666666667       0.73333333333333328        3.3281425399488829E-004
  0.46666666666666667       0.76666666666666661        1.7735232586019110E-004
  0.46666666666666667       0.80000000000000004        9.2097252959419453E-005
  0.46666666666666667       0.83333333333333337        4.6586406908171929E-005
  0.46666666666666667       0.86666666666666670        2.2932824024124844E-005
  0.46666666666666667       0.90000000000000002        1.0942802205171109E-005
  0.46666666666666667       0.93333333333333335        4.9606962039583116E-006
  0.46666666666666667       0.96666666666666667        1.8945911302134524E-006
  0.46666666666666667        1.0000000000000000        0.0000000000000000     

  0.50000000000000000        0.0000000000000000        1.0000000000000000     
  0.50000000000000000        3.3333333333333333E-002  0.85158072086413816     
  0.50000000000000000        6.6666666666666666E-002  0.71508006854445838     
  0.50000000000000000       0.10000000000000001       0.59139774563238356     
  0.50000000000000000       0.13333333333333333       0.48121108930100376     
  0.50000000000000000       0.16666666666666666       0.38485651074189686     
  0.50000000000000000       0.20000000000000001       0.30226323193126597     
  0.50000000000000000       0.23333333333333334       0.23294222199261491     
  0.50000000000000000       0.26666666666666666       0.17602509898560534     
  0.50000000000000000       0.29999999999999999       0.13034131683889433     
  0.50000000000000000       0.33333333333333331        9.4518212860702541E-002
  0.50000000000000000       0.36666666666666664        6.7087775994222942E-002
  0.50000000000000000       0.40000000000000002        4.6585970364585526E-002
  0.50000000000000000       0.43333333333333335        3.1634286084072302E-002
  0.50000000000000000       0.46666666666666667        2.0997844319120881E-002
  0.50000000000000000       0.50000000000000000        1.3618863594831342E-002
  0.50000000000000000       0.53333333333333333        8.6278629079309128E-003
  0.50000000000000000       0.56666666666666665        5.3372523992988811E-003
  0.50000000000000000       0.59999999999999998        3.2229081632415041E-003
  0.50000000000000000       0.63333333333333330        1.8991687153091972E-003
  0.50000000000000000       0.66666666666666663        1.0917904224146543E-003
  0.50000000000000000       0.69999999999999996        6.1214401560652314E-004
  0.50000000000000000       0.73333333333333328        3.3464748794861531E-004
  0.50000000000000000       0.76666666666666661        1.7832923205226891E-004
  0.50000000000000000       0.80000000000000004        9.2604550375751833E-005
  0.50000000000000000       0.83333333333333337        4.6843017861281869E-005
  0.50000000000000000       0.86666666666666670        2.3059144430030653E-005
  0.50000000000000000       0.90000000000000002        1.1003078218925455E-005
  0.50000000000000000       0.93333333333333335        4.9880211054793886E-006
  0.50000000000000000       0.96666666666666667        1.9050270678172267E-006
  0.50000000000000000        1.0000000000000000        0.0000000000000000     

  0.53333333333333333        0.0000000000000000       0.99452189536827340     
  0.53333333333333333        3.3333333333333333E-002  0.84691567257288314     
  0.53333333333333333        6.6666666666666666E-002  0.71116278510890951     
  0.53333333333333333       0.10000000000000001       0.58815800690284203     
  0.53333333333333333       0.13333333333333333       0.47857496460386567     
  0.53333333333333333       0.16666666666666666       0.38274822650785151     
  0.53333333333333333       0.20000000000000001       0.30060740232042266     
  0.53333333333333333       0.23333333333333334       0.23166614012739248     
  0.53333333333333333       0.26666666666666666       0.17506081507555216     
  0.53333333333333333       0.29999999999999999       0.12962729346741381     
  0.53333333333333333       0.33333333333333331        9.4000432201047798E-002
  0.53333333333333333       0.36666666666666664        6.6720262137816760E-002
  0.53333333333333333       0.40000000000000002        4.6330767544557810E-002
  0.53333333333333333       0.43333333333333335        3.1460990154953780E-002
  0.53333333333333333       0.46666666666666667        2.0882815930900030E-002
  0.53333333333333333       0.50000000000000000        1.3544258035093642E-002
  0.53333333333333333       0.53333333333333333        8.5805985721730746E-003
  0.53333333333333333       0.56666666666666665        5.3080143722095867E-003
  0.53333333333333333       0.59999999999999998        3.2052527351048216E-003
  0.53333333333333333       0.63333333333333330        1.8887648703734316E-003
  0.53333333333333333       0.66666666666666663        1.0858094802447499E-003
  0.53333333333333333       0.69999999999999996        6.0879062663934534E-004
  0.53333333333333333       0.73333333333333328        3.3281425399488829E-004
  0.53333333333333333       0.76666666666666661        1.7735232586019110E-004
  0.53333333333333333       0.80000000000000004        9.2097252959419453E-005
  0.53333333333333333       0.83333333333333337        4.6586406908171929E-005
  0.53333333333333333       0.86666666666666670        2.2932824024124848E-005
  0.53333333333333333       0.90000000000000002        1.0942802205171109E-005
  0.53333333333333333       0.93333333333333335        4.9606962039583116E-006
  0.53333333333333333       0.96666666666666667        1.8945911302134524E-006
  0.53333333333333333        1.0000000000000000        0.0000000000000000     

  0.56666666666666665        0.0000000000000000       0.97814760073380569     
  0.56666666666666665        3.3333333333333333E-002  0.83297163894442139     
  0.56666666666666665        6.6666666666666666E-002  0.69945385337932731     
  0.56666666666666665       0.10000000000000001       0.57847428596969752     
  0.56666666666666665       0.13333333333333333       0.47069547244627791     
  0.56666666666666665       0.16666666666666666       0.37644647260897052     
  0.56666666666666665       0.20000000000000001       0.29565805510361370     
  0.56666666666666665       0.23333333333333334       0.22785187555167780     
  0.56666666666666665       0.26666666666666666       0.17217852824170055     
  0.56666666666666665       0.29999999999999999       0.12749304634244926     
  0.56666666666666665       0.33333333333333331        9.2452763135343327E-002
  0.56666666666666665       0.36666666666666664        6.5621747127316180E-002
  0.56666666666666665       0.40000000000000002        4.5567955139975511E-002
  0.56666666666666665       0.43333333333333335        3.0943001034062140E-002
  0.56666666666666665       0.46666666666666667        2.0538991041330057E-002
  0.56666666666666665       0.50000000000000000        1.3321258750005248E-002
  0.56666666666666665       0.53333333333333333        8.4393234028528174E-003
  0.56666666666666665       0.56666666666666665        5.2206206288849472E-003
  0.56666666666666665       0.59999999999999998        3.1524798872600741E-003
  0.56666666666666665       0.63333333333333330        1.8576673222683953E-003
  0.56666666666666665       0.66666666666666663        1.0679321821890422E-003
  0.56666666666666665       0.69999999999999996        5.9876720016907798E-004
  0.56666666666666665       0.73333333333333328        3.2733463742853317E-004
  0.56666666666666665       0.76666666666666661        1.7443231047262889E-004
  0.56666666666666665       0.80000000000000004        9.0580918767074482E-005
  0.56666666666666665       0.83333333333333337        4.5819385532143668E-005
  0.56666666666666665       0.86666666666666670        2.2555246799208782E-005
  0.56666666666666665       0.90000000000000002        1.0762634560528329E-005
  0.56666666666666665       0.93333333333333335        4.8790208767342489E-006
  0.56666666666666665       0.96666666666666667        1.8633976557183770E-006
  0.56666666666666665        1.0000000000000000        0.0000000000000000     

  0.59999999999999998        0.0000000000000000       0.95105651629515364     
  0.59999999999999998        3.3333333333333333E-002  0.80990139372916292     
  0.59999999999999998        6.6666666666666666E-002  0.68008155886199229     
  0.59999999999999998       0.10000000000000001       0.56245267970594204     
  0.59999999999999998       0.13333333333333333       0.45765894219320874     
  0.59999999999999998       0.16666666666666666       0.36602029237969674     
  0.59999999999999998       0.20000000000000001       0.28746941636466389     
  0.59999999999999998       0.23333333333333334       0.22154121814634864     
  0.59999999999999998       0.26666666666666666       0.16740981742175942     
  0.59999999999999998       0.29999999999999999       0.12396195872212169     
  0.59999999999999998       0.33333333333333331        8.9892162249743543E-002
  0.59999999999999998       0.36666666666666664        6.3804266523055320E-002
  0.59999999999999998       0.40000000000000002        4.4305890683171978E-002
  0.59999999999999998       0.43333333333333335        3.0085993918602061E-002
  0.59999999999999998       0.46666666666666667        1.9970136667851083E-002
  0.59999999999999998       0.50000000000000000        1.2952308966399187E-002
  0.59999999999999998       0.53333333333333333        8.2055852402889481E-003
  0.59999999999999998       0.56666666666666665        5.0760286734651428E-003
  0.59999999999999998       0.59999999999999998        3.0651678100716774E-003
  0.59999999999999998       0.63333333333333330        1.8062167822387076E-003
  0.59999999999999998       0.66666666666666663        1.0383543956660954E-003
  0.59999999999999998       0.69999999999999996        5.8218355495366614E-004
  0.59999999999999998       0.73333333333333328        3.1826867407533447E-004
  0.59999999999999998       0.76666666666666661        1.6960117818922091E-004
  0.59999999999999998       0.80000000000000004        8.8072161073441592E-005
  0.59999999999999998       0.83333333333333337        4.4550357379902390E-005
  0.59999999999999998       0.86666666666666670        2.1930549570371746E-005
  0.59999999999999998       0.90000000000000002        1.0464549239414327E-005
  0.59999999999999998       0.93333333333333335        4.7438899757839283E-006
  0.59999999999999998       0.96666666666666667        1.8117884065662229E-006
  0.59999999999999998        1.0000000000000000        0.0000000000000000     

  0.63333333333333330        0.0000000000000000       0.91354545764260098     
  0.63333333333333330        3.3333333333333333E-002  0.77795769936144499     
  0.63333333333333330        6.6666666666666666E-002  0.65325814846954977     
  0.63333333333333330       0.10000000000000001       0.54026872418253835     
  0.63333333333333330       0.13333333333333333       0.43960820479817991     
  0.63333333333333330       0.16666666666666666       0.35158391723244076     
  0.63333333333333330       0.20000000000000001       0.27613120254318002     
  0.63333333333333330       0.23333333333333334       0.21280330879452775     
  0.63333333333333330       0.26666666666666666       0.16080692960938903     
  0.63333333333333330       0.29999999999999999       0.11907271794132696     
  0.63333333333333330       0.33333333333333331        8.6346684023391282E-002
  0.63333333333333330       0.36666666666666664        6.1287733022866712E-002
  0.63333333333333330       0.40000000000000002        4.2558401616439930E-002
  0.63333333333333330       0.43333333333333335        2.8899358357870799E-002
  0.63333333333333330       0.46666666666666667        1.9182485298019372E-002
  0.63333333333333330       0.50000000000000000        1.2441450975312355E-002
  0.63333333333333330       0.53333333333333333        7.8819449687033676E-003
  0.63333333333333330       0.56666666666666665        4.8758226856715665E-003
  0.63333333333333330       0.59999999999999998        2.9442731129285344E-003
  0.63333333333333330       0.63333333333333330        1.7349769531676512E-003
  0.63333333333333330       0.66666666666666663        9.9740018109460401E-004
  0.63333333333333330       0.69999999999999996        5.5922138488044082E-004
  0.63333333333333330       0.73333333333333328        3.0571569252696456E-004
  0.63333333333333330       0.76666666666666661        1.6291185990624358E-004
  0.63333333333333330       0.80000000000000004        8.4598466352803494E-005
  0.63333333333333330       0.83333333333333337        4.2793226189445275E-005
  0.63333333333333330       0.86666666666666670        2.1065576651179182E-005
  0.63333333333333330       0.90000000000000002        1.0051812126985589E-005
  0.63333333333333330       0.93333333333333335        4.5567840235361205E-006
  0.63333333333333330       0.96666666666666667        1.7403288244906305E-006
  0.63333333333333330        1.0000000000000000        0.0000000000000000     

  0.66666666666666663        0.0000000000000000       0.86602540378443871     
  0.66666666666666663        3.3333333333333333E-002  0.73749053764140859     
  0.66666666666666663        6.6666666666666666E-002  0.61927750509941859     
  0.66666666666666663       0.10000000000000001       0.51216547145849167     
  0.66666666666666663       0.13333333333333333       0.41674102791745138     
  0.66666666666666663       0.16666666666666666       0.33329551511432137     
  0.66666666666666663       0.20000000000000001       0.26176763748246412     
  0.66666666666666663       0.23333333333333334       0.20173388185959870     
  0.66666666666666663       0.26666666666666666       0.15244220742520470     
  0.66666666666666663       0.29999999999999999       0.11287889154519894     
  0.66666666666666663       0.33333333333333331        8.1855173457673444E-002
  0.66666666666666663       0.36666666666666664        5.8099718294396911E-002
  0.66666666666666663       0.40000000000000002        4.0344633795680082E-002
  0.66666666666666663       0.43333333333333335        2.7396095379391167E-002
  0.66666666666666663       0.46666666666666667        1.8184666605069445E-002
  0.66666666666666663       0.50000000000000000        1.1794281843799005E-002
  0.66666666666666663       0.53333333333333333        7.4719484586376513E-003
  0.66666666666666663       0.56666666666666665        4.6221961642022779E-003
  0.66666666666666663       0.59999999999999998        2.7911203434313877E-003
  0.66666666666666663       0.63333333333333330        1.6447283535304213E-003
  0.66666666666666663       0.66666666666666663        9.4551824141963397E-004
  0.66666666666666663       0.69999999999999996        5.3013226828986699E-004
  0.66666666666666663       0.73333333333333328        2.8981322587614769E-004
  0.66666666666666663       0.76666666666666661        1.5443764519463502E-004
  0.66666666666666663       0.80000000000000004        8.0197893131436868E-005
  0.66666666666666663       0.83333333333333337        4.0567243457798307E-005
  0.66666666666666663       0.86666666666666670        1.9969804865940983E-005
  0.66666666666666663       0.90000000000000002        9.5289452574166798E-006
  0.66666666666666663       0.93333333333333335        4.3197529919580899E-006
  0.66666666666666663       0.96666666666666667        1.6498018356266990E-006
  0.66666666666666663        1.0000000000000000        0.0000000000000000     

  0.69999999999999996        0.0000000000000000       0.80901699437494745     
  0.69999999999999996        3.3333333333333333E-002  0.68894327526115617     
  0.69999999999999996        6.6666666666666666E-002  0.57851192779126914     
  0.69999999999999996       0.10000000000000001       0.47845082665163069     
  0.69999999999999996       0.13333333333333333       0.38930794912619249     
  0.69999999999999996       0.16666666666666666       0.31135545758603911     
  0.69999999999999996       0.20000000000000001       0.24453609140709048     
  0.69999999999999996       0.23333333333333334       0.18845421629948711     
  0.69999999999999996       0.26666666666666666       0.14240729651588710     
  0.69999999999999996       0.29999999999999999       0.10544834039187503     
  0.69999999999999996       0.33333333333333331        7.6466840482257090E-002
  0.69999999999999996       0.36666666666666664        5.4275150894146022E-002
  0.69999999999999996       0.40000000000000002        3.7688841724397362E-002
  0.69999999999999996       0.43333333333333335        2.5592675046933404E-002
  0.69999999999999996       0.46666666666666667        1.6987612899408241E-002
  0.69999999999999996       0.50000000000000000        1.1017892092292847E-002
  0.69999999999999996       0.53333333333333333        6.9800877176533615E-003
  0.69999999999999996       0.56666666666666665        4.3179278943012572E-003
  0.69999999999999996       0.59999999999999998        2.6073874753721245E-003
  0.69999999999999996       0.63333333333333330        1.5364597658703771E-003
  0.69999999999999996       0.66666666666666663        8.8327700602925795E-004
  0.69999999999999996       0.69999999999999996        4.9523491163060032E-004
  0.69999999999999996       0.73333333333333328        2.7073550487531525E-004
  0.69999999999999996       0.76666666666666661        1.4427137932411914E-004
  0.69999999999999996       0.80000000000000004        7.4918655010434160E-005
  0.69999999999999996       0.83333333333333337        3.7896797517586236E-005
  0.69999999999999996       0.86666666666666670        1.8655239719641208E-005
  0.69999999999999996       0.90000000000000002        8.9016772695475207E-006
  0.69999999999999996       0.93333333333333335        4.0353938426337380E-006
  0.69999999999999996       0.96666666666666667        1.5411992726084118E-006
  0.69999999999999996        1.0000000000000000        0.0000000000000000     

  0.73333333333333328        0.0000000000000000       0.74314482547739447     
  0.73333333333333328        3.3333333333333333E-002  0.63284780618649361     
  0.73333333333333328        6.6666666666666666E-002  0.53140805274083469     
  0.73333333333333328       0.10000000000000001       0.43949417446570216     
  0.73333333333333328       0.13333333333333333       0.35760953097638126     
  0.73333333333333328       0.16666666666666666       0.28600412450912588     
  0.73333333333333328       0.20000000000000001       0.22462535674179382     
  0.73333333333333328       0.23333333333333334       0.17310980690901828     
  0.73333333333333328       0.26666666666666666       0.13081214146529879     
  0.73333333333333328       0.29999999999999999        9.6862475154733896E-002
  0.73333333333333328       0.33333333333333331        7.0240720800802015E-002
  0.73333333333333328       0.36666666666666664        4.9855933582893350E-002
  0.73333333333333328       0.40000000000000002        3.4620122816284980E-002
  0.73333333333333328       0.43333333333333335        2.3508856011049878E-002
  0.73333333333333328       0.46666666666666667        1.5604439351934582E-002
  0.73333333333333328       0.50000000000000000        1.0120788009381376E-002
  0.73333333333333328       0.53333333333333333        6.4117516749572024E-003
  0.73333333333333328       0.56666666666666665        3.9663515028057700E-003
  0.73333333333333328       0.59999999999999998        2.3950875245017773E-003
  0.73333333333333328       0.63333333333333330        1.4113574034905806E-003
  0.73333333333333328       0.66666666666666663        8.1135840292322883E-004
  0.73333333333333328       0.69999999999999996        4.5491165764494101E-004
  0.73333333333333328       0.73333333333333328        2.4869154902802215E-004
  0.73333333333333328       0.76666666666666661        1.3252444603100114E-004
  0.73333333333333328       0.80000000000000004        6.8818592427400665E-005
  0.73333333333333328       0.83333333333333337        3.4811146333356778E-005
  0.73333333333333328       0.86666666666666670        1.7136283863113157E-005
  0.73333333333333328       0.90000000000000002        8.1768806427174753E-006
  0.73333333333333328       0.93333333333333335        3.7068220739090393E-006
  0.73333333333333328       0.96666666666666667        1.4157110078427449E-006
  0.73333333333333328        1.0000000000000000        0.0000000000000000     

  0.76666666666666661        0.0000000000000000       0.66913060635885835     
  0.76666666666666661        3.3333333333333333E-002  0.56981872411533452     
  0.76666666666666661        6.6666666666666666E-002  0.47848195986028741     
  0.76666666666666661       0.10000000000000001       0.39572233213425867     
  0.76666666666666661       0.13333333333333333       0.32199306797058730     
  0.76666666666666661       0.16666666666666666       0.25751927039387990     
  0.76666666666666661       0.20000000000000001       0.20225357966215626     
  0.76666666666666661       0.23333333333333334       0.15586877024849818     
  0.76666666666666661       0.26666666666666666       0.11778378121861618     
  0.76666666666666661       0.29999999999999999        8.7215364370021448E-002
  0.76666666666666661       0.33333333333333331        6.3245029083437543E-002
  0.76666666666666661       0.36666666666666664        4.4890484230281670E-002
  0.76666666666666661       0.40000000000000002        3.1172098597870918E-002
  0.76666666666666661       0.43333333333333335        2.1167469029164894E-002
  0.76666666666666661       0.46666666666666667        1.4050300301482263E-002
  0.76666666666666661       0.50000000000000000        9.1127984551280759E-003
  0.76666666666666661       0.53333333333333333        5.7731671391649140E-003
  0.76666666666666661       0.56666666666666665        3.5713189342331314E-003
  0.76666666666666661       0.59999999999999998        2.1565464935087023E-003
  0.76666666666666661       0.63333333333333330        1.2707919140526171E-003
  0.76666666666666661       0.66666666666666663        7.3055038736711175E-004
  0.76666666666666661       0.69999999999999996        4.0960429634173933E-004
  0.76666666666666661       0.73333333333333328        2.2392287652752571E-004
  0.76666666666666661       0.76666666666666661        1.1932554717464423E-004
  0.76666666666666661       0.80000000000000004        6.1964538944516258E-005
  0.76666666666666661       0.83333333333333337        3.1344096945198366E-005
  0.76666666666666661       0.86666666666666670        1.5429579294582899E-005
  0.76666666666666661       0.90000000000000002        7.3624964004435368E-006
  0.76666666666666661       0.93333333333333335        3.3376375868402061E-006
  0.76666666666666661       0.96666666666666667        1.2747119170185788E-006
  0.76666666666666661        1.0000000000000000        0.0000000000000000     

  0.80000000000000004        0.0000000000000000       0.58778525229247325     
  0.80000000000000004        3.3333333333333333E-002  0.50054658886053360     
  0.80000000000000004        6.6666666666666666E-002  0.42031351849872350     
  0.80000000000000004       0.10000000000000001       0.34761487312173051     
  0.80000000000000004       0.13333333333333333       0.28284878153072635     
  0.80000000000000004       0.16666666666666666       0.22621298126282677     
  0.80000000000000004       0.20000000000000001       0.17766587003945752     
  0.80000000000000004       0.23333333333333334       0.13692000272349844     
  0.80000000000000004       0.26666666666666666       0.10346495721706161     
  0.80000000000000004       0.29999999999999999        7.6612703802282689E-002
  0.80000000000000004       0.33333333333333331        5.5556411592561729E-002
  0.80000000000000004       0.36666666666666664        3.9433205338505271E-002
  0.80000000000000004       0.40000000000000002        2.7382546344037584E-002
  0.80000000000000004       0.43333333333333335        1.8594166827018713E-002
  0.80000000000000004       0.46666666666666667        1.2342223220712541E-002
  0.80000000000000004       0.50000000000000000        8.0049671740247182E-003
  0.80000000000000004       0.53333333333333333        5.0713305760830430E-003
  0.80000000000000004       0.56666666666666665        3.1371582480705000E-003
  0.80000000000000004       0.59999999999999998        1.8943778878463789E-003
  0.80000000000000004       0.63333333333333330        1.1163033624739887E-003
  0.80000000000000004       0.66666666666666663        6.4173830888950348E-004
  0.80000000000000004       0.69999999999999996        3.5980922465260787E-004
  0.80000000000000004       0.73333333333333328        1.9670085813291923E-004
  0.80000000000000004       0.76666666666666661        1.0481929265296588E-004
  0.80000000000000004       0.80000000000000004        5.4431589006042325E-005
  0.80000000000000004       0.83333333333333337        2.7533635071734393E-005
  0.80000000000000004       0.86666666666666670        1.3553825026454144E-005
  0.80000000000000004       0.90000000000000002        6.4674471069049155E-006
  0.80000000000000004       0.93333333333333335        2.9318852439243838E-006
  0.80000000000000004       0.96666666666666667        1.1197468156809388E-006
  0.80000000000000004        1.0000000000000000        0.0000000000000000     

  0.83333333333333337        0.0000000000000000       0.49999999999999994     
  0.83333333333333337        3.3333333333333333E-002  0.42579036043206908     
  0.83333333333333337        6.6666666666666666E-002  0.35754003427222919     
  0.83333333333333337       0.10000000000000001       0.29569887281619184     
  0.83333333333333337       0.13333333333333333       0.24060554465050191     
  0.83333333333333337       0.16666666666666666       0.19242825537094846     
  0.83333333333333337       0.20000000000000001       0.15113161596563301     
  0.83333333333333337       0.23333333333333334       0.11647111099630747     
  0.83333333333333337       0.26666666666666666        8.8012549492802697E-002
  0.83333333333333337       0.29999999999999999        6.5170658419447164E-002
  0.83333333333333337       0.33333333333333331        4.7259106430351278E-002
  0.83333333333333337       0.36666666666666664        3.3543887997111485E-002
  0.83333333333333337       0.40000000000000002        2.3292985182292770E-002
  0.83333333333333337       0.43333333333333335        1.5817143042036155E-002
  0.83333333333333337       0.46666666666666667        1.0498922159560440E-002
  0.83333333333333337       0.50000000000000000        6.8094317974156712E-003
  0.83333333333333337       0.53333333333333333        4.3139314539654573E-003
  0.83333333333333337       0.56666666666666665        2.6686261996494401E-003
  0.83333333333333337       0.59999999999999998        1.6114540816207525E-003
  0.83333333333333337       0.63333333333333330        9.4958435765459871E-004
  0.83333333333333337       0.66666666666666663        5.4589521120732725E-004
  0.83333333333333337       0.69999999999999996        3.0607200780326162E-004
  0.83333333333333337       0.73333333333333328        1.6732374397430768E-004
  0.83333333333333337       0.76666666666666661        8.9164616026134457E-005
  0.83333333333333337       0.80000000000000004        4.6302275187875923E-005
  0.83333333333333337       0.83333333333333337        2.3421508930640935E-005
  0.83333333333333337       0.86666666666666670        1.1529572215015326E-005
  0.83333333333333337       0.90000000000000002        5.5015391094627282E-006
  0.83333333333333337       0.93333333333333335        2.4940105527396947E-006
  0.83333333333333337       0.96666666666666667        9.5251353390861357E-007
  0.83333333333333337        1.0000000000000000        0.0000000000000000     

  0.86666666666666670        0.0000000000000000       0.40673664307580004     
  0.86666666666666670        3.3333333333333333E-002  0.34636908371234953     
  0.86666666666666670        6.6666666666666666E-002  0.29084926661018617     
  0.86666666666666670       0.10000000000000001       0.24054313378111172     
  0.86666666666666670       0.13333333333333333       0.19572618307313944     
  0.86666666666666670       0.16666666666666666       0.15653524524502480     
  0.86666666666666670       0.20000000000000001       0.12294153228096516     
  0.86666666666666670       0.23333333333333334        9.4746137403894051E-002
  0.86666666666666670       0.26666666666666666        7.1595857858490583E-002
  0.86666666666666670       0.29999999999999999        5.3014589665131152E-002
  0.86666666666666670       0.33333333333333331        3.8444020608486090E-002
  0.86666666666666670       0.36666666666666664        2.7287056799311506E-002
  0.86666666666666670       0.40000000000000002        1.8948221200520234E-002
  0.86666666666666670       0.43333333333333335        1.2866823327935071E-002
  0.86666666666666670       0.46666666666666667        8.5405927101874900E-003
  0.86666666666666670       0.50000000000000000        5.5392908610689250E-003
  0.86666666666666670       0.53333333333333333        3.5092679960900316E-003
  0.86666666666666670       0.56666666666666665        2.1708561241390871E-003
  0.86666666666666670       0.59999999999999998        1.3108748472584427E-003
  0.86666666666666670       0.63333333333333330        7.7246150789944310E-004
  0.86666666666666670       0.66666666666666663        4.4407117135524644E-004
  0.86666666666666670       0.69999999999999996        2.4898140198673752E-004
  0.86666666666666670       0.73333333333333328        1.3611339586196912E-004
  0.86666666666666670       0.76666666666666661        7.2533033207225264E-005
  0.86666666666666670       0.80000000000000004        3.7665663953377134E-005
  0.86666666666666670       0.83333333333333337        1.9052771836437540E-005
  0.86666666666666670       0.86666666666666670        9.3789989976707052E-006
  0.86666666666666670       0.90000000000000002        4.4753550982661953E-006
  0.86666666666666670       0.93333333333333335        2.0288109600339287E-006
  0.86666666666666670       0.96666666666666667        7.7484431453251352E-007
  0.86666666666666670        1.0000000000000000        0.0000000000000000     

  0.90000000000000002        0.0000000000000000       0.30901699437494751     
  0.90000000000000002        3.3333333333333333E-002  0.26315291482908709     
  0.90000000000000002        6.6666666666666666E-002  0.22097189351903992     
  0.90000000000000002       0.10000000000000001       0.18275195383543888     
  0.90000000000000002       0.13333333333333333       0.14870240447569061     
  0.90000000000000002       0.16666666666666666       0.11892720221509064     
  0.90000000000000002       0.20000000000000001        9.3404475441457468E-002
  0.90000000000000002       0.23333333333333334        7.1983105303179640E-002
  0.90000000000000002       0.26666666666666666        5.4394747023084382E-002
  0.90000000000000002       0.29999999999999999        4.0277681972427849E-002
  0.90000000000000002       0.33333333333333331        2.9207734051905802E-002
  0.90000000000000002       0.36666666666666664        2.0731262897034530E-002
  0.90000000000000002       0.40000000000000002        1.4395856542104596E-002
  0.90000000000000002       0.43333333333333335        9.7755320048972510E-003
  0.90000000000000002       0.46666666666666667        6.4886907398477994E-003
  0.90000000000000002       0.50000000000000000        4.2084602948771737E-003
  0.90000000000000002       0.53333333333333333        2.6661562636879047E-003
  0.90000000000000002       0.56666666666666665        1.6493016946518167E-003
  0.90000000000000002       0.59999999999999998        9.9593339375137228E-004
  0.90000000000000002       0.63333333333333330        5.8687540821577839E-004
  0.90000000000000002       0.66666666666666663        3.3738179482193075E-004
  0.90000000000000002       0.69999999999999996        1.8916290382733873E-004
  0.90000000000000002       0.73333333333333328        1.0341176090100756E-004
  0.90000000000000002       0.76666666666666661        5.5106763297984684E-005
  0.90000000000000002       0.80000000000000004        2.8616379822558240E-005
  0.90000000000000002       0.83333333333333337        1.4475288586945303E-005
  0.90000000000000002       0.86666666666666670        7.1256675046258829E-006
  0.90000000000000002       0.90000000000000002        3.4001381600847941E-006
  0.90000000000000002       0.93333333333333335        1.5413832898940435E-006
  0.90000000000000002       0.96666666666666667        5.8868573869979862E-007
  0.90000000000000002        1.0000000000000000        0.0000000000000000     

  0.93333333333333335        0.0000000000000000       0.20791169081775931     
  0.93333333333333335        3.3333333333333333E-002  0.17705358754266931     
  0.93333333333333335        6.6666666666666666E-002  0.14867350612115762     
  0.93333333333333335       0.10000000000000001       0.12295850524024003     
  0.93333333333333335       0.13333333333333333       0.10004941121682749     
  0.93333333333333335       0.16666666666666666        8.0016167870570948E-002
  0.93333333333333335       0.20000000000000001        6.2844059622870069E-002
  0.93333333333333335       0.23333333333333334        4.8431411237330413E-002
  0.93333333333333335       0.26666666666666666        3.6597675956460671E-002
  0.93333333333333335       0.29999999999999999        2.7099483567387807E-002
  0.93333333333333335       0.33333333333333331        1.9651441448941553E-002
  0.93333333333333335       0.36666666666666664        1.3948332940161982E-002
  0.93333333333333335       0.40000000000000002        9.6857678668870080E-003
  0.93333333333333335       0.43333333333333335        6.5771379075521882E-003
  0.93333333333333335       0.46666666666666667        4.3656973159165056E-003
  0.93333333333333335       0.50000000000000000        2.8315209570178128E-003
  0.93333333333333335       0.53333333333333333        1.7938335653317461E-003
  0.93333333333333335       0.56666666666666665        1.1096771706593732E-003
  0.93333333333333335       0.59999999999999998        6.7008028556990039E-004
  0.93333333333333335       0.63333333333333330        3.9485937874812705E-004
  0.93333333333333335       0.66666666666666663        2.2699599274286650E-004
  0.93333333333333335       0.69999999999999996        1.2727189730872511E-004
  0.93333333333333335       0.73333333333333328        6.9577125047312364E-005
  0.93333333333333335       0.76666666666666661        3.7076732158219796E-005
  0.93333333333333335       0.80000000000000004        1.9253568646040937E-005
  0.93333333333333335       0.83333333333333337        9.7392110465456141E-006
  0.93333333333333335       0.86666666666666670        4.7942657072585909E-006
  0.93333333333333335       0.90000000000000002        2.2876685966968516E-006
  0.93333333333333335       0.93333333333333335        1.0370679018748890E-006
  0.93333333333333335       0.96666666666666667        3.9607739872347791E-007
  0.93333333333333335        1.0000000000000000        0.0000000000000000     

  0.96666666666666667        0.0000000000000000       0.10452846326765373     
  0.96666666666666667        3.3333333333333333E-002   8.9014424100289008E-002
  0.96666666666666667        6.6666666666666666E-002   7.4746220678280573E-002
  0.96666666666666667       0.10000000000000001        6.1817897530907696E-002
  0.96666666666666667       0.13333333333333333        5.0300255671987495E-002
  0.96666666666666667       0.16666666666666666        4.0228459646401656E-002
  0.96666666666666667       0.20000000000000001        3.1595111136089565E-002
  0.96666666666666667       0.23333333333333334        2.4349092495040629E-002
  0.96666666666666667       0.26666666666666666        1.8399633093501920E-002
  0.96666666666666667       0.29999999999999999        1.3624377549451949E-002
  0.96666666666666667       0.33333333333333331        9.8798435411341992E-003
  0.96666666666666667       0.36666666666666664        7.0125821287206997E-003
  0.96666666666666667       0.40000000000000002        4.8695598920425725E-003
  0.96666666666666667       0.43333333333333335        3.3066833109373938E-003
  0.96666666666666667       0.46666666666666667        2.1948723986111333E-003
  0.96666666666666667       0.50000000000000000        1.4235588830195111E-003
  0.96666666666666667       0.53333333333333333        9.0185725105000635E-004
  0.96666666666666667       0.56666666666666665        5.5789479137030844E-004
  0.96666666666666667       0.59999999999999998        3.3688563755641016E-004
  0.96666666666666667       0.63333333333333330        1.9851718729727410E-004
  0.96666666666666667       0.66666666666666663        1.1412317506534607E-004
  0.96666666666666667       0.69999999999999996        6.3986473249840365E-005
  0.96666666666666667       0.73333333333333328        3.4980187651649347E-005
  0.96666666666666667       0.76666666666666661        1.8640480582124444E-005
  0.96666666666666667       0.80000000000000004        9.6798113423693402E-006
  0.96666666666666667       0.83333333333333337        4.8964286718590385E-006
  0.96666666666666667       0.86666666666666670        2.4103369315379755E-006
  0.96666666666666667       0.90000000000000002        1.1501348574380676E-006
  0.96666666666666667       0.93333333333333335        5.2139018090238258E-007
  0.96666666666666667       0.96666666666666667        1.9912955188221859E-007
  0.96666666666666667        1.0000000000000000        0.0000000000000000     

   1.0000000000000000        0.0000000000000000        1.2246467991473532E-016
   1.0000000000000000        3.3333333333333333E-002   0.0000000000000000     
   1.0000000000000000        6.6666666666666666E-002   0.0000000000000000     
   1.0000000000000000       0.10000000000000001        0.0000000000000000     
   1.0000000000000000       0.13333333333333333        0.0000000000000000     
   1.0000000000000000       0.16666666666666666        0.0000000000000000     
   1.0000000000000000       0.20000000000000001        0.0000000000000000     
   1.0000000000000000       0.23333333333333334        0.0000000000000000     
   1.0000000000000000       0.26666666666666666        0.0000000000000000     
   1.0000000000000000       0.29999999999999999        0.0000000000000000     
   1.0000000000000000       0.33333333333333331        0.0000000000000000     
   1.0000000000000000       0.36666666666666664        0.0000000000000000     
   1.0000000000000000       0.40000000000000002        0.0000000000000000     
   1.0000000000000000       0.43333333333333335        0.0000000000000000     
   1.0000000000000000       0.46666666666666667        0.0000000000000000     
   1.0000000000000000       0.50000000000000000        0.0000000000000000     
   1.0000000000000000       0.53333333333333333        0.0000000000000000     
   1.0000000000000000       0.56666666666666665        0.0000000000000000     
   1.0000000000000000       0.59999999999999998        0.0000000000000000     
   1.0000000000000000       0.63333333333333330        0.0000000000000000     
   1.0000000000000000       0.66666666666666663        0.0000000000000000     
   1.0000000000000000       0.69999999999999996        0.0000000000000000     
   1.0000000000000000       0.73333333333333328        0.0000000000000000     
   1.0000000000000000       0.76666666666666661        0.0000000000000000     
   1.0000000000000000       0.80000000000000004        0.0000000000000000     
   1.0000000000000000       0.83333333333333337        0.0000000000000000     
   1.0000000000000000       0.86666666666666670        0.0000000000000000     
   1.0000000000000000       0.90000000000000002        0.0000000000000000     
   1.0000000000000000       0.93333333333333335        0.0000000000000000     
   1.0000000000000000       0.96666666666666667        0.0000000000000000     
   1.0000000000000000        1.0000000000000000        0.0000000000000000     

