   0.0000000000000000        0.0000000000000000        0.0000000000000000     
   0.0000000000000000        3.3333333333333333E-002   0.0000000000000000     
   0.0000000000000000        6.6666666666666666E-002   0.0000000000000000     
   0.0000000000000000       0.10000000000000001        0.0000000000000000     
   0.0000000000000000       0.13333333333333333        0.0000000000000000     
   0.0000000000000000       0.16666666666666666        0.0000000000000000     
   0.0000000000000000       0.20000000000000001        0.0000000000000000     
   0.0000000000000000       0.23333333333333334        0.0000000000000000     
   0.0000000000000000       0.26666666666666666        0.0000000000000000     
   0.0000000000000000       0.29999999999999999        0.0000000000000000     
   0.0000000000000000       0.33333333333333331        0.0000000000000000     
   0.0000000000000000       0.36666666666666664        0.0000000000000000     
   0.0000000000000000       0.40000000000000002        0.0000000000000000     
   0.0000000000000000       0.43333333333333335        0.0000000000000000     
   0.0000000000000000       0.46666666666666667        0.0000000000000000     
   0.0000000000000000       0.50000000000000000        0.0000000000000000     
   0.0000000000000000       0.53333333333333333        0.0000000000000000     
   0.0000000000000000       0.56666666666666665        0.0000000000000000     
   0.0000000000000000       0.59999999999999998        0.0000000000000000     
   0.0000000000000000       0.63333333333333330        0.0000000000000000     
   0.0000000000000000       0.66666666666666663        0.0000000000000000     
   0.0000000000000000       0.69999999999999996        0.0000000000000000     
   0.0000000000000000       0.73333333333333328        0.0000000000000000     
   0.0000000000000000       0.76666666666666661        0.0000000000000000     
   0.0000000000000000       0.80000000000000004        0.0000000000000000     
   0.0000000000000000       0.83333333333333337        0.0000000000000000     
   0.0000000000000000       0.86666666666666670        0.0000000000000000     
   0.0000000000000000       0.90000000000000002        0.0000000000000000     
   0.0000000000000000       0.93333333333333335        0.0000000000000000     
   0.0000000000000000       0.96666666666666667        0.0000000000000000     
   0.0000000000000000        1.0000000000000000        0.0000000000000000     

   3.3333333333333333E-002   0.0000000000000000       0.10452846326765346     
   3.3333333333333333E-002   3.3333333333333333E-002   8.9417083844774523E-002
   3.3333333333333333E-002   6.6666666666666666E-002   7.5522413744253114E-002
   3.3333333333333333E-002  0.10000000000000001        6.2912846304965436E-002
   3.3333333333333333E-002  0.13333333333333333        5.1639907234388466E-002
   3.3333333333333333E-002  0.16666666666666666        4.1727734050601123E-002
   3.3333333333333333E-002  0.20000000000000001        3.3166751181508476E-002
   3.3333333333333333E-002  0.23333333333333334        2.5911850198741600E-002
   3.3333333333333333E-002  0.26666666666666666        1.9884761864924931E-002
   3.3333333333333333E-002  0.29999999999999999        1.4979790535569689E-002
   3.3333333333333333E-002  0.33333333333333331        1.1071750695266886E-002
   3.3333333333333333E-002  0.36666666666666664        8.0248338174600652E-003
   3.3333333333333333E-002  0.40000000000000002        5.7012286632069503E-003
   3.3333333333333333E-002  0.43333333333333335        3.9685698433228897E-003
   3.3333333333333333E-002  0.46666666666666667        2.7056275244249418E-003
   3.3333333333333333E-002  0.50000000000000000        1.8060026433109691E-003
   3.3333333333333333E-002  0.53333333333333333        1.1798967990686885E-003
   3.3333333333333333E-002  0.56666666666666665        7.5424609997768832E-004
   3.3333333333333333E-002  0.59999999999999998        4.7163007564059308E-004
   3.3333333333333333E-002  0.63333333333333330        2.8839768606763534E-004
   3.3333333333333333E-002  0.66666666666666663        1.7241370138891779E-004
   3.3333333333333333E-002  0.69999999999999996        1.0074734426097832E-004
   3.3333333333333333E-002  0.73333333333333328        5.7527051524949516E-005
   3.3333333333333333E-002  0.76666666666666661        3.2090855675383189E-005
   3.3333333333333333E-002  0.80000000000000004        1.7483989085954309E-005
   3.3333333333333333E-002  0.83333333333333337        9.2993646039752042E-006
   3.3333333333333333E-002  0.86666666666666670        4.8224188196717195E-006
   3.3333333333333333E-002  0.90000000000000002        2.4257456581184166E-006
   3.3333333333333333E-002  0.93333333333333335        1.1558232561961439E-006
   3.3333333333333333E-002  0.96666666666666667        4.5875826679024232E-007
   3.3333333333333333E-002   1.0000000000000000        0.0000000000000000     

   6.6666666666666666E-002   0.0000000000000000       0.20791169081775931     
   6.6666666666666666E-002   3.3333333333333333E-002  0.17785449540721793     
   6.6666666666666666E-002   6.6666666666666666E-002  0.15021738811944310     
   6.6666666666666666E-002  0.10000000000000001       0.12513640630045419     
   6.6666666666666666E-002  0.13333333333333333       0.10271403683877166     
   6.6666666666666666E-002  0.16666666666666666        8.2998290314854131E-002
   6.6666666666666666E-002  0.20000000000000001        6.5970120496483459E-002
   6.6666666666666666E-002  0.23333333333333334        5.1539804744302538E-002
   6.6666666666666666E-002  0.26666666666666666        3.9551662117703806E-002
   6.6666666666666666E-002  0.29999999999999999        2.9795459351308978E-002
   6.6666666666666666E-002  0.33333333333333331        2.2022196973003644E-002
   6.6666666666666666E-002  0.36666666666666664        1.5961745876311603E-002
   6.6666666666666666E-002  0.40000000000000002        1.1339993472121005E-002
   6.6666666666666666E-002  0.43333333333333335        7.8936592049657032E-003
   6.6666666666666666E-002  0.46666666666666667        5.3816116275033250E-003
   6.6666666666666666E-002  0.50000000000000000        3.5922183437314729E-003
   6.6666666666666666E-002  0.53333333333333333        2.3468664018975022E-003
   6.6666666666666666E-002  0.56666666666666665        1.5002285218478776E-003
   6.6666666666666666E-002  0.59999999999999998        9.3809287347752953E-004
   6.6666666666666666E-002  0.63333333333333330        5.7363562673561790E-004
   6.6666666666666666E-002  0.66666666666666663        3.4293840218553205E-004
   6.6666666666666666E-002  0.69999999999999996        2.0039087953549619E-004
   6.6666666666666666E-002  0.73333333333333328        1.1442382463508221E-004
   6.6666666666666666E-002  0.76666666666666661        6.3830117220543605E-005
   6.6666666666666666E-002  0.80000000000000004        3.4776419928722966E-005
   6.6666666666666666E-002  0.83333333333333337        1.8496843423332105E-005
   6.6666666666666666E-002  0.86666666666666670        9.5920022095991001E-006
   6.6666666666666666E-002  0.90000000000000002        4.8249143391865740E-006
   6.6666666666666666E-002  0.93333333333333335        2.2989830709258368E-006
   6.6666666666666666E-002  0.96666666666666667        9.1249028200819161E-007
   6.6666666666666666E-002   1.0000000000000000        0.0000000000000000     

  0.10000000000000001        0.0000000000000000       0.30901699437494740     
  0.10000000000000001        3.3333333333333333E-002  0.26434329589953398     
  0.10000000000000001        6.6666666666666666E-002  0.22326654935538706     
  0.10000000000000001       0.10000000000000001       0.18598894564203866     
  0.10000000000000001       0.13333333333333333       0.15266280996125520     
  0.10000000000000001       0.16666666666666666       0.12335949994190876     
  0.10000000000000001       0.20000000000000001        9.8050707366163739E-002
  0.10000000000000001       0.23333333333333334        7.6603078403687366E-002
  0.10000000000000001       0.26666666666666666        5.8785226083603724E-002
  0.10000000000000001       0.29999999999999999        4.4284682879294615E-002
  0.10000000000000001       0.33333333333333331        3.2731363452263192E-002
  0.10000000000000001       0.36666666666666664        2.3723777707132205E-002
  0.10000000000000001       0.40000000000000002        1.6854514939508309E-002
  0.10000000000000001       0.43333333333333335        1.1732263984504528E-002
  0.10000000000000001       0.46666666666666667        7.9986336674161464E-003
  0.10000000000000001       0.50000000000000000        5.3390769482580397E-003
  0.10000000000000001       0.53333333333333333        3.4881232453137585E-003
  0.10000000000000001       0.56666666666666665        2.2297741260896998E-003
  0.10000000000000001       0.59999999999999998        1.3942777294840918E-003
  0.10000000000000001       0.63333333333333330        8.5258869543611293E-004
  0.10000000000000001       0.66666666666666663        5.0970579808332734E-004
  0.10000000000000001       0.69999999999999996        2.9783889039933567E-004
  0.10000000000000001       0.73333333333333328        1.7006694637778828E-004
  0.10000000000000001       0.76666666666666661        9.4870042644124985E-005
  0.10000000000000001       0.80000000000000004        5.1687833037318815E-005
  0.10000000000000001       0.83333333333333337        2.7491666955429651E-005
  0.10000000000000001       0.86666666666666670        1.4256493616062606E-005
  0.10000000000000001       0.90000000000000002        7.1712202490763669E-006
  0.10000000000000001       0.93333333333333335        3.4169547460373300E-006
  0.10000000000000001       0.96666666666666667        1.3562248627455914E-006
  0.10000000000000001        1.0000000000000000        0.0000000000000000     

  0.13333333333333333        0.0000000000000000       0.40673664307580015     
  0.13333333333333333        3.3333333333333333E-002  0.34793589592458379     
  0.13333333333333333        6.6666666666666666E-002  0.29386955555506422     
  0.13333333333333333       0.10000000000000001       0.24480375117447992     
  0.13333333333333333       0.13333333333333333       0.20093897739105643     
  0.13333333333333333       0.16666666666666666       0.16236915707296487     
  0.13333333333333333       0.20000000000000001       0.12905703016751072     
  0.13333333333333333       0.23333333333333334       0.10082707270585667     
  0.13333333333333333       0.26666666666666666        7.7374726810932257E-002
  0.13333333333333333       0.29999999999999999        5.8288714154489031E-002
  0.13333333333333333       0.33333333333333331        4.3081918264061582E-002
  0.13333333333333333       0.36666666666666664        3.1225886864873816E-002
  0.13333333333333333       0.40000000000000002        2.2184374814184359E-002
  0.13333333333333333       0.43333333333333335        1.5442327624695044E-002
  0.13333333333333333       0.46666666666666667        1.0528021003047056E-002
  0.13333333333333333       0.50000000000000000        7.0274395084658119E-003
  0.13333333333333333       0.53333333333333333        4.5911634805176418E-003
  0.13333333333333333       0.56666666666666665        2.9348898583958500E-003
  0.13333333333333333       0.59999999999999998        1.8351865869150538E-003
  0.13333333333333333       0.63333333333333330        1.1222006239737553E-003
  0.13333333333333333       0.66666666666666663        6.7088875059452611E-004
  0.13333333333333333       0.69999999999999996        3.9202371605316530E-004
  0.13333333333333333       0.73333333333333328        2.2384677906718277E-004
  0.13333333333333333       0.76666666666666661        1.2487055202766456E-004
  0.13333333333333333       0.80000000000000004        6.8032943430783354E-005
  0.13333333333333333       0.83333333333333337        3.6185286031362339E-005
  0.13333333333333333       0.86666666666666670        1.8764787895105446E-005
  0.13333333333333333       0.90000000000000002        9.4389567692429646E-006
  0.13333333333333333       0.93333333333333335        4.4974895499074880E-006
  0.13333333333333333       0.96666666666666667        1.7851003600784525E-006
  0.13333333333333333        1.0000000000000000        0.0000000000000000     

  0.16666666666666666        0.0000000000000000       0.49999999999999994     
  0.16666666666666666        3.3333333333333333E-002  0.42771643746361665     
  0.16666666666666666        6.6666666666666666E-002  0.36125286540792217     
  0.16666666666666666       0.10000000000000001       0.30093643558057515     
  0.16666666666666666       0.13333333333333333       0.24701361533537694     
  0.16666666666666666       0.16666666666666666       0.19959986374119904     
  0.16666666666666666       0.20000000000000001       0.15864937713942262     
  0.16666666666666666       0.23333333333333334       0.12394638450003918     
  0.16666666666666666       0.26666666666666666        9.5116493839617691E-002
  0.16666666666666666       0.29999999999999999        7.1654122079709240E-002
  0.16666666666666666       0.33333333333333331        5.2960458563887924E-002
  0.16666666666666666       0.36666666666666664        3.8385878671686954E-002
  0.16666666666666666       0.40000000000000002        2.7271178036017321E-002
  0.16666666666666666       0.43333333333333335        1.8983201891914596E-002
  0.16666666666666666       0.46666666666666667        1.2942061137438548E-002
  0.16666666666666666       0.50000000000000000        8.6388079708325707E-003
  0.16666666666666666       0.53333333333333333        5.6439019678662496E-003
  0.16666666666666666       0.56666666666666665        3.6078503232482282E-003
  0.16666666666666666       0.59999999999999998        2.2559887560622922E-003
  0.16666666666666666       0.63333333333333330        1.3795174876395631E-003
  0.16666666666666666       0.66666666666666663        8.2472130556171465E-004
  0.16666666666666666       0.69999999999999996        4.8191344783767991E-004
  0.16666666666666666       0.73333333333333328        2.7517409960216722E-004
  0.16666666666666666       0.76666666666666661        1.5350295351234614E-004
  0.16666666666666666       0.80000000000000004        8.3632670659211558E-005
  0.16666666666666666       0.83333333333333337        4.4482451541277512E-005
  0.16666666666666666       0.86666666666666670        2.3067491231185189E-005
  0.16666666666666666       0.90000000000000002        1.1603278103817050E-005
  0.16666666666666666       0.93333333333333335        5.5287489171086646E-006
  0.16666666666666666       0.96666666666666667        2.1944179243100284E-006
  0.16666666666666666        1.0000000000000000        0.0000000000000000     

  0.20000000000000001        0.0000000000000000       0.58778525229247314     
  0.20000000000000001        3.3333333333333333E-002  0.50281082820837941     
  0.20000000000000001        6.6666666666666666E-002  0.42467821327034871     
  0.20000000000000001       0.10000000000000001       0.35377199742345194     
  0.20000000000000001       0.13333333333333333       0.29038192041916083     
  0.20000000000000001       0.16666666666666666       0.23464371253332789     
  0.20000000000000001       0.20000000000000001       0.18650352833587847     
  0.20000000000000001       0.23333333333333334       0.14570771376819083     
  0.20000000000000001       0.26666666666666666       0.11181614465739029     
  0.20000000000000001       0.29999999999999999        8.4234472448835127E-002
  0.20000000000000001       0.33333333333333331        6.2258752996999858E-002
  0.20000000000000001       0.36666666666666664        4.5125306759011559E-002
  0.20000000000000001       0.40000000000000002        3.2059192524426787E-002
  0.20000000000000001       0.43333333333333335        2.2316092226715951E-002
  0.20000000000000001       0.46666666666666667        1.5214305341707859E-002
  0.20000000000000001       0.50000000000000000        1.0155527845284102E-002
  0.20000000000000001       0.53333333333333333        6.6348046841924972E-003
  0.20000000000000001       0.56666666666666665        4.2412824249678819E-003
  0.20000000000000001       0.59999999999999998        2.6520738403021139E-003
  0.20000000000000001       0.63333333333333330        1.6217200690281986E-003
  0.20000000000000001       0.66666666666666663        9.6951804132114046E-004
  0.20000000000000001       0.69999999999999996        5.6652323504081253E-004
  0.20000000000000001       0.73333333333333328        3.2348655511802799E-004
  0.20000000000000001       0.76666666666666661        1.8045354451578832E-004
  0.20000000000000001       0.80000000000000004        9.8316100846635945E-005
  0.20000000000000001       0.83333333333333337        5.2292258003555024E-005
  0.20000000000000001       0.86666666666666670        2.7117462306153200E-005
  0.20000000000000001       0.90000000000000002        1.3640471495343666E-005
  0.20000000000000001       0.93333333333333335        6.4994341542089088E-006
  0.20000000000000001       0.96666666666666667        2.5796929865513903E-006
  0.20000000000000001        1.0000000000000000        0.0000000000000000     

  0.23333333333333334        0.0000000000000000       0.66913060635885824     
  0.23333333333333334        3.3333333333333333E-002  0.57239631829936100     
  0.23333333333333334        6.6666666666666666E-002  0.48345069775855593     
  0.23333333333333334       0.10000000000000001       0.40273155923100745     
  0.23333333333333334       0.13333333333333333       0.33056874041650902     
  0.23333333333333334       0.16666666666666666       0.26711675570858795     
  0.23333333333333334       0.20000000000000001       0.21231430784751404     
  0.23333333333333334       0.23333333333333334       0.16587263883299883     
  0.23333333333333334       0.26666666666666666       0.12729071439526396     
  0.23333333333333334       0.29999999999999999        9.5891932310614991E-002
  0.23333333333333334       0.33333333333333331        7.0874927503795024E-002
  0.23333333333333334       0.36666666666666664        5.1370332542406909E-002
  0.23333333333333334       0.40000000000000002        3.6495959790721288E-002
  0.23333333333333334       0.43333333333333335        2.5404482785138877E-002
  0.23333333333333334       0.46666666666666667        1.7319858432855342E-002
  0.23333333333333334       0.50000000000000000        1.1560981631481873E-002
  0.23333333333333334       0.53333333333333333        7.5530150919765919E-003
  0.23333333333333334       0.56666666666666665        4.8282461488941787E-003
  0.23333333333333334       0.59999999999999998        3.0191022485654556E-003
  0.23333333333333334       0.63333333333333330        1.8461547459738190E-003
  0.23333333333333334       0.66666666666666663        1.1036925345351586E-003
  0.23333333333333334       0.69999999999999996        6.4492607512822947E-004
  0.23333333333333334       0.73333333333333328        3.6825482424210197E-004
  0.23333333333333334       0.76666666666666661        2.0542704872318363E-004
  0.23333333333333334       0.80000000000000004        1.1192235925921782E-004
  0.23333333333333334       0.83333333333333337        5.9529139544287094E-005
  0.23333333333333334       0.86666666666666670        3.0870328789401183E-005
  0.23333333333333334       0.90000000000000002        1.5528217026715129E-005
  0.23333333333333334       0.93333333333333335        7.3989102306216041E-006
  0.23333333333333334       0.96666666666666667        2.9367043925966322E-006
  0.23333333333333334        1.0000000000000000        0.0000000000000000     

  0.26666666666666666        0.0000000000000000       0.74314482547739413     
  0.26666666666666666        3.3333333333333333E-002  0.63571051454542438     
  0.26666666666666666        6.6666666666666666E-002  0.53692639523355790     
  0.26666666666666666       0.10000000000000001       0.44727870979863127     
  0.26666666666666666       0.13333333333333333       0.36713378011789777     
  0.26666666666666666       0.16666666666666666       0.29666321181053007     
  0.26666666666666666       0.20000000000000001       0.23579892737274702     
  0.26666666666666666       0.23333333333333334       0.18422022855567124     
  0.26666666666666666       0.26666666666666666       0.14137066042892868     
  0.26666666666666666       0.29999999999999999       0.10649878009532283     
  0.26666666666666666       0.33333333333333331        7.8714581473326523E-002
  0.26666666666666666       0.36666666666666664        5.7052534212534464E-002
  0.26666666666666666       0.40000000000000002        4.0532869684278085E-002
  0.26666666666666666       0.43333333333333335        2.8214536513938026E-002
  0.26666666666666666       0.46666666666666667        1.9235651530599071E-002
  0.26666666666666666       0.50000000000000000        1.2839770883634187E-002
  0.26666666666666666       0.53333333333333333        8.3884730858429703E-003
  0.26666666666666666       0.56666666666666665        5.3623105976377296E-003
  0.26666666666666666       0.59999999999999998        3.3530527408057514E-003
  0.26666666666666666       0.63333333333333330        2.0503625651898329E-003
  0.26666666666666666       0.66666666666666663        1.2257747413782982E-003
  0.26666666666666666       0.69999999999999996        7.1626297017708391E-004
  0.26666666666666666       0.73333333333333328        4.0898841644950335E-004
  0.26666666666666666       0.76666666666666661        2.2814985119639408E-004
  0.26666666666666666       0.80000000000000004        1.2430237288249630E-004
  0.26666666666666666       0.83333333333333337        6.6113807374898649E-005
  0.26666666666666666       0.86666666666666670        3.4284973490400879E-005
  0.26666666666666666       0.90000000000000002        1.7245832162853581E-005
  0.26666666666666666       0.93333333333333335        8.2173222982261030E-006
  0.26666666666666666       0.96666666666666667        3.2615406507716833E-006
  0.26666666666666666        1.0000000000000000        0.0000000000000000     

  0.29999999999999999        0.0000000000000000       0.80901699437494745     
  0.29999999999999999        3.3333333333333333E-002  0.69205973336315063     
  0.29999999999999999        6.6666666666666666E-002  0.58451941476330926     
  0.29999999999999999       0.10000000000000001       0.48692538122261386     
  0.29999999999999999       0.13333333333333333       0.39967642529663217     
  0.29999999999999999       0.16666666666666666       0.32295936368310779     
  0.29999999999999999       0.20000000000000001       0.25670008450558635     
  0.29999999999999999       0.23333333333333334       0.20054946290372658     
  0.29999999999999999       0.26666666666666666       0.15390171992322141     
  0.29999999999999999       0.29999999999999999       0.11593880495900384     
  0.29999999999999999       0.33333333333333331        8.5691822016151109E-002
  0.29999999999999999       0.36666666666666664        6.2109656378819163E-002
  0.29999999999999999       0.40000000000000002        4.4125692975525634E-002
  0.29999999999999999       0.43333333333333335        3.0715465876419126E-002
  0.29999999999999999       0.46666666666666667        2.0940694804854696E-002
  0.29999999999999999       0.50000000000000000        1.3977884919090610E-002
  0.29999999999999999       0.53333333333333333        9.1320252131800068E-003
  0.29999999999999999       0.56666666666666665        5.8376244493379284E-003
  0.29999999999999999       0.59999999999999998        3.6502664855463840E-003
  0.29999999999999999       0.63333333333333330        2.2321061830756763E-003
  0.29999999999999999       0.66666666666666663        1.3344271036450418E-003
  0.29999999999999999       0.69999999999999996        7.7975233823701553E-004
  0.29999999999999999       0.73333333333333328        4.4524104597995549E-004
  0.29999999999999999       0.76666666666666661        2.4837299615647113E-004
  0.29999999999999999       0.80000000000000004        1.3532050369653037E-004
  0.29999999999999999       0.83333333333333337        7.1974118496707156E-005
  0.29999999999999999       0.86666666666666670        3.7323984847247795E-005
  0.29999999999999999       0.90000000000000002        1.8774498352893413E-005
  0.29999999999999999       0.93333333333333335        8.9457036631459938E-006
  0.29999999999999999       0.96666666666666667        3.5506427870556198E-006
  0.29999999999999999        1.0000000000000000        0.0000000000000000     

  0.33333333333333331        0.0000000000000000       0.86602540378443860     
  0.33333333333333331        3.3333333333333333E-002  0.74082660091934049     
  0.33333333333333331        6.6666666666666666E-002  0.62570831726636256     
  0.33333333333333331       0.10000000000000001       0.52123719627423470     
  0.33333333333333331       0.13333333333333333       0.42784013192214765     
  0.33333333333333331       0.16666666666666666       0.34571710518358167     
  0.33333333333333331       0.20000000000000001       0.27478878179463628     
  0.33333333333333331       0.23333333333333334       0.21468143536853546     
  0.33333333333333331       0.26666666666666666       0.16474659996802998     
  0.33333333333333331       0.29999999999999999       0.12410858001379931     
  0.33333333333333331       0.33333333333333331        9.1730205024800143E-002
  0.33333333333333331       0.36666666666666664        6.6486292152536333E-002
  0.33333333333333331       0.40000000000000002        4.7235065940638442E-002
  0.33333333333333331       0.43333333333333335        3.2879870167133715E-002
  0.33333333333333331       0.46666666666666667        2.2416307444706220E-002
  0.33333333333333331       0.50000000000000000        1.4962854322313009E-002
  0.33333333333333331       0.53333333333333333        9.7755249612823097E-003
  0.33333333333333331       0.56666666666666665        6.2489800659697283E-003
  0.33333333333333331       0.59999999999999998        3.9074871468039998E-003
  0.33333333333333331       0.63333333333333330        2.3893943785214941E-003
  0.33333333333333331       0.66666666666666663        1.4284592033174267E-003
  0.33333333333333331       0.69999999999999996        8.3469857650555546E-004
  0.33333333333333331       0.73333333333333328        4.7661552143797239E-004
  0.33333333333333331       0.76666666666666661        2.6587491459526696E-004
  0.33333333333333331       0.80000000000000004        1.4485603475442930E-004
  0.33333333333333331       0.83333333333333337        7.7045866114713171E-005
  0.33333333333333331       0.86666666666666670        3.9954066815562310E-005
  0.33333333333333331       0.90000000000000002        2.0097467210162588E-005
  0.33333333333333331       0.93333333333333335        9.5760740267236187E-006
  0.33333333333333331       0.96666666666666667        3.8008433379448035E-006
  0.33333333333333331        1.0000000000000000        0.0000000000000000     

  0.36666666666666664        0.0000000000000000       0.91354545764260087     
  0.36666666666666664        3.3333333333333333E-002  0.78147681720792517     
  0.36666666666666664        6.6666666666666666E-002  0.66004182850756232     
  0.36666666666666664       0.10000000000000001       0.54983822752757927     
  0.36666666666666664       0.13333333333333333       0.45131633253102060     
  0.36666666666666664       0.16666666666666666       0.36468709773370894     
  0.36666666666666664       0.20000000000000001       0.28986683568709476     
  0.36666666666666664       0.23333333333333334       0.22646131310246817     
  0.36666666666666664       0.26666666666666666       0.17378648178814635     
  0.36666666666666664       0.29999999999999999       0.13091859549457352     
  0.36666666666666664       0.33333333333333331        9.6763572711417986E-002
  0.36666666666666664       0.36666666666666664        7.0134490196279223E-002
  0.36666666666666664       0.40000000000000002        4.9826921638732577E-002
  0.36666666666666664       0.43333333333333335        3.4684035719742018E-002
  0.36666666666666664       0.46666666666666667        2.3646322329279636E-002
  0.36666666666666664       0.50000000000000000        1.5783887562401580E-002
  0.36666666666666664       0.53333333333333333        1.0311922012248695E-002
  0.36666666666666664       0.56666666666666665        6.5918705493156161E-003
  0.36666666666666664       0.59999999999999998        4.1218965611869770E-003
  0.36666666666666664       0.63333333333333330        2.5205038691433115E-003
  0.36666666666666664       0.66666666666666663        1.5068408050339598E-003
  0.36666666666666664       0.69999999999999996        8.8049968249799386E-004
  0.36666666666666664       0.73333333333333328        5.0276809750490498E-004
  0.36666666666666664       0.76666666666666661        2.8046385183185435E-004
  0.36666666666666664       0.80000000000000004        1.5280449278248467E-004
  0.36666666666666664       0.83333333333333337        8.1273483100682348E-005
  0.36666666666666664       0.86666666666666670        4.2146403666919518E-005
  0.36666666666666664       0.90000000000000002        2.1200244011011829E-005
  0.36666666666666664       0.93333333333333335        1.0101526919342137E-005
  0.36666666666666664       0.96666666666666667        4.0094010538458619E-006
  0.36666666666666664        1.0000000000000000        0.0000000000000000     

  0.40000000000000002        0.0000000000000000       0.95105651629515353     
  0.40000000000000002        3.3333333333333333E-002  0.81356500995264247     
  0.40000000000000002        6.6666666666666666E-002  0.68714378335300108     
  0.40000000000000002       0.10000000000000001       0.57241511609908546     
  0.40000000000000002       0.13333333333333333       0.46984781695666938     
  0.40000000000000002       0.16666666666666666       0.37966150212538419     
  0.40000000000000002       0.20000000000000001       0.30176904786923042     
  0.40000000000000002       0.23333333333333334       0.23576003329997378     
  0.40000000000000002       0.26666666666666666       0.18092232254663246     
  0.40000000000000002       0.29999999999999999       0.13629423944663180     
  0.40000000000000002       0.33333333333333331       0.10073677844633014     
  0.40000000000000002       0.36666666666666664        7.3014280088846056E-002
  0.40000000000000002       0.40000000000000002        5.1872863156399079E-002
  0.40000000000000002       0.43333333333333335        3.6108195718903731E-002
  0.40000000000000002       0.46666666666666667        2.4617263158102396E-002
  0.40000000000000002       0.50000000000000000        1.6431989227365659E-002
  0.40000000000000002       0.53333333333333333        1.0735339487740471E-002
  0.40000000000000002       0.56666666666666665        6.8625391194856071E-003
  0.40000000000000002       0.59999999999999998        4.2911456142832810E-003
  0.40000000000000002       0.63333333333333330        2.6239981919254510E-003
  0.40000000000000002       0.66666666666666663        1.5687131435638303E-003
  0.40000000000000002       0.69999999999999996        9.1665384971258016E-004
  0.40000000000000002       0.73333333333333328        5.2341224108458557E-004
  0.40000000000000002       0.76666666666666661        2.9197996841693767E-004
  0.40000000000000002       0.80000000000000004        1.5907879281121929E-004
  0.40000000000000002       0.83333333333333337        8.4610650798230754E-005
  0.40000000000000002       0.86666666666666670        4.3876975699999973E-005
  0.40000000000000002       0.90000000000000002        2.2070746502040153E-005
  0.40000000000000002       0.93333333333333335        1.0516305369151937E-005
  0.40000000000000002       0.96666666666666667        4.1740309327798744E-006
  0.40000000000000002        1.0000000000000000        0.0000000000000000     

  0.43333333333333335        0.0000000000000000       0.97814760073380569     
  0.43333333333333335        3.3333333333333333E-002  0.83673961419889509     
  0.43333333333333335        6.6666666666666666E-002  0.70671724711394301     
  0.43333333333333335       0.10000000000000001       0.58872050487304617     
  0.43333333333333335       0.13333333333333333       0.48323155037776427     
  0.43333333333333335       0.16666666666666666       0.39047625565049671     
  0.43333333333333335       0.20000000000000001       0.31036501521367771     
  0.43333333333333335       0.23333333333333334       0.24247571723668618     
  0.43333333333333335       0.26666666666666666       0.18607594047886769     
  0.43333333333333335       0.29999999999999999       0.14017661518990956     
  0.43333333333333335       0.33333333333333331       0.10360629095605819     
  0.43333333333333335       0.36666666666666664        7.5094110249539103E-002
  0.43333333333333335       0.40000000000000002        5.3350474730229594E-002
  0.43333333333333335       0.43333333333333335        3.7136746769643403E-002
  0.43333333333333335       0.46666666666666667        2.5318492100271487E-002
  0.43333333333333335       0.50000000000000000        1.6900058579739911E-002
  0.43333333333333335       0.53333333333333333        1.1041138337290349E-002
  0.43333333333333335       0.56666666666666665        7.0580202749838793E-003
  0.43333333333333335       0.59999999999999998        4.4133799780495479E-003
  0.43333333333333335       0.63333333333333330        2.6987434414099325E-003
  0.43333333333333335       0.66666666666666663        1.6133983326184860E-003
  0.43333333333333335       0.69999999999999996        9.4276496552756514E-004
  0.43333333333333335       0.73333333333333328        5.3832177061989030E-004
  0.43333333333333335       0.76666666666666661        3.0029709136730862E-004
  0.43333333333333335       0.80000000000000004        1.6361019229653662E-004
  0.43333333333333335       0.83333333333333337        8.7020806499716732E-005
  0.43333333333333335       0.86666666666666670        4.5126822405463786E-005
  0.43333333333333335       0.90000000000000002        2.2699437275791494E-005
  0.43333333333333335       0.93333333333333335        1.0815864976658932E-005
  0.43333333333333335       0.96666666666666667        4.2929292553422233E-006
  0.43333333333333335        1.0000000000000000        0.0000000000000000     

  0.46666666666666667        0.0000000000000000       0.99452189536827329     
  0.46666666666666667        3.3333333333333333E-002  0.85074672413296326     
  0.46666666666666667        6.6666666666666666E-002  0.71854776882541305     
  0.46666666666666667       0.10000000000000001       0.59857574859793183     
  0.46666666666666667       0.13333333333333333       0.49132089781021732     
  0.46666666666666667       0.16666666666666666       0.39701286960629267     
  0.46666666666666667       0.20000000000000001       0.31556055850338915     
  0.46666666666666667       0.23333333333333334       0.24653478647404747     
  0.46666666666666667       0.26666666666666666       0.18919087146832256     
  0.46666666666666667       0.29999999999999999       0.14252318660332411     
  0.46666666666666667       0.33333333333333331       0.10534067126106143     
  0.46666666666666667       0.36666666666666664        7.6351193623885358E-002
  0.46666666666666667       0.40000000000000002        5.4243567338611146E-002
  0.46666666666666667       0.43333333333333335        3.7758419851410992E-002
  0.46666666666666667       0.46666666666666667        2.5742326344754915E-002
  0.46666666666666667       0.50000000000000000        1.7182967353749912E-002
  0.46666666666666667       0.53333333333333333        1.1225968164710137E-002
  0.46666666666666667       0.56666666666666665        7.1761722833637315E-003
  0.46666666666666667       0.59999999999999998        4.4872604272171686E-003
  0.46666666666666667       0.63333333333333330        2.7439206930019540E-003
  0.46666666666666667       0.66666666666666663        1.6404067919156666E-003
  0.46666666666666667       0.69999999999999996        9.5854695109397800E-004
  0.46666666666666667       0.73333333333333328        5.4733333418521075E-004
  0.46666666666666667       0.76666666666666661        3.0532409654345291E-004
  0.46666666666666667       0.80000000000000004        1.6634904427741929E-004
  0.46666666666666667       0.83333333333333337        8.8477544034917363E-005
  0.46666666666666667       0.86666666666666670        4.5882250201258636E-005
  0.46666666666666667       0.90000000000000002        2.3079428264586629E-005
  0.46666666666666667       0.93333333333333335        1.0996923704116396E-005
  0.46666666666666667       0.96666666666666667        4.3647933466298422E-006
  0.46666666666666667        1.0000000000000000        0.0000000000000000     

  0.50000000000000000        0.0000000000000000        1.0000000000000000     
  0.50000000000000000        3.3333333333333333E-002  0.85543287492723341     
  0.50000000000000000        6.6666666666666666E-002  0.72250573081584435     
  0.50000000000000000       0.10000000000000001       0.60187287116115029     
  0.50000000000000000       0.13333333333333333       0.49402723067075383     
  0.50000000000000000       0.16666666666666666       0.39919972748239807     
  0.50000000000000000       0.20000000000000001       0.31729875427884513     
  0.50000000000000000       0.23333333333333334       0.24789276900007837     
  0.50000000000000000       0.26666666666666666       0.19023298767923535     
  0.50000000000000000       0.29999999999999999       0.14330824415941848     
  0.50000000000000000       0.33333333333333331       0.10592091712777582     
  0.50000000000000000       0.36666666666666664        7.6771757343373895E-002
  0.50000000000000000       0.40000000000000002        5.4542356072034635E-002
  0.50000000000000000       0.43333333333333335        3.7966403783829192E-002
  0.50000000000000000       0.46666666666666667        2.5884122274877092E-002
  0.50000000000000000       0.50000000000000000        1.7277615941665145E-002
  0.50000000000000000       0.53333333333333333        1.1287803935732497E-002
  0.50000000000000000       0.56666666666666665        7.2157006464964564E-003
  0.50000000000000000       0.59999999999999998        4.5119775121245844E-003
  0.50000000000000000       0.63333333333333330        2.7590349752791262E-003
  0.50000000000000000       0.66666666666666663        1.6494426111234293E-003
  0.50000000000000000       0.69999999999999996        9.6382689567535982E-004
  0.50000000000000000       0.73333333333333328        5.5034819920433443E-004
  0.50000000000000000       0.76666666666666661        3.0700590702469228E-004
  0.50000000000000000       0.80000000000000004        1.6726534131842309E-004
  0.50000000000000000       0.83333333333333337        8.8964903082555023E-005
  0.50000000000000000       0.86666666666666670        4.6134982462370378E-005
  0.50000000000000000       0.90000000000000002        2.3206556207634096E-005
  0.50000000000000000       0.93333333333333335        1.1057497834217329E-005
  0.50000000000000000       0.96666666666666667        4.3888358486200559E-006
  0.50000000000000000        1.0000000000000000        0.0000000000000000     

  0.53333333333333333        0.0000000000000000       0.99452189536827340     
  0.53333333333333333        3.3333333333333333E-002  0.85074672413296337     
  0.53333333333333333        6.6666666666666666E-002  0.71854776882541305     
  0.53333333333333333       0.10000000000000001       0.59857574859793183     
  0.53333333333333333       0.13333333333333333       0.49132089781021737     
  0.53333333333333333       0.16666666666666666       0.39701286960629273     
  0.53333333333333333       0.20000000000000001       0.31556055850338915     
  0.53333333333333333       0.23333333333333334       0.24653478647404750     
  0.53333333333333333       0.26666666666666666       0.18919087146832256     
  0.53333333333333333       0.29999999999999999       0.14252318660332411     
  0.53333333333333333       0.33333333333333331       0.10534067126106145     
  0.53333333333333333       0.36666666666666664        7.6351193623885372E-002
  0.53333333333333333       0.40000000000000002        5.4243567338611146E-002
  0.53333333333333333       0.43333333333333335        3.7758419851410992E-002
  0.53333333333333333       0.46666666666666667        2.5742326344754915E-002
  0.53333333333333333       0.50000000000000000        1.7182967353749915E-002
  0.53333333333333333       0.53333333333333333        1.1225968164710139E-002
  0.53333333333333333       0.56666666666666665        7.1761722833637315E-003
  0.53333333333333333       0.59999999999999998        4.4872604272171678E-003
  0.53333333333333333       0.63333333333333330        2.7439206930019540E-003
  0.53333333333333333       0.66666666666666663        1.6404067919156666E-003
  0.53333333333333333       0.69999999999999996        9.5854695109397800E-004
  0.53333333333333333       0.73333333333333328        5.4733333418521075E-004
  0.53333333333333333       0.76666666666666661        3.0532409654345291E-004
  0.53333333333333333       0.80000000000000004        1.6634904427741931E-004
  0.53333333333333333       0.83333333333333337        8.8477544034917363E-005
  0.53333333333333333       0.86666666666666670        4.5882250201258636E-005
  0.53333333333333333       0.90000000000000002        2.3079428264586633E-005
  0.53333333333333333       0.93333333333333335        1.0996923704116396E-005
  0.53333333333333333       0.96666666666666667        4.3647933466298430E-006
  0.53333333333333333        1.0000000000000000        0.0000000000000000     

  0.56666666666666665        0.0000000000000000       0.97814760073380569     
  0.56666666666666665        3.3333333333333333E-002  0.83673961419889509     
  0.56666666666666665        6.6666666666666666E-002  0.70671724711394301     
  0.56666666666666665       0.10000000000000001       0.58872050487304617     
  0.56666666666666665       0.13333333333333333       0.48323155037776422     
  0.56666666666666665       0.16666666666666666       0.39047625565049676     
  0.56666666666666665       0.20000000000000001       0.31036501521367782     
  0.56666666666666665       0.23333333333333334       0.24247571723668621     
  0.56666666666666665       0.26666666666666666       0.18607594047886772     
  0.56666666666666665       0.29999999999999999       0.14017661518990959     
  0.56666666666666665       0.33333333333333331       0.10360629095605819     
  0.56666666666666665       0.36666666666666664        7.5094110249539103E-002
  0.56666666666666665       0.40000000000000002        5.3350474730229601E-002
  0.56666666666666665       0.43333333333333335        3.7136746769643403E-002
  0.56666666666666665       0.46666666666666667        2.5318492100271490E-002
  0.56666666666666665       0.50000000000000000        1.6900058579739911E-002
  0.56666666666666665       0.53333333333333333        1.1041138337290349E-002
  0.56666666666666665       0.56666666666666665        7.0580202749838793E-003
  0.56666666666666665       0.59999999999999998        4.4133799780495479E-003
  0.56666666666666665       0.63333333333333330        2.6987434414099325E-003
  0.56666666666666665       0.66666666666666663        1.6133983326184860E-003
  0.56666666666666665       0.69999999999999996        9.4276496552756514E-004
  0.56666666666666665       0.73333333333333328        5.3832177061989030E-004
  0.56666666666666665       0.76666666666666661        3.0029709136730862E-004
  0.56666666666666665       0.80000000000000004        1.6361019229653665E-004
  0.56666666666666665       0.83333333333333337        8.7020806499716732E-005
  0.56666666666666665       0.86666666666666670        4.5126822405463786E-005
  0.56666666666666665       0.90000000000000002        2.2699437275791491E-005
  0.56666666666666665       0.93333333333333335        1.0815864976658933E-005
  0.56666666666666665       0.96666666666666667        4.2929292553422233E-006
  0.56666666666666665        1.0000000000000000        0.0000000000000000     

  0.59999999999999998        0.0000000000000000       0.95105651629515364     
  0.59999999999999998        3.3333333333333333E-002  0.81356500995264247     
  0.59999999999999998        6.6666666666666666E-002  0.68714378335300108     
  0.59999999999999998       0.10000000000000001       0.57241511609908546     
  0.59999999999999998       0.13333333333333333       0.46984781695666950     
  0.59999999999999998       0.16666666666666666       0.37966150212538424     
  0.59999999999999998       0.20000000000000001       0.30176904786923048     
  0.59999999999999998       0.23333333333333334       0.23576003329997380     
  0.59999999999999998       0.26666666666666666       0.18092232254663249     
  0.59999999999999998       0.29999999999999999       0.13629423944663183     
  0.59999999999999998       0.33333333333333331       0.10073677844633017     
  0.59999999999999998       0.36666666666666664        7.3014280088846070E-002
  0.59999999999999998       0.40000000000000002        5.1872863156399086E-002
  0.59999999999999998       0.43333333333333335        3.6108195718903724E-002
  0.59999999999999998       0.46666666666666667        2.4617263158102396E-002
  0.59999999999999998       0.50000000000000000        1.6431989227365659E-002
  0.59999999999999998       0.53333333333333333        1.0735339487740473E-002
  0.59999999999999998       0.56666666666666665        6.8625391194856080E-003
  0.59999999999999998       0.59999999999999998        4.2911456142832819E-003
  0.59999999999999998       0.63333333333333330        2.6239981919254510E-003
  0.59999999999999998       0.66666666666666663        1.5687131435638303E-003
  0.59999999999999998       0.69999999999999996        9.1665384971258016E-004
  0.59999999999999998       0.73333333333333328        5.2341224108458557E-004
  0.59999999999999998       0.76666666666666661        2.9197996841693767E-004
  0.59999999999999998       0.80000000000000004        1.5907879281121929E-004
  0.59999999999999998       0.83333333333333337        8.4610650798230754E-005
  0.59999999999999998       0.86666666666666670        4.3876975699999979E-005
  0.59999999999999998       0.90000000000000002        2.2070746502040153E-005
  0.59999999999999998       0.93333333333333335        1.0516305369151939E-005
  0.59999999999999998       0.96666666666666667        4.1740309327798744E-006
  0.59999999999999998        1.0000000000000000        0.0000000000000000     

  0.63333333333333330        0.0000000000000000       0.91354545764260098     
  0.63333333333333330        3.3333333333333333E-002  0.78147681720792528     
  0.63333333333333330        6.6666666666666666E-002  0.66004182850756243     
  0.63333333333333330       0.10000000000000001       0.54983822752757938     
  0.63333333333333330       0.13333333333333333       0.45131633253102066     
  0.63333333333333330       0.16666666666666666       0.36468709773370894     
  0.63333333333333330       0.20000000000000001       0.28986683568709487     
  0.63333333333333330       0.23333333333333334       0.22646131310246817     
  0.63333333333333330       0.26666666666666666       0.17378648178814637     
  0.63333333333333330       0.29999999999999999       0.13091859549457355     
  0.63333333333333330       0.33333333333333331        9.6763572711418000E-002
  0.63333333333333330       0.36666666666666664        7.0134490196279237E-002
  0.63333333333333330       0.40000000000000002        4.9826921638732584E-002
  0.63333333333333330       0.43333333333333335        3.4684035719742011E-002
  0.63333333333333330       0.46666666666666667        2.3646322329279639E-002
  0.63333333333333330       0.50000000000000000        1.5783887562401580E-002
  0.63333333333333330       0.53333333333333333        1.0311922012248696E-002
  0.63333333333333330       0.56666666666666665        6.5918705493156170E-003
  0.63333333333333330       0.59999999999999998        4.1218965611869770E-003
  0.63333333333333330       0.63333333333333330        2.5205038691433115E-003
  0.63333333333333330       0.66666666666666663        1.5068408050339598E-003
  0.63333333333333330       0.69999999999999996        8.8049968249799386E-004
  0.63333333333333330       0.73333333333333328        5.0276809750490498E-004
  0.63333333333333330       0.76666666666666661        2.8046385183185435E-004
  0.63333333333333330       0.80000000000000004        1.5280449278248467E-004
  0.63333333333333330       0.83333333333333337        8.1273483100682362E-005
  0.63333333333333330       0.86666666666666670        4.2146403666919511E-005
  0.63333333333333330       0.90000000000000002        2.1200244011011833E-005
  0.63333333333333330       0.93333333333333335        1.0101526919342137E-005
  0.63333333333333330       0.96666666666666667        4.0094010538458619E-006
  0.63333333333333330        1.0000000000000000        0.0000000000000000     

  0.66666666666666663        0.0000000000000000       0.86602540378443871     
  0.66666666666666663        3.3333333333333333E-002  0.74082660091934061     
  0.66666666666666663        6.6666666666666666E-002  0.62570831726636256     
  0.66666666666666663       0.10000000000000001       0.52123719627423482     
  0.66666666666666663       0.13333333333333333       0.42784013192214765     
  0.66666666666666663       0.16666666666666666       0.34571710518358173     
  0.66666666666666663       0.20000000000000001       0.27478878179463628     
  0.66666666666666663       0.23333333333333334       0.21468143536853548     
  0.66666666666666663       0.26666666666666666       0.16474659996802998     
  0.66666666666666663       0.29999999999999999       0.12410858001379933     
  0.66666666666666663       0.33333333333333331        9.1730205024800143E-002
  0.66666666666666663       0.36666666666666664        6.6486292152536333E-002
  0.66666666666666663       0.40000000000000002        4.7235065940638435E-002
  0.66666666666666663       0.43333333333333335        3.2879870167133715E-002
  0.66666666666666663       0.46666666666666667        2.2416307444706223E-002
  0.66666666666666663       0.50000000000000000        1.4962854322313011E-002
  0.66666666666666663       0.53333333333333333        9.7755249612823114E-003
  0.66666666666666663       0.56666666666666665        6.2489800659697300E-003
  0.66666666666666663       0.59999999999999998        3.9074871468040007E-003
  0.66666666666666663       0.63333333333333330        2.3893943785214945E-003
  0.66666666666666663       0.66666666666666663        1.4284592033174269E-003
  0.66666666666666663       0.69999999999999996        8.3469857650555546E-004
  0.66666666666666663       0.73333333333333328        4.7661552143797245E-004
  0.66666666666666663       0.76666666666666661        2.6587491459526696E-004
  0.66666666666666663       0.80000000000000004        1.4485603475442933E-004
  0.66666666666666663       0.83333333333333337        7.7045866114713171E-005
  0.66666666666666663       0.86666666666666670        3.9954066815562303E-005
  0.66666666666666663       0.90000000000000002        2.0097467210162588E-005
  0.66666666666666663       0.93333333333333335        9.5760740267236187E-006
  0.66666666666666663       0.96666666666666667        3.8008433379448031E-006
  0.66666666666666663        1.0000000000000000        0.0000000000000000     

  0.69999999999999996        0.0000000000000000       0.80901699437494745     
  0.69999999999999996        3.3333333333333333E-002  0.69205973336315063     
  0.69999999999999996        6.6666666666666666E-002  0.58451941476330926     
  0.69999999999999996       0.10000000000000001       0.48692538122261392     
  0.69999999999999996       0.13333333333333333       0.39967642529663222     
  0.69999999999999996       0.16666666666666666       0.32295936368310779     
  0.69999999999999996       0.20000000000000001       0.25670008450558640     
  0.69999999999999996       0.23333333333333334       0.20054946290372658     
  0.69999999999999996       0.26666666666666666       0.15390171992322144     
  0.69999999999999996       0.29999999999999999       0.11593880495900387     
  0.69999999999999996       0.33333333333333331        8.5691822016151123E-002
  0.69999999999999996       0.36666666666666664        6.2109656378819163E-002
  0.69999999999999996       0.40000000000000002        4.4125692975525641E-002
  0.69999999999999996       0.43333333333333335        3.0715465876419129E-002
  0.69999999999999996       0.46666666666666667        2.0940694804854700E-002
  0.69999999999999996       0.50000000000000000        1.3977884919090614E-002
  0.69999999999999996       0.53333333333333333        9.1320252131800086E-003
  0.69999999999999996       0.56666666666666665        5.8376244493379293E-003
  0.69999999999999996       0.59999999999999998        3.6502664855463849E-003
  0.69999999999999996       0.63333333333333330        2.2321061830756763E-003
  0.69999999999999996       0.66666666666666663        1.3344271036450420E-003
  0.69999999999999996       0.69999999999999996        7.7975233823701564E-004
  0.69999999999999996       0.73333333333333328        4.4524104597995555E-004
  0.69999999999999996       0.76666666666666661        2.4837299615647118E-004
  0.69999999999999996       0.80000000000000004        1.3532050369653037E-004
  0.69999999999999996       0.83333333333333337        7.1974118496707156E-005
  0.69999999999999996       0.86666666666666670        3.7323984847247795E-005
  0.69999999999999996       0.90000000000000002        1.8774498352893413E-005
  0.69999999999999996       0.93333333333333335        8.9457036631459938E-006
  0.69999999999999996       0.96666666666666667        3.5506427870556190E-006
  0.69999999999999996        1.0000000000000000        0.0000000000000000     

  0.73333333333333328        0.0000000000000000       0.74314482547739447     
  0.73333333333333328        3.3333333333333333E-002  0.63571051454542460     
  0.73333333333333328        6.6666666666666666E-002  0.53692639523355801     
  0.73333333333333328       0.10000000000000001       0.44727870979863138     
  0.73333333333333328       0.13333333333333333       0.36713378011789782     
  0.73333333333333328       0.16666666666666666       0.29666321181053013     
  0.73333333333333328       0.20000000000000001       0.23579892737274705     
  0.73333333333333328       0.23333333333333334       0.18422022855567127     
  0.73333333333333328       0.26666666666666666       0.14137066042892868     
  0.73333333333333328       0.29999999999999999       0.10649878009532285     
  0.73333333333333328       0.33333333333333331        7.8714581473326536E-002
  0.73333333333333328       0.36666666666666664        5.7052534212534471E-002
  0.73333333333333328       0.40000000000000002        4.0532869684278092E-002
  0.73333333333333328       0.43333333333333335        2.8214536513938033E-002
  0.73333333333333328       0.46666666666666667        1.9235651530599078E-002
  0.73333333333333328       0.50000000000000000        1.2839770883634190E-002
  0.73333333333333328       0.53333333333333333        8.3884730858429721E-003
  0.73333333333333328       0.56666666666666665        5.3623105976377313E-003
  0.73333333333333328       0.59999999999999998        3.3530527408057523E-003
  0.73333333333333328       0.63333333333333330        2.0503625651898333E-003
  0.73333333333333328       0.66666666666666663        1.2257747413782984E-003
  0.73333333333333328       0.69999999999999996        7.1626297017708391E-004
  0.73333333333333328       0.73333333333333328        4.0898841644950335E-004
  0.73333333333333328       0.76666666666666661        2.2814985119639410E-004
  0.73333333333333328       0.80000000000000004        1.2430237288249633E-004
  0.73333333333333328       0.83333333333333337        6.6113807374898649E-005
  0.73333333333333328       0.86666666666666670        3.4284973490400886E-005
  0.73333333333333328       0.90000000000000002        1.7245832162853578E-005
  0.73333333333333328       0.93333333333333335        8.2173222982261013E-006
  0.73333333333333328       0.96666666666666667        3.2615406507716825E-006
  0.73333333333333328        1.0000000000000000        0.0000000000000000     

  0.76666666666666661        0.0000000000000000       0.66913060635885835     
  0.76666666666666661        3.3333333333333333E-002  0.57239631829936111     
  0.76666666666666661        6.6666666666666666E-002  0.48345069775855604     
  0.76666666666666661       0.10000000000000001       0.40273155923100762     
  0.76666666666666661       0.13333333333333333       0.33056874041650908     
  0.76666666666666661       0.16666666666666666       0.26711675570858801     
  0.76666666666666661       0.20000000000000001       0.21231430784751409     
  0.76666666666666661       0.23333333333333334       0.16587263883299885     
  0.76666666666666661       0.26666666666666666       0.12729071439526399     
  0.76666666666666661       0.29999999999999999        9.5891932310615005E-002
  0.76666666666666661       0.33333333333333331        7.0874927503795038E-002
  0.76666666666666661       0.36666666666666664        5.1370332542406916E-002
  0.76666666666666661       0.40000000000000002        3.6495959790721302E-002
  0.76666666666666661       0.43333333333333335        2.5404482785138884E-002
  0.76666666666666661       0.46666666666666667        1.7319858432855346E-002
  0.76666666666666661       0.50000000000000000        1.1560981631481877E-002
  0.76666666666666661       0.53333333333333333        7.5530150919765936E-003
  0.76666666666666661       0.56666666666666665        4.8282461488941804E-003
  0.76666666666666661       0.59999999999999998        3.0191022485654560E-003
  0.76666666666666661       0.63333333333333330        1.8461547459738194E-003
  0.76666666666666661       0.66666666666666663        1.1036925345351586E-003
  0.76666666666666661       0.69999999999999996        6.4492607512822947E-004
  0.76666666666666661       0.73333333333333328        3.6825482424210202E-004
  0.76666666666666661       0.76666666666666661        2.0542704872318366E-004
  0.76666666666666661       0.80000000000000004        1.1192235925921784E-004
  0.76666666666666661       0.83333333333333337        5.9529139544287101E-005
  0.76666666666666661       0.86666666666666670        3.0870328789401183E-005
  0.76666666666666661       0.90000000000000002        1.5528217026715129E-005
  0.76666666666666661       0.93333333333333335        7.3989102306216024E-006
  0.76666666666666661       0.96666666666666667        2.9367043925966322E-006
  0.76666666666666661        1.0000000000000000        0.0000000000000000     

  0.80000000000000004        0.0000000000000000       0.58778525229247325     
  0.80000000000000004        3.3333333333333333E-002  0.50281082820837952     
  0.80000000000000004        6.6666666666666666E-002  0.42467821327034883     
  0.80000000000000004       0.10000000000000001       0.35377199742345200     
  0.80000000000000004       0.13333333333333333       0.29038192041916094     
  0.80000000000000004       0.16666666666666666       0.23464371253332791     
  0.80000000000000004       0.20000000000000001       0.18650352833587852     
  0.80000000000000004       0.23333333333333334       0.14570771376819083     
  0.80000000000000004       0.26666666666666666       0.11181614465739032     
  0.80000000000000004       0.29999999999999999        8.4234472448835140E-002
  0.80000000000000004       0.33333333333333331        6.2258752996999872E-002
  0.80000000000000004       0.36666666666666664        4.5125306759011566E-002
  0.80000000000000004       0.40000000000000002        3.2059192524426794E-002
  0.80000000000000004       0.43333333333333335        2.2316092226715954E-002
  0.80000000000000004       0.46666666666666667        1.5214305341707863E-002
  0.80000000000000004       0.50000000000000000        1.0155527845284104E-002
  0.80000000000000004       0.53333333333333333        6.6348046841924980E-003
  0.80000000000000004       0.56666666666666665        4.2412824249678811E-003
  0.80000000000000004       0.59999999999999998        2.6520738403021144E-003
  0.80000000000000004       0.63333333333333330        1.6217200690281988E-003
  0.80000000000000004       0.66666666666666663        9.6951804132114046E-004
  0.80000000000000004       0.69999999999999996        5.6652323504081253E-004
  0.80000000000000004       0.73333333333333328        3.2348655511802799E-004
  0.80000000000000004       0.76666666666666661        1.8045354451578835E-004
  0.80000000000000004       0.80000000000000004        9.8316100846635959E-005
  0.80000000000000004       0.83333333333333337        5.2292258003555024E-005
  0.80000000000000004       0.86666666666666670        2.7117462306153200E-005
  0.80000000000000004       0.90000000000000002        1.3640471495343665E-005
  0.80000000000000004       0.93333333333333335        6.4994341542089080E-006
  0.80000000000000004       0.96666666666666667        2.5796929865513903E-006
  0.80000000000000004        1.0000000000000000        0.0000000000000000     

  0.83333333333333337        0.0000000000000000       0.49999999999999994     
  0.83333333333333337        3.3333333333333333E-002  0.42771643746361671     
  0.83333333333333337        6.6666666666666666E-002  0.36125286540792229     
  0.83333333333333337       0.10000000000000001       0.30093643558057526     
  0.83333333333333337       0.13333333333333333       0.24701361533537700     
  0.83333333333333337       0.16666666666666666       0.19959986374119909     
  0.83333333333333337       0.20000000000000001       0.15864937713942262     
  0.83333333333333337       0.23333333333333334       0.12394638450003920     
  0.83333333333333337       0.26666666666666666        9.5116493839617691E-002
  0.83333333333333337       0.29999999999999999        7.1654122079709240E-002
  0.83333333333333337       0.33333333333333331        5.2960458563887931E-002
  0.83333333333333337       0.36666666666666664        3.8385878671686961E-002
  0.83333333333333337       0.40000000000000002        2.7271178036017328E-002
  0.83333333333333337       0.43333333333333335        1.8983201891914599E-002
  0.83333333333333337       0.46666666666666667        1.2942061137438551E-002
  0.83333333333333337       0.50000000000000000        8.6388079708325741E-003
  0.83333333333333337       0.53333333333333333        5.6439019678662496E-003
  0.83333333333333337       0.56666666666666665        3.6078503232482287E-003
  0.83333333333333337       0.59999999999999998        2.2559887560622922E-003
  0.83333333333333337       0.63333333333333330        1.3795174876395633E-003
  0.83333333333333337       0.66666666666666663        8.2472130556171465E-004
  0.83333333333333337       0.69999999999999996        4.8191344783767991E-004
  0.83333333333333337       0.73333333333333328        2.7517409960216727E-004
  0.83333333333333337       0.76666666666666661        1.5350295351234620E-004
  0.83333333333333337       0.80000000000000004        8.3632670659211558E-005
  0.83333333333333337       0.83333333333333337        4.4482451541277512E-005
  0.83333333333333337       0.86666666666666670        2.3067491231185189E-005
  0.83333333333333337       0.90000000000000002        1.1603278103817048E-005
  0.83333333333333337       0.93333333333333335        5.5287489171086654E-006
  0.83333333333333337       0.96666666666666667        2.1944179243100279E-006
  0.83333333333333337        1.0000000000000000        0.0000000000000000     

  0.86666666666666670        0.0000000000000000       0.40673664307580004     
  0.86666666666666670        3.3333333333333333E-002  0.34793589592458379     
  0.86666666666666670        6.6666666666666666E-002  0.29386955555506433     
  0.86666666666666670       0.10000000000000001       0.24480375117447994     
  0.86666666666666670       0.13333333333333333       0.20093897739105648     
  0.86666666666666670       0.16666666666666666       0.16236915707296490     
  0.86666666666666670       0.20000000000000001       0.12905703016751072     
  0.86666666666666670       0.23333333333333334       0.10082707270585667     
  0.86666666666666670       0.26666666666666666        7.7374726810932271E-002
  0.86666666666666670       0.29999999999999999        5.8288714154489024E-002
  0.86666666666666670       0.33333333333333331        4.3081918264061582E-002
  0.86666666666666670       0.36666666666666664        3.1225886864873820E-002
  0.86666666666666670       0.40000000000000002        2.2184374814184362E-002
  0.86666666666666670       0.43333333333333335        1.5442327624695046E-002
  0.86666666666666670       0.46666666666666667        1.0528021003047056E-002
  0.86666666666666670       0.50000000000000000        7.0274395084658119E-003
  0.86666666666666670       0.53333333333333333        4.5911634805176418E-003
  0.86666666666666670       0.56666666666666665        2.9348898583958505E-003
  0.86666666666666670       0.59999999999999998        1.8351865869150543E-003
  0.86666666666666670       0.63333333333333330        1.1222006239737553E-003
  0.86666666666666670       0.66666666666666663        6.7088875059452622E-004
  0.86666666666666670       0.69999999999999996        3.9202371605316535E-004
  0.86666666666666670       0.73333333333333328        2.2384677906718279E-004
  0.86666666666666670       0.76666666666666661        1.2487055202766459E-004
  0.86666666666666670       0.80000000000000004        6.8032943430783354E-005
  0.86666666666666670       0.83333333333333337        3.6185286031362339E-005
  0.86666666666666670       0.86666666666666670        1.8764787895105446E-005
  0.86666666666666670       0.90000000000000002        9.4389567692429663E-006
  0.86666666666666670       0.93333333333333335        4.4974895499074880E-006
  0.86666666666666670       0.96666666666666667        1.7851003600784527E-006
  0.86666666666666670        1.0000000000000000        0.0000000000000000     

  0.90000000000000002        0.0000000000000000       0.30901699437494751     
  0.90000000000000002        3.3333333333333333E-002  0.26434329589953404     
  0.90000000000000002        6.6666666666666666E-002  0.22326654935538712     
  0.90000000000000002       0.10000000000000001       0.18598894564203869     
  0.90000000000000002       0.13333333333333333       0.15266280996125522     
  0.90000000000000002       0.16666666666666666       0.12335949994190878     
  0.90000000000000002       0.20000000000000001        9.8050707366163753E-002
  0.90000000000000002       0.23333333333333334        7.6603078403687366E-002
  0.90000000000000002       0.26666666666666666        5.8785226083603724E-002
  0.90000000000000002       0.29999999999999999        4.4284682879294615E-002
  0.90000000000000002       0.33333333333333331        3.2731363452263185E-002
  0.90000000000000002       0.36666666666666664        2.3723777707132208E-002
  0.90000000000000002       0.40000000000000002        1.6854514939508312E-002
  0.90000000000000002       0.43333333333333335        1.1732263984504530E-002
  0.90000000000000002       0.46666666666666667        7.9986336674161482E-003
  0.90000000000000002       0.50000000000000000        5.3390769482580406E-003
  0.90000000000000002       0.53333333333333333        3.4881232453137590E-003
  0.90000000000000002       0.56666666666666665        2.2297741260897002E-003
  0.90000000000000002       0.59999999999999998        1.3942777294840920E-003
  0.90000000000000002       0.63333333333333330        8.5258869543611304E-004
  0.90000000000000002       0.66666666666666663        5.0970579808332734E-004
  0.90000000000000002       0.69999999999999996        2.9783889039933573E-004
  0.90000000000000002       0.73333333333333328        1.7006694637778828E-004
  0.90000000000000002       0.76666666666666661        9.4870042644124985E-005
  0.90000000000000002       0.80000000000000004        5.1687833037318815E-005
  0.90000000000000002       0.83333333333333337        2.7491666955429651E-005
  0.90000000000000002       0.86666666666666670        1.4256493616062608E-005
  0.90000000000000002       0.90000000000000002        7.1712202490763678E-006
  0.90000000000000002       0.93333333333333335        3.4169547460373300E-006
  0.90000000000000002       0.96666666666666667        1.3562248627455914E-006
  0.90000000000000002        1.0000000000000000        0.0000000000000000     

  0.93333333333333335        0.0000000000000000       0.20791169081775931     
  0.93333333333333335        3.3333333333333333E-002  0.17785449540721798     
  0.93333333333333335        6.6666666666666666E-002  0.15021738811944316     
  0.93333333333333335       0.10000000000000001       0.12513640630045422     
  0.93333333333333335       0.13333333333333333       0.10271403683877167     
  0.93333333333333335       0.16666666666666666        8.2998290314854145E-002
  0.93333333333333335       0.20000000000000001        6.5970120496483473E-002
  0.93333333333333335       0.23333333333333334        5.1539804744302531E-002
  0.93333333333333335       0.26666666666666666        3.9551662117703813E-002
  0.93333333333333335       0.29999999999999999        2.9795459351308982E-002
  0.93333333333333335       0.33333333333333331        2.2022196973003640E-002
  0.93333333333333335       0.36666666666666664        1.5961745876311606E-002
  0.93333333333333335       0.40000000000000002        1.1339993472121007E-002
  0.93333333333333335       0.43333333333333335        7.8936592049657049E-003
  0.93333333333333335       0.46666666666666667        5.3816116275033250E-003
  0.93333333333333335       0.50000000000000000        3.5922183437314737E-003
  0.93333333333333335       0.53333333333333333        2.3468664018975027E-003
  0.93333333333333335       0.56666666666666665        1.5002285218478776E-003
  0.93333333333333335       0.59999999999999998        9.3809287347752963E-004
  0.93333333333333335       0.63333333333333330        5.7363562673561801E-004
  0.93333333333333335       0.66666666666666663        3.4293840218553210E-004
  0.93333333333333335       0.69999999999999996        2.0039087953549622E-004
  0.93333333333333335       0.73333333333333328        1.1442382463508222E-004
  0.93333333333333335       0.76666666666666661        6.3830117220543605E-005
  0.93333333333333335       0.80000000000000004        3.4776419928722973E-005
  0.93333333333333335       0.83333333333333337        1.8496843423332108E-005
  0.93333333333333335       0.86666666666666670        9.5920022095991018E-006
  0.93333333333333335       0.90000000000000002        4.8249143391865740E-006
  0.93333333333333335       0.93333333333333335        2.2989830709258368E-006
  0.93333333333333335       0.96666666666666667        9.1249028200819171E-007
  0.93333333333333335        1.0000000000000000        0.0000000000000000     

  0.96666666666666667        0.0000000000000000       0.10452846326765373     
  0.96666666666666667        3.3333333333333333E-002   8.9417083844774606E-002
  0.96666666666666667        6.6666666666666666E-002   7.5522413744253156E-002
  0.96666666666666667       0.10000000000000001        6.2912846304965450E-002
  0.96666666666666667       0.13333333333333333        5.1639907234388473E-002
  0.96666666666666667       0.16666666666666666        4.1727734050601130E-002
  0.96666666666666667       0.20000000000000001        3.3166751181508483E-002
  0.96666666666666667       0.23333333333333334        2.5911850198741603E-002
  0.96666666666666667       0.26666666666666666        1.9884761864924931E-002
  0.96666666666666667       0.29999999999999999        1.4979790535569687E-002
  0.96666666666666667       0.33333333333333331        1.1071750695266886E-002
  0.96666666666666667       0.36666666666666664        8.0248338174600652E-003
  0.96666666666666667       0.40000000000000002        5.7012286632069503E-003
  0.96666666666666667       0.43333333333333335        3.9685698433228906E-003
  0.96666666666666667       0.46666666666666667        2.7056275244249418E-003
  0.96666666666666667       0.50000000000000000        1.8060026433109691E-003
  0.96666666666666667       0.53333333333333333        1.1798967990686888E-003
  0.96666666666666667       0.56666666666666665        7.5424609997768832E-004
  0.96666666666666667       0.59999999999999998        4.7163007564059319E-004
  0.96666666666666667       0.63333333333333330        2.8839768606763540E-004
  0.96666666666666667       0.66666666666666663        1.7241370138891784E-004
  0.96666666666666667       0.69999999999999996        1.0074734426097834E-004
  0.96666666666666667       0.73333333333333328        5.7527051524949516E-005
  0.96666666666666667       0.76666666666666661        3.2090855675383196E-005
  0.96666666666666667       0.80000000000000004        1.7483989085954312E-005
  0.96666666666666667       0.83333333333333337        9.2993646039752042E-006
  0.96666666666666667       0.86666666666666670        4.8224188196717204E-006
  0.96666666666666667       0.90000000000000002        2.4257456581184166E-006
  0.96666666666666667       0.93333333333333335        1.1558232561961439E-006
  0.96666666666666667       0.96666666666666667        4.5875826679024227E-007
  0.96666666666666667        1.0000000000000000        0.0000000000000000     

   1.0000000000000000        0.0000000000000000        1.2246467991473532E-016
   1.0000000000000000        3.3333333333333333E-002   0.0000000000000000     
   1.0000000000000000        6.6666666666666666E-002   0.0000000000000000     
   1.0000000000000000       0.10000000000000001        0.0000000000000000     
   1.0000000000000000       0.13333333333333333        0.0000000000000000     
   1.0000000000000000       0.16666666666666666        0.0000000000000000     
   1.0000000000000000       0.20000000000000001        0.0000000000000000     
   1.0000000000000000       0.23333333333333334        0.0000000000000000     
   1.0000000000000000       0.26666666666666666        0.0000000000000000     
   1.0000000000000000       0.29999999999999999        0.0000000000000000     
   1.0000000000000000       0.33333333333333331        0.0000000000000000     
   1.0000000000000000       0.36666666666666664        0.0000000000000000     
   1.0000000000000000       0.40000000000000002        0.0000000000000000     
   1.0000000000000000       0.43333333333333335        0.0000000000000000     
   1.0000000000000000       0.46666666666666667        0.0000000000000000     
   1.0000000000000000       0.50000000000000000        0.0000000000000000     
   1.0000000000000000       0.53333333333333333        0.0000000000000000     
   1.0000000000000000       0.56666666666666665        0.0000000000000000     
   1.0000000000000000       0.59999999999999998        0.0000000000000000     
   1.0000000000000000       0.63333333333333330        0.0000000000000000     
   1.0000000000000000       0.66666666666666663        0.0000000000000000     
   1.0000000000000000       0.69999999999999996        0.0000000000000000     
   1.0000000000000000       0.73333333333333328        0.0000000000000000     
   1.0000000000000000       0.76666666666666661        0.0000000000000000     
   1.0000000000000000       0.80000000000000004        0.0000000000000000     
   1.0000000000000000       0.83333333333333337        0.0000000000000000     
   1.0000000000000000       0.86666666666666670        0.0000000000000000     
   1.0000000000000000       0.90000000000000002        0.0000000000000000     
   1.0000000000000000       0.93333333333333335        0.0000000000000000     
   1.0000000000000000       0.96666666666666667        0.0000000000000000     
   1.0000000000000000        1.0000000000000000        0.0000000000000000     

