   0.0000000000000000        0.0000000000000000        0.0000000000000000     
   0.0000000000000000        3.3333333333333333E-002   0.0000000000000000     
   0.0000000000000000        6.6666666666666666E-002   0.0000000000000000     
   0.0000000000000000       0.10000000000000001        0.0000000000000000     
   0.0000000000000000       0.13333333333333333        0.0000000000000000     
   0.0000000000000000       0.16666666666666666        0.0000000000000000     
   0.0000000000000000       0.20000000000000001        0.0000000000000000     
   0.0000000000000000       0.23333333333333334        0.0000000000000000     
   0.0000000000000000       0.26666666666666666        0.0000000000000000     
   0.0000000000000000       0.29999999999999999        0.0000000000000000     
   0.0000000000000000       0.33333333333333331        0.0000000000000000     
   0.0000000000000000       0.36666666666666664        0.0000000000000000     
   0.0000000000000000       0.40000000000000002        0.0000000000000000     
   0.0000000000000000       0.43333333333333335        0.0000000000000000     
   0.0000000000000000       0.46666666666666667        0.0000000000000000     
   0.0000000000000000       0.50000000000000000        0.0000000000000000     
   0.0000000000000000       0.53333333333333333        0.0000000000000000     
   0.0000000000000000       0.56666666666666665        0.0000000000000000     
   0.0000000000000000       0.59999999999999998        0.0000000000000000     
   0.0000000000000000       0.63333333333333330        0.0000000000000000     
   0.0000000000000000       0.66666666666666663        0.0000000000000000     
   0.0000000000000000       0.69999999999999996        0.0000000000000000     
   0.0000000000000000       0.73333333333333328        0.0000000000000000     
   0.0000000000000000       0.76666666666666661        0.0000000000000000     
   0.0000000000000000       0.80000000000000004        0.0000000000000000     
   0.0000000000000000       0.83333333333333337        0.0000000000000000     
   0.0000000000000000       0.86666666666666670        0.0000000000000000     
   0.0000000000000000       0.90000000000000002        0.0000000000000000     
   0.0000000000000000       0.93333333333333335        0.0000000000000000     
   0.0000000000000000       0.96666666666666667        0.0000000000000000     
   0.0000000000000000        1.0000000000000000        0.0000000000000000     

   3.3333333333333333E-002   0.0000000000000000       0.10452846326765346     
   3.3333333333333333E-002   3.3333333333333333E-002   8.9470417181313669E-002
   3.3333333333333333E-002   6.6666666666666666E-002   7.5625387989882525E-002
   3.3333333333333333E-002  0.10000000000000001        6.3058498275211192E-002
   3.3333333333333333E-002  0.13333333333333333        5.1818779600660926E-002
   3.3333333333333333E-002  0.16666666666666666        4.1928886879033345E-002
   3.3333333333333333E-002  0.20000000000000001        3.3378858696036302E-002
   3.3333333333333333E-002  0.23333333333333334        2.6124231532877320E-002
   3.3333333333333333E-002  0.26666666666666666        2.0088219337859599E-002
   3.3333333333333333E-002  0.29999999999999999        1.5167172742544826E-002
   3.3333333333333333E-002  0.33333333333333331        1.1238209875790590E-002
   3.3333333333333333E-002  0.36666666666666664        8.1677965663630968E-003
   3.3333333333333333E-002  0.40000000000000002        5.8201372268719400E-003
   3.3333333333333333E-002  0.43333333333333335        4.0644729522219007E-003
   3.3333333333333333E-002  0.46666666666666667        2.7807041816893105E-003
   3.3333333333333333E-002  0.50000000000000000        1.8630923671683615E-003
   3.3333333333333333E-002  0.53333333333333333        1.2220905895778521E-003
   3.3333333333333333E-002  0.56666666666666665        7.8456957566341737E-004
   3.3333333333333333E-002  0.59999999999999998        4.9282875696358454E-004
   3.3333333333333333E-002  0.63333333333333330        3.0281763513882829E-004
   3.3333333333333333E-002  0.66666666666666663        1.8196014290800620E-004
   3.3333333333333333E-002  0.69999999999999996        1.0689935201940929E-004
   3.3333333333333333E-002  0.73333333333333328        6.1386660864391394E-005
   3.3333333333333333E-002  0.76666666666666661        3.4448346191588776E-005
   3.3333333333333333E-002  0.80000000000000004        1.8885893022000599E-005
   3.3333333333333333E-002  0.83333333333333337        1.0110668047947945E-005
   3.3333333333333333E-002  0.86666666666666670        5.2785922097651068E-006
   3.3333333333333333E-002  0.90000000000000002        2.6732847709565665E-006
   3.3333333333333333E-002  0.93333333333333335        1.2818669056691277E-006
   3.3333333333333333E-002  0.96666666666666667        5.1124637526805094E-007
   3.3333333333333333E-002   1.0000000000000000        0.0000000000000000     

   6.6666666666666666E-002   0.0000000000000000       0.20791169081775931     
   6.6666666666666666E-002   3.3333333333333333E-002  0.17796057774910040     
   6.6666666666666666E-002   6.6666666666666666E-002  0.15042220840331802     
   6.6666666666666666E-002  0.10000000000000001       0.12542611444748006     
   6.6666666666666666E-002  0.13333333333333333       0.10306982180824024     
   6.6666666666666666E-002  0.16666666666666666        8.3398392099236357E-002
   6.6666666666666666E-002  0.20000000000000001        6.6392011631223602E-002
   6.6666666666666666E-002  0.23333333333333334        5.1962240518233532E-002
   6.6666666666666666E-002  0.26666666666666666        3.9956347940923467E-002
   6.6666666666666666E-002  0.29999999999999999        3.0168170766587385E-002
   6.6666666666666666E-002  0.33333333333333331        2.2353291572435412E-002
   6.6666666666666666E-002  0.36666666666666664        1.6246105044323802E-002
   6.6666666666666666E-002  0.40000000000000002        1.1576507812344256E-002
   6.6666666666666666E-002  0.43333333333333335        8.0844146882336123E-003
   6.6666666666666666E-002  0.46666666666666667        5.5309423864642717E-003
   6.6666666666666666E-002  0.50000000000000000        3.7057723044848835E-003
   6.6666666666666666E-002  0.53333333333333333        2.4307916989173921E-003
   6.6666666666666666E-002  0.56666666666666665        1.5605432428741277E-003
   6.6666666666666666E-002  0.59999999999999998        9.8025797893482860E-004
   6.6666666666666666E-002  0.63333333333333330        6.0231753689841147E-004
   6.6666666666666666E-002  0.66666666666666663        3.6192669241270437E-004
   6.6666666666666666E-002  0.69999999999999996        2.1262749236796637E-004
   6.6666666666666666E-002  0.73333333333333328        1.2210075662636786E-004
   6.6666666666666666E-002  0.76666666666666661        6.8519269093522610E-005
   6.6666666666666666E-002  0.80000000000000004        3.7564868247924961E-005
   6.6666666666666666E-002  0.83333333333333337        2.0110561500969258E-005
   6.6666666666666666E-002  0.86666666666666670        1.0499351058663592E-005
   6.6666666666666666E-002  0.90000000000000002        5.3172804745417301E-006
   6.6666666666666666E-002  0.93333333333333335        2.5496894092718492E-006
   6.6666666666666666E-002  0.96666666666666667        1.0168914282634831E-006
   6.6666666666666666E-002   1.0000000000000000        0.0000000000000000     

  0.10000000000000001        0.0000000000000000       0.30901699437494740     
  0.10000000000000001        3.3333333333333333E-002  0.26450096498642289     
  0.10000000000000001        6.6666666666666666E-002  0.22357097162361600     
  0.10000000000000001       0.10000000000000001       0.18641953586276047     
  0.10000000000000001       0.13333333333333333       0.15319160947934166     
  0.10000000000000001       0.16666666666666666       0.12395416708336458     
  0.10000000000000001       0.20000000000000001        9.8677759793557585E-002
  0.10000000000000001       0.23333333333333334        7.7230940322674066E-002
  0.10000000000000001       0.26666666666666666        5.9386706434543218E-002
  0.10000000000000001       0.29999999999999999        4.4838639998615620E-002
  0.10000000000000001       0.33333333333333331        3.3223465928885643E-002
  0.10000000000000001       0.36666666666666664        2.4146417795702854E-002
  0.10000000000000001       0.40000000000000002        1.7206043755684523E-002
  0.10000000000000001       0.43333333333333335        1.2015781885148501E-002
  0.10000000000000001       0.46666666666666667        8.2205824290290282E-003
  0.10000000000000001       0.50000000000000000        5.5078510249507596E-003
  0.10000000000000001       0.53333333333333333        3.6128605457277281E-003
  0.10000000000000001       0.56666666666666665        2.3194192717512409E-003
  0.10000000000000001       0.59999999999999998        1.4569472893566926E-003
  0.10000000000000001       0.63333333333333330        8.9521832168068809E-004
  0.10000000000000001       0.66666666666666663        5.3792789733729941E-004
  0.10000000000000001       0.69999999999999996        3.1602604141497671E-004
  0.10000000000000001       0.73333333333333328        1.8147709094751987E-004
  0.10000000000000001       0.76666666666666661        1.0183948054468896E-004
  0.10000000000000001       0.80000000000000004        5.5832274916371016E-005
  0.10000000000000001       0.83333333333333337        2.9890119433780408E-005
  0.10000000000000001       0.86666666666666670        1.5605076820232901E-005
  0.10000000000000001       0.90000000000000002        7.9030189405353401E-006
  0.10000000000000001       0.93333333333333335        3.7895769821497773E-006
  0.10000000000000001       0.96666666666666667        1.5113952059726487E-006
  0.10000000000000001        1.0000000000000000        0.0000000000000000     

  0.13333333333333333        0.0000000000000000       0.40673664307580015     
  0.13333333333333333        3.3333333333333333E-002  0.34814342430096884     
  0.13333333333333333        6.6666666666666666E-002  0.29427024449357203     
  0.13333333333333333       0.10000000000000001       0.24537050583233266     
  0.13333333333333333       0.13333333333333333       0.20163499781958213     
  0.13333333333333333       0.16666666666666666       0.16315187427385042     
  0.13333333333333333       0.20000000000000001       0.12988237376994455     
  0.13333333333333333       0.23333333333333334       0.10165348178332613     
  0.13333333333333333       0.26666666666666666        7.8166411744998845E-002
  0.13333333333333333       0.29999999999999999        5.9017847707730366E-002
  0.13333333333333333       0.33333333333333331        4.3729637040161792E-002
  0.13333333333333333       0.36666666666666664        3.1782177340749410E-002
  0.13333333333333333       0.40000000000000002        2.2647066683041381E-002
  0.13333333333333333       0.43333333333333335        1.5815501661265691E-002
  0.13333333333333333       0.46666666666666667        1.0820156050233875E-002
  0.13333333333333333       0.50000000000000000        7.2495845769953498E-003
  0.13333333333333333       0.53333333333333333        4.7553461363593966E-003
  0.13333333333333333       0.56666666666666665        3.0528832577173611E-003
  0.13333333333333333       0.59999999999999998        1.9176739803905439E-003
  0.13333333333333333       0.63333333333333330        1.1783109071941535E-003
  0.13333333333333333       0.66666666666666663        7.0803545165001771E-004
  0.13333333333333333       0.69999999999999996        4.1596214301954377E-004
  0.13333333333333333       0.73333333333333328        2.3886512428372808E-004
  0.13333333333333333       0.76666666666666661        1.3404391733572629E-004
  0.13333333333333333       0.80000000000000004        7.3487971497178639E-005
  0.13333333333333333       0.83333333333333337        3.9342194963165448E-005
  0.13333333333333333       0.86666666666666670        2.0539830094587469E-005
  0.13333333333333333       0.90000000000000002        1.0402170277203410E-005
  0.13333333333333333       0.93333333333333335        4.9879451565913070E-006
  0.13333333333333333       0.96666666666666667        1.9893398215253977E-006
  0.13333333333333333        1.0000000000000000        0.0000000000000000     

  0.16666666666666666        0.0000000000000000       0.49999999999999994     
  0.16666666666666666        3.3333333333333333E-002  0.42797155140517812     
  0.16666666666666666        6.6666666666666666E-002  0.36174543098484890     
  0.16666666666666666       0.10000000000000001       0.30163314519292644     
  0.16666666666666666       0.13333333333333333       0.24786923092887533     
  0.16666666666666666       0.16666666666666666       0.20056205538806732     
  0.16666666666666666       0.20000000000000001       0.15966396927967397     
  0.16666666666666666       0.23333333333333334       0.12496228642520142     
  0.16666666666666666       0.26666666666666666        9.6089709491002998E-002
  0.16666666666666666       0.29999999999999999        7.2550443527080594E-002
  0.16666666666666666       0.33333333333333331        5.3756697097011058E-002
  0.16666666666666666       0.36666666666666664        3.9069724700002528E-002
  0.16666666666666666       0.40000000000000002        2.7839963608615452E-002
  0.16666666666666666       0.43333333333333335        1.9441943491575561E-002
  0.16666666666666666       0.46666666666666667        1.3301181777489138E-002
  0.16666666666666666       0.50000000000000000        8.9118901633412750E-003
  0.16666666666666666       0.53333333333333333        5.8457311596009573E-003
  0.16666666666666666       0.56666666666666665        3.7528992158550366E-003
  0.16666666666666666       0.59999999999999998        2.3573902339961567E-003
  0.16666666666666666       0.63333333333333330        1.4484936718309903E-003
  0.16666666666666666       0.66666666666666663        8.7038562138851464E-004
  0.16666666666666666       0.69999999999999996        5.1134087633951419E-004
  0.16666666666666666       0.73333333333333328        2.9363610133254300E-004
  0.16666666666666666       0.76666666666666661        1.6477974091794038E-004
  0.16666666666666666       0.80000000000000004        9.0338518483916487E-005
  0.16666666666666666       0.83333333333333337        4.8363229171650458E-005
  0.16666666666666666       0.86666666666666670        2.5249544692189964E-005
  0.16666666666666666       0.90000000000000002        1.2787353259520363E-005
  0.16666666666666666       0.93333333333333335        6.1316643601025939E-006
  0.16666666666666666       0.96666666666666667        2.4454888136973941E-006
  0.16666666666666666        1.0000000000000000        0.0000000000000000     

  0.20000000000000001        0.0000000000000000       0.58778525229247314     
  0.20000000000000001        3.3333333333333333E-002  0.50311073263338757     
  0.20000000000000001        6.6666666666666666E-002  0.42525725883415766     
  0.20000000000000001       0.10000000000000001       0.35459102869399284     
  0.20000000000000001       0.13333333333333333       0.29138775687414054     
  0.20000000000000001       0.16666666666666666       0.23577483665314419     
  0.20000000000000001       0.20000000000000001       0.18769625293014167     
  0.20000000000000001       0.23333333333333334       0.14690197810696262     
  0.20000000000000001       0.26666666666666666       0.11296022827175929     
  0.20000000000000001       0.29999999999999999        8.5288161504991786E-002
  0.20000000000000001       0.33333333333333331        6.3194787531153401E-002
  0.20000000000000001       0.36666666666666664        4.5929215979576908E-002
  0.20000000000000001       0.40000000000000002        3.2727840067006610E-002
  0.20000000000000001       0.43333333333333335        2.2855375320503492E-002
  0.20000000000000001       0.46666666666666667        1.5636476973738999E-002
  0.20000000000000001       0.50000000000000000        1.0476555216124723E-002
  0.20000000000000001       0.53333333333333333        6.8720691289600420E-003
  0.20000000000000001       0.56666666666666665        4.4117976248391538E-003
  0.20000000000000001       0.59999999999999998        2.7712784268824867E-003
  0.20000000000000001       0.63333333333333330        1.7028064366824587E-003
  0.20000000000000001       0.66666666666666663        1.0231996641191781E-003
  0.20000000000000001       0.69999999999999996        6.0111725201335135E-004
  0.20000000000000001       0.73333333333333328        3.4518993980785397E-004
  0.20000000000000001       0.76666666666666661        1.9371020317627988E-004
  0.20000000000000001       0.80000000000000004        1.0619929775759421E-004
  0.20000000000000001       0.83333333333333337        5.6854385720674525E-005
  0.20000000000000001       0.86666666666666670        2.9682619994337904E-005
  0.20000000000000001       0.90000000000000002        1.5032435323600312E-005
  0.20000000000000001       0.93333333333333335        7.2082037657513376E-006
  0.20000000000000001       0.96666666666666667        2.8748445186750869E-006
  0.20000000000000001        1.0000000000000000        0.0000000000000000     

  0.23333333333333334        0.0000000000000000       0.66913060635885824     
  0.23333333333333334        3.3333333333333333E-002  0.57273772739217621     
  0.23333333333333334        6.6666666666666666E-002  0.48410987916487691     
  0.23333333333333334       0.10000000000000001       0.40366393868174472     
  0.23333333333333334       0.13333333333333333       0.33171377757828435     
  0.23333333333333334       0.16666666666666666       0.26840441946879279     
  0.23333333333333334       0.20000000000000001       0.21367209715554070     
  0.23333333333333334       0.23333333333333334       0.16723218097536868     
  0.23333333333333334       0.26666666666666666       0.12859313115312276     
  0.23333333333333334       0.29999999999999999        9.7091444537759086E-002
  0.23333333333333334       0.33333333333333331        7.1940502648744964E-002
  0.23333333333333334       0.36666666666666664        5.2285497157572698E-002
  0.23333333333333334       0.40000000000000002        3.7257143460882811E-002
  0.23333333333333334       0.43333333333333335        2.6018398874625221E-002
  0.23333333333333334       0.46666666666666667        1.7800455656121403E-002
  0.23333333333333334       0.50000000000000000        1.1926436937600184E-002
  0.23333333333333334       0.53333333333333333        7.8231152708693203E-003
  0.23333333333333334       0.56666666666666665        5.0223594558175284E-003
  0.23333333333333334       0.59999999999999998        3.1548039133965978E-003
  0.23333333333333334       0.63333333333333330        1.9384628978784790E-003
  0.23333333333333334       0.66666666666666663        1.1648033172114566E-003
  0.23333333333333334       0.69999999999999996        6.8430766128225822E-004
  0.23333333333333334       0.73333333333333328        3.9296180506699126E-004
  0.23333333333333334       0.76666666666666661        2.2051833591215400E-004
  0.23333333333333334       0.80000000000000004        1.2089653530140793E-004
  0.23333333333333334       0.83333333333333337        6.4722633722197787E-005
  0.23333333333333334       0.86666666666666670        3.3790486300340322E-005
  0.23333333333333334       0.90000000000000002        1.7112818880535566E-005
  0.23333333333333334       0.93333333333333335        8.2057685825288976E-006
  0.23333333333333334       0.96666666666666667        3.2727028255062843E-006
  0.23333333333333334        1.0000000000000000        0.0000000000000000     

  0.26666666666666666        0.0000000000000000       0.74314482547739413     
  0.26666666666666666        3.3333333333333333E-002  0.63608968775658148     
  0.26666666666666666        6.6666666666666666E-002  0.53765849035296065     
  0.26666666666666666       0.10000000000000001       0.44831422208518962     
  0.26666666666666666       0.13333333333333333       0.36840547271971003     
  0.26666666666666666       0.16666666666666666       0.29809330729750555     
  0.26666666666666666       0.20000000000000001       0.23730690517074268     
  0.26666666666666666       0.23333333333333334       0.18573015307342494     
  0.26666666666666666       0.26666666666666666       0.14281714077972985     
  0.26666666666666666       0.29999999999999999       0.10783097338647972     
  0.26666666666666666       0.33333333333333331        7.9898022564798860E-002
  0.26666666666666666       0.36666666666666664        5.8068927487266442E-002
  0.26666666666666666       0.40000000000000002        4.1378249794443080E-002
  0.26666666666666666       0.43333333333333335        2.8896359405976561E-002
  0.26666666666666666       0.46666666666666667        1.9769408821350521E-002
  0.26666666666666666       0.50000000000000000        1.3245650120219915E-002
  0.26666666666666666       0.53333333333333333        8.6884497247788385E-003
  0.26666666666666666       0.56666666666666665        5.5778952656016807E-003
  0.26666666666666666       0.59999999999999998        3.5037647080503743E-003
  0.26666666666666666       0.63333333333333330        2.1528811539159023E-003
  0.26666666666666666       0.66666666666666663        1.2936451414096019E-003
  0.26666666666666666       0.69999999999999996        7.6000065261357217E-004
  0.26666666666666666       0.73333333333333328        4.3642829855727020E-004
  0.26666666666666666       0.76666666666666661        2.4491042361334610E-004
  0.26666666666666666       0.80000000000000004        1.3426920510523294E-004
  0.26666666666666666       0.83333333333333337        7.1881767004578799E-005
  0.26666666666666666       0.86666666666666670        3.7528136967322355E-005
  0.26666666666666666       0.90000000000000002        1.9005710812728100E-005
  0.26666666666666666       0.93333333333333335        9.1134292815488008E-006
  0.26666666666666666       0.96666666666666667        3.6347047153241396E-006
  0.26666666666666666        1.0000000000000000        0.0000000000000000     

  0.29999999999999999        0.0000000000000000       0.80901699437494745     
  0.29999999999999999        3.3333333333333333E-002  0.69247251639160101     
  0.29999999999999999        6.6666666666666666E-002  0.58531640260846496     
  0.29999999999999999       0.10000000000000001       0.48805268105568694     
  0.29999999999999999       0.13333333333333333       0.40106084040821699     
  0.29999999999999999       0.16666666666666666       0.32451622247143191     
  0.29999999999999999       0.20000000000000001       0.25834172907323150     
  0.29999999999999999       0.23333333333333334       0.20219322674787549     
  0.29999999999999999       0.26666666666666666       0.15547641592554623     
  0.29999999999999999       0.29999999999999999       0.11738908352569621     
  0.29999999999999999       0.33333333333333331        8.6980163025896701E-002
  0.29999999999999999       0.36666666666666664        6.3216142495705382E-002
  0.29999999999999999       0.40000000000000002        4.5046007364299978E-002
  0.29999999999999999       0.43333333333333335        3.1457725376724061E-002
  0.29999999999999999       0.46666666666666667        2.1521764206518166E-002
  0.29999999999999999       0.50000000000000000        1.4419741188292033E-002
  0.29999999999999999       0.53333333333333333        9.4585917053286849E-003
  0.29999999999999999       0.56666666666666665        6.0723184876062767E-003
  0.29999999999999999       0.59999999999999998        3.8143375233528490E-003
  0.29999999999999999       0.63333333333333330        2.3437119935116784E-003
  0.29999999999999999       0.66666666666666663        1.4083135187258141E-003
  0.29999999999999999       0.69999999999999996        8.2736691775449085E-004
  0.29999999999999999       0.73333333333333328        4.7511319228006285E-004
  0.29999999999999999       0.76666666666666661        2.6661922146262933E-004
  0.29999999999999999       0.80000000000000004        1.4617079340028749E-004
  0.29999999999999999       0.83333333333333337        7.8253348605430870E-005
  0.29999999999999999       0.86666666666666670        4.0854621512422859E-005
  0.29999999999999999       0.90000000000000002        2.0690372200055705E-005
  0.29999999999999999       0.93333333333333335        9.9212413422523695E-006
  0.29999999999999999       0.96666666666666667        3.9568840196700428E-006
  0.29999999999999999        1.0000000000000000        0.0000000000000000     

  0.33333333333333331        0.0000000000000000       0.86602540378443860     
  0.33333333333333331        3.3333333333333333E-002  0.74126847122784412     
  0.33333333333333331        6.6666666666666666E-002  0.62656146587165917     
  0.33333333333333331       0.10000000000000001       0.52244393272094858     
  0.33333333333333331       0.13333333333333333       0.42932210160183509     
  0.33333333333333331       0.16666666666666666       0.34738367000257586     
  0.33333333333333331       0.20000000000000001       0.27654610693051168     
  0.33333333333333331       0.23333333333333334       0.21644102911842350     
  0.33333333333333331       0.26666666666666666       0.16643225892295058     
  0.33333333333333331       0.29999999999999999       0.12566105430056018     
  0.33333333333333331       0.33333333333333331        9.3109330619113528E-002
  0.33333333333333331       0.36666666666666664        6.7670748218133098E-002
  0.33333333333333331       0.40000000000000002        4.8220231450990546E-002
  0.33333333333333331       0.43333333333333335        3.3674433925291930E-002
  0.33333333333333331       0.46666666666666667        2.3038322639320492E-002
  0.33333333333333331       0.50000000000000000        1.5435846554380388E-002
  0.33333333333333331       0.53333333333333333        1.0125103375817388E-002
  0.33333333333333331       0.56666666666666665        6.5002121175463216E-003
  0.33333333333333331       0.59999999999999998        4.0831196585480274E-003
  0.33333333333333331       0.63333333333333330        2.5088646340532747E-003
  0.33333333333333331       0.66666666666666663        1.5075521184223159E-003
  0.33333333333333331       0.69999999999999996        8.8566837780683296E-004
  0.33333333333333331       0.73333333333333328        5.0859264644440775E-004
  0.33333333333333331       0.76666666666666661        2.8540688332790901E-004
  0.33333333333333331       0.80000000000000004        1.5647090389464348E-004
  0.33333333333333331       0.83333333333333337        8.3767570143395860E-005
  0.33333333333333331       0.86666666666666670        4.3733494274854081E-005
  0.33333333333333331       0.90000000000000002        2.2148345539820761E-005
  0.33333333333333331       0.93333333333333335        1.0620354206656998E-005
  0.33333333333333331       0.96666666666666667        4.2357108746652269E-006
  0.33333333333333331        1.0000000000000000        0.0000000000000000     

  0.36666666666666664        0.0000000000000000       0.91354545764260087     
  0.36666666666666664        3.3333333333333333E-002  0.78194293357291467     
  0.36666666666666664        6.6666666666666666E-002  0.66094179059834746     
  0.36666666666666664       0.10000000000000001       0.55111117933089804     
  0.36666666666666664       0.13333333333333333       0.45287962000887788     
  0.36666666666666664       0.16666666666666666       0.36644510935046526     
  0.36666666666666664       0.20000000000000001       0.29172058776926785     
  0.36666666666666664       0.23333333333333334       0.22831745828075281     
  0.36666666666666664       0.26666666666666666       0.17556463526340582     
  0.36666666666666664       0.29999999999999999       0.13255625626824102     
  0.36666666666666664       0.33333333333333331        9.8218372901687279E-002
  0.36666666666666664       0.36666666666666664        7.1383939062068469E-002
  0.36666666666666664       0.40000000000000002        5.0866144591171919E-002
  0.36666666666666664       0.43333333333333335        3.5522198328945959E-002
  0.36666666666666664       0.46666666666666667        2.4302468388207477E-002
  0.36666666666666664       0.50000000000000000        1.6282833555460393E-002
  0.36666666666666664       0.53333333333333333        1.0680682294906537E-002
  0.36666666666666664       0.56666666666666665        6.8568880632696944E-003
  0.36666666666666664       0.59999999999999998        4.3071662803164336E-003
  0.36666666666666664       0.63333333333333330        2.6465296286505065E-003
  0.36666666666666664       0.66666666666666663        1.5902736616338203E-003
  0.36666666666666664       0.69999999999999996        9.3426626977390027E-004
  0.36666666666666664       0.73333333333333328        5.3649985314445413E-004
  0.36666666666666664       0.76666666666666661        3.0106756765421814E-004
  0.36666666666666664       0.80000000000000004        1.6505668642228811E-004
  0.36666666666666664       0.83333333333333337        8.8364016653378827E-005
  0.36666666666666664       0.86666666666666670        4.6133213722187965E-005
  0.36666666666666664       0.90000000000000002        2.3363656971012266E-005
  0.36666666666666664       0.93333333333333335        1.1203108247921498E-005
  0.36666666666666664       0.96666666666666667        4.4681303949380936E-006
  0.36666666666666664        1.0000000000000000        0.0000000000000000     

  0.40000000000000002        0.0000000000000000       0.95105651629515353     
  0.40000000000000002        3.3333333333333333E-002  0.81405026550568205     
  0.40000000000000002        6.6666666666666666E-002  0.68808069875627864     
  0.40000000000000002       0.10000000000000001       0.57374033653266976     
  0.40000000000000002       0.13333333333333333       0.47147529452795023     
  0.40000000000000002       0.16666666666666666       0.38149169939674182     
  0.40000000000000002       0.20000000000000001       0.30369891680196620     
  0.40000000000000002       0.23333333333333334       0.23769239359165842     
  0.40000000000000002       0.26666666666666666       0.18277348872065333     
  0.40000000000000002       0.29999999999999999       0.13799914415306708     
  0.40000000000000002       0.33333333333333331       0.10225131413723426     
  0.40000000000000002       0.36666666666666664        7.4315032531590219E-002
  0.40000000000000002       0.40000000000000002        5.2954757606787327E-002
  0.40000000000000002       0.43333333333333335        3.6980774094210168E-002
  0.40000000000000002       0.46666666666666667        2.5300351207814795E-002
  0.40000000000000002       0.50000000000000000        1.6951422424704800E-002
  0.40000000000000002       0.53333333333333333        1.1119241423696229E-002
  0.40000000000000002       0.56666666666666665        7.1384385084758088E-003
  0.40000000000000002       0.59999999999999998        4.4840226869852029E-003
  0.40000000000000002       0.63333333333333330        2.7551986908143141E-003
  0.40000000000000002       0.66666666666666663        1.6555718338223066E-003
  0.40000000000000002       0.69999999999999996        9.7262814498153861E-004
  0.40000000000000002       0.73333333333333328        5.5852905518363803E-004
  0.40000000000000002       0.76666666666666661        3.1342969270686870E-004
  0.40000000000000002       0.80000000000000004        1.7183407335315791E-004
  0.40000000000000002       0.83333333333333337        9.1992328505548064E-005
  0.40000000000000002       0.86666666666666670        4.8027488025985942E-005
  0.40000000000000002       0.90000000000000002        2.4322991287269824E-005
  0.40000000000000002       0.93333333333333335        1.1663118690820647E-005
  0.40000000000000002       0.96666666666666667        4.6515961435876221E-006
  0.40000000000000002        1.0000000000000000        0.0000000000000000     

  0.43333333333333335        0.0000000000000000       0.97814760073380569     
  0.43333333333333335        3.3333333333333333E-002  0.83723869237859916     
  0.43333333333333335        6.6666666666666666E-002  0.70768085078849297     
  0.43333333333333335       0.10000000000000001       0.59008347454450527     
  0.43333333333333335       0.13333333333333333       0.48490538705762609     
  0.43333333333333335       0.16666666666666666       0.39235858655215733     
  0.43333333333333335       0.20000000000000001       0.31234985694909823     
  0.43333333333333335       0.23333333333333334       0.24446312129804273     
  0.43333333333333335       0.26666666666666666       0.18797983758766595     
  0.43333333333333335       0.29999999999999999       0.14193008453637471     
  0.43333333333333335       0.33333333333333331       0.10516396857763058     
  0.43333333333333335       0.36666666666666664        7.6431914953275545E-002
  0.43333333333333335       0.40000000000000002        5.4463187216567330E-002
  0.43333333333333335       0.43333333333333335        3.8034180759773717E-002
  0.43333333333333335       0.46666666666666667        2.6021038085150432E-002
  0.43333333333333335       0.50000000000000000        1.7434287962550941E-002
  0.43333333333333335       0.53333333333333333        1.1435975816597048E-002
  0.43333333333333335       0.56666666666666665        7.3417787275687684E-003
  0.43333333333333335       0.59999999999999998        4.6117512027532906E-003
  0.43333333333333335       0.63333333333333330        2.8336812195591671E-003
  0.43333333333333335       0.66666666666666663        1.7027312145487564E-003
  0.43333333333333335       0.69999999999999996        1.0003337026972350E-003
  0.43333333333333335       0.73333333333333328        5.7443889601451110E-004
  0.43333333333333335       0.76666666666666661        3.2235781645684295E-004
  0.43333333333333335       0.80000000000000004        1.7672881021777893E-004
  0.43333333333333335       0.83333333333333337        9.4612753155978184E-005
  0.43333333333333335       0.86666666666666670        4.9395563120573206E-005
  0.43333333333333335       0.90000000000000002        2.5015837821070906E-005
  0.43333333333333335       0.93333333333333335        1.1995345564678675E-005
  0.43333333333333335       0.96666666666666667        4.7840980314789317E-006
  0.43333333333333335        1.0000000000000000        0.0000000000000000     

  0.46666666666666667        0.0000000000000000       0.99452189536827329     
  0.46666666666666667        3.3333333333333333E-002  0.85125415693435647     
  0.46666666666666667        6.6666666666666666E-002  0.71952750332772974     
  0.46666666666666667       0.10000000000000001       0.59996153452632550     
  0.46666666666666667       0.13333333333333333       0.49302275469372270     
  0.46666666666666667       0.16666666666666666       0.39892671092699461     
  0.46666666666666667       0.20000000000000001       0.31757862670008619     
  0.46666666666666667       0.23333333333333334       0.24855545989028874     
  0.46666666666666667       0.26666666666666666       0.19112664001675811     
  0.46666666666666667       0.29999999999999999       0.14430600921272213     
  0.46666666666666667       0.33333333333333331       0.10692442457131518     
  0.46666666666666667       0.36666666666666664        7.7711393320326311E-002
  0.46666666666666667       0.40000000000000002        5.5374906750047984E-002
  0.46666666666666667       0.43333333333333335        3.8670876981769180E-002
  0.46666666666666667       0.46666666666666667        2.6456633023972869E-002
  0.46666666666666667       0.50000000000000000        1.7726139793120068E-002
  0.46666666666666667       0.53333333333333333        1.1627415265319439E-002
  0.46666666666666667       0.56666666666666665        7.4646808825565153E-003
  0.46666666666666667       0.59999999999999998        4.6889524072730310E-003
  0.46666666666666667       0.63333333333333330        2.8811173438766128E-003
  0.46666666666666667       0.66666666666666663        1.7312351157691959E-003
  0.46666666666666667       0.69999999999999996        1.0170793950328952E-003
  0.46666666666666667       0.73333333333333328        5.8405506409158208E-004
  0.46666666666666667       0.76666666666666661        3.2775412051200617E-004
  0.46666666666666667       0.80000000000000004        1.7968726925477282E-004
  0.46666666666666667       0.83333333333333337        9.6196580683839960E-005
  0.46666666666666667       0.86666666666666670        5.0222450088925367E-005
  0.46666666666666667       0.90000000000000002        2.5434605600803718E-005
  0.46666666666666667       0.93333333333333335        1.2196148922342643E-005
  0.46666666666666667       0.96666666666666667        4.8641843402004845E-006
  0.46666666666666667        1.0000000000000000        0.0000000000000000     

  0.50000000000000000        0.0000000000000000        1.0000000000000000     
  0.50000000000000000        3.3333333333333333E-002  0.85594310281035635     
  0.50000000000000000        6.6666666666666666E-002  0.72349086196969781     
  0.50000000000000000       0.10000000000000001       0.60326629038585278     
  0.50000000000000000       0.13333333333333333       0.49573846185775072     
  0.50000000000000000       0.16666666666666666       0.40112411077613458     
  0.50000000000000000       0.20000000000000001       0.31932793855934788     
  0.50000000000000000       0.23333333333333334       0.24992457285040282     
  0.50000000000000000       0.26666666666666666       0.19217941898200600     
  0.50000000000000000       0.29999999999999999       0.14510088705416119     
  0.50000000000000000       0.33333333333333331       0.10751339419402212     
  0.50000000000000000       0.36666666666666664        7.8139449400005043E-002
  0.50000000000000000       0.40000000000000002        5.5679927217230897E-002
  0.50000000000000000       0.43333333333333335        3.8883886983151116E-002
  0.50000000000000000       0.46666666666666667        2.6602363554978276E-002
  0.50000000000000000       0.50000000000000000        1.7823780326682550E-002
  0.50000000000000000       0.53333333333333333        1.1691462319201916E-002
  0.50000000000000000       0.56666666666666665        7.5057984317100732E-003
  0.50000000000000000       0.59999999999999998        4.7147804679923133E-003
  0.50000000000000000       0.63333333333333330        2.8969873436619806E-003
  0.50000000000000000       0.66666666666666663        1.7407712427770293E-003
  0.50000000000000000       0.69999999999999996        1.0226817526790286E-003
  0.50000000000000000       0.73333333333333328        5.8727220266508600E-004
  0.50000000000000000       0.76666666666666661        3.2955948183588076E-004
  0.50000000000000000       0.80000000000000004        1.8067703696783297E-004
  0.50000000000000000       0.83333333333333337        9.6726458343300917E-005
  0.50000000000000000       0.86666666666666670        5.0499089384379922E-005
  0.50000000000000000       0.90000000000000002        2.5574706519040727E-005
  0.50000000000000000       0.93333333333333335        1.2263328720205188E-005
  0.50000000000000000       0.96666666666666667        4.8909776273947873E-006
  0.50000000000000000        1.0000000000000000        0.0000000000000000     

  0.53333333333333333        0.0000000000000000       0.99452189536827340     
  0.53333333333333333        3.3333333333333333E-002  0.85125415693435647     
  0.53333333333333333        6.6666666666666666E-002  0.71952750332772974     
  0.53333333333333333       0.10000000000000001       0.59996153452632550     
  0.53333333333333333       0.13333333333333333       0.49302275469372270     
  0.53333333333333333       0.16666666666666666       0.39892671092699467     
  0.53333333333333333       0.20000000000000001       0.31757862670008624     
  0.53333333333333333       0.23333333333333334       0.24855545989028877     
  0.53333333333333333       0.26666666666666666       0.19112664001675811     
  0.53333333333333333       0.29999999999999999       0.14430600921272216     
  0.53333333333333333       0.33333333333333331       0.10692442457131517     
  0.53333333333333333       0.36666666666666664        7.7711393320326311E-002
  0.53333333333333333       0.40000000000000002        5.5374906750047984E-002
  0.53333333333333333       0.43333333333333335        3.8670876981769180E-002
  0.53333333333333333       0.46666666666666667        2.6456633023972869E-002
  0.53333333333333333       0.50000000000000000        1.7726139793120071E-002
  0.53333333333333333       0.53333333333333333        1.1627415265319439E-002
  0.53333333333333333       0.56666666666666665        7.4646808825565153E-003
  0.53333333333333333       0.59999999999999998        4.6889524072730301E-003
  0.53333333333333333       0.63333333333333330        2.8811173438766124E-003
  0.53333333333333333       0.66666666666666663        1.7312351157691959E-003
  0.53333333333333333       0.69999999999999996        1.0170793950328952E-003
  0.53333333333333333       0.73333333333333328        5.8405506409158208E-004
  0.53333333333333333       0.76666666666666661        3.2775412051200617E-004
  0.53333333333333333       0.80000000000000004        1.7968726925477285E-004
  0.53333333333333333       0.83333333333333337        9.6196580683839960E-005
  0.53333333333333333       0.86666666666666670        5.0222450088925373E-005
  0.53333333333333333       0.90000000000000002        2.5434605600803718E-005
  0.53333333333333333       0.93333333333333335        1.2196148922342645E-005
  0.53333333333333333       0.96666666666666667        4.8641843402004845E-006
  0.53333333333333333        1.0000000000000000        0.0000000000000000     

  0.56666666666666665        0.0000000000000000       0.97814760073380569     
  0.56666666666666665        3.3333333333333333E-002  0.83723869237859916     
  0.56666666666666665        6.6666666666666666E-002  0.70768085078849297     
  0.56666666666666665       0.10000000000000001       0.59008347454450527     
  0.56666666666666665       0.13333333333333333       0.48490538705762609     
  0.56666666666666665       0.16666666666666666       0.39235858655215738     
  0.56666666666666665       0.20000000000000001       0.31234985694909828     
  0.56666666666666665       0.23333333333333334       0.24446312129804276     
  0.56666666666666665       0.26666666666666666       0.18797983758766595     
  0.56666666666666665       0.29999999999999999       0.14193008453637468     
  0.56666666666666665       0.33333333333333331       0.10516396857763061     
  0.56666666666666665       0.36666666666666664        7.6431914953275545E-002
  0.56666666666666665       0.40000000000000002        5.4463187216567330E-002
  0.56666666666666665       0.43333333333333335        3.8034180759773724E-002
  0.56666666666666665       0.46666666666666667        2.6021038085150432E-002
  0.56666666666666665       0.50000000000000000        1.7434287962550941E-002
  0.56666666666666665       0.53333333333333333        1.1435975816597048E-002
  0.56666666666666665       0.56666666666666665        7.3417787275687684E-003
  0.56666666666666665       0.59999999999999998        4.6117512027532906E-003
  0.56666666666666665       0.63333333333333330        2.8336812195591671E-003
  0.56666666666666665       0.66666666666666663        1.7027312145487564E-003
  0.56666666666666665       0.69999999999999996        1.0003337026972350E-003
  0.56666666666666665       0.73333333333333328        5.7443889601451110E-004
  0.56666666666666665       0.76666666666666661        3.2235781645684295E-004
  0.56666666666666665       0.80000000000000004        1.7672881021777896E-004
  0.56666666666666665       0.83333333333333337        9.4612753155978198E-005
  0.56666666666666665       0.86666666666666670        4.9395563120573213E-005
  0.56666666666666665       0.90000000000000002        2.5015837821070903E-005
  0.56666666666666665       0.93333333333333335        1.1995345564678673E-005
  0.56666666666666665       0.96666666666666667        4.7840980314789326E-006
  0.56666666666666665        1.0000000000000000        0.0000000000000000     

  0.59999999999999998        0.0000000000000000       0.95105651629515364     
  0.59999999999999998        3.3333333333333333E-002  0.81405026550568205     
  0.59999999999999998        6.6666666666666666E-002  0.68808069875627864     
  0.59999999999999998       0.10000000000000001       0.57374033653266976     
  0.59999999999999998       0.13333333333333333       0.47147529452795028     
  0.59999999999999998       0.16666666666666666       0.38149169939674193     
  0.59999999999999998       0.20000000000000001       0.30369891680196631     
  0.59999999999999998       0.23333333333333334       0.23769239359165847     
  0.59999999999999998       0.26666666666666666       0.18277348872065335     
  0.59999999999999998       0.29999999999999999       0.13799914415306713     
  0.59999999999999998       0.33333333333333331       0.10225131413723426     
  0.59999999999999998       0.36666666666666664        7.4315032531590233E-002
  0.59999999999999998       0.40000000000000002        5.2954757606787327E-002
  0.59999999999999998       0.43333333333333335        3.6980774094210175E-002
  0.59999999999999998       0.46666666666666667        2.5300351207814792E-002
  0.59999999999999998       0.50000000000000000        1.6951422424704800E-002
  0.59999999999999998       0.53333333333333333        1.1119241423696231E-002
  0.59999999999999998       0.56666666666666665        7.1384385084758096E-003
  0.59999999999999998       0.59999999999999998        4.4840226869852038E-003
  0.59999999999999998       0.63333333333333330        2.7551986908143145E-003
  0.59999999999999998       0.66666666666666663        1.6555718338223066E-003
  0.59999999999999998       0.69999999999999996        9.7262814498153861E-004
  0.59999999999999998       0.73333333333333328        5.5852905518363803E-004
  0.59999999999999998       0.76666666666666661        3.1342969270686870E-004
  0.59999999999999998       0.80000000000000004        1.7183407335315791E-004
  0.59999999999999998       0.83333333333333337        9.1992328505548064E-005
  0.59999999999999998       0.86666666666666670        4.8027488025985942E-005
  0.59999999999999998       0.90000000000000002        2.4322991287269828E-005
  0.59999999999999998       0.93333333333333335        1.1663118690820647E-005
  0.59999999999999998       0.96666666666666667        4.6515961435876229E-006
  0.59999999999999998        1.0000000000000000        0.0000000000000000     

  0.63333333333333330        0.0000000000000000       0.91354545764260098     
  0.63333333333333330        3.3333333333333333E-002  0.78194293357291478     
  0.63333333333333330        6.6666666666666666E-002  0.66094179059834746     
  0.63333333333333330       0.10000000000000001       0.55111117933089815     
  0.63333333333333330       0.13333333333333333       0.45287962000887794     
  0.63333333333333330       0.16666666666666666       0.36644510935046531     
  0.63333333333333330       0.20000000000000001       0.29172058776926785     
  0.63333333333333330       0.23333333333333334       0.22831745828075287     
  0.63333333333333330       0.26666666666666666       0.17556463526340582     
  0.63333333333333330       0.29999999999999999       0.13255625626824105     
  0.63333333333333330       0.33333333333333331        9.8218372901687293E-002
  0.63333333333333330       0.36666666666666664        7.1383939062068483E-002
  0.63333333333333330       0.40000000000000002        5.0866144591171926E-002
  0.63333333333333330       0.43333333333333335        3.5522198328945966E-002
  0.63333333333333330       0.46666666666666667        2.4302468388207477E-002
  0.63333333333333330       0.50000000000000000        1.6282833555460393E-002
  0.63333333333333330       0.53333333333333333        1.0680682294906539E-002
  0.63333333333333330       0.56666666666666665        6.8568880632696953E-003
  0.63333333333333330       0.59999999999999998        4.3071662803164344E-003
  0.63333333333333330       0.63333333333333330        2.6465296286505070E-003
  0.63333333333333330       0.66666666666666663        1.5902736616338206E-003
  0.63333333333333330       0.69999999999999996        9.3426626977390027E-004
  0.63333333333333330       0.73333333333333328        5.3649985314445424E-004
  0.63333333333333330       0.76666666666666661        3.0106756765421814E-004
  0.63333333333333330       0.80000000000000004        1.6505668642228811E-004
  0.63333333333333330       0.83333333333333337        8.8364016653378813E-005
  0.63333333333333330       0.86666666666666670        4.6133213722187965E-005
  0.63333333333333330       0.90000000000000002        2.3363656971012266E-005
  0.63333333333333330       0.93333333333333335        1.1203108247921498E-005
  0.63333333333333330       0.96666666666666667        4.4681303949380936E-006
  0.63333333333333330        1.0000000000000000        0.0000000000000000     

  0.66666666666666663        0.0000000000000000       0.86602540378443871     
  0.66666666666666663        3.3333333333333333E-002  0.74126847122784412     
  0.66666666666666663        6.6666666666666666E-002  0.62656146587165928     
  0.66666666666666663       0.10000000000000001       0.52244393272094869     
  0.66666666666666663       0.13333333333333333       0.42932210160183515     
  0.66666666666666663       0.16666666666666666       0.34738367000257592     
  0.66666666666666663       0.20000000000000001       0.27654610693051179     
  0.66666666666666663       0.23333333333333334       0.21644102911842350     
  0.66666666666666663       0.26666666666666666       0.16643225892295058     
  0.66666666666666663       0.29999999999999999       0.12566105430056021     
  0.66666666666666663       0.33333333333333331        9.3109330619113528E-002
  0.66666666666666663       0.36666666666666664        6.7670748218133098E-002
  0.66666666666666663       0.40000000000000002        4.8220231450990553E-002
  0.66666666666666663       0.43333333333333335        3.3674433925291930E-002
  0.66666666666666663       0.46666666666666667        2.3038322639320496E-002
  0.66666666666666663       0.50000000000000000        1.5435846554380390E-002
  0.66666666666666663       0.53333333333333333        1.0125103375817389E-002
  0.66666666666666663       0.56666666666666665        6.5002121175463225E-003
  0.66666666666666663       0.59999999999999998        4.0831196585480282E-003
  0.66666666666666663       0.63333333333333330        2.5088646340532756E-003
  0.66666666666666663       0.66666666666666663        1.5075521184223161E-003
  0.66666666666666663       0.69999999999999996        8.8566837780683306E-004
  0.66666666666666663       0.73333333333333328        5.0859264644440775E-004
  0.66666666666666663       0.76666666666666661        2.8540688332790901E-004
  0.66666666666666663       0.80000000000000004        1.5647090389464351E-004
  0.66666666666666663       0.83333333333333337        8.3767570143395873E-005
  0.66666666666666663       0.86666666666666670        4.3733494274854088E-005
  0.66666666666666663       0.90000000000000002        2.2148345539820761E-005
  0.66666666666666663       0.93333333333333335        1.0620354206656998E-005
  0.66666666666666663       0.96666666666666667        4.2357108746652260E-006
  0.66666666666666663        1.0000000000000000        0.0000000000000000     

  0.69999999999999996        0.0000000000000000       0.80901699437494745     
  0.69999999999999996        3.3333333333333333E-002  0.69247251639160112     
  0.69999999999999996        6.6666666666666666E-002  0.58531640260846496     
  0.69999999999999996       0.10000000000000001       0.48805268105568694     
  0.69999999999999996       0.13333333333333333       0.40106084040821699     
  0.69999999999999996       0.16666666666666666       0.32451622247143197     
  0.69999999999999996       0.20000000000000001       0.25834172907323155     
  0.69999999999999996       0.23333333333333334       0.20219322674787554     
  0.69999999999999996       0.26666666666666666       0.15547641592554623     
  0.69999999999999996       0.29999999999999999       0.11738908352569623     
  0.69999999999999996       0.33333333333333331        8.6980163025896715E-002
  0.69999999999999996       0.36666666666666664        6.3216142495705382E-002
  0.69999999999999996       0.40000000000000002        4.5046007364299985E-002
  0.69999999999999996       0.43333333333333335        3.1457725376724067E-002
  0.69999999999999996       0.46666666666666667        2.1521764206518169E-002
  0.69999999999999996       0.50000000000000000        1.4419741188292036E-002
  0.69999999999999996       0.53333333333333333        9.4585917053286866E-003
  0.69999999999999996       0.56666666666666665        6.0723184876062784E-003
  0.69999999999999996       0.59999999999999998        3.8143375233528499E-003
  0.69999999999999996       0.63333333333333330        2.3437119935116788E-003
  0.69999999999999996       0.66666666666666663        1.4083135187258143E-003
  0.69999999999999996       0.69999999999999996        8.2736691775449085E-004
  0.69999999999999996       0.73333333333333328        4.7511319228006290E-004
  0.69999999999999996       0.76666666666666661        2.6661922146262933E-004
  0.69999999999999996       0.80000000000000004        1.4617079340028752E-004
  0.69999999999999996       0.83333333333333337        7.8253348605430870E-005
  0.69999999999999996       0.86666666666666670        4.0854621512422859E-005
  0.69999999999999996       0.90000000000000002        2.0690372200055702E-005
  0.69999999999999996       0.93333333333333335        9.9212413422523695E-006
  0.69999999999999996       0.96666666666666667        3.9568840196700419E-006
  0.69999999999999996        1.0000000000000000        0.0000000000000000     

  0.73333333333333328        0.0000000000000000       0.74314482547739447     
  0.73333333333333328        3.3333333333333333E-002  0.63608968775658159     
  0.73333333333333328        6.6666666666666666E-002  0.53765849035296065     
  0.73333333333333328       0.10000000000000001       0.44831422208518973     
  0.73333333333333328       0.13333333333333333       0.36840547271971003     
  0.73333333333333328       0.16666666666666666       0.29809330729750555     
  0.73333333333333328       0.20000000000000001       0.23730690517074274     
  0.73333333333333328       0.23333333333333334       0.18573015307342494     
  0.73333333333333328       0.26666666666666666       0.14281714077972990     
  0.73333333333333328       0.29999999999999999       0.10783097338647973     
  0.73333333333333328       0.33333333333333331        7.9898022564798873E-002
  0.73333333333333328       0.36666666666666664        5.8068927487266442E-002
  0.73333333333333328       0.40000000000000002        4.1378249794443087E-002
  0.73333333333333328       0.43333333333333335        2.8896359405976568E-002
  0.73333333333333328       0.46666666666666667        1.9769408821350528E-002
  0.73333333333333328       0.50000000000000000        1.3245650120219919E-002
  0.73333333333333328       0.53333333333333333        8.6884497247788402E-003
  0.73333333333333328       0.56666666666666665        5.5778952656016824E-003
  0.73333333333333328       0.59999999999999998        3.5037647080503756E-003
  0.73333333333333328       0.63333333333333330        2.1528811539159023E-003
  0.73333333333333328       0.66666666666666663        1.2936451414096023E-003
  0.73333333333333328       0.69999999999999996        7.6000065261357227E-004
  0.73333333333333328       0.73333333333333328        4.3642829855727020E-004
  0.73333333333333328       0.76666666666666661        2.4491042361334610E-004
  0.73333333333333328       0.80000000000000004        1.3426920510523297E-004
  0.73333333333333328       0.83333333333333337        7.1881767004578813E-005
  0.73333333333333328       0.86666666666666670        3.7528136967322348E-005
  0.73333333333333328       0.90000000000000002        1.9005710812728100E-005
  0.73333333333333328       0.93333333333333335        9.1134292815487991E-006
  0.73333333333333328       0.96666666666666667        3.6347047153241387E-006
  0.73333333333333328        1.0000000000000000        0.0000000000000000     

  0.76666666666666661        0.0000000000000000       0.66913060635885835     
  0.76666666666666661        3.3333333333333333E-002  0.57273772739217632     
  0.76666666666666661        6.6666666666666666E-002  0.48410987916487702     
  0.76666666666666661       0.10000000000000001       0.40366393868174483     
  0.76666666666666661       0.13333333333333333       0.33171377757828452     
  0.76666666666666661       0.16666666666666666       0.26840441946879284     
  0.76666666666666661       0.20000000000000001       0.21367209715554072     
  0.76666666666666661       0.23333333333333334       0.16723218097536871     
  0.76666666666666661       0.26666666666666666       0.12859313115312276     
  0.76666666666666661       0.29999999999999999        9.7091444537759100E-002
  0.76666666666666661       0.33333333333333331        7.1940502648744978E-002
  0.76666666666666661       0.36666666666666664        5.2285497157572712E-002
  0.76666666666666661       0.40000000000000002        3.7257143460882818E-002
  0.76666666666666661       0.43333333333333335        2.6018398874625228E-002
  0.76666666666666661       0.46666666666666667        1.7800455656121407E-002
  0.76666666666666661       0.50000000000000000        1.1926436937600184E-002
  0.76666666666666661       0.53333333333333333        7.8231152708693220E-003
  0.76666666666666661       0.56666666666666665        5.0223594558175284E-003
  0.76666666666666661       0.59999999999999998        3.1548039133965987E-003
  0.76666666666666661       0.63333333333333330        1.9384628978784792E-003
  0.76666666666666661       0.66666666666666663        1.1648033172114570E-003
  0.76666666666666661       0.69999999999999996        6.8430766128225822E-004
  0.76666666666666661       0.73333333333333328        3.9296180506699131E-004
  0.76666666666666661       0.76666666666666661        2.2051833591215403E-004
  0.76666666666666661       0.80000000000000004        1.2089653530140794E-004
  0.76666666666666661       0.83333333333333337        6.4722633722197800E-005
  0.76666666666666661       0.86666666666666670        3.3790486300340322E-005
  0.76666666666666661       0.90000000000000002        1.7112818880535566E-005
  0.76666666666666661       0.93333333333333335        8.2057685825288976E-006
  0.76666666666666661       0.96666666666666667        3.2727028255062839E-006
  0.76666666666666661        1.0000000000000000        0.0000000000000000     

  0.80000000000000004        0.0000000000000000       0.58778525229247325     
  0.80000000000000004        3.3333333333333333E-002  0.50311073263338768     
  0.80000000000000004        6.6666666666666666E-002  0.42525725883415777     
  0.80000000000000004       0.10000000000000001       0.35459102869399295     
  0.80000000000000004       0.13333333333333333       0.29138775687414065     
  0.80000000000000004       0.16666666666666666       0.23577483665314428     
  0.80000000000000004       0.20000000000000001       0.18769625293014172     
  0.80000000000000004       0.23333333333333334       0.14690197810696262     
  0.80000000000000004       0.26666666666666666       0.11296022827175931     
  0.80000000000000004       0.29999999999999999        8.5288161504991800E-002
  0.80000000000000004       0.33333333333333331        6.3194787531153415E-002
  0.80000000000000004       0.36666666666666664        4.5929215979576915E-002
  0.80000000000000004       0.40000000000000002        3.2727840067006617E-002
  0.80000000000000004       0.43333333333333335        2.2855375320503496E-002
  0.80000000000000004       0.46666666666666667        1.5636476973739002E-002
  0.80000000000000004       0.50000000000000000        1.0476555216124724E-002
  0.80000000000000004       0.53333333333333333        6.8720691289600420E-003
  0.80000000000000004       0.56666666666666665        4.4117976248391547E-003
  0.80000000000000004       0.59999999999999998        2.7712784268824867E-003
  0.80000000000000004       0.63333333333333330        1.7028064366824589E-003
  0.80000000000000004       0.66666666666666663        1.0231996641191783E-003
  0.80000000000000004       0.69999999999999996        6.0111725201335124E-004
  0.80000000000000004       0.73333333333333328        3.4518993980785402E-004
  0.80000000000000004       0.76666666666666661        1.9371020317627991E-004
  0.80000000000000004       0.80000000000000004        1.0619929775759422E-004
  0.80000000000000004       0.83333333333333337        5.6854385720674525E-005
  0.80000000000000004       0.86666666666666670        2.9682619994337907E-005
  0.80000000000000004       0.90000000000000002        1.5032435323600311E-005
  0.80000000000000004       0.93333333333333335        7.2082037657513376E-006
  0.80000000000000004       0.96666666666666667        2.8748445186750869E-006
  0.80000000000000004        1.0000000000000000        0.0000000000000000     

  0.83333333333333337        0.0000000000000000       0.49999999999999994     
  0.83333333333333337        3.3333333333333333E-002  0.42797155140517817     
  0.83333333333333337        6.6666666666666666E-002  0.36174543098484901     
  0.83333333333333337       0.10000000000000001       0.30163314519292644     
  0.83333333333333337       0.13333333333333333       0.24786923092887542     
  0.83333333333333337       0.16666666666666666       0.20056205538806735     
  0.83333333333333337       0.20000000000000001       0.15966396927967400     
  0.83333333333333337       0.23333333333333334       0.12496228642520144     
  0.83333333333333337       0.26666666666666666        9.6089709491003011E-002
  0.83333333333333337       0.29999999999999999        7.2550443527080608E-002
  0.83333333333333337       0.33333333333333331        5.3756697097011065E-002
  0.83333333333333337       0.36666666666666664        3.9069724700002535E-002
  0.83333333333333337       0.40000000000000002        2.7839963608615455E-002
  0.83333333333333337       0.43333333333333335        1.9441943491575565E-002
  0.83333333333333337       0.46666666666666667        1.3301181777489140E-002
  0.83333333333333337       0.50000000000000000        8.9118901633412750E-003
  0.83333333333333337       0.53333333333333333        5.8457311596009590E-003
  0.83333333333333337       0.56666666666666665        3.7528992158550370E-003
  0.83333333333333337       0.59999999999999998        2.3573902339961567E-003
  0.83333333333333337       0.63333333333333330        1.4484936718309903E-003
  0.83333333333333337       0.66666666666666663        8.7038562138851464E-004
  0.83333333333333337       0.69999999999999996        5.1134087633951429E-004
  0.83333333333333337       0.73333333333333328        2.9363610133254306E-004
  0.83333333333333337       0.76666666666666661        1.6477974091794041E-004
  0.83333333333333337       0.80000000000000004        9.0338518483916501E-005
  0.83333333333333337       0.83333333333333337        4.8363229171650458E-005
  0.83333333333333337       0.86666666666666670        2.5249544692189964E-005
  0.83333333333333337       0.90000000000000002        1.2787353259520363E-005
  0.83333333333333337       0.93333333333333335        6.1316643601025930E-006
  0.83333333333333337       0.96666666666666667        2.4454888136973937E-006
  0.83333333333333337        1.0000000000000000        0.0000000000000000     

  0.86666666666666670        0.0000000000000000       0.40673664307580004     
  0.86666666666666670        3.3333333333333333E-002  0.34814342430096884     
  0.86666666666666670        6.6666666666666666E-002  0.29427024449357209     
  0.86666666666666670       0.10000000000000001       0.24537050583233269     
  0.86666666666666670       0.13333333333333333       0.20163499781958219     
  0.86666666666666670       0.16666666666666666       0.16315187427385044     
  0.86666666666666670       0.20000000000000001       0.12988237376994458     
  0.86666666666666670       0.23333333333333334       0.10165348178332614     
  0.86666666666666670       0.26666666666666666        7.8166411744998832E-002
  0.86666666666666670       0.29999999999999999        5.9017847707730366E-002
  0.86666666666666670       0.33333333333333331        4.3729637040161792E-002
  0.86666666666666670       0.36666666666666664        3.1782177340749410E-002
  0.86666666666666670       0.40000000000000002        2.2647066683041381E-002
  0.86666666666666670       0.43333333333333335        1.5815501661265691E-002
  0.86666666666666670       0.46666666666666667        1.0820156050233875E-002
  0.86666666666666670       0.50000000000000000        7.2495845769953507E-003
  0.86666666666666670       0.53333333333333333        4.7553461363593974E-003
  0.86666666666666670       0.56666666666666665        3.0528832577173615E-003
  0.86666666666666670       0.59999999999999998        1.9176739803905439E-003
  0.86666666666666670       0.63333333333333330        1.1783109071941537E-003
  0.86666666666666670       0.66666666666666663        7.0803545165001782E-004
  0.86666666666666670       0.69999999999999996        4.1596214301954377E-004
  0.86666666666666670       0.73333333333333328        2.3886512428372811E-004
  0.86666666666666670       0.76666666666666661        1.3404391733572632E-004
  0.86666666666666670       0.80000000000000004        7.3487971497178639E-005
  0.86666666666666670       0.83333333333333337        3.9342194963165448E-005
  0.86666666666666670       0.86666666666666670        2.0539830094587469E-005
  0.86666666666666670       0.90000000000000002        1.0402170277203409E-005
  0.86666666666666670       0.93333333333333335        4.9879451565913070E-006
  0.86666666666666670       0.96666666666666667        1.9893398215253977E-006
  0.86666666666666670        1.0000000000000000        0.0000000000000000     

  0.90000000000000002        0.0000000000000000       0.30901699437494751     
  0.90000000000000002        3.3333333333333333E-002  0.26450096498642295     
  0.90000000000000002        6.6666666666666666E-002  0.22357097162361603     
  0.90000000000000002       0.10000000000000001       0.18641953586276053     
  0.90000000000000002       0.13333333333333333       0.15319160947934168     
  0.90000000000000002       0.16666666666666666       0.12395416708336461     
  0.90000000000000002       0.20000000000000001        9.8677759793557598E-002
  0.90000000000000002       0.23333333333333334        7.7230940322674080E-002
  0.90000000000000002       0.26666666666666666        5.9386706434543218E-002
  0.90000000000000002       0.29999999999999999        4.4838639998615620E-002
  0.90000000000000002       0.33333333333333331        3.3223465928885643E-002
  0.90000000000000002       0.36666666666666664        2.4146417795702854E-002
  0.90000000000000002       0.40000000000000002        1.7206043755684526E-002
  0.90000000000000002       0.43333333333333335        1.2015781885148503E-002
  0.90000000000000002       0.46666666666666667        8.2205824290290282E-003
  0.90000000000000002       0.50000000000000000        5.5078510249507604E-003
  0.90000000000000002       0.53333333333333333        3.6128605457277285E-003
  0.90000000000000002       0.56666666666666665        2.3194192717512409E-003
  0.90000000000000002       0.59999999999999998        1.4569472893566928E-003
  0.90000000000000002       0.63333333333333330        8.9521832168068809E-004
  0.90000000000000002       0.66666666666666663        5.3792789733729963E-004
  0.90000000000000002       0.69999999999999996        3.1602604141497671E-004
  0.90000000000000002       0.73333333333333328        1.8147709094751987E-004
  0.90000000000000002       0.76666666666666661        1.0183948054468896E-004
  0.90000000000000002       0.80000000000000004        5.5832274916371016E-005
  0.90000000000000002       0.83333333333333337        2.9890119433780411E-005
  0.90000000000000002       0.86666666666666670        1.5605076820232901E-005
  0.90000000000000002       0.90000000000000002        7.9030189405353401E-006
  0.90000000000000002       0.93333333333333335        3.7895769821497777E-006
  0.90000000000000002       0.96666666666666667        1.5113952059726489E-006
  0.90000000000000002        1.0000000000000000        0.0000000000000000     

  0.93333333333333335        0.0000000000000000       0.20791169081775931     
  0.93333333333333335        3.3333333333333333E-002  0.17796057774910046     
  0.93333333333333335        6.6666666666666666E-002  0.15042220840331808     
  0.93333333333333335       0.10000000000000001       0.12542611444748009     
  0.93333333333333335       0.13333333333333333       0.10306982180824026     
  0.93333333333333335       0.16666666666666666        8.3398392099236371E-002
  0.93333333333333335       0.20000000000000001        6.6392011631223602E-002
  0.93333333333333335       0.23333333333333334        5.1962240518233532E-002
  0.93333333333333335       0.26666666666666666        3.9956347940923460E-002
  0.93333333333333335       0.29999999999999999        3.0168170766587385E-002
  0.93333333333333335       0.33333333333333331        2.2353291572435409E-002
  0.93333333333333335       0.36666666666666664        1.6246105044323805E-002
  0.93333333333333335       0.40000000000000002        1.1576507812344258E-002
  0.93333333333333335       0.43333333333333335        8.0844146882336140E-003
  0.93333333333333335       0.46666666666666667        5.5309423864642734E-003
  0.93333333333333335       0.50000000000000000        3.7057723044848843E-003
  0.93333333333333335       0.53333333333333333        2.4307916989173926E-003
  0.93333333333333335       0.56666666666666665        1.5605432428741277E-003
  0.93333333333333335       0.59999999999999998        9.8025797893482860E-004
  0.93333333333333335       0.63333333333333330        6.0231753689841158E-004
  0.93333333333333335       0.66666666666666663        3.6192669241270447E-004
  0.93333333333333335       0.69999999999999996        2.1262749236796639E-004
  0.93333333333333335       0.73333333333333328        1.2210075662636788E-004
  0.93333333333333335       0.76666666666666661        6.8519269093522624E-005
  0.93333333333333335       0.80000000000000004        3.7564868247924967E-005
  0.93333333333333335       0.83333333333333337        2.0110561500969265E-005
  0.93333333333333335       0.86666666666666670        1.0499351058663593E-005
  0.93333333333333335       0.90000000000000002        5.3172804745417301E-006
  0.93333333333333335       0.93333333333333335        2.5496894092718492E-006
  0.93333333333333335       0.96666666666666667        1.0168914282634831E-006
  0.93333333333333335        1.0000000000000000        0.0000000000000000     

  0.96666666666666667        0.0000000000000000       0.10452846326765373     
  0.96666666666666667        3.3333333333333333E-002   8.9470417181313752E-002
  0.96666666666666667        6.6666666666666666E-002   7.5625387989882553E-002
  0.96666666666666667       0.10000000000000001        6.3058498275211219E-002
  0.96666666666666667       0.13333333333333333        5.1818779600660933E-002
  0.96666666666666667       0.16666666666666666        4.1928886879033352E-002
  0.96666666666666667       0.20000000000000001        3.3378858696036309E-002
  0.96666666666666667       0.23333333333333334        2.6124231532877320E-002
  0.96666666666666667       0.26666666666666666        2.0088219337859602E-002
  0.96666666666666667       0.29999999999999999        1.5167172742544826E-002
  0.96666666666666667       0.33333333333333331        1.1238209875790588E-002
  0.96666666666666667       0.36666666666666664        8.1677965663630968E-003
  0.96666666666666667       0.40000000000000002        5.8201372268719400E-003
  0.96666666666666667       0.43333333333333335        4.0644729522219007E-003
  0.96666666666666667       0.46666666666666667        2.7807041816893105E-003
  0.96666666666666667       0.50000000000000000        1.8630923671683617E-003
  0.96666666666666667       0.53333333333333333        1.2220905895778521E-003
  0.96666666666666667       0.56666666666666665        7.8456957566341748E-004
  0.96666666666666667       0.59999999999999998        4.9282875696358454E-004
  0.96666666666666667       0.63333333333333330        3.0281763513882840E-004
  0.96666666666666667       0.66666666666666663        1.8196014290800623E-004
  0.96666666666666667       0.69999999999999996        1.0689935201940932E-004
  0.96666666666666667       0.73333333333333328        6.1386660864391394E-005
  0.96666666666666667       0.76666666666666661        3.4448346191588776E-005
  0.96666666666666667       0.80000000000000004        1.8885893022000602E-005
  0.96666666666666667       0.83333333333333337        1.0110668047947945E-005
  0.96666666666666667       0.86666666666666670        5.2785922097651077E-006
  0.96666666666666667       0.90000000000000002        2.6732847709565665E-006
  0.96666666666666667       0.93333333333333335        1.2818669056691277E-006
  0.96666666666666667       0.96666666666666667        5.1124637526805105E-007
  0.96666666666666667        1.0000000000000000        0.0000000000000000     

   1.0000000000000000        0.0000000000000000        1.2246467991473532E-016
   1.0000000000000000        3.3333333333333333E-002   0.0000000000000000     
   1.0000000000000000        6.6666666666666666E-002   0.0000000000000000     
   1.0000000000000000       0.10000000000000001        0.0000000000000000     
   1.0000000000000000       0.13333333333333333        0.0000000000000000     
   1.0000000000000000       0.16666666666666666        0.0000000000000000     
   1.0000000000000000       0.20000000000000001        0.0000000000000000     
   1.0000000000000000       0.23333333333333334        0.0000000000000000     
   1.0000000000000000       0.26666666666666666        0.0000000000000000     
   1.0000000000000000       0.29999999999999999        0.0000000000000000     
   1.0000000000000000       0.33333333333333331        0.0000000000000000     
   1.0000000000000000       0.36666666666666664        0.0000000000000000     
   1.0000000000000000       0.40000000000000002        0.0000000000000000     
   1.0000000000000000       0.43333333333333335        0.0000000000000000     
   1.0000000000000000       0.46666666666666667        0.0000000000000000     
   1.0000000000000000       0.50000000000000000        0.0000000000000000     
   1.0000000000000000       0.53333333333333333        0.0000000000000000     
   1.0000000000000000       0.56666666666666665        0.0000000000000000     
   1.0000000000000000       0.59999999999999998        0.0000000000000000     
   1.0000000000000000       0.63333333333333330        0.0000000000000000     
   1.0000000000000000       0.66666666666666663        0.0000000000000000     
   1.0000000000000000       0.69999999999999996        0.0000000000000000     
   1.0000000000000000       0.73333333333333328        0.0000000000000000     
   1.0000000000000000       0.76666666666666661        0.0000000000000000     
   1.0000000000000000       0.80000000000000004        0.0000000000000000     
   1.0000000000000000       0.83333333333333337        0.0000000000000000     
   1.0000000000000000       0.86666666666666670        0.0000000000000000     
   1.0000000000000000       0.90000000000000002        0.0000000000000000     
   1.0000000000000000       0.93333333333333335        0.0000000000000000     
   1.0000000000000000       0.96666666666666667        0.0000000000000000     
   1.0000000000000000        1.0000000000000000        0.0000000000000000     

